515 252
513 258
514 256
513 262
513 259
513 270
513 269
512 277
517 280
513 284
513 289
513 293
513 298
513 299
513 305
510 309
513 310
511 318
513 321
514 326
515 331
514 337
515 341
513 346
514 350
513 355
513 360
512 363
513 366
514 370
514 373
513 378
513 382
513 387
512 394
509 398
514 403
515 406
513 413
515 419
513 427
511 432
509 437
512 441
503 446
515 451
508 460
516 461
514 464
512 466
516 472
517 471
513 476
514 480
511 485
513 489
514 500
515 700
516 696
513 691
515 685
513 683
515 678
512 677
512 672
513 668
513 663
511 659
513 654
514 648
506 643
515 640
509 635
514 630
512 625
510 617
514 610
518 605
514 600
511 596
513 592
513 586
513 581
514 578
515 576
513 571
512 568
512 565
515 560
516 557
515 551
512 549
512 544
513 540
513 534
515 529
512 524
511 518
515 513
512 507
512 502
511 497
512 494
513 487
513 484
514 481
512 476
514 472
513 477
514 465
513 460
514 456
512 453
512 449
514 480
513 483
513 488
511 494
511 499
513 499
515 504
517 513
513 518
513 519
512 530
512 533
514 537
514 544
512 549
513 553
510 558
513 560
516 563
510 567
513 572
512 576
513 581
512 585
513 589
515 593
514 597
511 602
511 606
512 611
512 616
513 621
515 626
515 627
514 632
521 642
512 647
512 648
521 656
513 661
513 664
514 669
513 673
513 678
512 681
513 686
514 689
513 694
513 698
513 702
513 706
513 708
516 712
513 716
513 721
512 725
513 728
473 925
487 924
493 925
473 926
503 924
492 925
502 924
487 924
493 924
474 923
466 926
500 924
509 923
509 923
512 921
512 924
512 919
513 918
513 917
513 914
514 922
513 912
513 909
513 908
513 907
514 908
514 904
514 903
513 902
513 901
513 899
513 899
513 897
513 895
512 893
512 891
514 889
512 888
511 886
513 884
513 880
514 878
513 877
513 877
514 873
513 869
514 867
512 866
514 862
514 860
513 850
511 859
515 852
513 851
513 848
515 843
512 841
513 673
512 669
513 667
514 664
512 660
512 659
514 653
512 646
512 641
513 632
513 626
516 622
513 616
513 613
513 608
513 602
513 595
515 590
515 584
514 583
513 578
512 573
512 570
513 565
516 563
514 560
513 557
513 553
512 548
512 541
513 539
515 535
513 531
513 525
513 518
514 512
515 507
513 502
512 498
513 494
514 489
515 484
514 479
514 476
514 472
512 469
512 465
510 461
513 457
512 453
512 446
513 444
513 440
513 435
513 431
514 425
512 250
522 247
737 247
811 247
740 241
703 236
675 232
633 229
644 227
673 221
648 221
657 217
648 213
638 211
662 205
637 205
647 202
636 199
606 194
634 193
624 190
624 187
648 185
617 182
635 180
653 176
621 169
642 170
650 169
639 165
630 162
614 160
618 158
614 156
596 155
648 152
615 150
598 148
605 145
573 145
557 144
594 143
605 140
603 139
572 139
583 137
569 136
565 135
628 134
612 132
571 131
591 131
542 127
541 128
574 126
591 127
606 125
563 125
514 127
513 129
513 130
514 131
513 133
513 133
512 134
514 135
513 134
514 137
514 139
513 139
513 142
513 144
513 144
513 138
518 147
509 133
513 161
513 153
514 158
511 160
513 162
515 162
513 167
515 169
513 172
513 174
514 176
514 179
514 182
514 184
512 188
513 192
514 193
513 197
513 197
522 204
514 206
513 212
513 217
513 222
513 226
514 230
513 233
508 238
512 240
514 244
513 246
513 251
510 256
514 259
512 263
513 266
515 272
516 280
523 443
513 443
513 447
515 451
516 445
511 455
512 465
516 463
509 467
511 473
512 477
512 479
513 485
513 488
513 492
513 499
511 503
511 508
515 513
516 519
513 523
513 526
513 534
509 540
512 544
513 548
514 551
513 555
512 561
512 565
512 568
514 572
514 575
513 579
514 583
512 589
504 593
512 598
512 601
514 606
514 612
514 615
513 622
513 626
511 632
502 641
515 645
503 645
515 648
507 658
510 660
512 665
513 669
513 673
513 675
513 682
512 686
513 842
394 842
417 845
413 846
400 849
395 852
377 855
411 857
409 863
371 864
377 866
349 869
400 872
416 874
388 878
434 881
423 882
400 884
399 887
396 890
442 889
443 891
424 892
450 897
424 895
427 897
450 898
414 896
477 898
444 901
428 903
438 905
410 904
455 906
475 908
448 908
476 910
452 911
432 912
449 913
455 913
471 914
464 915
483 917
442 919
403 919
448 919
459 916
462 921
500 921
475 924
471 924
459 922
449 926
476 925
452 924
471 924
512 877
513 876
513 873
513 871
513 870
514 868
513 866
513 865
512 861
512 858
512 856
512 853
515 851
513 845
513 843
513 842
514 836
512 834
515 828
512 824
515 824
513 816
511 815
515 807
512 804
514 799
514 797
512 790
513 790
514 786
512 782
513 777
515 774
509 769
513 765
514 759
514 756
515 753
512 747
512 746
512 740
514 736
513 732
513 728
513 725
513 720
512 716
513 711
513 706
513 701
513 698
511 693
514 688
513 684
513 680
513 675
517 671
512 346
514 342
515 338
514 335
514 330
513 325
514 325
515 319
514 315
512 313
507 308
514 301
514 301
516 298
514 293
514 287
513 285
515 285
513 279
513 273
513 270
513 266
515 263
514 258
516 255
518 252
518 249
523 250
806 246
736 241
722 238
675 234
663 230
670 226
659 222
656 219
626 216
635 213
687 208
654 206
618 204
628 202
615 198
639 193
641 193
612 191
637 187
649 186
632 181
631 179
614 176
648 174
657 171
625 168
635 164
618 162
611 159
601 135
599 134
590 133
625 133
579 131
573 130
552 130
589 126
601 130
571 125
591 125
551 124
566 123
577 122
561 119
578 121
556 118
556 118
615 118
577 116
574 116
573 115
543 115
560 114
551 114
561 114
580 113
538 113
551 113
540 112
545 112
565 114
529 112
547 111
535 112
524 112
548 112
533 112
535 113
537 113
522 113
548 114
525 114
526 114
538 115
521 123
517 117
516 120
512 121
513 123
514 124
513 126
513 129
514 129
512 131
512 133
513 133
337 797
329 801
366 805
386 807
369 812
398 814
378 816
342 820
382 823
367 827
377 831
397 834
372 837
390 839
395 841
374 840
397 853
399 849
385 853
399 855
382 858
406 861
404 863
381 865
413 870
415 872
367 875
386 878
403 880
398 884
397 886
373 886
449 888
441 890
428 889
473 893
443 895
441 894
437 897
423 899
452 899
449 901
439 902
437 903
430 904
476 905
473 907
448 909
489 909
430 909
442 910
459 911
436 909
479 914
456 913
438 916
459 916
520 114
525 113
524 112
510 117
515 118
514 119
514 122
513 124
513 126
514 127
514 129
513 132
513 132
513 133
510 134
513 135
513 137
513 136
513 139
516 140
513 142
514 144
513 146
513 147
513 150
513 151
514 153
514 153
513 157
513 161
513 161
514 161
514 166
513 168
514 171
513 174
514 176
513 179
514 181
514 186
513 188
514 186
514 193
513 198
513 201
513 204
513 210
514 214
513 218
512 222
513 224
512 229
514 234
513 237
515 241
513 243
512 272
513 274
513 279
513 285
513 288
513 294
513 297
513 302
512 306
513 309
512 314
513 319
514 323
513 327
513 338
514 335
519 341
516 340
505 349
513 354
515 357
513 361
514 363
513 369
514 375
513 379
513 383
513 388
514 392
514 397
513 403
513 408
511 414
512 420
513 426
513 431
514 435
513 443
509 448
513 452
513 454
513 454
513 460
513 467
513 470
511 475
513 476
513 480
514 484
514 486
511 493
513 498
512 503
512 508
514 512
514 519
513 522
518 547
512 551
512 554
509 558
514 562
509 565
513 568
514 572
513 576
513 579
513 584
513 589
512 594
513 597
513 602
512 606
513 610
512 617
513 622
511 628
512 633
513 637
513 642
513 646
513 650
513 655
513 660
512 664
513 669
513 673
514 674
513 681
514 685
513 689
514 693
513 696
513 706
513 704
513 704
511 712
513 716
519 722
513 724
513 729
514 731
514 736
512 739
513 744
513 747
514 752
513 755
514 759
515 762
514 765
513 768
514 771
514 777
511 791
328 795
357 798
361 801
360 805
329 809
373 812
388 815
393 818
405 821
386 826
381 827
383 831
352 830
391 837
421 839
400 841
418 844
373 848
372 838
399 853
374 855
381 858
407 856
391 864
406 867
379 869
381 872
399 869
382 877
408 880
420 882
395 884
441 887
426 890
419 890
437 891
441 893
436 894
448 895
465 897
430 899
392 900
427 900
458 901
422 903
469 903
469 905
429 906
445 908
460 906
463 906
465 910
424 911
463 912
455 911
456 911
469 917
439 918
427 918
426 920
445 921
460 920
425 918
461 922
437 922
441 922
465 922
443 924
478 923
476 924
460 924
477 924
469 923
497 925
501 925
478 925
503 924
477 923
476 925
496 924
475 927
494 920
488 924
490 923
502 922
497 922
508 917
512 919
512 917
513 915
513 913
513 910
513 909
512 908
513 907
513 905
513 903
513 902
514 902
513 901
514 899
515 894
513 896
513 894
513 893
514 890
513 890
513 889
513 886
513 883
513 881
512 880
512 877
513 867
510 864
513 858
513 860
513 858
513 856
513 853
513 850
513 848
513 843
513 839
513 837
513 833
512 829
513 825
513 822
513 818
513 812
514 808
514 806
513 801
514 798
514 792
513 789
514 786
513 781
512 776
515 773
513 766
514 766
513 761
514 756
514 749
513 746
515 743
513 740
515 735
514 733
513 728
515 723
512 720
513 716
513 712
513 706
514 702
511 696
511 691
511 688
512 684
513 679
514 678
514 672
513 668
512 663
514 659
509 654
513 649
513 625
512 620
512 615
513 611
513 606
512 601
513 595
516 591
516 586
513 582
514 581
515 575
512 572
514 568
513 564
514 562
513 557
513 548
513 548
513 545
513 540
514 534
514 525
514 528
513 519
513 513
513 503
513 503
514 497
514 493
513 490
512 485
514 482
513 477
514 473
513 469
513 465
512 462
515 457
512 454
513 450
514 444
514 439
514 434
514 431
516 426
514 420
513 412
514 410
513 405
513 399
517 395
516 390
514 388
515 381
515 376
515 372
512 350
514 346
514 343
512 341
513 335
514 335
513 331
514 329
512 325
514 321
513 317
513 313
511 309
514 305
514 300
513 292
513 293
512 292
513 286
513 281
513 278
513 274
514 271
513 267
514 264
515 260
515 256
518 251
517 247
520 246
804 247
783 242
706 236
713 235
682 230
657 228
690 223
648 220
620 214
640 213
635 211
656 207
656 204
633 200
645 200
637 195
620 193
642 190
613 186
625 185
640 181
604 178
645 177
662 173
649 170
658 168
632 164
619 152
576 151
603 146
600 148
587 145
608 145
587 143
593 140
568 141
559 139
591 138
565 137
570 135
563 135
574 133
598 132
564 134
579 132
619 129
582 130
572 127
572 127
543 126
577 125
577 124
591 123
616 121
564 122
562 121
566 119
559 119
582 118
556 120
560 115
560 116
560 115
594 115
564 113
580 114
592 113
558 112
572 113
549 111
536 112
550 112
531 111
541 112
529 111
527 112
554 112
525 112
532 112
550 114
524 113
543 113
527 113
523 115
514 121
514 122
513 125
514 126
514 128
513 129
513 130
513 134
513 132
513 134
512 135
515 136
514 138
513 138
513 136
513 141
514 143
513 145
514 147
513 146
513 151
513 153
513 156
513 157
513 153
513 163
514 161
515 166
513 169
513 171
514 174
514 176
514 180
513 181
511 185
514 188
510 193
511 193
515 196
512 201
514 204
514 208
513 212
515 209
513 220
513 223
514 228
513 227
514 236
514 241
512 244
513 248
514 245
515 256
513 260
513 265
513 285
514 285
514 289
514 294
515 299
512 304
513 307
513 311
513 314
513 319
514 322
513 326
514 330
514 331
514 342
516 340
509 347
514 353
513 355
513 359
513 366
513 369
514 373
513 371
513 382
514 391
512 394
511 398
513 403
512 407
514 413
513 419
513 426
513 431
512 437
512 441
514 445
514 449
513 455
512 459
512 462
514 465
515 469
512 473
513 477
512 481
513 485
513 482
514 491
513 498
513 502
513 507
512 509
512 518
513 524
521 533
515 539
516 568
512 572
512 576
514 581
514 583
513 586
513 594
513 598
512 603
512 607
513 612
512 616
513 622
511 627
512 632
511 637
511 642
512 646
511 652
511 655
512 661
513 664
512 669
512 673
513 677
511 682
513 683
512 690
513 694
513 698
513 702
517 706
516 714
516 711
510 715
512 722
512 725
513 729
513 732
514 736
513 740
513 745
512 747
514 751
513 755
513 758
513 758
512 766
512 770
513 774
510 777
512 778
510 784
510 788
308 787
294 791
338 797
312 822
396 824
398 826
378 830
373 833
386 835
367 838
398 841
390 844
389 847
407 852
394 855
413 855
413 858
373 861
390 864
370 867
370 869
415 872
393 875
386 877
396 880
401 882
433 885
409 891
401 890
446 892
410 892
439 894
462 895
450 896
463 898
447 898
438 899
439 900
442 902
489 895
462 903
437 905
464 906
411 907
429 908
458 911
448 910
479 911
466 910
433 912
453 913
437 913
481 914
493 916
456 916
468 917
433 918
432 919
450 919
443 918
474 924
479 924
482 924
496 925
469 925
488 925
498 925
475 925
492 925
478 926
482 924
495 919
471 925
501 924
505 924
482 924
506 926
506 920
503 921
512 921
510 914
513 917
514 916
513 913
513 911
513 910
513 902
513 908
512 906
512 905
513 902
513 897
513 901
514 899
512 897
514 897
513 892
513 893
512 891
512 889
513 888
513 885
513 883
514 881
513 879
513 877
512 875
513 872
514 870
513 868
516 867
515 858
513 861
514 858
514 857
513 853
513 849
513 834
513 830
513 826
513 826
514 821
513 818
513 814
514 809
513 806
513 803
512 795
512 796
513 790
513 785
512 781
514 777
514 773
513 768
513 765
513 759
512 766
514 752
512 748
514 743
513 738
511 734
512 730
513 727
513 722
514 716
515 715
513 708
509 706
513 701
515 696
514 693
515 687
512 685
514 678
513 671
514 673
511 668
513 668
512 659
514 654
513 650
513 645
514 641
513 635
513 628
510 624
513 618
515 612
514 607
513 606
515 596
513 592
514 572
516 570
513 567
513 563
513 560
515 557
514 553
512 548
514 544
515 539
513 535
514 530
514 525
511 519
511 513
514 509
515 503
513 498
512 493
513 489
515 485
513 482
514 475
511 473
514 469
516 464
512 462
515 459
514 453
513 450
512 445
512 440
513 435
514 427
512 425
513 420
513 415
512 411
512 406
514 401
514 395
514 391
514 386
514 381
515 377
515 372
514 368
513 363
514 359
514 355
513 351
514 346
515 342
515 338
514 334
513 330
513 330
516 310
512 305
513 304
515 300
514 297
514 292
514 290
513 285
513 286
514 278
514 274
514 271
514 265
514 263
515 260
512 255
518 244
519 248
521 248
834 246
748 240
706 235
680 233
651 230
672 228
659 222
628 219
661 216
639 214
657 210
659 207
619 204
640 201
657 199
634 196
653 193
630 190
625 188
653 185
619 182
636 173
632 178
615 173
631 171
622 168
657 160
662 163
596 159
594 157
611 155
591 153
622 149
654 149
641 148
619 145
570 145
590 144
598 137
558 136
578 131
576 130
589 130
613 132
597 131
595 123
580 124
572 131
578 128
567 127
602 126
557 122
541 124
560 122
561 121
573 122
571 122
581 121
583 119
546 118
570 118
585 116
551 115
573 115
567 115
558 114
566 113
535 114
553 113
548 112
560 112
575 113
540 113
558 112
541 112
524 111
552 107
535 111
538 112
544 112
524 112
539 112
522 114
523 113
534 114
519 115
513 109
507 111
515 105
513 122
513 124
514 126
514 128
512 127
515 130
512 136
513 136
516 137
514 138
512 140
513 139
514 144
512 146
513 147
514 149
513 152
513 154
514 157
514 159
513 160
513 163
514 161
513 167
515 169
515 171
513 174
515 177
513 179
514 181
513 184
512 187
512 185
516 195
514 195
513 197
513 204
513 208
513 212
513 216
514 221
514 225
514 224
513 232
513 238
512 242
513 245
513 250
514 252
514 255
513 261
513 262
513 267
513 273
513 276
513 280
514 285
513 289
513 291
513 298
514 302
514 305
513 327
513 330
513 332
513 337
512 341
513 345
514 352
524 349
513 356
515 360
515 365
513 370
513 374
514 381
513 381
512 385
513 392
514 397
513 403
512 410
511 415
514 415
511 424
513 429
514 435
513 441
512 446
512 449
515 454
513 457
513 460
514 466
513 470
512 473
513 475
513 473
513 483
514 489
512 493
512 497
514 500
514 505
514 512
513 518
511 525
512 525
508 521
514 544
511 544
515 544
514 552
514 557
512 561
512 564
513 565
512 572
512 578
512 597
512 601
512 604
511 609
512 604
512 616
513 620
513 626
512 631
513 636
512 642
512 646
511 651
512 655
512 660
512 662
514 669
512 674
513 678
512 682
512 687
512 691
513 695
513 698
513 701
513 705
507 698
510 721
511 701
511 723
513 722
507 730
513 729
513 736
513 740
512 743
511 748
512 752
514 754
514 759
514 762
513 767
513 770
512 767
511 778
509 781
508 785
508 787
256 787
295 791
335 796
321 801
378 802
390 808
380 811
386 815
354 817
350 833
388 835
366 837
380 840
400 842
375 844
403 847
364 850
386 847
391 849
374 859
411 860
408 864
395 867
381 870
367 872
386 875
414 877
407 879
446 882
413 884
371 889
412 888
400 890
405 891
449 893
473 886
452 895
421 897
454 898
465 899
412 900
451 901
450 903
394 904
437 905
466 906
475 907
491 908
420 909
408 910
420 910
438 915
504 917
490 913
490 914
461 915
430 917
445 915
471 917
470 918
461 919
435 919
477 920
463 921
426 922
465 921
447 924
478 924
475 925
497 919
475 924
460 925
490 925
476 925
488 925
512 924
485 925
489 924
499 924
491 924
506 924
502 923
505 922
504 921
505 921
513 919
513 910
512 915
513 913
513 912
513 909
512 908
513 907
512 905
512 904
513 904
512 901
512 901
513 900
514 898
512 897
514 895
513 891
513 892
513 883
511 888
514 887
516 883
514 882
512 879
513 877
513 875
513 873
513 870
514 869
512 865
513 864
514 861
513 858
513 856
513 852
513 850
513 847
514 821
514 821
513 817
515 812
513 809
512 805
513 795
514 795
513 792
514 789
513 786
514 782
514 777
514 773
512 768
515 762
513 762
513 755
512 754
513 750
514 741
512 740
513 737
513 732
513 729
513 725
512 720
512 712
512 710
513 700
513 700
513 698
515 691
509 689
515 682
513 681
513 677
514 672
513 669
515 665
513 660
513 656
513 651
513 645
513 640
515 633
513 628
512 623
512 619
513 612
514 607
513 601
515 595
512 591
512 586
513 583
512 578
512 562
512 559
515 555
516 551
514 547
514 545
513 540
514 535
514 530
513 526
516 519
515 515
512 506
513 502
516 497
514 493
516 488
512 483
513 482
513 479
511 472
514 467
516 465
513 461
512 458
513 454
513 450
514 444
515 435
509 435
513 430
512 426
514 421
513 412
511 410
511 406
513 400
513 393
514 393
513 388
513 383
514 376
514 371
514 368
513 366
513 360
513 355
514 350
517 346
515 341
515 339
514 331
515 331
513 327
513 324
514 318
513 316
512 296
514 293
514 290
515 285
509 282
513 275
513 274
512 270
514 267
513 263
513 259
515 255
517 252
516 249
522 245
781 248
792 241
753 237
699 232
685 228
662 228
644 224
662 221
653 215
645 213
665 210
630 208
634 204
639 202
632 199
639 188
620 193
639 190
653 187
628 185
642 182
658 179
637 177
659 174
631 170
615 165
636 165
617 163
628 159
638 151
612 154
627 153
604 152
602 149
609 146
572 146
597 144
619 144
571 143
588 136
565 141
560 138
599 133
591 135
602 131
599 127
570 119
621 118
557 128
569 126
556 126
554 125
579 124
561 123
584 122
604 120
580 121
597 120
562 120
563 117
569 117
549 117
562 115
562 114
577 110
598 114
557 114
566 113
566 112
545 113
569 113
545 111
537 112
547 112
552 112
564 113
544 111
546 112
548 112
515 113
539 113
537 112
519 113
539 113
522 113
521 116
519 117
514 118
514 123
512 132
514 123
514 125
513 128
513 129
513 124
513 132
513 134
513 133
513 135
513 150
514 151
513 153
514 154
513 156
513 158
513 160
513 161
514 164
513 164
513 169
513 171
512 175
513 176
513 179
514 181
514 184
514 187
514 191
513 193
515 198
513 196
511 205
513 208
514 212
513 217
514 220
513 225
515 228
514 232
514 236
513 240
513 243
514 246
514 250
514 254
516 259
513 263
513 267
514 271
513 276
513 281
513 285
512 290
513 295
513 298
514 300
515 304
513 307
514 311
513 316
513 319
513 325
512 330
514 333
513 341
513 375
513 378
512 382
513 388
512 393
513 397
514 402
514 412
513 414
512 420
510 427
512 430
514 435
512 440
512 445
513 451
513 452
510 459
514 461
514 464
513 467
513 476
513 477
511 480
514 483
512 487
513 491
514 497
514 503
512 508
512 508
514 518
514 522
513 529
512 535
513 541
516 540
513 549
511 552
523 556
513 561
513 565
512 569
510 571
514 575
514 578
513 582
513 587
513 592
512 598
513 595
514 606
515 612
510 618
512 621
513 619
513 630
514 665
512 669
513 674
512 678
513 680
512 686
512 690
513 697
513 699
513 702
511 706
512 709
509 714
511 717
512 723
512 728
510 733
517 739
512 736
513 740
512 741
512 748
512 751
512 755
513 762
512 757
513 766
512 769
513 773
513 777
511 774
510 785
510 787
277 788
284 793
311 796
346 802
361 804
350 807
381 811
375 814
374 817
400 820
366 823
363 827
382 830
358 833
378 835
401 838
382 841
410 844
394 846
400 849
410 853
373 857
384 860
370 861
372 875
409 877
429 878
432 880
413 882
400 885
442 887
448 889
431 890
429 891
406 893
442 893
450 894
449 896
473 897
438 899
425 901
440 901
419 903
487 905
494 905
455 906
453 907
440 908
473 909
478 910
447 911
449 912
446 911
442 906
469 914
464 915
464 916
442 918
408 917
454 918
440 919
480 920
479 917
440 921
469 924
466 922
459 923
464 921
461 924
505 924
498 924
460 924
481 925
449 924
467 925
492 925
477 925
495 925
486 925
486 924
503 924
479 922
508 922
510 921
509 919
514 918
511 917
513 915
513 913
513 911
514 910
513 909
511 907
513 906
513 904
514 906
513 901
514 901
513 897
513 899
512 898
513 895
513 893
513 892
513 890
512 887
513 885
513 883
513 882
514 879
512 877
513 875
513 872
513 870
513 868
514 866
513 863
515 861
514 859
515 856
513 851
514 850
513 840
513 840
511 841
515 837
513 832
513 827
513 825
513 822
513 815
513 813
513 812
514 804
513 800
513 797
512 794
513 790
512 770
512 768
513 766
511 762
511 756
512 758
514 750
515 746
512 742
514 737
512 733
514 730
513 726
512 722
514 716
512 711
513 708
513 701
513 698
513 692
512 689
513 681
512 679
512 677
509 672
514 669
513 662
513 658
513 655
514 651
513 646
512 642
513 636
512 629
515 624
516 616
514 612
512 607
513 603
513 596
513 590
514 586
517 582
513 579
512 576
513 571
513 567
514 563
516 561
512 557
512 554
515 550
513 544
516 539
517 531
514 530
514 525
513 498
514 495
515 492
514 487
517 484
515 483
513 477
514 472
513 471
514 465
516 461
516 458
513 450
512 450
514 445
513 439
512 435
511 424
513 425
511 421
512 414
515 411
515 409
513 401
513 395
514 390
513 386
513 383
513 377
514 373
514 368
513 363
513 360
514 355
516 352
512 348
513 343
513 337
514 335
515 332
513 328
514 324
516 320
516 316
514 312
514 309
515 305
513 301
514 297
514 293
514 290
514 286
515 283
514 275
513 274
515 272
514 268
517 250
517 247
524 247
781 247
800 242
741 235
712 233
668 230
631 228
662 224
662 220
656 216
659 211
640 211
652 208
664 205
619 195
642 199
652 196
633 194
647 194
628 189
616 185
634 184
630 181
647 179
661 174
623 172
626 169
596 165
643 162
656 161
629 159
626 155
630 154
602 152
626 149
575 150
604 147
647 145
587 144
634 142
628 141
531 143
586 140
507 139
500 139
533 138
510 135
541 132
504 134
485 134
496 131
524 132
522 120
522 127
511 126
731 122
582 119
516 120
527 119
559 121
690 114
626 114
515 119
487 122
612 113
676 112
617 115
624 113
647 114
644 114
551 115
547 114
553 115
513 115
496 114
539 116
502 114
520 118
516 112
514 112
516 108
518 113
513 115
511 117
513 116
511 112
515 115
514 114
513 118
513 122
511 124
514 132
512 130
513 129
512 129
510 131
512 132
514 134
513 135
513 135
513 137
513 138
513 137
513 141
512 142
513 143
516 146
513 153
511 149
514 153
513 155
513 156
515 167
514 168
514 170
514 172
513 174
513 178
512 180
513 182
512 185
511 188
513 191
512 195
513 198
506 200
514 206
510 209
518 212
513 217
513 215
510 229
513 231
514 233
511 237
514 241
513 243
514 247
513 253
514 256
513 259
513 264
513 267
513 272
514 276
513 280
513 283
513 289
513 293
513 298
515 301
513 305
513 309
513 313
513 316
513 323
513 326
513 332
514 334
513 340
513 345
511 349
513 354
510 358
514 364
514 365
515 371
512 370
514 397
513 400
514 405
514 409
514 413
513 418
513 423
513 431
513 437
514 441
515 450
514 450
511 454
513 458
514 463
512 468
513 468
513 471
514 475
514 479
513 484
512 489
513 493
514 497
513 502
511 507
512 513
514 518
510 523
515 529
514 533
514 539
509 546
513 543
515 552
506 551
511 561
510 564
507 568
514 572
513 575
513 580
514 584
514 587
512 593
512 597
513 602
514 606
514 611
511 616
512 622
512 626
512 630
513 633
514 640
514 645
511 650
512 672
513 676
513 679
512 682
513 685
513 690
513 694
513 697
513 703
513 704
513 708
511 712
511 718
514 720
511 722
524 724
523 726
509 732
517 739
513 742
513 746
512 750
512 754
512 757
513 761
513 765
513 768
514 773
514 775
512 778
512 783
508 788
284 786
294 791
318 795
351 799
337 803
366 806
395 810
371 814
400 816
362 819
348 822
385 824
401 829
397 831
385 840
371 837
405 840
405 842
364 846
390 848
389 851
396 854
407 855
366 855
381 862
412 876
399 879
404 880
393 884
413 882
421 884
408 887
457 889
434 890
390 891
452 893
426 894
398 896
399 896
477 898
487 899
421 900
435 896
462 902
432 903
448 905
448 906
471 907
461 908
427 911
444 910
439 911
417 913
468 913
455 914
443 915
482 916
449 916
436 917
458 919
455 920
442 920
469 920
501 921
461 922
482 929
525 922
463 922
511 924
496 924
420 923
484 923
526 921
481 924
495 923
486 923
503 929
467 923
447 923
502 923
487 923
476 922
477 921
511 919
512 918
512 916
513 913
513 911
513 910
513 911
513 907
513 906
512 904
515 903
512 901
514 900
515 900
513 898
514 897
513 896
513 894
514 892
513 891
513 888
512 892
513 883
513 882
513 881
513 878
514 876
514 873
514 872
504 869
514 868
513 865
513 862
513 859
513 856
512 862
514 852
513 849
513 845
513 842
513 840
515 837
514 832
513 829
513 825
513 824
512 817
513 819
513 809
512 804
513 803
513 797
514 792
513 789
511 785
514 781
509 761
513 758
513 755
513 752
513 752
513 746
514 740
513 736
514 732
515 728
513 724
512 719
512 721
517 712
513 707
518 701
513 698
515 692
513 688
514 683
515 681
513 677
514 670
511 667
514 666
514 660
513 655
512 650
513 646
513 640
513 635
514 627
513 623
514 618
514 612
515 606
513 602
514 597
514 591
512 591
513 583
515 578
512 576
512 571
513 570
508 564
513 560
512 556
513 556
513 549
512 545
514 540
514 535
515 528
514 530
512 520
513 515
514 493
512 486
515 484
514 481
515 477
514 473
513 468
515 466
511 457
514 457
513 453
515 448
513 444
513 441
515 435
515 431
514 426
514 421
514 421
516 413
512 406
512 403
513 396
513 391
512 387
513 382
515 379
513 372
513 369
513 365
514 360
514 356
513 351
508 351
514 343
514 340
513 335
513 333
513 329
513 326
513 322
514 317
513 313
513 311
514 305
515 303
514 297
513 294
513 297
513 285
513 283
512 279
513 276
513 272
513 267
512 264
515 261
681 234
659 232
665 230
667 228
696 226
649 220
647 218
666 216
637 212
677 209
650 205
620 202
647 198
618 197
617 195
622 192
618 190
650 187
645 186
612 180
630 178
636 175
658 172
662 179
630 166
639 164
637 162
604 159
642 155
621 154
610 154
619 151
581 149
569 146
586 147
597 145
611 143
570 142
587 140
585 139
555 139
591 136
609 135
603 130
597 134
574 132
572 127
573 131
561 129
599 128
565 128
592 127
591 125
548 124
580 123
590 123
567 122
563 115
555 115
530 115
539 106
546 115
554 113
563 114
585 113
560 115
568 113
548 113
519 114
540 123
513 114
537 113
546 113
531 114
555 115
538 113
539 115
550 114
514 115
530 116
532 117
518 118
516 120
515 124
513 123
516 127
515 127
513 129
513 133
514 132
513 133
513 134
514 135
513 133
513 136
516 139
514 139
513 142
513 144
512 145
513 147
513 149
512 150
513 151
511 154
514 156
514 157
514 161
515 165
514 165
513 166
513 169
514 172
514 179
512 356
513 360
518 368
512 370
512 376
514 379
514 393
514 386
514 391
513 396
513 411
513 409
512 415
510 420
512 424
515 429
514 435
513 440
513 445
512 450
511 454
511 459
511 462
513 465
513 468
