513 564
511 563
512 561
513 558
516 553
515 553
513 546
511 541
514 537
515 532
514 525
516 521
518 517
514 514
512 506
514 501
514 495
516 490
514 487
512 483
513 480
514 476
511 470
515 466
517 463
514 459
510 455
506 449
508 447
512 442
515 438
515 433
514 428
511 426
514 418
515 412
514 409
513 404
514 399
515 394
512 388
513 385
512 388
513 375
516 371
513 367
515 362
515 357
515 353
514 348
514 344
513 340
514 333
513 333
514 328
514 325
514 321
513 765
511 768
512 774
513 774
512 777
512 779
514 785
511 789
512 793
512 795
511 798
516 801
513 804
513 808
514 818
515 814
514 817
512 821
511 823
512 827
513 830
513 833
514 836
514 839
512 842
512 845
513 848
512 849
514 856
515 855
513 857
512 860
511 863
513 866
512 870
511 872
517 874
513 876
513 879
513 881
513 883
512 885
513 886
513 889
513 889
513 891
516 896
506 895
513 897
511 902
512 899
513 899
513 899
513 900
514 906
513 903
513 905
514 129
513 128
513 127
513 129
513 128
513 125
513 124
513 123
512 123
513 124
513 122
512 121
514 117
513 118
513 118
515 117
513 116
513 115
514 113
515 113
512 114
513 115
514 114
525 114
505 113
522 112
513 111
513 113
513 111
514 111
513 111
513 113
513 121
513 113
512 113
514 113
513 113
514 117
512 113
513 114
513 114
513 114
513 119
513 117
513 119
513 121
513 123
513 125
512 126
513 129
512 130
512 131
513 133
513 134
513 135
513 136
513 137
511 433
512 438
511 443
512 446
510 450
513 455
511 458
515 461
517 473
513 467
513 472
514 476
510 480
514 482
515 487
513 491
511 496
513 501
509 509
513 511
517 515
513 521
513 527
514 532
513 538
511 543
514 558
512 550
511 554
513 559
511 563
510 575
513 570
513 574
513 578
511 581
513 586
512 592
509 597
511 601
511 605
506 609
512 614
512 620
512 625
511 630
510 638
512 639
515 644
513 648
513 654
514 659
513 663
513 667
513 672
513 676
513 681
513 864
513 868
513 874
513 869
511 872
512 875
517 877
513 879
513 882
513 884
513 886
513 889
513 890
516 890
514 892
513 893
513 894
512 897
512 898
513 898
514 900
513 900
513 902
513 905
513 906
513 906
514 905
514 906
517 907
514 913
512 912
514 914
516 914
515 914
514 914
511 919
511 916
513 918
513 919
515 920
513 920
515 919
511 922
513 922
514 921
512 924
516 920
511 925
513 927
512 926
516 926
513 925
513 924
514 928
513 925
513 924
512 869
514 867
512 865
513 863
512 862
513 858
513 857
513 853
514 850
514 849
513 844
513 841
513 837
515 833
509 830
513 827
514 822
515 817
524 814
514 810
514 806
513 803
516 797
513 793
513 790
513 798
514 783
515 779
513 775
512 774
512 779
512 763
513 759
512 753
510 749
516 745
514 740
516 736
519 731
512 728
512 723
512 720
512 716
512 711
512 707
513 703
513 698
511 694
513 689
513 686
513 679
513 676
512 672
511 669
512 665
516 658
517 655
514 463
514 460
515 458
514 455
513 450
516 446
514 434
513 436
515 432
512 427
513 422
516 417
517 412
513 406
515 403
515 396
514 392
512 388
514 383
514 379
513 385
514 369
515 365
514 361
513 357
513 352
511 348
513 343
513 340
513 339
513 332
512 329
513 323
513 321
512 317
512 312
514 309
513 307
513 301
513 297
514 293
514 288
513 286
513 284
513 279
513 273
512 271
513 268
513 265
513 260
513 258
510 254
513 250
513 245
513 241
514 235
517 234
514 141
513 141
511 140
513 139
514 137
513 136
513 135
513 144
513 133
513 131
513 129
512 129
512 129
513 128
513 127
515 124
513 122
513 122
511 122
513 122
513 121
513 116
515 117
514 114
513 117
512 118
513 117
513 117
513 114
513 124
513 113
513 114
512 109
515 114
512 126
504 113
513 115
511 111
513 112
514 112
513 112
513 113
513 112
513 114
513 114
513 114
513 111
512 115
514 114
512 115
513 116
513 117
512 118
513 120
513 121
513 124
516 125
513 226
512 231
513 238
513 235
513 241
515 244
510 247
515 251
514 255
513 258
514 263
514 267
513 271
516 286
512 278
515 282
514 291
511 290
514 296
511 301
513 305
512 308
511 315
514 318
514 323
514 326
514 330
514 334
511 340
514 344
513 348
513 353
510 357
512 360
513 365
513 369
514 373
513 378
512 383
513 387
515 391
515 396
513 401
513 407
511 413
513 420
506 426
509 430
513 436
515 439
514 444
513 449
512 454
508 460
511 462
515 465
511 470
512 666
512 669
512 673
513 676
514 680
512 684
513 688
513 695
514 696
513 700
514 704
514 707
513 712
514 714
513 719
512 724
512 727
512 732
511 736
511 739
513 743
512 747
512 750
512 755
512 758
512 765
513 766
513 770
512 773
513 776
513 783
513 783
513 786
513 792
512 796
511 799
511 803
512 806
513 810
513 812
514 825
514 818
514 819
513 824
513 827
513 831
513 834
513 836
512 838
512 841
513 843
512 848
514 850
513 853
512 855
512 859
512 861
513 918
513 917
514 916
514 915
513 912
513 910
513 909
512 908
513 907
513 906
513 903
513 903
513 903
514 902
514 900
513 898
514 897
513 896
513 907
513 891
513 890
513 888
512 886
512 884
514 882
512 879
513 877
512 876
513 873
512 871
514 868
512 866
513 867
514 861
513 859
512 857
513 854
513 851
513 847
512 844
512 840
514 838
513 832
513 829
513 826
513 822
514 818
516 812
514 810
513 805
514 801
511 796
513 794
512 791
512 788
512 784
512 780
513 690
513 685
513 681
513 675
515 672
514 668
517 664
514 661
513 655
512 652
512 647
512 644
513 636
513 634
503 624
517 618
519 613
512 609
512 603
513 597
513 593
516 587
517 584
513 580
513 576
513 573
512 569
513 565
511 563
513 559
513 554
514 549
516 545
514 541
514 538
514 531
513 526
514 524
515 516
515 511
514 506
514 501
516 495
515 492
514 486
515 483
513 480
515 475
514 471
516 467
515 463
514 459
514 466
512 449
514 446
515 442
515 423
513 307
513 303
514 300
514 297
514 294
515 290
513 297
515 283
514 279
514 275
514 272
514 269
516 263
508 262
516 257
513 253
512 250
512 247
512 242
513 239
513 231
514 232
515 228
515 223
515 222
515 218
513 215
513 213
514 210
513 207
512 205
513 201
513 198
513 196
514 193
514 190
513 188
514 186
513 183
513 180
513 176
513 173
514 171
511 169
512 166
512 165
512 162
512 159
514 156
516 153
503 149
499 154
531 147
513 148
513 146
513 145
514 143
512 115
513 114
532 113
510 112
509 105
510 105
513 118
519 113
513 112
513 112
514 112
513 111
513 112
513 112
513 117
513 113
513 114
513 114
514 114
510 115
513 114
513 117
514 117
513 120
513 121
513 124
513 125
513 127
513 129
513 130
512 132
512 132
513 134
513 134
513 135
513 136
513 137
513 140
513 141
513 143
509 145
513 147
513 147
510 164
516 152
514 165
516 167
514 160
513 162
513 163
513 166
514 167
513 172
514 172
513 175
513 179
513 292
513 300
510 299
510 305
509 309
509 315
510 318
511 323
510 328
512 329
514 333
514 337
519 342
514 347
513 352
511 357
513 362
511 365
512 369
512 373
514 377
514 381
513 384
514 400
512 397
511 402
512 407
513 411
513 429
512 423
512 430
513 435
513 439
515 444
513 448
510 453
513 457
510 463
512 465
512 472
519 469
513 474
513 479
510 483
512 487
513 491
514 495
512 500
511 506
505 511
511 516
512 520
514 526
513 531
513 536
509 541
511 546
513 676
512 680
513 684
512 688
514 692
511 696
511 700
511 707
511 708
512 711
510 715
511 719
511 732
512 728
512 731
512 736
512 739
509 742
513 743
513 751
512 751
512 758
512 762
511 766
511 771
514 773
512 777
509 779
513 783
513 787
514 794
513 794
513 798
513 802
513 804
512 807
512 816
513 814
513 818
513 821
514 823
513 826
513 830
513 833
513 836
513 842
512 845
515 844
513 847
513 849
513 852
513 856
512 859
511 861
512 875
512 867
512 869
513 918
515 919
513 919
511 924
513 924
511 920
513 925
512 926
514 926
512 925
510 923
512 922
509 923
512 923
513 924
512 925
513 924
513 926
513 930
513 925
513 926
513 925
513 924
513 924
513 922
513 922
512 921
507 921
513 920
508 918
513 917
513 915
513 913
513 911
513 909
513 908
514 906
513 905
511 905
513 903
512 902
514 900
510 902
513 899
512 897
515 896
514 894
513 893
513 889
513 888
513 890
517 884
513 882
512 881
514 877
513 875
513 872
513 732
516 729
515 726
515 721
515 715
513 711
513 709
512 704
513 698
513 694
513 689
513 685
515 680
513 676
514 674
512 670
511 665
512 661
512 657
513 647
516 646
514 642
514 636
513 631
514 630
516 619
516 613
516 606
512 604
511 599
513 594
513 591
513 582
515 580
513 578
512 574
513 577
512 566
513 561
517 558
514 555
512 551
511 547
515 542
516 537
516 531
514 527
515 522
512 517
515 510
517 506
515 500
513 496
511 492
513 487
513 481
515 479
514 307
513 304
513 301
514 298
513 294
514 290
515 287
514 283
514 279
514 277
513 272
514 268
514 264
514 259
513 257
513 253
513 249
515 246
514 243
513 238
512 236
513 230
513 229
511 224
513 222
513 219
512 217
515 212
514 210
514 207
513 205
513 201
513 199
513 196
513 194
513 190
513 187
514 184
513 182
512 179
512 176
513 173
513 171
514 167
514 164
514 163
512 161
513 160
513 157
515 155
513 152
511 142
509 142
522 152
512 146
513 145
514 144
535 112
512 121
518 113
516 114
516 112
513 112
513 112
513 112
510 112
512 112
512 113
513 112
513 112
513 112
512 113
512 111
513 114
513 116
513 116
512 118
513 121
513 121
513 124
513 125
513 127
513 118
508 130
510 131
513 132
513 131
513 135
513 136
510 137
513 138
513 140
513 144
512 143
514 145
513 147
513 151
513 151
513 151
512 155
513 160
512 163
513 162
513 164
513 167
513 167
512 171
513 173
511 176
513 182
513 181
513 183
513 186
513 189
510 353
513 355
513 358
513 360
513 364
515 371
513 374
510 379
513 382
514 386
512 389
513 394
513 402
510 409
510 414
511 417
516 422
512 425
512 434
514 439
512 445
507 450
516 455
515 456
513 459
512 464
513 468
510 471
500 475
514 478
513 482
514 486
510 492
510 496
512 500
514 504
513 509
513 515
513 520
514 527
511 531
514 535
515 545
513 545
511 550
513 554
513 557
513 561
513 565
513 570
512 573
513 572
514 581
513 586
513 590
514 594
512 598
514 771
512 774
513 777
514 780
512 784
512 788
512 791
512 795
512 795
512 802
514 805
513 808
512 811
513 814
511 817
512 822
512 824
513 828
512 830
514 832
514 836
514 837
513 842
513 844
512 848
514 850
513 851
514 854
515 856
514 860
513 865
513 867
512 871
513 873
512 874
513 876
513 878
513 881
513 882
511 886
512 888
512 890
513 887
513 891
514 892
513 894
513 896
513 887
513 899
512 900
513 899
513 899
512 903
513 905
514 905
513 906
513 908
513 920
513 919
513 918
510 916
513 913
513 911
514 910
513 908
517 907
514 906
511 904
513 904
513 902
513 902
513 899
513 899
515 897
513 895
513 893
512 892
513 891
513 887
511 885
513 882
513 882
514 868
514 877
514 875
513 874
513 871
513 860
511 867
514 864
513 861
513 861
513 853
513 853
514 850
512 850
514 844
510 842
513 839
513 836
516 831
513 827
513 823
513 819
514 815
513 812
514 807
514 803
516 798
515 792
508 789
515 786
513 783
512 631
511 626
512 633
511 615
511 608
514 600
516 597
513 593
513 591
514 585
514 579
515 564
518 572
515 570
512 566
513 564
513 560
513 553
514 554
515 547
511 544
513 538
515 532
517 526
515 521
513 517
511 510
514 507
515 501
514 496
513 490
513 487
514 484
514 480
513 474
515 472
512 464
512 465
513 461
514 457
512 453
512 447
514 444
511 439
512 434
512 427
515 424
512 420
513 414
515 407
514 404
512 400
513 393
514 389
513 385
515 382
515 375
516 213
514 210
513 206
512 207
513 204
514 196
514 199
513 196
514 193
514 190
514 187
513 185
512 183
513 180
512 169
513 179
513 171
513 169
514 165
513 159
513 160
514 158
513 158
513 154
513 152
513 144
509 151
531 135
499 150
512 134
512 144
514 143
513 141
513 139
511 136
513 136
513 132
510 135
513 139
513 132
514 127
512 130
510 132
513 128
513 127
514 127
514 125
515 124
513 124
514 122
513 122
513 121
514 121
514 119
512 119
513 118
514 118
514 144
513 133
513 147
512 149
513 151
513 153
511 154
514 149
514 164
515 163
512 163
513 162
513 167
513 170
513 172
513 175
515 177
513 178
513 183
514 187
513 189
512 191
510 196
514 198
512 204
513 207
513 207
513 214
512 217
513 222
513 227
513 227
513 236
513 239
513 243
514 246
513 250
513 254
513 257
512 262
514 266
514 271
514 274
512 278
511 283
512 288
518 290
513 295
516 301
512 308
516 306
513 311
513 315
513 319
513 324
513 329
514 336
513 546
515 546
513 549
508 552
510 556
511 560
512 563
511 565
512 566
514 573
508 578
511 581
513 586
513 588
511 595
512 599
512 603
510 608
510 614
510 619
512 624
512 628
511 630
511 639
512 643
511 648
515 652
512 657
512 662
512 667
513 671
513 675
513 680
512 671
512 688
510 693
512 697
513 696
512 704
512 707
513 710
513 715
514 709
513 722
514 727
514 731
513 735
514 732
513 742
513 746
512 750
514 754
514 754
513 761
514 765
513 768
514 759
515 837
514 839
515 841
513 844
512 847
512 850
511 853
511 856
512 858
513 860
512 862
513 864
512 868
513 872
511 875
513 878
513 879
512 881
513 882
513 885
513 887
513 888
506 890
513 891
512 892
513 894
513 896
513 898
512 899
511 900
508 901
513 902
510 902
513 904
513 905
512 906
513 907
513 908
513 909
514 911
514 908
514 912
514 913
514 912
512 915
512 917
513 918
514 918
514 917
511 919
515 919
514 920
514 920
514 921
513 920
511 920
512 924
514 904
514 904
513 903
513 897
513 901
513 900
513 899
511 896
514 895
511 893
513 892
513 889
513 888
513 887
514 884
513 880
512 880
514 877
513 875
513 872
508 871
513 869
513 866
513 864
513 862
515 857
513 856
514 854
515 851
513 848
509 845
513 842
514 839
512 828
513 830
514 827
513 822
514 818
515 809
514 811
515 807
513 807
513 801
512 794
513 790
525 788
513 784
513 781
513 776
513 771
513 767
514 762
513 759
512 755
513 751
512 747
512 733
514 601
516 601
516 595
515 592
516 575
513 584
513 581
513 577
513 575
513 569
513 565
514 564
512 560
513 555
513 550
514 546
517 541
511 538
512 533
512 527
514 522
515 516
518 511
514 506
512 501
512 496
514 491
515 488
515 482
513 480
512 475
512 470
514 466
515 463
517 460
517 455
510 454
514 447
513 441
515 437
516 432
515 406
513 419
516 418
515 413
515 408
514 392
517 398
517 392
513 388
514 384
513 378
515 375
517 361
513 365
520 362
514 355
514 240
512 238
514 235
511 232
514 228
513 225
514 222
514 218
513 216
512 212
513 197
512 206
513 204
513 201
514 198
512 184
513 192
514 190
515 187
516 185
513 181
513 170
513 176
512 174
513 172
513 169
513 165
515 160
513 158
515 157
513 155
514 154
513 152
513 150
513 143
513 149
517 139
515 145
513 144
513 142
513 140
513 138
515 135
515 135
513 131
513 134
513 134
513 131
513 130
512 118
513 129
512 128
513 127
513 125
513 109
514 124
513 123
513 113
512 114
513 115
513 115
513 115
513 119
513 119
515 120
513 124
514 125
513 127
514 129
513 131
513 131
513 132
513 133
513 135
513 124
513 137
512 138
513 140
513 141
513 142
513 145
511 147
513 148
513 151
513 148
513 157
512 157
516 159
509 161
512 160
513 166
513 168
514 170
513 172
513 172
513 178
511 180
512 184
513 186
513 189
513 193
513 196
514 199
513 199
513 207
510 211
511 216
512 220
510 214
511 229
512 233
512 237
513 240
513 413
513 413
513 417
513 423
513 429
511 436
509 441
512 444
514 448
513 454
513 459
510 451
511 466
513 467
514 470
513 474
513 477
525 483
509 487
511 479
514 495
513 499
512 506
508 512
507 517
511 522
515 527
514 531
513 537
513 543
507 547
510 552
517 556
512 558
511 562
512 567
510 571
511 575
513 577
515 581
511 585
513 592
511 596
508 600
509 606
513 610
512 615
512 618
514 623
512 629
512 634
511 639
513 644
514 649
512 654
513 658
513 662
512 807
514 810
514 813
513 815
512 817
513 822
513 824
513 827
513 831
514 836
513 836
512 839
512 842
513 844
513 848
512 850
511 853
510 857
512 859
512 861
513 864
513 865
515 868
514 872
513 875
512 877
512 880
513 882
512 884
513 885
512 887
513 889
513 890
512 892
514 893
512 895
512 896
513 896
512 888
511 901
512 902
511 903
513 903
513 890
513 906
513 907
513 908
514 907
513 909
513 910
513 910
512 913
515 910
513 913
514 914
513 916
512 918
517 813
513 813
513 809
513 804
516 800
512 797
513 795
514 782
514 786
515 783
513 773
514 775
514 771
512 766
512 763
512 759
513 755
515 750
515 746
512 743
514 739
513 734
513 730
512 725
515 719
515 714
516 711
515 707
514 703
514 697
513 688
512 689
511 685
513 682
512 677
513 665
512 670
514 665
513 663
513 657
513 638
515 647
517 642
519 635
516 630
510 626
511 621
512 615
514 609
513 593
511 596
518 591
515 603
511 584
512 583
513 568
513 572
513 306
514 312
513 310
514 305
513 302
515 299
514 294
514 290
514 286
513 283
511 280
512 270
512 271
512 267
512 263
513 260
518 256
515 252
514 248
517 248
520 240
513 238
513 235
513 231
512 227
513 225
513 223
513 219
513 216
514 212
513 209
513 209
511 204
513 202
514 199
513 196
512 194
514 189
514 187
514 185
513 181
514 179
513 177
513 174
512 176
513 172
513 166
513 163
514 160
514 159
512 158
513 154
514 151
513 150
512 149
513 148
513 157
510 135
513 136
513 137
513 138
513 139
512 142
513 142
513 144
513 147
508 148
513 149
514 152
513 155
513 157
513 160
515 165
518 160
513 163
513 168
513 170
514 172
513 175
513 177
513 182
513 184
513 185
513 189
513 193
514 195
513 199
513 204
513 199
513 211
512 216
513 219
513 224
512 228
508 231
514 236
513 239
514 243
517 246
513 250
513 254
513 258
514 262
513 260
512 271
511 275
513 279
515 288
514 289
514 292
512 297
500 298
519 307
516 306
515 495
513 497
513 502
514 505
515 510
514 514
512 521
511 528
511 532
512 538
515 541
512 546
513 550
514 555
510 559
510 564
513 566
514 568
511 573
512 577
515 586
509 587
510 591
510 596
512 600
513 605
512 609
513 614
511 620
510 624
511 629
514 624
513 639
514 644
512 648
511 652
512 658
512 662
513 667
513 671
513 671
513 678
513 684
513 689
513 694
514 699
513 702
513 704
514 708
513 712
513 715
513 719
514 724
513 728
513 730
513 735
512 739
512 872
511 875
513 877
513 878
512 879
512 882
511 885
511 887
511 881
513 888
512 890
513 890
513 892
513 895
515 897
512 898
513 900
514 899
513 900
513 902
512 904
514 908
513 905
514 906
513 908
513 908
512 912
512 910
514 911
513 912
514 905
514 915
515 914
513 915
514 916
516 920
512 921
515 919
516 918
512 921
514 920
514 923
514 923
514 923
514 921
513 923
511 928
514 923
513 925
513 923
512 926
515 925
512 925
512 926
514 926
513 925
513 926
513 871
513 871
514 869
514 867
513 863
513 863
512 856
515 856
513 855
514 851
512 848
512 844
515 842
514 839
513 834
512 831
513 827
514 821
514 819
514 815
513 811
513 806
514 801
513 798
514 795
513 791
513 793
513 783
515 778
515 774
514 770
516 765
516 760
518 756
518 752
513 747
518 745
516 740
514 737
515 732
513 729
514 725
512 721
514 716
513 711
512 705
514 703
513 698
513 695
512 690
512 688
513 682
513 678
512 675
513 669
514 665
515 660
512 464
512 460
513 456
513 452
513 446
516 442
515 437
515 440
514 428
516 423
516 418
515 426
516 410
517 403
514 398
512 393
514 389
514 383
515 379
514 374
515 370
514 366
513 361
512 357
512 352
514 349
514 344
513 339
512 338
513 333
514 329
513 326
512 321
513 317
513 314
514 309
513 305
513 301
514 298
512 294
513 291
513 287
513 283
512 279
513 276
513 272
513 267
513 264
512 260
514 257
514 254
513 250
514 246
517 244
504 237
515 233
514 135
513 134
511 133
513 131
512 130
513 129
512 128
513 129
513 128
512 124
512 124
512 124
514 122
513 122
513 121
515 119
513 119
514 119
513 118
513 117
513 116
513 116
513 115
512 116
512 115
512 115
512 113
513 117
513 113
513 112
513 112
516 112
507 111
511 113
513 110
514 115
514 112
513 113
514 112
513 112
513 113
513 113
513 109
513 115
513 115
512 115
513 117
513 119
513 120
514 124
514 125
513 128
513 129
513 131
513 132
512 133
513 134
513 364
513 367
514 370
513 375
512 379
509 382
510 387
513 391
514 395
512 400
512 406
514 412
513 420
508 425
510 430
514 435
512 440
513 444
513 450
513 458
509 458
514 460
514 463
513 466
512 470
514 478
510 481
510 484
515 484
512 497
510 478
514 501
509 506
510 511
514 516
515 521
512 526
506 533
511 537
509 542
510 546
516 549
512 554
513 558
512 563
506 567
510 569
512 573
513 578
513 578
510 586
511 592
511 596
510 598
514 605
512 609
510 614
513 704
512 707
513 709
513 712
512 715
513 719
513 727
514 727
513 731
515 735
514 739
513 743
513 747
515 750
513 754
513 758
513 762
512 766
513 769
513 773
513 779
514 779
512 783
508 787
512 792
512 796
512 799
511 803
513 806
511 809
513 811
512 814
514 818
513 821
511 824
514 831
513 830
513 833
513 836
513 840
513 842
513 845
514 848
511 850
511 853
512 856
513 858
513 860
513 863
515 865
514 869
513 873
511 875
510 878
511 883
513 882
513 884
514 923
515 919
512 919
515 919
512 921
512 922
511 922
513 922
514 922
512 925
514 924
512 925
514 925
515 923
514 925
513 923
510 926
513 925
512 925
514 926
513 925
513 924
514 925
513 924
513 924
513 927
512 922
513 922
513 920
513 917
513 916
513 915
516 912
513 910
512 908
513 910
513 905
514 904
513 903
513 897
513 905
514 901
513 899
513 898
513 896
513 894
513 891
513 889
514 886
514 886
515 888
513 882
512 881
513 878
513 876
514 874
513 872
514 760
517 755
513 752
513 749
513 746
513 740
514 737
515 733
513 726
514 726
512 719
513 714
513 712
512 706
515 702
514 697
515 693
514 687
514 684
512 681
511 678
513 674
513 670
514 665
514 658
513 654
518 649
515 646
511 642
513 638
511 631
514 625
516 618
514 613
510 609
514 605
513 599
513 593
515 588
516 581
512 580
515 576
513 573
512 569
513 565
513 566
511 558
512 555
515 551
511 547
513 540
514 536
513 533
515 527
514 521
511 516
514 511
513 377
515 374
515 370
515 365
514 361
515 357
515 354
513 347
514 343
514 340
512 336
514 333
514 328
512 325
513 322
513 317
513 313
512 309
513 305
513 302
513 298
513 293
512 292
513 287
512 282
512 279
513 275
513 273
514 273
514 264
514 260
513 255
515 253
513 249
512 245
513 241
517 238
511 231
514 230
515 228
514 225
514 222
513 221
513 216
512 213
513 210
516 208
514 203
512 201
513 198
514 195
515 191
514 190
513 185
513 184
514 182
512 179
514 126
512 119
513 125
514 124
514 122
515 123
512 122
512 121
512 120
513 119
513 119
513 118
513 118
512 118
513 119
513 116
513 115
514 114
513 114
516 116
513 114
513 112
513 112
513 113
513 111
513 112
512 108
522 113
513 110
512 108
513 112
513 112
513 112
513 112
512 112
513 113
513 113
513 114
513 116
513 117
515 118
513 120
513 121
512 125
515 127
514 128
513 130
513 132
513 133
513 135
512 135
513 136
513 137
513 138
513 140
514 141
513 143
512 258
513 258
513 263
511 268
510 272
515 276
