513 178
513 179
513 182
511 184
513 186
514 188
513 191
513 195
510 197
514 202
514 205
513 208
513 213
513 217
513 222
514 226
514 229
513 234
517 236
513 240
513 245
513 248
516 251
512 255
513 259
514 262
514 268
513 272
513 275
515 280
513 285
514 288
515 292
513 296
515 298
517 304
513 308
514 312
514 316
512 321
513 325
514 329
515 333
514 340
514 344
514 349
513 353
513 357
513 362
513 363
513 366
514 369
513 375
514 378
511 384
512 391
512 394
512 890
513 890
512 886
513 885
511 882
513 881
514 878
511 877
513 874
512 871
514 869
513 868
513 865
513 863
513 858
515 857
516 852
517 850
513 848
507 846
518 845
514 839
513 836
513 832
511 829
514 827
513 821
513 817
514 813
514 810
514 806
512 801
512 797
513 793
513 789
515 786
513 782
513 778
513 773
513 769
513 765
513 762
513 758
513 754
513 749
512 744
513 740
512 737
513 732
513 729
514 724
513 720
514 717
512 711
514 708
513 705
513 698
514 418
513 423
513 427
513 434
514 437
511 442
512 445
513 449
513 453
513 457
513 461
513 465
513 469
513 470
513 474
514 479
513 482
512 488
513 492
513 496
512 500
514 505
514 511
513 516
513 522
513 527
513 533
513 535
514 542
514 546
513 551
513 555
513 557
513 563
514 567
514 570
514 574
513 579
512 582
513 586
513 592
514 600
514 601
513 606
513 611
513 615
513 620
513 626
513 631
514 636
514 640
513 646
512 650
513 653
513 659
511 659
518 668
187 786
194 788
199 792
201 795
171 799
176 799
207 794
242 780
279 813
257 815
213 819
238 821
248 825
246 819
274 831
265 832
283 836
298 836
231 841
252 844
301 846
288 849
293 853
261 854
248 856
281 860
246 863
272 866
289 869
261 870
307 874
317 878
259 879
301 879
296 882
314 883
332 885
326 885
331 889
337 889
334 891
402 892
378 893
357 895
397 892
337 896
366 897
366 895
391 901
396 903
354 902
325 904
357 906
384 907
412 908
412 908
399 909
390 914
402 915
379 915
383 916
398 917
374 918
409 918
431 918
383 919
425 919
436 920
401 921
434 920
438 920
440 921
467 921
448 921
465 921
462 921
429 921
466 923
438 920
451 921
478 920
458 921
472 917
489 921
474 915
497 918
490 917
498 917
509 913
512 914
512 911
512 910
512 908
512 906
512 905
510 903
517 903
513 901
512 901
512 899
513 897
513 897
517 895
513 894
512 892
513 892
513 887
512 886
514 884
513 882
513 881
513 876
512 875
511 864
513 862
513 860
513 858
512 854
511 855
511 848
512 845
513 842
514 837
513 836
514 834
513 829
514 826
513 821
513 818
513 818
513 811
513 807
512 803
513 797
513 793
513 789
513 786
513 782
513 778
512 774
513 771
514 766
513 762
514 757
513 754
513 750
513 747
513 742
514 738
513 735
513 730
513 726
514 722
513 716
510 712
513 707
513 702
514 697
513 692
504 693
513 686
513 682
513 680
513 677
512 673
513 665
513 660
511 655
513 652
513 650
513 625
512 621
513 616
512 612
512 607
513 602
513 597
512 593
514 588
511 584
513 580
513 576
514 572
513 569
511 565
513 561
513 559
514 554
513 550
515 547
513 542
511 539
513 532
513 526
513 521
513 515
513 508
513 504
514 499
513 494
513 491
512 487
511 484
513 478
513 473
514 470
514 465
513 463
513 458
513 455
513 449
515 444
514 440
513 436
514 431
514 427
513 421
512 416
514 412
513 406
514 401
513 395
513 392
514 387
513 382
513 376
513 373
514 352
513 350
513 345
512 342
514 339
513 336
514 341
513 329
513 325
513 321
513 318
514 313
513 309
513 305
513 300
513 297
514 292
512 290
513 286
514 283
513 280
513 276
513 273
514 270
513 264
515 260
517 259
521 254
646 253
641 251
847 251
906 249
851 243
886 239
845 234
807 231
833 227
775 225
767 222
785 219
770 215
786 212
776 209
749 209
763 204
748 202
727 198
745 197
735 190
771 192
768 189
727 185
766 184
793 178
743 177
768 173
721 172
748 155
687 153
671 151
676 149
679 149
666 150
672 149
631 145
627 145
668 142
677 141
664 139
679 139
668 136
636 134
668 135
638 134
636 132
661 131
632 131
651 129
668 128
619 127
661 125
648 125
573 125
637 123
635 122
646 121
669 119
632 116
611 118
600 131
586 118
615 110
585 117
609 117
599 117
565 116
592 116
571 115
577 117
593 116
557 116
564 116
576 120
564 116
586 117
580 114
570 115
550 116
550 116
547 117
538 117
546 119
531 118
532 121
512 136
513 137
514 140
512 139
513 139
514 139
513 142
513 143
513 145
514 147
514 149
513 150
513 152
512 154
513 156
513 159
513 161
513 169
513 165
513 167
513 169
513 173
514 174
514 178
514 179
514 182
513 185
513 187
513 191
513 194
513 196
513 200
513 203
512 207
513 211
513 214
514 221
513 224
514 230
513 232
513 235
513 240
514 245
514 247
514 252
513 255
514 259
513 263
512 267
512 270
512 275
514 281
514 284
513 288
513 292
514 296
513 301
514 493
514 497
514 501
514 502
513 510
514 516
513 522
513 528
512 531
514 536
514 542
513 544
512 552
513 555
513 559
513 563
513 567
515 570
513 574
513 579
513 583
512 587
513 591
513 595
512 602
511 606
513 611
511 615
512 621
512 625
514 630
514 636
513 640
513 646
513 649
511 655
514 659
514 664
516 668
517 674
513 677
513 681
513 686
512 690
514 693
513 698
513 702
513 702
514 708
512 712
512 716
511 720
513 724
512 727
512 732
513 735
513 734
513 756
513 759
511 763
513 765
512 768
512 771
511 776
513 778
501 781
418 783
251 783
211 787
210 791
205 795
168 798
191 803
209 804
218 809
264 811
241 815
247 819
260 821
226 824
258 827
296 830
291 833
314 835
260 837
239 840
279 843
277 847
262 849
274 852
270 854
272 857
273 859
270 863
285 866
271 868
251 870
270 874
298 876
320 878
311 879
312 882
308 884
322 885
338 886
370 888
394 890
365 889
329 892
361 893
349 891
362 897
415 893
363 898
411 904
388 903
376 906
397 907
350 908
383 909
407 909
363 910
380 910
382 913
366 914
411 915
399 914
412 915
440 917
403 918
403 918
407 916
412 919
449 920
393 919
409 920
438 920
460 921
449 921
443 920
448 921
446 921
461 921
462 921
473 920
488 922
461 920
454 921
487 920
464 919
464 917
485 920
472 919
496 918
503 917
504 916
512 914
513 910
513 910
513 908
513 906
513 905
513 901
513 902
514 908
513 900
513 900
513 897
512 897
509 895
514 894
516 885
514 883
513 883
513 880
512 878
511 875
513 874
513 872
512 870
513 868
513 865
515 864
513 860
513 857
515 855
519 850
514 847
507 849
516 839
509 839
513 837
514 833
514 829
514 826
514 822
512 818
512 814
513 811
514 805
511 802
513 798
513 793
512 788
513 786
512 782
514 778
513 774
514 770
513 765
511 762
513 759
513 755
512 750
513 746
513 742
514 739
513 735
513 731
513 726
512 723
513 720
512 714
514 710
511 705
513 701
513 694
512 674
513 671
513 667
513 664
513 663
513 658
513 653
514 648
514 644
513 636
513 636
513 628
513 624
513 618
514 613
513 607
513 603
513 597
513 593
513 586
513 583
513 579
512 575
513 572
512 569
513 566
513 562
513 560
513 556
513 550
514 545
513 540
514 536
513 533
513 528
513 522
512 515
514 511
513 506
513 501
513 495
513 490
514 486
513 482
513 478
512 476
514 470
512 467
513 462
513 458
513 455
511 451
514 446
513 441
513 437
513 431
512 427
512 402
514 398
514 391
514 391
513 386
514 382
514 378
513 374
514 369
513 364
513 359
513 355
513 351
513 346
513 343
513 339
515 336
513 330
514 328
514 324
514 321
513 317
513 313
514 304
512 306
513 301
513 298
513 294
513 291
514 286
513 283
513 279
514 277
514 272
513 269
515 265
515 260
516 259
522 255
625 255
633 251
819 252
882 248
856 243
870 238
857 235
833 231
804 228
767 226
782 222
773 218
769 215
768 212
781 209
793 206
774 203
733 205
727 190
777 188
771 185
738 182
737 180
761 178
769 174
780 171
727 170
728 166
779 165
715 161
700 160
732 158
712 155
672 157
661 152
693 154
710 149
673 146
692 146
652 147
614 145
685 143
664 142
645 139
677 138
637 138
650 138
699 135
639 134
686 131
683 131
621 131
676 130
634 129
613 125
666 127
636 126
628 125
659 123
632 123
626 122
655 121
619 120
587 118
628 120
626 125
606 118
601 118
606 118
618 115
593 117
564 113
598 116
606 117
570 116
593 118
541 114
556 116
550 118
559 120
558 116
530 119
547 117
560 117
527 118
534 118
526 120
508 123
515 125
514 126
514 130
515 131
514 132
514 131
511 137
514 135
514 136
511 138
513 139
513 138
514 145
513 143
514 145
513 146
512 148
514 151
513 152
512 154
514 156
513 161
513 159
513 162
513 152
513 167
514 169
512 171
514 174
514 175
513 179
513 182
514 184
514 187
514 190
514 193
514 197
513 199
512 203
514 207
512 213
513 216
513 219
515 224
513 242
513 245
514 249
512 250
513 255
515 259
513 263
513 267
514 269
513 274
511 279
515 283
512 288
513 291
513 295
512 299
514 303
514 307
514 312
510 316
512 319
513 324
515 332
513 333
514 338
513 342
512 347
514 350
513 355
513 359
514 363
514 366
513 370
514 374
513 379
513 384
514 388
514 392
508 396
514 400
513 404
513 414
514 420
513 425
513 429
514 433
513 436
513 443
513 451
513 456
513 459
513 458
513 462
512 466
514 471
513 476
513 479
513 498
513 503
514 507
513 509
514 515
512 520
513 528
514 533
513 538
513 541
514 544
513 550
514 555
513 560
513 563
514 566
514 570
514 574
512 579
513 585
513 586
514 591
514 596
514 600
513 606
515 610
513 615
513 619
513 624
512 630
512 633
514 640
514 645
513 650
517 654
514 659
513 663
513 668
513 673
511 677
513 681
513 685
514 689
512 694
513 697
512 701
513 703
513 707
514 711
512 715
512 718
512 723
513 727
513 730
513 733
514 739
513 742
513 759
514 763
512 767
513 770
512 771
511 775
513 779
507 782
406 783
225 783
213 787
206 790
186 794
192 798
183 800
231 804
258 810
249 807
246 816
205 818
222 822
263 824
245 827
255 830
306 832
282 835
305 838
262 841
243 843
286 846
281 848
253 852
269 855
252 858
250 857
281 863
295 865
300 868
243 871
252 874
331 875
311 878
297 879
353 882
294 884
273 886
354 886
360 888
387 890
407 891
390 893
373 895
343 893
362 896
347 898
379 901
395 899
382 907
365 908
352 909
362 910
401 912
384 911
405 912
419 913
398 914
406 916
405 919
425 917
421 917
388 918
425 919
411 919
386 920
443 920
446 919
435 920
457 921
427 920
441 921
446 921
443 920
472 922
455 920
466 920
472 920
446 920
470 922
481 920
470 920
482 918
482 918
479 918
503 909
503 918
508 915
511 914
512 912
513 909
513 908
513 904
513 904
513 902
513 902
512 906
514 900
514 900
513 898
513 896
513 894
513 895
513 892
511 890
513 890
513 879
513 877
513 875
510 874
512 872
512 870
513 868
512 866
513 862
514 860
514 858
512 855
514 852
501 850
520 851
514 843
513 840
515 839
513 835
513 830
513 828
513 822
513 819
514 815
512 810
514 807
514 803
514 799
509 795
513 790
513 786
512 784
513 779
513 774
512 770
512 766
512 763
513 757
514 754
513 750
512 747
513 742
513 738
514 734
512 730
514 726
513 722
513 716
514 713
513 708
513 704
514 699
513 696
513 692
513 685
514 682
513 664
513 661
513 657
519 654
513 651
513 645
512 641
513 635
512 631
513 626
513 620
518 613
514 607
513 601
513 597
513 593
512 587
513 585
513 580
513 577
512 573
513 569
513 566
514 561
512 558
513 555
514 551
513 546
512 542
513 537
513 533
513 527
513 522
513 516
513 510
512 505
513 500
513 497
513 492
513 490
513 482
511 477
514 474
513 470
513 468
513 463
513 459
514 455
514 450
514 446
514 443
514 437
513 432
514 428
513 422
514 418
512 412
513 374
513 371
513 369
513 364
513 359
513 356
513 352
514 347
513 343
512 340
512 336
514 332
512 329
514 325
513 321
513 317
514 313
511 310
513 306
513 302
513 297
513 294
512 291
513 287
513 283
514 281
510 276
513 274
514 268
513 264
514 262
516 258
519 254
605 254
670 249
827 251
894 247
868 244
869 238
880 235
817 231
776 228
798 225
745 222
767 218
786 216
747 212
764 210
783 208
760 205
749 201
735 199
750 197
768 194
730 191
755 189
751 186
736 166
696 163
721 162
727 159
752 158
704 156
678 154
688 152
696 150
656 148
673 148
673 148
632 146
652 144
688 143
682 140
670 141
666 139
650 137
687 138
669 136
661 133
632 135
634 133
633 130
633 129
647 128
644 128
624 126
655 126
641 125
619 123
655 123
627 122
678 120
610 120
571 119
639 120
617 118
591 115
612 117
604 116
611 116
578 116
544 114
588 116
579 115
569 118
582 116
563 116
577 115
576 116
566 116
574 117
566 116
564 118
551 117
558 124
513 126
513 127
512 129
514 131
514 132
513 133
513 135
514 136
513 137
513 138
514 139
512 140
514 142
514 143
513 145
514 146
512 149
515 150
514 151
513 153
513 156
511 158
513 160
514 162
512 164
513 178
514 169
514 171
513 173
513 177
512 179
514 181
513 184
513 186
514 189
514 193
512 195
512 198
515 204
513 208
513 211
513 214
513 218
513 224
513 226
513 233
513 233
513 239
513 243
513 247
513 250
511 254
513 258
512 262
513 266
514 269
514 290
513 293
513 296
516 299
513 304
513 307
513 311
513 315
514 321
513 324
513 328
514 333
513 337
513 343
514 348
513 350
513 354
513 358
513 362
514 366
513 371
513 375
513 379
513 382
514 386
514 391
513 396
513 403
513 410
513 413
513 418
513 423
514 428
513 435
513 440
513 445
512 453
512 451
511 455
514 460
513 464
513 467
514 470
514 474
513 477
513 481
513 490
514 491
514 494
513 499
513 504
514 511
514 516
512 522
513 526
514 531
513 537
513 557
513 560
511 563
513 567
513 570
514 574
514 578
514 582
513 587
513 589
512 596
513 601
512 606
512 609
513 614
513 614
513 625
511 630
514 635
512 640
514 646
512 652
511 654
513 659
512 663
514 669
513 672
512 678
514 679
514 685
513 689
513 693
515 697
514 699
513 704
513 707
513 712
513 715
513 720
513 722
512 727
513 732
513 735
513 738
513 742
513 746
514 750
513 754
514 757
513 760
514 764
513 768
513 771
513 777
509 778
509 780
443 782
221 799
218 800
226 804
257 805
267 808
239 810
241 815
232 822
264 821
249 823
216 826
244 830
308 832
275 834
281 837
269 840
272 843
298 845
268 844
262 852
285 854
260 856
257 861
273 862
286 865
269 868
252 870
264 874
271 876
289 877
314 878
315 882
311 882
320 885
342 886
355 888
333 889
379 890
360 891
337 892
390 895
370 895
348 898
407 899
371 901
374 900
376 902
340 904
394 904
358 900
372 907
405 907
344 908
387 908
415 910
374 912
397 913
415 916
403 916
399 917
396 918
398 919
398 919
442 920
455 918
445 920
433 920
449 921
459 921
446 921
451 921
467 922
457 921
463 920
463 924
457 922
478 921
458 920
461 920
496 920
462 918
472 917
497 919
488 917
511 917
508 917
508 914
513 913
513 912
512 909
513 905
512 905
512 903
513 902
514 901
513 900
513 899
513 898
513 896
513 895
514 894
513 891
513 889
513 888
513 886
513 885
512 883
513 881
514 878
513 878
515 874
513 872
513 871
512 868
505 856
512 854
513 851
512 849
508 853
510 849
510 842
512 837
514 834
509 830
514 826
513 821
513 819
514 811
513 811
512 807
514 803
512 797
513 789
512 792
513 786
515 783
512 780
512 775
512 771
513 768
509 763
513 759
513 755
515 751
513 747
512 743
511 739
513 735
513 731
513 726
511 722
511 718
513 713
513 708
513 704
513 699
513 694
513 690
513 687
513 686
515 684
512 678
513 673
513 669
513 664
514 657
513 653
512 650
514 647
512 642
513 613
513 611
513 606
513 601
513 598
513 592
513 589
514 584
514 581
512 577
513 572
513 570
513 566
512 562
512 560
513 556
513 552
513 548
513 542
513 538
513 533
513 528
513 523
513 517
513 511
513 506
513 500
513 495
514 491
513 487
512 483
513 478
513 474
513 471
513 468
513 464
514 460
513 456
513 450
514 446
513 447
514 438
513 436
513 427
513 423
514 418
514 413
513 409
513 402
513 397
513 393
515 388
514 382
515 377
515 373
513 369
514 364
514 344
511 342
513 338
513 336
513 334
512 332
513 328
513 322
513 318
513 314
513 309
512 307
512 302
512 299
513 294
512 291
514 290
513 284
514 280
513 277
514 273
514 273
514 266
514 262
516 259
522 256
591 254
660 251
807 252
894 248
889 242
869 240
839 236
806 232
771 230
781 226
784 222
785 220
758 216
756 213
768 211
789 208
774 203
747 203
742 199
744 197
748 193
759 192
754 190
752 186
764 184
762 182
777 178
764 176
738 173
758 169
732 167
741 156
707 154
714 153
717 149
711 150
673 148
682 152
647 145
632 145
690 143
674 145
696 143
681 139
614 137
621 137
678 137
668 134
700 135
656 135
647 131
635 130
614 130
668 126
658 128
647 127
625 126
605 126
618 122
656 124
654 123
641 121
594 120
588 120
590 119
615 118
615 115
597 117
597 117
597 119
589 116
602 117
585 116
602 115
584 118
570 112
596 116
563 116
555 116
594 116
550 117
546 116
562 116
539 116
562 117
552 115
541 118
542 119
525 126
514 129
514 130
511 132
509 132
514 131
511 134
514 135
514 136
514 138
513 139
514 140
514 141
513 143
516 145
515 145
514 149
513 150
514 151
514 154
513 157
514 159
513 157
513 163
514 164
513 169
513 164
513 172
514 174
513 176
515 179
514 182
514 183
513 187
514 188
513 193
511 196
512 199
513 203
514 207
513 210
513 215
514 219
511 223
513 227
513 232
513 235
515 238
513 242
514 247
513 250
513 253
514 258
514 262
514 265
513 271
513 273
514 294
514 300
513 301
514 303
514 310
513 315
515 318
515 322
513 327
513 331
513 336
513 341
513 345
514 350
514 355
514 358
513 361
513 365
514 370
513 375
514 379
513 382
514 386
514 389
513 395
514 402
513 408
513 413
514 418
514 422
514 428
513 432
514 439
512 444
513 451
514 452
511 456
513 459
513 463
513 468
513 473
514 474
513 475
514 481
513 486
513 492
511 496
513 499
509 503
513 509
513 514
513 523
513 527
513 531
514 535
515 540
513 545
513 564
515 570
514 571
513 574
513 578
514 582
512 586
515 592
514 594
513 600
513 605
513 609
513 614
513 618
513 624
513 629
513 634
511 639
515 644
513 649
512 654
514 660
513 663
512 668
512 673
510 681
517 683
517 682
512 690
513 693
513 697
513 702
513 704
512 708
513 711
513 714
512 719
512 724
513 726
513 731
513 734
514 739
513 743
514 745
512 749
513 753
514 757
513 760
512 759
513 767
513 772
511 775
509 779
507 781
436 784
257 782
175 787
255 804
225 807
225 809
234 811
246 812
240 819
235 820
228 824
263 827
279 829
269 833
286 834
259 837
282 840
275 844
251 848
283 850
302 852
253 854
282 857
251 859
233 862
291 865
293 868
265 872
272 873
312 875
322 878
313 879
291 884
342 883
297 885
316 886
384 888
346 889
357 891
417 892
374 894
387 895
373 897
337 899
347 898
374 900
353 901
362 903
374 905
387 904
402 906
400 907
377 907
357 908
353 908
383 910
424 912
401 912
392 913
420 915
440 918
400 920
365 919
377 918
393 919
380 919
444 920
469 920
423 921
460 920
426 920
444 922
480 921
442 921
448 921
460 926
440 921
477 921
474 920
478 921
484 919
470 921
488 921
483 921
486 917
498 916
510 916
513 915
512 912
513 910
513 908
513 908
513 904
513 903
513 901
513 902
513 902
511 899
513 898
512 897
513 895
512 895
513 897
513 891
513 889
513 888
513 885
513 884
514 881
513 879
513 877
513 875
512 873
510 870
513 868
513 865
513 863
512 839
511 827
511 834
511 832
510 826
513 822
513 818
513 814
510 810
513 806
513 803
513 798
514 795
513 793
513 789
512 785
512 781
514 776
513 771
512 768
513 761
513 758
514 754
513 751
513 747
513 743
513 738
514 735
513 731
513 726
513 723
513 719
514 715
514 709
513 704
514 699
514 694
513 691
513 686
513 682
513 676
515 676
513 672
515 668
513 664
513 660
513 654
513 650
513 646
513 641
513 637
513 632
512 626
513 621
513 615
511 610
513 576
513 572
513 570
512 566
514 563
514 559
513 557
513 552
513 548
513 543
513 538
513 533
512 528
515 522
514 517
513 511
513 507
513 502
514 497
513 491
513 488
513 484
513 480
512 475
515 471
513 466
513 463
512 459
515 455
514 451
513 447
513 442
515 438
513 433
513 426
514 423
514 423
513 413
514 407
514 403
512 400
513 395
513 388
513 383
513 379
514 375
512 369
513 366
513 362
514 357
513 352
514 348
513 344
514 341
512 337
513 333
514 329
514 301
513 298
513 295
513 292
513 288
513 284
514 280
513 276
514 273
512 268
509 265
515 262
515 258
522 255
597 254
632 251
815 253
883 249
862 244
866 240
786 237
796 232
807 230
806 226
819 223
770 219
764 216
810 213
784 210
746 208
766 205
721 202
766 200
755 197
709 197
756 191
786 190
753 187
756 185
760 181
771 178
787 175
723 173
751 170
751 166
736 163
757 164
745 161
699 157
714 155
693 153
673 152
682 152
672 151
689 148
661 145
645 146
630 139
647 140
678 140
687 135
677 135
673 132
697 133
665 132
605 131
612 130
686 129
655 127
672 128
615 126
599 125
622 124
625 123
673 121
650 119
626 120
641 120
602 119
627 119
618 118
579 118
624 117
609 117
578 116
599 122
585 117
586 120
591 116
581 117
589 115
585 116
585 116
567 116
561 118
564 120
551 119
554 117
549 118
546 119
549 118
528 120
526 120
522 122
514 122
515 124
514 126
514 129
513 132
514 132
514 133
514 133
514 135
517 137
515 143
514 144
513 145
514 146
513 148
512 152
513 153
513 152
513 157
515 158
514 161
513 161
514 165
514 167
514 169
513 169
514 173
513 176
513 179
513 182
511 186
512 186
514 190
513 195
514 196
513 200
514 205
511 207
514 209
513 212
514 218
513 222
513 227
514 231
513 236
514 239
511 242
514 245
513 249
514 252
514 256
514 262
514 266
513 269
513 274
514 278
514 281
513 287
513 291
514 294
514 298
513 302
515 306
514 305
512 315
514 320
513 324
513 344
513 347
513 350
514 353
513 356
514 359
513 365
516 370
513 374
513 377
514 380
514 386
515 389
514 395
514 401
513 408
513 413
514 416
512 419
514 426
513 433
514 438
514 444
512 448
514 452
514 455
513 459
513 462
516 468
514 471
513 473
514 477
514 480
513 485
513 490
507 493
517 499
514 504
513 508
514 514
513 520
513 525
513 530
514 537
512 540
511 545
514 550
513 554
513 558
514 561
514 565
513 569
513 573
513 578
512 582
512 585
513 591
513 613
513 618
513 621
513 624
513 629
515 634
513 638
514 643
513 649
513 653
514 658
512 662
514 667
513 671
512 676
514 680
513 683
525 693
513 693
510 695
513 700
514 703
513 706
513 711
513 715
513 719
513 722
513 726
514 731
514 734
513 737
513 741
513 745
513 749
513 753
513 756
513 760
513 764
513 767
513 770
511 774
510 777
508 781
429 780
244 783
176 786
195 792
191 794
213 797
246 801
216 804
209 807
266 810
245 814
240 818
252 820
209 815
285 836
276 838
283 840
256 843
252 845
275 850
300 851
286 858
268 856
248 858
252 863
275 864
276 866
291 869
296 872
299 875
297 878
305 880
307 882
325 883
326 886
343 885
340 887
361 889
373 891
348 894
380 893
373 894
382 895
384 896
379 898
400 899
367 901
369 901
395 901
386 903
378 905
392 906
401 907
404 908
395 909
369 911
370 911
334 913
366 912
419 914
373 915
404 915
450 916
408 917
420 918
435 917
406 919
413 919
411 919
424 919
428 920
449 923
449 920
454 921
459 920
455 921
486 920
469 921
455 920
482 921
456 921
476 919
486 918
462 918
485 916
512 917
489 916
509 914
514 911
513 910
512 908
513 907
514 905
510 904
512 902
512 901
508 900
514 900
511 898
512 897
511 896
513 893
513 892
512 892
513 888
516 886
515 885
513 883
511 880
513 878
513 877
514 875
513 872
512 870
514 868
513 865
513 864
513 860
513 858
514 855
513 852
514 850
512 848
513 858
515 842
518 839
513 833
513 833
513 813
512 813
513 806
516 803
514 800
513 794
513 791
513 787
514 784
513 780
513 774
513 772
512 767
513 763
513 759
513 755
513 750
513 748
513 743
513 740
513 741
512 731
513 726
515 723
513 718
513 714
513 709
513 705
513 701
513 696
512 692
513 688
515 684
514 680
513 680
513 677
513 668
513 664
513 661
512 656
513 652
513 647
513 642
513 636
513 631
513 626
513 623
515 616
512 611
513 603
513 597
513 593
513 591
513 586
513 582
514 577
513 562
512 560
513 555
515 551
513 547
513 543
513 539
515 534
512 529
513 523
513 517
514 512
513 507
512 502
513 498
515 491
513 488
513 485
513 481
513 476
513 473
514 468
514 466
514 461
512 455
513 452
513 448
513 442
513 437
513 435
513 429
513 423
514 419
514 413
511 408
514 403
515 398
513 393
514 389
515 383
513 379
513 375
513 370
513 367
513 360
513 357
514 353
513 349
512 344
514 341
514 338
514 334
513 330
513 326
513 323
513 320
513 316
513 295
512 292
513 290
513 287
514 285
514 280
513 278
512 274
513 271
513 264
517 261
515 259
518 256
600 256
628 251
804 252
912 249
866 245
856 241
807 236
787 234
801 229
798 226
804 224
787 220
770 216
784 215
792 211
775 208
754 206
745 202
730 201
759 198
755 196
766 193
736 190
755 188
747 184
734 182
750 179
764 176
789 173
770 170
755 167
762 165
713 161
702 161
740 157
731 158
701 156
683 154
634 151
681 150
686 149
678 148
721 147
641 145
599 137
636 139
649 137
641 134
664 134
677 133
635 132
657 130
621 130
634 127
649 127
630 126
637 126
630 125
610 124
626 122
636 122
632 121
659 121
627 118
593 119
570 118
597 119
588 122
600 116
617 116
604 117
611 116
581 117
544 117
586 117
562 117
552 116
582 116
561 117
556 117
565 117
530 114
544 117
546 119
533 119
566 118
532 119
527 119
520 120
513 124
517 124
515 126
517 129
514 131
513 132
514 134
514 135
513 133
514 138
515 138
513 139
513 146
515 147
513 151
513 150
513 150
513 153
514 156
513 159
513 161
513 161
514 163
516 166
514 169
513 171
513 174
512 176
513 179
514 180
514 185
514 186
512 190
514 192
513 196
514 198
514 203
513 205
513 210
512 215
513 216
513 221
513 231
514 230
513 236
513 239
512 243
513 247
514 253
514 252
514 256
513 263
513 265
513 269
514 274
513 278
514 281
513 286
513 290
513 293
514 298
515 302
513 305
513 310
517 315
515 318
513 323
512 327
513 331
517 355
513 358
512 361
513 365
513 369
513 374
514 378
513 381
513 385
514 391
514 397
513 401
514 405
514 412
513 418
513 421
513 426
512 432
513 437
513 443
513 449
516 452
513 454
513 458
512 463
513 468
513 471
513 474
514 479
512 482
513 485
513 489
513 494
512 499
506 503
513 509
515 514
513 520
513 525
513 529
514 534
514 539
513 544
514 548
514 553
513 558
513 561
514 565
514 567
514 572
513 577
513 580
513 585
513 590
512 594
513 604
513 604
513 627
514 632
512 638
512 639
513 643
515 648
514 653
513 658
513 663
512 667
514 671
513 675
513 679
514 684
513 687
516 689
515 696
512 699
513 702
513 706
513 710
512 714
512 717
513 722
513 726
513 730
513 733
513 737
513 740
513 744
514 748
513 754
513 755
513 758
513 763
514 766
514 772
512 774
510 777
508 780
431 782
249 784
179 786
183 790
180 795
227 797
243 799
243 804
255 808
243 810
255 815
253 817
228 823
233 821
230 826
237 830
272 832
272 853
268 856
256 858
283 861
258 864
239 866
275 871
274 872
280 875
315 877
308 879
324 877
287 885
316 883
344 886
327 887
370 889
390 890
319 891
355 892
351 894
326 895
410 897
401 898
360 900
393 899
379 907
397 902
400 905
338 903
361 902
359 906
405 908
445 908
410 911
363 910
399 913
404 908
385 913
429 914
436 915
389 916
414 917
411 917
378 918
426 919
434 921
411 920
430 916
389 920
439 920
460 920
430 921
465 920
451 920
448 921
478 921
460 920
493 921
476 918
482 915
498 916
501 915
510 914
514 913
513 910
512 909
513 907
513 905
511 903
513 902
515 901
513 900
513 897
513 898
513 895
515 895
512 894
513 893
513 891
513 889
513 887
513 885
513 883
513 881
513 879
513 878
513 874
514 872
515 871
512 870
513 866
513 863
513 861
513 859
513 856
512 853
514 850
513 848
513 844
511 841
513 835
511 832
513 829
513 825
519 821
514 819
513 815
514 813
514 807
513 804
513 801
513 796
513 789
514 884
513 882
513 879
513 879
513 876
514 874
513 873
513 870
512 869
513 865
513 864
514 861
514 859
513 856
513 853
514 851
513 848
513 844
513 842
512 840
513 833
513 837
512 832
506 821
523 826
504 818
513 812
514 808
513 803
514 799
513 795
513 791
512 787
513 784
513 778
512 777
514 772
514 768
513 763
515 759
513 755
513 752
516 748
513 744
513 739
513 735
514 732
513 728
514 724
513 718
513 715
513 711
512 706
513 703
515 699
513 695
514 661
513 657
513 653
514 650
513 648
513 645
513 638
513 635
513 629
513 623
512 616
513 609
513 605
513 600
513 595
514 590
513 585
513 581
513 577
513 573
514 571
513 568
513 564
513 560
513 556
514 547
514 549
513 544
513 539
513 535
513 530
513 524
513 518
513 513
513 512
513 503
513 500
518 494
513 490
513 484
514 480
512 477
513 473
513 469
513 464
514 460
514 456
513 454
513 448
512 444
513 439
513 434
513 429
514 424
513 417
514 414
514 409
514 385
514 381
513 377
513 374
514 372
513 366
514 362
513 357
513 353
514 349
513 346
513 341
514 337
513 338
512 330
514 327
513 322
513 319
513 315
513 310
513 307
513 304
514 299
513 296
514 293
513 289
513 284
514 281
512 277
513 275
514 271
514 265
514 263
516 258
520 255
587 254
643 252
821 252
889 249
899 244
892 240
810 235
804 232
787 230
774 227
800 223
784 220
780 217
782 214
756 211
755 208
770 206
769 203
782 201
758 198
748 195
736 192
732 179
769 174
754 173
778 175
763 170
765 168
763 165
718 162
733 161
750 159
730 156
