513 200
513 204
514 206
513 208
509 212
513 216
514 223
513 225
514 230
513 234
513 237
515 240
514 244
512 248
513 252
513 256
513 260
512 264
513 268
513 272
513 277
511 281
514 284
513 287
513 292
513 296
510 299
514 304
512 308
513 313
513 317
514 321
514 326
515 326
514 331
510 336
512 340
513 346
513 351
513 355
513 363
513 366
512 370
512 371
514 375
509 378
513 384
513 391
513 395
512 400
512 404
513 407
514 413
514 420
512 425
511 432
512 436
513 763
513 759
513 755
513 753
513 751
513 747
513 744
513 739
513 735
512 731
513 724
513 721
513 715
513 710
514 705
513 701
513 697
513 693
513 688
513 686
513 682
513 679
513 674
513 670
514 666
513 662
514 657
513 654
513 649
513 643
513 638
515 632
513 628
516 624
513 619
513 614
513 604
514 600
514 594
518 592
513 588
513 584
513 578
514 574
515 571
513 568
512 565
513 562
513 556
515 553
514 549
510 545
512 541
513 536
513 528
513 524
515 520
513 536
513 538
514 543
513 546
514 552
512 556
513 559
513 563
512 567
514 573
513 573
514 579
513 583
513 587
512 591
513 597
514 602
513 607
516 611
514 616
513 621
512 627
514 631
514 637
513 642
512 646
513 651
512 656
513 661
511 666
512 670
509 673
491 680
512 681
509 685
511 692
513 694
512 696
514 702
512 705
513 709
513 713
513 717
513 721
513 724
513 729
514 733
514 734
515 740
513 744
514 747
513 751
514 754
513 758
513 762
513 766
514 770
391 834
422 836
398 839
404 841
373 844
402 845
388 848
421 851
398 854
368 856
401 859
399 862
376 866
411 868
383 871
366 873
384 876
413 877
418 879
435 882
419 884
417 885
395 887
404 888
444 889
445 891
468 893
450 894
393 895
417 897
473 898
463 899
489 901
456 902
395 902
424 914
462 907
451 912
469 905
448 909
436 908
445 909
473 910
454 910
442 911
455 913
475 914
453 914
447 915
480 916
452 917
450 917
468 918
436 919
469 912
497 918
471 920
470 917
471 919
455 918
477 919
457 919
449 920
492 920
478 921
455 920
482 921
466 922
466 922
490 918
465 921
477 922
495 922
467 922
482 922
490 922
471 921
486 923
493 921
485 920
515 919
504 919
504 914
512 916
514 914
512 910
513 909
513 907
513 906
513 905
512 903
511 902
512 900
512 900
513 899
513 898
507 898
513 895
512 894
513 891
513 890
513 891
516 887
513 884
513 882
513 879
513 877
516 876
514 874
512 872
513 870
513 867
513 865
513 766
513 763
513 759
513 753
509 750
513 745
513 743
514 738
514 734
513 730
513 726
513 724
513 719
516 714
510 709
514 704
513 701
514 694
511 692
512 685
512 681
512 681
514 675
513 671
513 666
513 661
513 656
514 650
514 647
513 644
512 640
512 635
513 630
513 623
515 617
514 611
513 607
514 601
513 596
513 590
513 589
513 583
513 580
505 575
513 570
514 568
515 564
513 563
512 560
514 554
513 549
514 543
517 539
514 535
513 532
514 525
513 520
514 489
513 486
513 483
513 480
513 476
510 474
513 469
513 466
515 461
513 462
513 453
515 450
512 445
514 440
517 436
513 431
517 424
514 420
512 414
511 411
513 405
515 401
514 395
512 390
515 386
514 382
512 377
514 373
513 367
513 361
512 361
516 354
513 352
514 347
512 344
513 340
513 335
514 331
514 328
515 323
514 320
514 316
515 311
514 307
506 304
514 300
517 296
513 293
514 289
514 285
513 281
513 278
514 275
514 271
514 267
514 264
513 260
513 244
649 242
654 239
651 238
662 235
651 232
674 229
638 226
635 223
662 220
635 216
663 213
664 210
632 207
647 204
637 202
622 200
656 198
645 194
624 192
643 189
635 188
635 182
657 181
614 179
629 175
637 172
619 170
633 165
636 165
658 161
641 162
595 157
597 155
623 154
585 152
608 151
616 149
573 148
582 147
587 145
565 144
614 142
596 141
570 140
596 139
578 138
562 136
606 134
569 134
578 134
589 132
551 131
562 131
572 129
568 129
577 128
575 121
534 120
545 118
578 120
604 119
565 118
541 117
563 117
566 117
557 116
579 115
556 115
552 115
554 115
535 114
549 114
547 116
539 116
540 115
527 112
533 115
557 115
529 116
531 116
544 116
520 116
523 118
522 120
517 121
514 123
514 124
514 126
513 129
506 131
514 132
513 135
513 135
516 136
516 137
513 139
513 135
514 140
512 142
514 143
513 145
514 146
513 149
513 150
512 153
513 155
514 156
516 159
513 161
513 165
512 165
513 168
513 169
514 190
513 193
513 195
513 198
513 202
513 204
513 207
513 211
514 215
512 219
513 224
513 228
513 231
506 237
513 241
513 245
513 248
512 252
512 256
513 261
513 266
513 266
513 272
518 276
513 279
513 284
513 287
505 291
514 295
514 301
513 304
513 308
513 312
512 316
513 320
514 326
514 330
513 333
519 339
516 346
513 347
513 350
513 356
518 360
513 364
513 368
513 372
513 376
513 379
514 384
513 387
513 393
512 398
512 404
513 410
513 415
512 420
514 631
514 634
512 639
510 644
511 646
511 652
511 656
515 661
512 665
512 670
512 674
513 678
514 682
509 687
512 690
509 695
514 698
513 702
513 704
512 709
514 712
516 716
513 721
513 724
513 730
514 733
517 736
515 740
514 742
511 748
514 750
514 755
513 758
513 762
513 766
512 769
515 773
513 776
514 780
498 783
434 786
379 789
361 792
388 795
361 799
369 802
378 805
361 807
381 811
404 814
382 818
381 820
375 826
347 822
377 831
376 831
373 834
372 848
390 849
400 852
418 850
390 857
400 859
360 862
363 865
404 867
392 870
388 874
408 877
374 877
386 881
435 882
434 884
454 886
430 887
402 890
438 890
404 891
420 892
471 893
454 895
435 897
449 897
429 899
467 900
469 901
432 902
441 903
416 903
412 909
463 902
450 906
452 907
463 901
436 908
467 912
477 910
422 911
455 913
463 914
430 916
467 916
481 917
460 917
473 917
480 918
467 920
468 920
453 921
474 921
475 921
451 921
477 921
468 922
472 922
488 923
479 922
476 922
503 922
476 922
500 922
497 920
478 920
507 921
512 919
503 918
512 917
515 913
514 913
514 908
512 907
513 906
512 904
513 903
513 903
512 901
513 900
513 899
510 900
513 899
513 895
512 894
506 892
513 891
513 889
513 886
505 885
514 883
513 881
513 879
511 876
516 874
513 872
513 870
513 867
513 865
516 861
513 859
513 856
513 856
513 852
512 848
513 846
513 842
513 841
513 836
513 834
513 828
514 827
514 821
512 817
513 798
512 796
513 791
513 790
513 786
513 783
512 779
513 774
516 770
514 766
513 761
513 757
515 753
513 750
513 745
513 742
513 738
516 735
513 730
513 726
514 724
513 716
513 711
513 707
514 701
514 696
513 693
513 689
513 687
513 683
513 680
513 675
513 672
510 666
513 660
514 657
513 653
513 653
513 645
513 640
507 631
515 626
514 622
514 618
512 613
513 608
513 601
513 595
515 591
513 586
513 584
512 580
512 574
514 572
513 568
514 564
513 546
514 543
516 539
513 534
512 530
513 525
514 522
512 516
514 510
514 504
514 500
514 494
513 490
512 486
514 482
515 477
514 473
514 469
513 466
513 462
515 457
514 454
515 450
516 443
512 440
515 437
514 430
514 427
514 418
513 416
516 412
513 406
514 400
513 395
505 390
511 385
514 381
515 377
513 374
506 369
513 364
512 360
513 356
514 351
505 347
515 340
512 341
514 335
513 331
514 327
514 323
514 322
513 315
514 312
524 308
514 304
512 300
514 282
513 280
513 277
514 276
514 271
514 267
514 263
516 259
519 256
521 253
591 251
638 249
661 245
646 240
640 238
653 234
636 233
658 228
664 227
655 222
656 219
632 217
636 213
652 210
629 207
635 204
650 203
613 200
634 197
622 194
629 192
661 189
624 187
628 181
656 181
632 177
611 175
641 173
625 170
617 167
631 164
623 163
634 160
628 157
599 155
607 154
576 152
569 149
627 149
593 148
574 147
579 145
555 144
584 141
600 140
592 140
600 139
568 133
591 132
595 131
562 130
580 130
573 129
555 128
559 127
599 129
574 125
579 125
596 124
581 124
579 123
564 122
564 121
565 120
547 119
572 117
573 118
572 117
598 117
572 115
540 114
560 117
527 114
547 115
571 116
539 114
548 115
567 115
542 114
570 114
555 117
531 115
555 115
532 116
525 116
536 117
523 117
526 118
517 119
515 120
513 123
514 124
516 126
508 128
513 131
513 131
514 133
513 135
513 136
513 137
511 138
515 139
513 140
513 143
514 151
514 152
515 153
513 156
512 157
514 158
514 160
513 162
512 165
513 168
513 171
512 172
514 174
513 177
513 180
512 183
515 185
514 189
511 190
513 194
513 198
513 200
513 204
514 208
513 212
513 216
513 221
513 224
513 227
513 231
513 236
513 241
513 243
513 246
513 250
514 254
514 258
513 261
514 265
513 270
514 275
512 279
513 282
513 289
513 292
513 296
515 300
512 304
513 308
513 313
514 316
514 320
513 324
513 328
513 333
513 339
514 346
515 364
513 367
513 370
513 372
513 380
513 382
511 385
511 388
515 392
513 396
513 402
513 409
512 416
512 419
514 424
514 428
513 434
513 441
513 448
512 451
514 454
506 456
513 461
514 465
513 470
512 473
506 474
513 477
515 482
514 488
513 494
504 498
515 501
515 505
513 510
513 516
512 523
510 528
512 534
514 538
513 543
505 547
512 551
512 556
513 559
514 563
513 567
513 571
512 575
513 579
513 584
512 587
513 592
514 596
513 601
513 606
511 611
507 634
513 638
515 642
511 647
512 651
510 655
512 662
512 666
511 669
512 672
513 678
515 682
513 686
515 691
517 695
520 697
509 701
513 705
513 708
512 712
513 716
514 721
513 724
514 728
514 732
513 736
514 740
514 743
513 747
513 750
513 754
514 759
514 761
514 766
513 770
513 772
513 777
513 780
495 782
418 784
387 788
357 793
385 794
385 799
379 803
396 804
370 808
373 811
389 813
377 817
407 821
408 823
370 823
388 827
375 831
361 834
392 842
422 853
392 853
370 857
378 858
378 860
392 863
359 864
393 867
397 871
381 873
405 875
416 877
421 880
419 881
423 885
451 886
428 887
390 888
427 890
433 887
403 894
453 895
429 895
400 896
456 898
459 898
433 901
467 897
422 902
432 903
465 904
438 905
461 906
468 911
436 909
478 909
469 910
451 900
496 912
459 915
443 914
449 914
435 915
466 917
483 916
462 917
467 918
454 919
471 919
490 919
449 924
446 921
485 921
463 922
467 923
480 922
455 922
499 922
482 922
503 922
496 922
492 921
503 921
491 921
501 919
507 914
503 918
513 916
513 914
512 912
513 910
513 904
514 907
513 905
513 904
512 902
513 901
513 899
513 898
513 898
513 896
513 895
513 894
513 892
513 890
513 889
512 887
513 885
514 884
513 881
516 878
513 876
514 874
512 872
511 870
513 868
513 865
513 863
513 860
513 857
513 856
513 852
512 849
513 846
514 843
513 840
513 837
513 833
509 829
514 825
513 821
513 818
513 813
514 810
514 790
513 789
513 786
513 783
513 778
513 775
512 771
506 766
513 762
514 757
514 753
513 749
505 746
514 742
513 737
513 733
514 729
509 726
514 721
513 718
513 714
513 710
513 706
512 700
513 697
513 692
513 685
505 681
513 677
514 674
512 670
513 666
513 661
513 660
515 653
514 648
513 644
513 639
513 636
513 629
503 624
514 618
513 612
513 607
513 604
513 596
513 592
513 586
514 582
515 579
513 576
513 573
513 568
513 565
513 559
514 554
507 536
514 531
516 526
513 523
514 520
514 514
514 509
515 503
514 500
513 494
513 490
514 485
515 479
514 477
514 474
514 470
513 466
514 461
515 457
514 453
514 449
516 444
514 438
513 435
514 430
513 425
513 422
515 414
512 412
514 406
511 400
515 395
515 390
513 388
513 381
513 377
513 374
511 368
513 364
513 359
513 355
515 352
513 347
513 341
516 341
514 333
514 332
514 329
515 324
514 320
514 316
514 312
514 307
514 304
510 301
513 297
513 293
514 259
514 256
517 253
600 252
610 249
649 245
642 241
642 238
665 234
643 231
649 231
658 226
629 223
655 219
668 216
641 213
669 209
655 207
625 204
644 202
631 200
623 198
651 193
632 188
629 188
644 187
617 181
639 180
657 178
625 175
634 173
624 171
619 167
609 165
602 159
641 161
650 157
593 156
596 154
631 153
586 149
603 150
624 148
591 147
605 145
579 145
552 142
590 142
598 139
580 138
605 139
586 137
559 135
584 135
577 134
588 131
597 132
563 125
563 123
581 123
561 123
547 123
581 122
560 121
579 118
574 120
575 119
610 119
574 117
547 114
570 117
546 116
560 117
572 115
554 113
558 115
555 115
537 115
547 116
538 116
542 114
557 117
524 116
537 116
549 116
524 116
519 115
531 117
513 118
521 119
512 121
514 123
514 128
513 124
514 128
514 131
513 132
514 134
513 134
514 137
514 137
514 138
513 139
513 140
512 142
506 143
514 145
514 147
513 148
514 150
512 153
512 154
514 156
513 158
513 178
514 181
504 185
513 186
514 189
513 190
513 194
513 198
513 201
513 205
514 208
513 212
513 216
513 221
513 225
513 228
513 233
513 234
513 240
513 244
513 247
513 250
514 255
515 258
513 262
513 266
513 269
513 273
513 280
513 282
513 287
514 292
513 296
513 301
513 303
514 308
513 312
513 317
513 322
513 324
512 329
513 334
513 340
513 344
514 350
513 349
513 356
513 360
513 364
514 367
513 372
511 376
513 376
513 382
515 389
512 393
513 399
513 422
512 429
513 433
512 437
512 442
514 446
512 450
515 454
512 458
513 462
513 465
514 467
513 472
513 476
513 479
512 484
512 487
514 492
513 494
513 502
514 506
512 513
511 519
513 521
512 527
513 533
512 538
512 543
511 545
514 550
514 554
513 561
513 564
511 568
514 571
514 574
513 577
513 582
512 587
512 592
515 597
513 601
513 605
513 611
513 617
511 624
511 625
512 632
513 637
512 642
512 646
513 650
512 655
512 660
512 665
513 669
512 675
511 701
510 697
513 697
512 700
522 704
513 708
513 710
513 717
512 720
513 724
513 728
513 732
513 736
514 740
508 744
508 746
514 751
514 754
514 758
513 762
513 765
514 769
513 773
513 776
513 779
495 780
416 784
430 787
385 791
350 795
382 799
358 802
365 805
384 808
356 810
384 815
393 817
381 821
407 823
390 827
366 833
389 841
387 835
377 846
393 845
389 843
395 845
403 848
378 851
393 853
386 857
393 861
416 862
386 864
358 868
410 872
405 873
406 881
411 884
409 886
432 887
427 886
395 890
443 890
427 892
438 893
487 895
442 896
417 898
445 898
434 901
463 901
483 903
422 903
427 903
426 904
432 903
479 908
472 908
476 910
460 909
421 909
448 912
473 912
423 913
459 915
482 914
437 915
455 916
484 916
466 918
474 918
475 920
471 919
475 920
440 919
465 921
480 921
474 921
475 922
465 922
457 921
494 921
484 920
490 922
503 921
481 922
500 922
508 921
484 921
510 921
509 921
492 920
508 919
514 911
513 909
516 906
514 908
513 905
513 904
513 902
513 900
513 900
512 899
513 898
513 896
513 896
513 894
514 892
512 890
513 890
514 887
514 885
513 883
513 880
513 878
515 876
513 874
513 872
514 870
513 867
512 866
514 865
513 860
513 857
513 855
513 852
513 848
513 846
513 844
513 840
511 837
513 834
513 830
513 826
511 822
514 819
513 814
513 809
513 807
513 802
508 797
514 793
513 788
513 785
513 782
513 779
513 775
513 770
514 767
512 763
513 743
513 740
513 740
512 734
513 730
513 726
513 722
512 717
513 713
513 708
514 703
513 699
510 694
513 689
513 686
512 683
514 679
513 676
513 672
514 665
513 661
513 655
514 652
513 649
512 648
512 643
513 638
510 628
513 623
511 616
514 610
514 608
513 602
513 598
513 591
512 587
513 584
513 579
512 576
513 573
512 572
513 565
514 561
514 559
513 554
513 551
513 546
513 541
513 536
513 532
506 526
514 519
514 514
515 509
514 503
516 499
515 478
513 476
512 473
512 470
514 465
516 462
513 458
511 455
513 449
516 445
516 440
510 434
513 429
514 426
513 421
511 415
511 409
514 406
512 400
514 397
513 393
514 385
511 382
514 377
513 373
514 370
511 363
513 362
513 354
513 352
514 346
516 343
519 338
516 334
515 331
514 329
513 324
514 322
514 315
514 312
513 308
514 304
513 301
513 297
513 293
513 288
514 286
514 282
514 279
513 275
513 271
513 266
514 268
514 260
513 255
521 253
639 249
625 237
660 227
659 231
644 228
648 226
665 223
649 219
652 216
641 213
624 210
643 208
638 203
636 202
637 200
616 198
634 195
645 192
618 190
642 186
630 184
625 179
648 179
634 175
615 172
652 169
623 167
617 166
628 163
602 159
630 158
643 156
594 154
617 152
588 151
566 149
615 149
605 148
563 146
574 146
581 143
585 142
608 140
594 137
579 137
570 137
568 135
584 135
581 134
560 134
577 131
543 131
576 130
604 128
567 128
575 128
575 125
537 125
557 120
573 122
572 120
591 119
587 119
555 117
576 118
546 116
560 115
566 116
545 116
554 116
532 113
537 116
554 115
529 115
540 114
561 114
533 115
547 115
557 114
540 117
562 116
540 117
528 116
545 116
525 118
517 119
516 121
515 122
514 124
514 126
513 129
513 130
512 133
514 133
514 135
514 136
513 137
514 140
513 138
513 141
513 143
513 141
513 145
513 147
516 149
513 150
514 151
513 154
511 156
513 159
513 161
512 163
514 165
511 167
512 169
514 182
514 184
514 189
513 195
510 190
513 194
513 198
513 199
514 204
514 208
513 212
513 212
514 219
513 223
514 227
510 232
513 236
516 240
513 242
513 246
515 250
512 254
514 258
513 264
513 267
515 273
513 277
513 281
514 286
513 288
513 292
513 298
513 301
514 304
512 306
513 312
514 316
513 319
514 321
514 327
514 333
513 337
514 342
513 347
516 348
512 358
512 361
512 364
514 367
514 371
514 375
513 379
513 384
513 389
512 393
513 396
514 403
515 439
514 441
513 445
512 448
512 454
514 457
513 460
513 463
513 466
513 472
513 477
513 480
514 481
513 486
514 488
513 491
511 500
511 505
515 509
514 516
515 521
506 526
515 532
512 538
513 541
513 546
509 552
512 556
510 559
512 563
514 566
513 571
513 575
513 579
514 583
513 588
512 593
512 595
514 601
514 606
512 611
512 617
511 622
510 626
512 631
515 636
508 641
512 646
512 651
513 656
514 660
513 664
515 669
513 673
513 678
512 682
513 687
513 705
494 707
512 710
512 712
513 716
513 721
514 723
514 728
511 733
513 736
512 741
512 741
513 747
511 751
512 754
512 758
512 761
514 766
516 769
513 773
513 776
513 777
510 782
420 784
384 787
393 791
353 794
356 798
383 801
367 804
390 808
388 811
365 814
374 816
379 817
388 823
409 826
383 830
377 832
396 831
375 830
389 838
382 836
382 843
416 850
397 851
377 854
408 856
391 859
383 860
407 864
374 867
376 870
404 872
387 875
386 878
420 879
424 888
425 889
413 890
474 891
461 892
428 894
450 895
463 896
407 899
457 900
466 899
412 901
464 902
459 903
438 904
470 905
429 906
431 907
464 906
436 911
458 913
479 908
427 912
458 914
480 913
427 914
446 914
454 915
448 916
481 917
479 918
460 918
456 920
465 920
485 919
467 921
446 921
491 921
490 921
480 922
494 922
468 921
451 926
480 920
463 922
495 922
500 922
471 919
499 922
507 922
489 921
511 920
511 920
503 918
510 916
513 916
513 915
521 905
513 903
513 903
513 902
514 901
513 901
513 898
513 898
512 897
513 896
513 893
513 891
513 891
513 889
513 887
513 886
513 881
513 881
513 878
511 875
512 874
512 872
513 870
513 867
507 865
513 863
513 861
513 857
514 854
510 852
513 849
513 848
513 844
513 841
513 836
513 833
512 829
514 827
513 821
513 819
512 814
513 810
512 807
513 803
513 796
512 794
513 790
515 787
513 783
513 779
513 775
513 771
514 767
513 763
513 759
513 755
513 750
513 722
513 718
513 712
513 707
513 706
513 700
513 695
513 692
512 688
513 682
513 677
514 674
513 670
513 668
513 663
513 659
515 654
512 649
514 644
515 639
513 634
512 628
513 625
515 618
513 613
514 606
513 601
513 596
513 593
513 589
513 584
513 580
514 576
513 572
514 569
513 565
513 561
514 559
513 554
513 549
513 545
513 535
514 536
514 530
514 525
512 522
512 516
512 510
515 504
515 499
514 494
514 491
513 486
514 482
515 477
514 472
515 441
514 438
513 436
515 431
513 426
518 421
516 419
515 411
513 406
510 403
512 397
513 393
515 386
513 382
516 378
513 372
513 370
514 364
513 360
511 355
514 350
515 345
512 342
514 339
515 334
514 331
515 328
514 323
513 320
513 316
515 312
513 308
514 305
514 301
517 297
511 293
513 287
513 286
514 282
514 279
515 275
514 271
514 267
513 264
513 260
514 257
515 254
569 253
631 250
623 246
649 243
663 239
649 233
661 231
666 231
644 224
644 221
637 199
644 201
643 196
646 193
624 192
625 189
628 188
653 184
617 181
625 178
652 175
631 172
624 170
652 166
614 165
609 161
617 161
621 157
620 157
611 154
598 154
607 152
555 148
553 147
624 147
592 144
591 145
593 141
560 142
572 140
578 139
583 138
607 137
575 135
549 135
578 132
569 132
581 131
621 131
566 130
566 128
587 128
547 126
560 126
577 125
547 123
563 123
591 122
581 121
583 121
577 115
585 120
578 119
556 119
574 117
561 115
521 116
551 114
534 116
523 114
544 116
549 114
536 115
554 115
531 116
554 115
545 120
534 116
549 116
528 117
516 117
528 123
517 120
516 120
515 123
513 124
513 126
514 130
510 131
514 131
513 134
513 132
514 136
513 137
513 138
514 139
512 139
513 142
512 143
514 145
513 146
514 148
513 147
513 152
511 154
514 157
514 159
514 161
513 163
511 165
514 166
513 169
514 172
514 173
513 177
513 178
513 182
512 184
514 190
515 184
514 193
513 196
513 200
512 205
513 224
513 227
517 230
510 232
513 237
512 241
513 245
513 243
513 250
513 254
510 259
513 262
514 266
514 270
513 274
513 278
513 283
515 284
514 290
512 293
513 298
514 302
513 305
514 311
513 315
513 319
513 323
513 327
514 334
513 338
513 342
513 347
513 350
511 356
512 357
514 363
513 366
513 370
513 375
513 380
513 384
513 388
513 393
513 397
513 402
514 408
511 413
513 418
513 425
513 431
513 435
513 440
514 443
512 448
513 454
513 458
512 462
514 477
513 480
513 483
513 487
514 490
513 492
513 499
514 506
514 512
511 517
513 519
513 526
521 532
512 537
512 542
511 547
513 551
514 554
517 557
513 562
514 567
511 571
514 575
515 578
512 582
513 586
513 592
511 597
511 601
512 605
512 610
511 615
512 622
512 625
511 631
513 637
513 639
513 645
512 650
513 653
513 660
512 663
515 669
513 673
514 677
513 679
514 686
513 690
514 694
517 700
512 699
509 700
514 715
512 712
513 716
513 720
513 724
514 742
513 745
513 747
513 751
512 754
513 757
511 761
513 765
513 764
512 771
514 776
511 778
510 783
442 785
406 787
390 790
389 794
360 798
364 801
368 805
367 808
392 811
379 813
369 817
391 819
380 823
399 826
401 829
377 832
399 843
399 836
362 848
399 843
412 844
390 848
414 852
397 852
377 856
406 859
381 862
385 864
394 867
362 870
390 872
414 875
392 879
399 880
415 882
414 883
431 885
445 885
460 888
431 889
412 890
426 891
430 894
429 894
443 900
437 902
451 903
442 903
435 905
438 905
461 906
411 907
456 908
459 908
418 912
447 913
464 915
447 912
462 912
447 914
439 915
468 916
436 916
446 917
488 918
465 918
480 920
471 920
464 921
493 920
472 922
447 921
487 921
476 921
472 922
485 922
453 923
472 923
495 922
473 922
498 922
507 924
487 927
505 922
507 921
502 921
517 914
513 919
502 920
513 913
513 915
513 912
517 911
510 909
513 903
513 908
510 906
507 902
513 901
513 901
513 899
512 894
513 891
514 890
513 888
513 886
514 885
511 882
513 880
513 879
511 876
513 874
513 871
513 870
514 864
513 863
513 864
516 860
513 858
513 854
513 852
512 850
513 847
513 844
514 841
512 838
513 833
513 831
513 826
516 821
513 818
513 815
513 811
512 806
513 800
514 799
514 794
513 789
513 785
514 781
513 777
514 774
513 771
512 767
513 764
518 760
513 754
513 752
513 746
513 742
513 738
513 734
513 727
513 725
513 721
516 717
513 712
513 711
514 689
512 686
514 682
518 678
513 675
514 672
513 669
512 664
513 659
513 653
514 649
514 644
513 640
512 635
514 629
511 624
514 618
513 612
514 605
513 604
517 598
513 593
513 587
514 584
514 578
514 575
512 572
513 568
513 565
514 561
513 557
513 554
513 551
513 548
513 542
513 536
516 530
516 525
513 521
513 516
513 509
513 505
515 499
517 494
516 490
513 485
515 482
515 478
513 474
514 470
515 465
514 462
512 459
513 455
513 450
513 445
514 423
515 418
515 415
513 410
517 406
515 403
514 396
511 392
514 389
512 383
514 380
513 373
515 369
517 362
514 359
518 355
515 351
515 346
513 340
514 341
514 334
514 332
514 329
512 322
513 317
512 316
513 313
513 309
513 306
514 299
514 297
514 294
519 290
514 286
513 283
513 279
514 275
513 271
512 265
512 264
513 258
515 255
517 254
605 253
635 250
656 247
640 243
653 240
656 236
644 231
651 229
637 225
644 223
669 220
656 217
668 214
667 210
617 196
643 196
648 192
633 193
624 189
630 186
625 184
656 182
654 178
635 175
647 172
626 170
634 172
652 166
623 164
600 160
615 158
624 157
616 155
593 152
590 151
608 148
560 148
596 148
611 145
551 145
565 143
596 142
565 141
611 139
601 138
561 137
589 135
563 132
591 133
624 132
591 132
551 131
578 130
547 127
584 128
593 127
564 126
564 125
548 123
543 118
581 122
562 122
571 121
595 121
561 119
554 118
567 118
557 117
598 117
570 116
548 115
568 114
551 115
552 115
556 115
562 116
541 115
543 115
526 114
534 115
540 119
513 115
534 117
522 117
519 117
518 120
513 120
512 122
514 124
514 126
512 128
513 131
513 132
514 133
513 133
514 136
513 138
514 138
514 139
515 139
514 142
514 143
514 144
513 145
513 148
512 149
513 145
512 153
512 156
512 158
513 162
513 162
513 163
513 167
513 167
513 172
514 174
512 177
514 179
514 182
513 189
513 187
515 191
521 195
512 196
515 199
513 203
513 207
513 227
513 232
513 233
513 236
513 240
514 243
513 247
513 250
513 254
514 258
513 263
512 266
513 271
512 275
513 279
513 284
513 288
513 293
513 296
513 300
514 308
514 308
513 313
514 316
513 322
513 325
513 328
515 331
513 337
513 340
513 345
513 349
514 355
512 360
514 362
513 368
514 371
513 375
513 378
513 383
512 388
512 393
513 397
514 402
514 405
514 413
513 419
512 426
512 431
513 435
514 439
513 443
514 449
513 453
513 458
513 461
511 464
514 485
513 488
513 491
514 496
514 502
509 506
511 510
515 515
513 519
513 527
506 526
501 534
505 541
514 546
513 550
513 553
511 560
511 564
517 567
513 571
513 575
513 579
513 584
511 588
511 592
512 597
511 599
513 604
513 611
512 615
512 620
512 625
512 631
513 636
513 641
513 645
513 649
513 655
514 660
513 664
513 668
513 674
513 677
514 681
513 685
513 689
513 694
513 698
516 701
513 697
512 718
517 705
506 716
513 720
509 722
512 727
512 732
514 749
513 751
513 756
513 759
512 761
512 765
512 769
512 772
512 776
513 780
511 783
434 784
406 787
378 791
376 794
362 797
339 801
373 805
375 808
374 812
401 814
377 817
352 820
387 823
382 826
416 829
409 831
379 835
408 837
396 838
354 840
382 856
403 848
394 851
416 853
391 856
377 859
397 862
384 865
394 868
406 870
386 872
393 873
412 878
410 879
422 883
417 885
415 885
437 886
449 888
464 889
434 891
419 889
445 892
409 895
406 896
462 897
487 907
430 908
447 907
444 910
427 912
467 913
465 912
469 912
483 914
453 915
442 916
477 917
447 917
465 918
481 918
457 921
478 918
479 920
464 921
500 922
478 921
460 922
494 922
477 922
496 922
505 923
473 921
469 923
488 922
471 923
498 921
500 922
488 921
510 921
501 920
493 920
508 919
513 920
513 917
513 914
512 913
513 910
512 907
513 907
513 905
512 904
515 902
513 902
511 900
513 899
513 898
513 896
514 895
513 894
513 893
513 891
512 889
512 874
513 871
514 872
514 870
513 866
513 865
513 864
512 860
513 858
515 855
513 853
513 851
513 844
513 843
514 841
514 838
513 834
514 828
513 827
513 825
517 818
513 815
513 812
513 807
513 804
513 802
513 796
513 790
514 785
514 782
512 779
513 775
511 772
513 766
512 763
512 759
513 755
512 751
513 747
513 743
513 739
513 731
514 731
507 726
514 722
513 718
513 714
513 709
513 705
513 701
513 696
513 693
513 688
513 683
513 679
513 672
516 670
513 469
513 464
513 462
513 458
513 455
514 450
513 446
516 441
514 436
513 431
512 427
511 421
512 417
514 411
513 407
513 401
512 394
512 393
515 388
514 382
515 377
514 373
513 367
513 365
516 359
517 355
515 352
514 345
514 343
513 340
514 335
515 334
513 328
513 325
512 317
514 317
515 311
513 309
513 305
514 301
513 297
513 294
513 290
513 287
518 283
513 279
514 275
515 270
515 268
514 264
515 261
517 256
517 252
616 252
620 250
637 245
649 228
644 226
621 225
635 223
628 220
669 217
646 214
642 209
661 208
627 204
643 202
641 199
616 200
646 193
635 192
613 191
645 186
645 183
634 181
662 177
650 176
641 172
649 168
612 166
627 165
630 163
601 158
607 158
610 155
589 155
620 152
616 154
615 151
592 148
567 147
602 145
606 145
574 142
601 142
572 135
539 139
599 137
611 136
589 135
619 135
559 133
538 133
579 130
577 131
583 129
598 129
554 124
562 127
570 125
562 125
590 125
560 123
557 119
556 119
584 119
583 118
583 124
559 117
588 115
564 116
538 116
568 116
562 116
543 117
564 114
535 115
535 115
549 114
529 116
541 115
540 116
516 115
533 115
533 119
526 117
530 117
517 121
516 120
516 121
512 122
514 126
514 127
513 132
513 129
513 132
513 133
514 135
513 136
514 137
513 137
514 139
514 139
513 142
514 143
512 144
514 145
513 147
513 150
513 151
513 154
513 155
514 156
514 160
514 162
514 165
514 167
513 169
514 172
512 174
514 187
512 191
518 191
513 194
508 198
514 200
508 203
512 207
513 211
514 215
514 219
515 225
513 229
513 232
513 235
513 240
513 243
512 246
508 250
513 255
518 258
514 262
513 267
514 268
513 273
513 277
513 283
514 288
513 289
513 294
514 298
513 304
514 306
513 310
513 316
513 320
513 326
513 329
514 333
