514 287
514 283
514 280
513 277
511 276
513 272
514 268
513 264
515 260
515 257
521 257
635 253
629 250
656 246
647 244
630 240
636 236
640 233
639 230
638 227
660 223
651 220
644 217
671 212
648 211
609 208
626 205
666 202
638 198
642 198
629 192
624 193
612 189
635 186
639 184
641 182
670 178
654 175
612 172
618 169
632 167
616 163
637 161
639 160
617 158
594 156
576 154
595 152
595 150
617 149
634 147
599 146
547 138
568 144
561 142
583 141
603 140
511 701
507 705
511 709
512 709
512 717
513 720
513 724
513 727
513 732
513 735
510 739
513 743
513 746
512 748
511 753
513 757
514 760
512 765
513 768
513 779
514 775
512 779
507 782
418 784
371 788
363 792
394 791
388 797
388 801
404 804
397 807
381 808
381 813
382 816
347 819
356 823
391 826
385 829
378 832
408 834
401 838
378 839
389 843
390 845
415 848
406 851
409 853
395 850
380 859
404 863
382 866
368 867
407 870
404 872
406 875
416 877
415 880
551 135
561 132
579 131
594 130
544 129
551 129
562 127
546 123
569 126
595 125
556 125
558 123
589 119
581 120
556 120
587 119
575 119
542 118
559 118
581 118
551 117
561 117
561 108
532 116
537 115
551 116
544 115
532 115
560 115
554 115
540 114
557 116
552 115
529 116
539 116
550 116
523 120
536 116
530 116
525 118
517 120
515 121
515 123
513 125
513 126
514 129
515 132
513 132
513 133
513 135
513 138
515 138
514 138
514 140
513 141
513 141
513 143
514 237
513 241
514 240
513 247
512 251
513 254
514 259
513 263
513 265
513 271
514 266
513 278
514 281
513 288
514 290
514 295
514 298
514 303
514 304
514 310
515 315
514 319
513 322
514 327
514 331
514 326
512 340
512 347
513 351
513 356
513 356
513 363
515 366
514 368
516 373
513 374
513 384
513 388
511 392
511 396
515 399
513 406
515 411
513 419
509 425
510 431
513 434
514 438
514 439
512 448
512 453
512 458
513 460
512 459
513 467
512 472
513 475
513 497
513 492
514 502
514 510
514 516
514 521
512 527
511 531
513 536
515 541
512 546
514 550
513 557
514 558
512 564
512 567
510 573
512 575
514 579
515 584
514 587
512 592
512 598
512 595
511 607
511 610
512 606
514 620
509 625
513 630
512 636
513 641
513 645
514 650
513 654
513 659
513 664
514 667
513 673
512 676
513 682
514 686
513 690
513 693
514 697
513 700
513 704
513 707
511 712
512 715
512 720
512 724
513 727
509 731
513 734
513 738
513 759
512 763
513 766
512 769
512 773
512 766
512 779
510 782
408 784
405 787
393 791
383 795
382 797
391 800
393 804
380 806
392 811
375 813
358 816
392 820
403 822
380 825
391 829
407 832
390 833
380 839
392 839
399 841
383 845
415 847
408 851
378 854
401 857
398 859
378 861
390 865
420 868
417 870
397 872
393 875
390 876
372 880
417 882
448 883
422 882
447 887
448 886
426 889
424 891
474 893
466 893
430 896
447 896
458 899
425 899
432 900
457 901
423 907
466 910
487 909
471 909
458 910
429 911
445 905
459 913
443 914
451 917
475 915
454 915
443 917
467 918
451 918
445 920
473 920
475 920
479 920
481 921
489 921
473 921
472 893
494 921
476 922
468 922
491 921
478 922
461 922
494 921
493 918
489 922
497 921
506 925
507 920
501 919
508 919
511 917
512 916
513 914
513 912
513 910
505 908
512 906
513 905
513 903
515 902
513 900
513 900
513 899
513 898
511 896
513 895
513 894
513 892
513 890
513 889
512 876
524 879
516 872
515 863
512 869
512 866
513 866
513 864
514 862
513 860
514 859
512 855
515 853
514 849
513 846
513 844
514 840
512 837
513 835
513 830
513 826
513 823
514 819
513 815
513 809
514 806
513 801
513 796
513 793
513 788
514 786
513 783
514 775
514 774
513 771
513 768
513 763
512 757
513 756
513 751
513 747
513 743
514 736
513 733
514 732
514 724
515 720
513 716
514 712
513 708
513 704
513 700
513 697
513 693
513 689
514 683
514 679
515 640
518 633
514 630
513 627
513 625
513 619
513 612
514 603
516 602
512 598
511 595
513 590
513 584
512 575
517 574
514 572
509 568
512 569
512 563
515 556
516 554
512 551
510 547
513 542
514 537
515 531
515 526
514 520
512 516
511 511
514 505
514 500
511 496
515 491
510 485
512 486
515 478
514 475
515 471
512 467
513 464
513 449
512 455
513 451
513 445
512 441
515 427
514 431
513 428
514 421
514 417
514 411
515 406
515 402
512 395
515 391
515 386
510 352
514 348
514 344
513 342
514 340
513 337
513 333
513 330
514 326
515 322
513 318
514 318
513 309
513 306
514 302
514 298
513 294
514 291
514 288
514 285
514 281
514 277
514 274
514 269
513 266
513 263
512 258
514 256
569 254
620 249
657 247
677 243
644 239
644 236
660 233
622 230
615 227
641 225
639 223
636 218
647 215
655 212
642 209
633 206
647 204
612 201
626 191
656 195
622 192
615 189
637 188
644 176
606 181
615 179
630 176
635 174
626 171
535 116
540 116
546 116
548 115
550 116
530 115
548 115
528 112
536 116
538 115
540 115
525 116
529 115
532 113
511 116
520 117
529 117
509 118
514 119
518 117
513 121
514 124
513 124
515 127
513 127
514 131
514 132
513 133
513 134
513 134
512 138
513 138
512 140
515 140
511 142
514 142
512 143
513 139
514 148
513 152
515 151
513 153
513 148
513 159
513 160
512 164
514 166
513 168
512 170
513 171
513 175
513 176
513 170
513 182
513 185
514 187
514 191
515 205
514 209
513 212
515 214
514 218
515 223
513 227
513 231
514 235
513 239
513 243
513 247
513 250
514 255
513 259
513 263
513 267
513 271
514 275
513 279
513 283
514 287
513 290
514 293
513 298
513 302
513 307
514 311
512 316
512 320
513 326
512 330
513 334
512 337
514 341
516 343
514 349
514 352
511 356
514 361
514 366
513 369
513 375
515 377
513 380
514 385
513 390
514 396
511 401
512 407
514 412
513 407
512 423
512 429
511 434
513 437
514 443
511 463
513 466
514 469
513 463
512 474
512 479
513 483
516 487
514 490
514 494
513 500
512 505
511 510
511 518
513 520
515 526
515 533
513 535
512 542
512 547
512 550
513 554
513 558
513 563
512 564
513 570
513 573
513 578
514 582
513 582
511 591
513 596
514 600
514 602
513 610
513 615
514 621
511 624
512 621
512 635
514 640
512 645
511 649
512 654
511 659
511 663
513 668
513 674
511 677
512 681
512 685
512 689
513 693
513 696
513 700
514 703
512 707
514 725
510 728
512 732
513 736
513 738
513 741
513 746
513 749
514 752
514 756
514 760
513 763
513 766
514 771
514 774
513 778
509 783
443 784
408 786
364 790
388 794
391 797
381 803
387 804
405 808
393 809
372 813
373 815
392 819
373 822
379 826
391 829
369 831
382 834
407 837
395 839
380 842
409 845
391 848
365 850
387 855
415 855
389 859
385 861
410 865
391 868
359 869
404 872
403 874
401 877
410 879
408 881
410 884
413 886
443 886
448 888
430 894
468 896
473 896
463 898
441 899
449 900
444 901
444 903
454 904
455 904
453 905
461 906
466 906
433 908
456 908
472 910
442 911
459 912
488 912
457 913
435 914
465 914
462 916
446 917
474 917
477 917
456 918
494 919
501 919
467 920
487 921
489 921
480 921
487 921
490 921
472 924
463 925
485 921
496 922
476 922
481 922
490 922
463 922
494 921
497 922
484 920
496 921
511 919
508 917
508 918
511 916
513 914
513 913
513 910
513 909
513 906
513 905
513 900
513 897
508 897
513 896
512 885
512 894
514 892
513 891
514 889
513 887
513 885
512 883
513 881
513 878
515 873
513 878
512 870
515 879
513 866
513 865
513 863
512 861
513 857
514 852
513 852
513 849
515 845
514 845
512 842
513 838
513 834
513 831
512 828
513 823
513 819
513 816
513 811
513 805
512 799
513 797
514 794
513 791
513 787
513 784
513 780
514 776
513 771
514 766
513 763
515 758
514 755
514 751
513 747
514 743
515 738
513 737
513 728
513 710
513 706
513 701
514 697
514 697
514 694
514 689
513 685
513 681
513 677
513 671
514 667
514 664
513 660
513 656
513 652
514 648
513 641
514 636
515 630
514 626
513 611
514 615
513 608
514 603
515 598
514 588
513 588
514 583
513 580
514 576
514 572
515 570
513 567
516 559
505 560
518 554
513 549
515 543
514 540
516 536
515 522
513 527
515 523
514 517
513 510
515 500
514 502
515 496
515 490
514 486
514 482
514 479
513 475
513 471
513 466
514 462
515 442
513 439
514 434
514 427
514 426
513 424
513 418
513 413
513 408
513 405
513 397
511 393
514 388
515 383
515 378
515 371
514 364
522 365
514 360
514 356
514 352
513 339
514 344
514 340
514 337
514 333
514 329
514 326
513 322
513 318
511 314
513 311
513 307
513 294
512 300
514 296
513 291
513 289
513 286
513 275
513 278
513 274
513 270
514 267
514 262
514 258
518 255
564 254
630 251
664 248
650 244
665 240
674 236
649 234
627 230
653 226
650 224
622 210
621 207
639 206
620 204
621 201
637 199
642 196
626 186
624 191
638 188
603 185
621 182
649 179
624 176
635 172
665 170
647 167
609 168
630 163
654 161
615 158
603 156
628 155
590 153
548 151
597 150
594 146
583 146
611 145
615 144
554 146
588 142
608 140
563 140
575 138
612 138
572 136
577 135
614 134
561 132
562 132
568 131
559 129
567 129
565 128
568 127
551 127
550 126
587 126
593 124
556 122
580 122
570 121
530 120
548 119
564 119
553 120
539 116
539 116
543 116
538 115
563 115
556 115
533 115
548 115
562 115
536 116
548 113
558 116
534 115
531 115
532 116
532 119
517 123
531 119
519 120
514 116
513 122
514 124
512 127
513 132
513 124
514 134
514 133
514 134
513 138
516 134
513 140
515 139
512 140
513 140
511 144
512 145
514 146
514 150
514 152
514 151
513 152
512 156
512 161
514 161
513 162
514 165
514 167
513 168
514 171
513 174
513 175
513 177
514 181
513 185
513 187
513 190
514 193
514 208
513 213
515 216
513 221
513 223
513 225
515 230
513 233
514 228
513 240
513 245
513 248
513 253
514 257
513 261
514 265
513 270
513 273
514 277
514 282
514 285
514 289
512 295
514 296
512 300
514 304
513 310
512 315
513 318
513 324
513 326
513 333
513 336
515 339
511 345
513 351
513 352
513 358
513 362
511 367
512 370
513 373
516 375
513 378
513 383
513 391
513 397
510 403
506 408
514 412
515 416
516 425
514 429
514 432
511 439
512 444
514 447
512 468
514 470
514 473
514 476
513 482
514 486
511 491
513 493
515 499
513 505
511 509
511 514
511 520
512 525
514 531
511 536
513 541
514 545
512 550
513 556
515 558
514 562
513 565
514 570
514 574
513 578
514 582
513 586
513 590
512 596
512 601
512 604
514 615
513 614
514 619
513 616
515 629
514 635
512 640
512 644
513 650
511 652
513 658
513 661
513 668
512 671
512 676
511 681
512 685
513 688
513 693
513 696
513 699
513 703
513 707
512 710
513 714
513 736
513 734
513 731
513 747
513 749
516 751
513 755
513 760
512 764
513 767
512 770
513 773
514 777
510 779
481 782
406 788
378 790
383 792
376 796
346 800
379 804
387 807
385 809
416 812
404 815
379 817
365 824
380 825
386 828
377 831
407 833
409 829
380 839
409 840
395 844
380 847
396 841
420 853
409 855
399 858
399 861
382 864
356 866
383 870
409 875
398 878
437 877
432 879
413 881
415 883
427 878
412 885
412 888
459 889
453 891
413 878
414 901
457 894
463 899
461 901
467 902
452 903
455 904
455 904
445 904
425 907
465 908
490 910
466 910
449 910
454 912
440 911
436 912
486 914
480 914
452 916
463 917
449 911
463 918
463 918
477 918
468 919
461 920
484 920
463 920
456 921
490 922
481 921
462 921
494 920
487 924
489 920
501 921
508 922
491 922
483 922
499 919
498 921
479 921
503 920
506 920
491 919
507 917
513 916
513 915
513 911
513 910
513 908
513 907
513 905
512 895
513 903
515 901
513 891
510 890
513 888
513 887
513 885
514 885
513 881
514 879
516 877
512 874
512 875
512 865
513 865
514 866
509 863
514 861
513 858
513 856
513 852
513 850
514 845
512 844
512 841
513 839
513 835
512 831
513 827
514 823
513 820
513 816
513 811
513 809
512 805
513 800
513 795
513 790
513 788
514 784
513 781
513 777
513 772
513 767
514 764
512 760
513 756
513 752
512 747
514 744
513 740
513 738
516 733
512 727
513 726
512 720
513 715
513 710
513 705
514 670
513 667
513 662
514 659
514 656
514 651
515 647
513 642
512 637
514 629
514 626
516 621
512 615
512 611
513 604
514 599
514 595
514 589
513 586
513 582
509 577
516 573
519 570
515 569
512 567
513 564
513 557
516 550
518 548
512 543
513 539
513 533
513 532
513 521
515 517
514 512
512 507
514 496
513 496
514 490
515 486
515 483
513 472
512 476
513 471
513 468
515 465
515 460
513 457
516 451
515 446
515 442
514 437
514 432
515 428
514 423
512 418
513 378
514 377
515 373
513 369
509 365
514 361
514 357
514 352
513 348
514 339
513 341
514 336
514 333
514 330
514 327
513 322
514 319
514 314
513 311
514 307
513 303
514 300
514 296
514 292
515 288
513 284
514 281
514 278
514 274
514 270
514 266
514 263
511 259
515 256
519 254
644 252
636 248
656 245
673 244
669 237
642 235
644 230
653 228
635 225
623 221
647 218
615 215
643 212
664 210
638 207
620 204
634 202
640 200
599 192
599 194
631 190
648 187
629 175
626 172
629 171
639 168
641 165
631 163
609 163
595 159
610 156
633 154
623 153
624 152
603 150
592 149
598 146
580 145
588 146
613 143
594 141
576 142
566 139
561 138
602 133
600 134
583 135
592 133
548 132
559 131
600 130
571 130
580 130
565 121
540 127
564 126
571 124
569 124
568 123
547 123
558 122
559 121
572 121
593 121
560 119
575 118
585 118
545 120
547 117
566 116
563 115
545 119
545 115
555 114
537 116
539 116
563 116
527 116
522 116
537 113
512 119
525 117
515 120
528 120
518 120
513 121
514 123
508 125
513 127
514 129
513 130
513 132
511 134
514 136
513 137
514 136
512 138
518 138
513 139
512 142
516 141
514 143
513 148
513 148
512 151
513 151
513 155
514 154
514 157
513 159
511 161
512 166
514 168
513 169
513 172
514 173
513 176
513 179
513 182
512 184
513 187
513 190
514 193
513 195
514 199
513 201
508 205
513 209
513 212
513 217
513 222
513 227
513 229
513 233
513 238
513 242
512 257
513 262
513 266
513 270
514 273
514 277
513 280
514 288
512 289
514 294
513 298
514 302
513 306
513 310
512 314
512 318
514 323
513 327
509 332
513 336
513 340
514 346
513 349
516 353
512 357
512 362
512 368
505 369
511 373
513 379
513 382
512 385
511 391
513 395
513 400
514 404
512 408
514 415
514 422
513 427
511 432
513 438
513 442
512 448
512 451
511 456
512 460
513 463
513 465
514 470
514 473
513 477
512 480
514 484
514 489
512 492
512 500
515 521
512 527
510 532
511 537
510 540
511 545
514 549
513 554
513 557
513 561
512 566
512 571
512 572
512 578
515 585
514 585
513 591
510 594
514 599
512 605
512 609
514 605
512 618
512 623
513 628
513 634
513 639
513 643
513 647
513 651
513 657
514 661
514 667
512 672
513 675
513 677
513 683
512 688
513 692
512 696
512 699
511 703
512 707
513 706
513 713
513 718
513 721
514 725
513 729
512 733
514 737
513 741
512 744
512 745
512 752
512 756
514 758
512 775
515 778
510 781
474 783
400 787
379 788
383 791
359 795
372 800
393 802
369 806
357 810
395 812
387 816
373 818
380 821
377 825
390 828
398 824
408 833
377 835
381 839
419 842
410 844
373 847
397 846
385 852
379 853
376 857
386 860
407 863
398 866
412 869
400 872
379 874
400 877
426 879
406 880
433 882
440 884
432 888
422 888
412 889
419 890
421 894
465 896
482 894
444 896
445 896
467 898
441 900
469 898
453 902
421 901
432 904
473 904
459 909
446 910
452 912
432 910
462 912
455 912
459 913
425 914
431 913
483 916
470 916
453 913
461 917
471 918
453 919
457 920
482 920
458 921
463 921
482 922
459 921
461 924
497 920
485 922
480 924
495 925
494 926
481 922
481 922
492 921
473 921
482 921
500 920
489 919
493 919
508 918
512 916
512 915
514 913
512 911
513 908
513 908
513 904
513 904
513 902
513 905
512 900
513 899
513 898
513 893
513 896
513 894
513 892
513 892
513 890
513 889
513 886
513 878
513 859
524 875
510 869
510 875
515 856
514 864
514 861
516 858
514 856
513 857
512 851
513 848
513 845
515 841
513 837
513 835
513 831
513 830
513 823
513 820
513 816
513 812
513 808
513 803
513 800
513 795
514 791
513 786
513 779
513 779
513 775
513 771
513 767
513 758
513 760
513 755
513 752
513 749
513 745
513 741
514 739
512 729
515 728
514 720
515 716
514 713
514 709
514 705
516 698
513 698
513 695
513 691
513 688
513 684
513 678
513 673
511 654
513 650
515 644
514 639
513 637
514 633
512 628
512 623
513 618
514 611
514 604
517 600
512 596
512 592
513 586
513 582
513 578
516 577
512 571
513 567
513 564
513 559
516 554
515 551
515 547
510 541
517 535
511 535
513 529
512 525
510 517
515 512
515 506
517 502
515 498
513 494
513 488
513 484
514 479
515 475
514 472
512 469
514 464
513 459
513 455
515 451
515 446
513 442
514 438
514 433
514 428
515 422
516 418
513 413
512 408
514 403
514 398
513 373
515 371
515 370
514 377
514 362
513 357
513 349
513 349
513 344
512 342
513 337
513 334
513 332
516 327
515 323
514 319
514 315
514 311
513 307
513 304
514 302
510 296
514 292
513 288
514 285
514 282
515 277
513 275
513 271
515 267
514 263
515 259
516 255
520 253
647 252
623 248
639 245
649 242
642 239
658 231
666 231
664 227
628 226
635 223
657 220
627 216
626 214
651 210
626 207
613 204
616 202
626 199
626 196
639 194
646 192
621 188
636 185
634 171
618 169
623 166
627 163
607 161
612 159
630 156
613 153
597 152
623 151
615 149
591 148
598 147
571 146
537 145
570 143
603 141
577 141
594 140
604 139
570 138
565 136
616 134
598 134
585 132
577 132
583 130
565 134
574 129
602 128
573 127
558 127
556 126
578 125
567 125
593 122
589 122
557 121
568 121
576 120
546 119
562 121
580 118
551 118
559 117
564 116
564 116
549 113
552 116
557 117
541 116
553 116
576 116
543 118
532 116
549 116
524 115
521 118
531 119
529 119
515 120
515 122
509 124
514 126
512 128
513 130
514 132
512 133
512 135
513 136
513 131
513 138
513 138
513 141
512 142
513 142
514 144
513 146
513 149
514 149
512 152
514 153
513 154
512 158
513 159
512 164
516 165
509 166
515 168
514 170
511 172
512 174
512 180
514 180
513 183
513 186
514 191
514 192
513 196
513 199
513 202
514 205
514 211
513 214
513 217
513 222
513 226
513 229
513 233
513 239
514 240
513 243
514 247
514 250
513 278
512 281
513 287
512 290
512 294
513 297
513 302
514 304
513 307
513 312
512 316
514 322
514 327
513 329
513 336
512 341
512 345
514 349
514 352
513 361
513 359
512 363
512 369
510 374
510 377
512 379
512 382
513 386
513 393
515 400
514 406
509 412
514 415
515 419
514 425
512 430
514 437
513 443
508 447
515 451
514 453
513 457
513 463
514 466
509 469
516 472
513 475
513 480
512 485
511 487
512 493
513 497
514 502
512 506
513 516
510 519
513 525
513 547
514 551
515 554
513 556
514 561
514 565
512 569
512 571
512 577
511 582
513 585
511 590
512 594
512 599
512 603
513 609
511 614
511 618
512 623
513 628
512 633
513 638
510 645
513 648
512 652
510 657
513 662
513 667
513 668
515 674
512 678
513 683
513 687
513 693
513 695
513 699
512 704
512 705
513 709
512 714
512 717
512 721
513 726
511 730
511 733
512 738
512 741
512 745
513 748
513 751
513 755
513 761
512 763
510 767
512 771
513 773
513 777
373 798
358 803
362 807
352 809
399 812
393 815
379 818
378 820
378 824
357 828
392 830
421 833
400 835
389 838
411 840
394 844
369 847
391 848
384 850
372 855
390 858
403 860
381 863
386 866
404 869
382 871
387 874
427 876
422 878
382 876
410 882
413 885
407 885
424 888
471 889
455 891
428 892
441 892
448 895
412 895
449 896
458 898
419 900
444 900
442 902
453 902
451 904
467 904
448 905
441 908
458 908
470 908
448 909
476 911
474 911
428 912
447 917
491 913
470 922
459 922
464 921
466 924
451 921
484 922
471 921
461 921
472 922
506 923
498 921
489 917
497 917
497 920
474 922
482 921
499 921
477 921
501 921
500 921
495 922
501 919
506 918
512 917
512 916
512 914
513 911
513 909
513 907
513 905
514 904
513 903
512 902
514 900
513 900
513 897
513 898
512 896
514 894
513 892
513 891
513 890
514 888
513 885
513 884
513 884
513 879
514 876
513 875
514 873
515 870
511 870
515 865
510 860
513 860
514 840
508 837
513 834
514 831
513 829
513 823
513 821
513 816
513 812
513 809
512 805
513 801
513 797
513 793
514 788
513 785
513 782
513 778
513 774
513 770
513 766
513 762
513 760
513 754
513 750
512 745
512 742
513 739
513 732
512 730
510 725
514 720
514 714
513 714
513 708
513 701
513 696
514 692
514 687
516 684
514 680
513 678
513 677
513 670
512 666
512 661
516 657
515 653
513 649
513 646
513 640
513 634
514 628
514 623
514 618
513 613
513 606
510 587
514 579
515 576
515 573
513 569
514 567
516 566
514 562
513 558
511 556
513 548
511 543
512 541
510 534
513 530
513 524
515 517
515 512
513 508
513 502
513 498
513 493
514 489
516 481
512 481
514 482
514 473
514 468
515 464
516 457
512 458
513 455
513 448
512 443
513 439
514 434
513 430
512 424
514 419
515 413
514 410
515 404
514 399
514 394
513 389
514 385
514 380
514 376
514 371
514 368
514 362
514 356
513 354
513 354
511 345
513 342
512 338
513 319
514 317
513 314
514 310
514 307
514 304
514 300
513 297
514 293
514 291
514 286
513 282
514 279
513 275
514 272
514 267
513 264
514 260
512 257
517 254
597 253
629 250
639 246
650 242
662 239
654 236
691 231
675 228
632 224
646 222
652 219
621 215
621 212
632 209
641 208
636 204
625 203
630 200
618 197
641 195
652 191
611 189
627 184
665 181
633 180
614 178
629 175
632 167
618 169
621 165
657 163
630 157
617 160
650 157
615 155
575 153
600 152
567 144
601 145
591 142
597 141
596 140
592 139
619 139
564 136
555 136
599 135
567 132
569 132
583 132
570 130
556 130
571 129
572 128
590 129
573 126
576 125
577 124
544 123
556 123
576 123
554 121
570 120
593 120
563 119
566 118
569 118
566 118
550 117
564 117
542 116
530 116
559 116
565 115
539 115
546 115
554 115
528 119
537 115
538 114
536 116
523 119
523 116
536 116
523 117
521 117
533 117
510 118
515 120
515 121
515 123
514 126
514 127
513 129
515 137
514 136
514 138
513 138
513 139
513 142
515 141
513 144
514 146
513 149
514 148
512 150
513 156
513 155
514 158
514 158
513 161
515 163
514 165
510 170
514 175
511 172
514 174
513 178
514 180
514 183
514 185
512 188
513 191
513 194
513 197
513 201
513 204
514 209
512 212
513 216
513 221
514 225
513 230
513 235
514 238
514 242
513 245
511 250
513 252
513 256
513 263
513 264
513 268
513 271
514 277
514 280
513 285
513 290
513 292
514 300
513 301
513 320
512 324
513 330
513 329
512 334
513 339
512 344
512 348
513 352
513 355
514 359
515 362
513 366
514 372
513 375
514 382
512 386
511 391
514 392
515 396
513 401
514 407
513 415
513 422
509 427
511 431
514 438
512 440
513 441
512 450
512 456
514 461
513 462
513 465
513 469
513 473
512 477
513 479
512 483
513 488
513 492
513 499
511 502
513 506
515 511
513 517
514 524
512 529
513 535
513 539
513 543
513 550
513 552
514 556
512 561
514 564
517 569
512 588
513 593
513 595
513 599
512 603
512 608
512 614
512 619
514 622
512 627
512 632
512 641
512 643
512 647
513 652
513 656
513 661
513 665
513 670
513 673
514 679
512 682
513 686
513 691
512 695
513 698
513 701
512 704
513 708
513 712
513 717
513 721
516 726
513 728
513 735
512 737
512 740
512 744
512 748
512 751
512 755
513 758
512 762
512 765
514 770
513 771
513 775
514 779
511 783
401 784
396 789
393 792
363 794
363 801
370 802
370 805
374 809
392 823
388 826
386 827
384 828
393 832
381 834
384 837
390 840
388 844
388 849
399 850
398 851
365 853
387 858
410 863
388 863
402 865
432 869
392 870
354 873
410 876
427 879
399 879
409 882
440 884
423 886
411 889
451 889
430 890
423 892
466 892
450 898
410 893
442 897
457 898
451 899
445 898
455 902
446 904
435 904
471 905
455 904
455 906
474 908
454 908
419 909
443 910
461 912
458 911
470 913
494 914
456 914
431 915
461 916
459 917
431 918
470 921
489 920
473 921
480 921
504 921
491 922
474 922
494 922
488 922
464 922
499 928
503 913
480 931
501 921
509 921
501 921
497 923
505 920
506 919
497 918
503 918
510 917
512 918
512 914
513 912
512 909
514 907
512 907
512 902
513 903
513 902
513 900
513 900
513 898
513 898
513 898
513 895
513 894
513 891
513 889
513 887
514 886
514 884
513 882
513 880
514 878
512 875
513 873
513 871
513 868
514 863
513 865
517 861
513 861
513 856
513 853
513 851
514 837
513 838
513 829
513 827
514 825
513 822
512 817
513 813
513 810
513 810
513 802
514 798
513 794
513 789
513 789
513 781
514 777
513 774
513 770
514 767
513 761
513 758
514 753
513 749
514 748
512 740
514 737
513 732
514 727
523 725
512 719
512 715
512 711
514 707
514 705
514 698
514 695
513 691
513 686
511 684
513 679
513 674
513 670
514 667
514 666
513 659
512 653
511 650
513 644
513 640
513 633
514 626
517 621
516 616
513 612
511 607
514 602
513 575
513 572
513 568
514 564
517 561
513 558
511 553
512 552
513 545
504 542
517 536
508 530
513 526
514 520
514 514
514 508
516 504
514 496
512 494
513 491
513 484
514 486
514 476
514 473
512 470
513 466
514 461
513 457
513 453
512 448
513 443
513 439
513 435
513 429
514 423
513 420
514 414
514 410
513 405
514 398
515 396
515 390
514 384
515 380
514 377
515 371
513 367
514 363
514 358
517 361
513 350
513 345
515 341
511 338
513 336
513 334
512 330
512 309
512 306
514 303
514 300
515 296
513 293
513 289
514 286
514 282
514 278
513 275
514 271
513 268
513 263
514 261
514 258
517 254
607 254
643 250
630 247
661 243
685 239
650 235
651 233
648 229
628 226
625 223
640 220
646 217
629 214
634 211
656 207
638 205
647 203
644 199
612 197
628 194
633 191
629 189
618 186
644 183
652 177
620 180
612 175
650 173
630 169
620 167
647 164
627 162
608 159
597 157
597 156
589 153
606 152
611 151
588 150
576 148
589 144
581 141
577 138
581 136
575 135
577 134
585 133
554 133
551 132
599 131
595 130
588 129
598 128
550 128
541 126
550 126
564 124
580 125
583 122
582 123
570 122
546 122
557 121
569 120
554 119
573 119
560 117
537 116
552 116
563 116
537 119
551 116
547 116
540 116
526 116
547 116
551 115
534 115
559 116
558 115
525 116
531 116
537 116
513 113
517 117
521 117
519 118
514 119
513 121
514 123
513 125
513 128
514 129
515 134
512 132
512 132
512 133
513 141
515 143
514 143
512 144
515 146
513 147
514 148
514 150
509 154
514 155
512 158
513 159
515 162
513 163
512 164
513 169
515 170
512 173
514 174
514 177
514 180
516 182
513 181
513 190
513 190
513 195
512 197
513 201
513 205
513 209
513 211
514 215
513 219
512 224
513 228
513 233
513 237
513 241
513 244
514 248
513 251
513 255
513 259
514 263
513 268
514 272
514 275
510 280
511 286
513 288
512 293
513 297
512 301
514 301
514 307
513 312
513 318
515 349
513 354
514 353
514 358
514 361
513 365
512 371
514 375
512 380
513 385
513 387
514 391
513 397
512 402
514 408
513 412
513 420
512 424
513 431
512 437
512 441
513 446
514 449
512 453
513 457
513 462
513 465
512 469
511 473
513 475
515 479
514 481
514 488
514 493
510 497
514 501
514 506
513 512
512 517
514 523
512 527
512 533
514 538
513 544
514 548
511 552
512 556
512 559
512 564
513 571
511 572
513 575
513 581
512 584
514 588
512 593
511 597
513 634
512 639
512 643
512 647
513 653
512 656
512 661
511 666
512 670
512 674
511 678
512 682
512 686
513 693
515 695
513 698
513 702
513 703
513 713
513 711
513 716
514 720
513 724
513 727
513 732
512 735
514 739
513 743
514 747
513 751
514 754
514 758
514 762
513 764
513 769
513 772
513 775
511 779
509 782
425 784
385 787
402 791
389 795
366 797
405 801
392 804
366 807
382 812
387 814
379 816
373 820
403 825
405 827
381 829
378 833
390 834
368 838
457 913
452 914
451 917
462 916
482 914
478 916
467 918
475 918
468 919
446 919
473 920
493 920
472 920
502 921
488 922
467 923
468 921
477 922
470 921
467 922
489 931
497 924
476 925
507 921
506 922
490 921
508 914
507 920
506 920
502 917
513 917
512 914
513 914
513 912
513 910
512 907
513 907
513 905
513 905
513 902
513 905
513 900
513 898
513 899
513 897
514 895
513 894
514 893
513 890
513 888
513 888
513 884
513 882
512 879
514 878
513 877
513 869
514 870
513 858
505 853
512 858
513 854
513 852
514 849
513 846
512 843
512 840
513 836
513 832
513 829
514 824
513 820
513 817
512 812
513 809
513 805
513 800
513 797
513 792
514 790
513 786
513 784
513 778
513 774
513 771
512 769
513 762
513 759
513 758
513 750
514 746
513 742
513 737
513 736
514 729
513 726
513 723
516 718
514 721
515 705
513 704
512 699
513 695
513 694
513 686
513 682
514 679
513 676
513 671
512 668
513 663
513 659
513 653
514 630
513 626
515 621
515 616
516 612
516 606
514 598
513 596
510 593
513 588
515 584
513 578
515 574
513 572
513 570
513 566
513 561
513 557
513 554
514 549
513 546
505 536
524 533
526 530
517 527
514 519
515 516
514 509
514 503
515 498
515 497
513 489
513 485
512 481
514 474
514 471
514 470
512 466
512 462
513 457
510 453
513 448
514 445
513 440
510 436
514 431
514 426
513 421
513 415
513 411
511 406
512 400
514 396
514 390
513 386
512 381
514 375
515 356
516 352
513 343
513 345
514 342
513 338
513 336
513 332
513 333
513 325
513 320
513 317
513 312
513 312
514 306
513 302
