513 501
512 498
513 495
514 491
514 487
511 484
512 479
514 476
514 473
513 467
514 464
515 461
512 445
513 442
514 448
517 445
514 437
514 432
513 427
513 423
513 418
512 413
513 407
513 403
512 397
513 395
514 389
513 384
512 380
514 376
512 371
513 366
514 363
513 358
513 353
515 348
513 345
514 340
514 337
514 333
514 330
514 326
514 322
514 318
512 314
513 311
514 306
513 302
513 299
513 295
514 291
514 291
513 284
516 280
516 275
511 275
514 273
513 466
514 469
514 471
513 474
513 478
512 482
514 484
515 488
513 492
520 497
513 505
510 509
513 513
515 518
513 523
514 531
514 536
512 541
513 543
514 547
513 552
512 556
513 561
512 565
513 569
513 573
514 576
512 581
513 584
514 590
512 594
512 598
514 604
513 608
512 615
513 618
513 624
511 628
513 634
512 639
512 643
512 648
513 653
513 656
514 663
514 666
514 671
512 675
512 679
514 683
513 687
513 691
512 695
513 699
514 710
513 706
513 710
642 251
888 250
905 247
904 243
888 240
837 236
802 234
784 230
772 226
784 225
805 221
768 218
768 214
756 211
752 208
756 207
733 203
767 195
770 198
743 195
751 193
725 190
729 192
783 185
756 181
747 179
772 176
773 173
748 171
737 167
740 165
742 163
702 161
714 158
706 157
679 157
724 153
702 151
670 150
692 149
651 147
606 147
633 145
695 144
678 138
630 139
616 140
615 138
626 139
651 136
679 135
669 133
623 132
608 131
619 130
626 131
628 126
540 118
530 118
520 119
516 121
515 123
515 126
514 127
514 129
514 131
509 132
513 134
512 135
514 136
515 137
514 136
514 139
513 140
513 141
514 143
513 145
511 147
514 148
514 151
513 151
513 155
514 157
513 159
514 161
514 162
513 165
514 168
507 171
513 174
513 175
513 177
513 181
512 184
512 186
514 188
513 191
514 194
513 197
513 201
513 205
513 208
516 213
513 216
513 221
514 224
513 229
514 233
513 238
513 242
513 244
512 249
511 253
513 257
514 274
513 284
513 282
513 284
513 288
514 292
512 298
514 301
513 305
514 309
513 316
514 317
512 321
514 325
513 329
514 332
514 337
514 340
513 347
513 352
513 357
512 362
514 365
512 368
513 372
513 376
513 380
514 384
514 390
514 396
513 400
513 403
513 408
514 416
514 421
514 427
513 437
513 437
513 441
513 446
513 450
513 456
512 460
513 463
514 466
513 469
513 470
514 477
512 480
513 484
513 488
512 494
511 498
506 503
512 508
514 513
514 541
512 544
513 547
514 549
514 553
514 554
513 559
513 565
510 568
514 572
513 577
513 581
513 584
514 587
512 593
512 598
514 603
515 608
513 613
513 617
514 620
513 627
512 631
514 637
514 641
512 647
513 651
514 656
517 661
512 666
513 670
514 674
513 679
514 684
513 686
513 689
513 696
513 698
514 702
512 698
513 709
512 714
513 716
513 722
516 725
513 730
513 734
513 737
509 741
513 745
513 749
512 751
513 756
513 761
513 763
514 768
514 769
514 789
188 790
188 795
215 799
261 800
233 804
242 807
251 808
235 814
228 817
230 820
251 823
285 826
269 828
301 832
274 834
243 837
280 840
268 842
265 844
286 848
283 851
277 851
271 857
248 865
273 863
266 864
280 867
306 869
313 872
330 875
294 877
250 878
303 881
335 882
333 885
382 887
383 888
305 890
289 891
338 890
417 893
411 894
405 896
391 896
357 897
367 900
380 898
389 903
388 903
375 904
378 905
359 906
396 904
432 907
400 908
381 910
421 914
412 917
413 915
428 916
394 916
400 917
419 917
437 918
394 918
389 920
436 919
407 920
400 921
432 920
421 920
455 920
456 920
466 920
445 922
418 922
457 922
434 921
426 921
465 921
442 923
451 920
482 920
474 920
499 919
499 917
508 916
509 915
511 914
512 912
512 909
513 908
513 906
512 905
513 903
513 902
513 901
511 901
513 898
511 898
514 896
513 895
513 893
513 892
513 890
513 889
513 887
514 884
511 882
514 880
513 878
513 877
514 874
515 855
513 852
512 850
513 848
514 844
513 842
513 839
514 836
514 832
513 828
513 825
514 821
511 817
512 812
513 807
512 803
513 800
513 804
517 786
512 782
511 786
513 783
510 779
514 774
512 771
513 767
513 762
514 758
513 755
513 751
513 747
513 743
513 739
513 734
513 730
513 726
512 721
513 716
513 712
513 707
510 702
513 698
513 693
514 688
513 684
511 681
513 676
513 672
513 667
513 665
511 661
513 657
513 652
513 648
512 642
514 637
513 633
514 591
514 585
514 584
513 580
515 577
514 573
513 571
516 569
512 565
514 561
513 556
513 550
514 547
512 544
513 541
514 533
513 529
514 524
513 519
513 515
513 509
514 504
513 497
515 493
514 490
512 487
513 482
513 476
513 472
513 469
515 465
512 462
513 459
513 456
512 447
513 446
513 437
512 433
513 428
513 425
514 420
514 414
514 409
514 401
514 399
515 395
513 391
514 385
514 380
515 376
509 371
513 367
513 359
512 357
512 355
514 350
513 346
725 196
739 194
741 192
761 190
752 187
759 185
752 182
760 180
752 177
799 174
742 170
724 169
766 166
736 163
694 161
728 156
714 158
695 156
669 153
680 152
661 150
638 150
660 149
697 146
651 145
664 144
627 143
640 142
708 140
672 139
667 136
660 136
608 134
661 133
647 131
643 132
668 131
604 130
616 129
681 129
635 127
649 126
633 126
584 125
605 123
629 123
647 122
607 120
632 121
635 120
578 120
610 120
631 119
596 117
595 117
593 117
594 116
553 116
569 116
555 111
552 116
552 116
553 116
540 116
554 116
543 116
542 116
531 117
522 117
531 119
517 119
514 121
516 123
515 125
507 127
514 129
512 131
514 132
513 134
514 134
515 136
514 137
513 138
513 140
514 141
513 142
514 144
513 146
514 148
512 150
513 151
514 153
514 155
514 158
514 159
514 160
515 163
514 165
513 168
515 169
513 172
514 175
513 176
514 178
513 182
514 185
515 188
513 191
513 194
514 197
513 200
514 204
513 206
513 212
513 230
513 235
513 238
513 239
513 243
513 248
514 249
514 256
517 259
514 263
514 266
514 269
513 275
513 280
518 283
513 288
513 290
514 297
513 301
513 304
513 309
513 313
513 316
516 322
514 325
510 330
513 333
513 339
511 344
514 348
514 354
512 354
513 358
513 363
513 366
516 373
514 375
511 381
512 386
513 392
513 394
514 396
514 400
513 407
513 414
513 420
515 427
515 430
513 430
512 442
513 447
512 452
512 455
513 458
514 460
513 467
514 468
512 487
512 485
514 493
514 497
515 501
518 506
513 513
514 517
513 522
513 528
514 533
514 539
512 543
513 547
515 552
513 554
515 558
513 563
513 566
514 570
515 574
514 581
512 583
513 587
513 591
513 597
514 601
514 606
514 609
513 615
513 621
513 627
512 631
513 637
514 642
513 647
513 652
513 656
512 659
512 666
513 670
513 673
511 679
512 683
513 687
511 690
513 694
513 697
514 700
513 705
513 707
514 713
513 716
514 720
513 724
506 730
513 747
512 750
513 753
512 756
513 758
513 761
509 766
510 769
513 772
511 776
508 779
506 781
388 782
197 785
206 789
217 793
209 796
235 801
247 803
236 806
215 810
254 812
242 816
253 819
272 821
248 826
222 829
262 831
278 834
280 837
292 839
290 842
269 845
239 847
256 851
318 854
287 859
265 858
266 858
287 863
284 867
255 869
289 871
311 874
304 876
305 878
331 881
319 882
307 884
329 885
356 887
389 888
405 890
410 892
334 893
322 894
355 892
369 901
399 902
388 902
418 904
398 905
384 906
409 907
411 908
409 907
417 908
373 907
372 911
391 911
392 911
439 914
446 916
387 905
430 917
404 916
413 918
445 918
430 919
433 918
411 919
408 920
405 919
409 920
445 920
435 921
412 922
461 921
433 922
439 922
465 921
451 921
463 921
457 922
463 921
479 920
450 920
485 920
476 919
480 919
507 917
511 916
511 914
513 914
511 910
512 908
512 907
513 906
511 903
513 902
512 902
514 898
515 901
514 898
512 890
513 890
513 888
513 886
513 885
513 883
515 880
513 879
513 876
513 873
513 872
513 870
513 867
513 864
513 862
513 858
513 858
513 855
513 853
513 849
513 846
513 843
513 839
513 836
513 833
513 831
514 826
513 823
513 819
511 816
512 811
514 805
513 801
513 795
511 788
508 803
511 765
514 782
513 775
513 773
513 771
512 765
513 760
514 757
514 753
513 749
513 744
513 742
513 738
514 730
513 730
513 723
513 720
513 716
513 713
513 709
513 705
513 682
513 679
513 678
512 673
513 669
513 665
513 662
513 657
511 653
513 648
513 644
513 638
512 635
511 629
516 623
515 616
515 607
513 607
513 602
514 597
512 592
513 584
513 582
512 580
513 577
513 572
513 568
513 564
514 561
513 558
513 554
513 551
513 545
511 540
514 536
514 531
513 528
513 520
513 516
515 509
515 503
513 499
513 495
513 490
514 486
515 480
512 479
514 474
514 470
514 465
515 460
514 457
514 454
511 449
514 446
514 441
512 433
513 412
514 409
513 405
513 401
514 397
513 391
512 387
516 382
513 378
514 374
514 368
514 365
512 359
512 355
514 351
513 346
514 342
512 338
514 334
514 331
514 328
514 323
513 321
513 316
514 312
513 309
513 305
513 301
512 297
512 293
513 290
513 285
513 283
514 281
513 274
511 271
517 266
510 265
513 257
516 257
518 253
614 252
653 244
890 250
876 246
830 242
831 237
794 235
780 229
831 228
776 224
781 222
801 218
779 216
750 211
752 209
750 205
785 194
750 192
749 189
755 188
743 185
763 182
747 180
732 177
775 174
756 171
743 169
731 168
742 164
717 161
697 159
745 156
741 160
660 154
678 152
670 150
629 149
684 145
702 147
644 145
643 146
631 142
627 142
632 141
702 139
692 138
620 136
632 135
617 133
606 133
658 131
667 131
663 130
632 129
604 128
627 127
593 126
619 123
658 126
594 127
636 123
662 122
591 119
625 121
643 120
621 120
588 117
598 118
639 117
605 118
579 118
617 117
576 114
575 116
568 118
553 116
580 117
571 116
548 117
589 117
559 118
547 118
553 119
534 120
516 121
513 122
514 124
514 125
514 128
514 131
513 132
514 133
514 131
513 137
515 138
513 139
514 139
511 141
512 142
513 143
513 145
514 147
512 148
514 150
513 153
514 154
511 155
513 159
513 161
513 163
513 165
514 169
514 169
513 172
513 174
513 176
512 180
513 182
513 185
513 188
513 191
513 194
513 197
515 201
513 203
514 207
514 211
514 214
512 220
513 223
514 243
514 245
513 245
508 251
514 254
513 259
513 263
513 267
512 271
514 275
513 279
513 282
513 287
514 291
513 295
513 300
513 303
513 307
511 313
513 315
513 320
513 326
513 329
517 332
513 337
513 342
514 347
512 353
514 357
512 361
513 364
513 366
512 369
522 371
513 377
514 382
512 389
514 395
510 397
514 402
515 403
513 413
513 418
513 427
514 432
513 435
512 440
514 443
513 448
514 453
513 458
513 461
514 465
513 467
513 471
514 475
512 484
514 507
512 511
512 516
512 521
512 529
512 532
512 535
514 540
513 546
519 549
517 555
511 558
514 562
514 566
511 571
513 574
513 579
513 582
517 586
513 591
512 596
512 601
515 605
513 611
512 615
513 617
513 626
512 631
514 637
512 640
514 645
514 650
514 654
514 658
513 663
514 668
513 672
513 677
513 681
515 685
513 690
513 693
514 697
517 700
513 704
513 708
513 703
513 716
513 720
513 725
512 729
511 730
512 736
514 739
516 743
514 747
512 761
514 768
512 771
512 773
514 775
511 779
507 785
426 783
220 785
197 788
210 791
201 795
224 797
251 802
261 805
227 809
230 813
234 815
255 818
256 821
250 824
270 827
281 830
271 833
277 837
250 837
263 841
307 844
303 846
268 849
281 850
267 855
262 858
263 860
282 860
309 865
288 869
293 870
291 874
251 876
295 879
327 880
315 881
349 884
373 886
368 884
343 888
367 890
410 891
380 887
346 892
366 895
322 897
355 897
394 898
352 902
393 902
394 910
391 910
402 914
419 912
389 912
423 913
415 914
409 915
400 914
398 918
409 917
396 917
408 918
438 917
433 917
441 919
454 920
437 921
457 921
465 922
473 921
446 921
444 922
457 921
449 921
465 921
480 921
468 921
484 920
486 920
462 921
485 922
490 920
492 919
502 918
503 917
512 914
513 913
512 909
512 909
513 905
513 905
513 903
512 902
513 901
512 900
513 899
512 898
513 898
509 893
513 895
513 892
513 890
514 888
513 886
513 885
512 883
513 863
513 861
513 858
513 855
511 852
512 850
513 847
513 844
513 841
511 840
513 834
514 830
513 827
513 823
513 819
513 815
513 810
513 806
514 802
513 799
514 793
513 789
519 787
514 782
517 779
513 775
513 770
513 767
512 763
513 759
513 754
513 748
513 746
513 742
513 738
514 733
514 728
514 724
513 721
513 716
514 713
513 708
512 704
512 701
513 699
513 694
512 689
512 683
513 679
513 675
513 672
512 668
513 663
512 659
513 655
513 648
514 644
513 608
514 602
513 597
514 594
513 590
513 582
515 582
514 575
513 573
513 570
513 566
513 562
514 557
513 554
513 552
513 547
513 542
513 535
514 530
515 526
513 521
512 517
513 510
513 506
513 499
514 495
513 492
513 487
512 484
513 479
513 474
511 470
514 467
513 464
513 459
513 454
514 451
513 447
514 440
511 435
514 432
513 427
512 422
511 416
512 412
513 409
513 402
514 396
512 392
514 387
514 383
514 378
515 373
514 369
514 364
514 360
514 355
514 337
514 335
513 332
513 328
513 325
513 320
516 317
513 314
513 309
513 306
513 304
513 298
513 294
512 290
513 287
513 283
513 279
517 279
511 269
507 272
500 264
503 258
514 257
520 254
574 252
624 250
790 252
880 248
861 243
860 239
826 237
789 232
780 228
778 225
797 223
779 219
796 215
811 213
778 209
774 204
742 204
712 201
726 199
748 197
755 194
758 192
760 189
742 186
729 180
736 181
761 177
750 175
743 172
793 169
764 167
727 164
737 162
693 152
669 151
697 151
663 149
685 148
679 147
690 146
693 144
674 143
646 141
637 140
643 139
656 138
653 136
649 135
636 135
668 135
664 132
623 132
617 130
596 129
597 129
639 127
638 127
636 125
624 125
621 124
627 123
626 123
632 122
624 122
578 121
592 120
596 119
577 118
604 118
593 117
622 116
632 117
620 117
591 117
566 116
581 116
571 116
562 118
582 116
566 118
552 116
573 116
559 116
575 117
573 117
561 117
550 118
523 121
526 120
521 122
514 129
514 131
515 132
513 133
513 134
514 138
514 137
514 138
513 139
513 140
513 142
513 143
513 144
513 146
513 149
513 148
514 151
514 154
512 156
514 159
513 163
514 163
514 165
514 167
514 170
513 172
514 174
513 175
514 179
512 181
513 184
513 186
513 189
514 194
513 196
513 200
514 203
514 207
514 210
513 214
514 217
516 221
513 225
514 229
513 234
513 237
513 241
513 246
513 251
513 254
513 258
512 262
515 266
514 270
513 274
513 279
513 282
513 302
514 305
514 308
513 313
513 315
514 320
514 324
513 328
512 331
515 335
507 340
513 344
513 349
513 355
513 360
512 366
515 366
514 370
513 376
515 378
514 383
510 387
514 391
512 396
510 402
512 408
514 413
513 419
513 423
512 428
510 432
514 438
514 444
513 448
514 453
512 457
513 461
514 464
513 467
512 470
513 474
513 480
514 485
514 485
517 490
513 495
513 501
511 506
513 510
514 513
514 520
513 526
512 530
512 536
512 541
513 545
514 549
512 569
513 571
513 574
513 576
513 582
513 586
514 590
511 595
513 599
513 603
514 610
515 614
513 617
517 625
513 629
514 634
512 638
513 644
514 648
513 653
513 658
513 663
513 668
513 672
514 676
512 680
512 685
512 690
513 693
514 697
513 698
512 704
513 708
513 711
513 716
511 719
512 723
513 727
513 731
513 736
513 738
513 742
511 746
514 750
512 754
513 757
513 761
513 765
513 769
513 771
510 774
511 779
510 781
404 784
232 785
209 789
214 804
244 809
217 810
246 813
226 815
269 817
247 820
226 824
267 828
299 830
267 832
268 834
266 839
280 841
276 843
277 846
307 846
278 848
296 854
280 857
260 860
285 863
283 870
245 867
274 870
295 874
315 875
315 878
308 880
317 882
310 884
294 886
365 887
373 889
331 891
347 891
325 892
377 894
386 895
368 897
359 898
371 899
372 900
373 900
374 902
418 902
399 904
369 906
381 906
355 906
385 907
414 909
429 909
411 910
386 911
404 912
396 912
382 916
415 917
453 918
413 918
417 919
413 919
450 920
434 923
443 919
436 921
412 921
463 922
476 921
442 921
475 921
472 921
465 922
476 922
475 923
479 921
466 922
492 921
500 917
476 919
510 918
508 918
503 917
512 915
514 908
515 911
513 908
512 906
513 905
513 905
513 902
512 902
513 902
513 899
513 897
517 897
513 894
520 894
520 893
513 891
517 889
513 888
513 885
513 885
513 881
512 879
513 877
513 875
513 873
511 871
512 869
513 866
509 862
513 850
513 849
514 846
517 843
513 841
514 839
514 837
514 831
513 827
513 822
513 819
513 813
514 811
518 808
512 804
513 799
513 796
513 791
513 780
521 782
514 781
513 776
513 771
513 767
512 761
513 759
513 756
514 752
513 749
513 743
514 742
513 734
513 731
513 727
514 722
514 718
514 713
513 709
513 705
517 701
514 697
513 692
512 687
513 682
513 679
513 676
513 673
513 670
513 665
513 662
513 655
513 650
513 641
513 641
513 637
513 633
513 627
513 599
512 593
514 591
515 586
513 583
514 580
516 576
513 574
513 570
513 568
512 563
513 558
515 555
513 551
513 547
511 543
514 538
514 532
515 528
514 522
513 517
514 513
513 507
513 501
513 497
515 492
514 488
514 484
511 481
513 477
513 471
513 467
514 464
513 459
514 455
514 452
514 445
512 442
518 437
517 432
515 430
512 426
512 419
514 412
515 407
515 402
514 397
512 393
513 388
512 384
513 379
514 374
513 370
513 365
508 360
514 357
513 352
513 327
514 325
515 321
514 317
515 314
513 310
514 306
514 302
513 298
514 294
513 289
513 288
513 277
514 280
514 277
515 274
512 275
516 258
515 262
516 260
519 255
570 252
636 250
769 251
876 247
900 243
870 239
811 238
810 232
814 229
790 226
812 222
757 219
740 218
766 213
801 210
773 208
751 205
729 202
755 199
731 197
714 194
761 192
742 187
748 186
760 183
744 181
792 178
754 176
715 172
729 171
736 171
747 164
729 164
739 159
725 159
660 157
647 149
624 148
654 146
679 148
692 144
657 143
643 142
657 141
638 139
604 138
671 136
679 136
631 135
618 133
614 132
613 131
603 131
610 129
639 128
646 128
642 122
679 130
633 126
596 125
631 123
618 123
615 123
650 121
622 121
608 121
624 119
641 118
596 118
562 117
608 117
614 116
567 118
590 116
593 116
578 115
593 116
580 115
565 117
544 115
543 116
556 115
524 119
554 116
552 116
523 117
542 120
533 120
519 119
520 120
514 121
513 124
514 125
515 135
514 137
518 138
513 139
514 141
514 142
514 143
513 144
513 146
513 148
514 149
513 152
513 153
513 156
512 158
513 157
514 162
513 164
514 166
514 169
514 172
513 173
512 176
513 178
513 181
513 184
514 187
515 191
513 193
513 195
513 198
513 203
512 207
514 209
514 212
515 217
513 222
514 226
513 231
513 233
513 239
513 243
514 248
514 253
518 256
513 260
513 260
512 266
514 269
513 273
513 278
513 282
513 285
514 289
512 294
513 299
513 303
513 323
514 326
514 330
513 331
513 335
514 339
513 346
515 350
515 352
515 357
515 360
513 366
514 368
513 371
513 377
514 381
513 392
513 392
513 397
514 399
515 403
513 408
514 417
513 424
514 429
512 432
514 437
515 441
513 449
513 454
512 458
513 459
513 462
513 464
514 470
514 475
511 478
512 481
515 486
513 489
513 494
511 498
514 504
513 509
514 513
513 518
514 524
513 531
512 536
512 540
514 545
513 549
514 552
514 558
513 562
511 564
514 568
513 602
512 605
513 609
515 614
513 619
515 623
512 629
512 634
513 640
512 642
514 649
512 654
512 658
512 662
512 667
513 670
512 675
515 681
513 683
513 690
513 692
512 695
514 699
514 703
512 707
513 709
517 713
513 717
514 722
513 728
513 730
513 734
514 738
513 741
513 748
513 748
514 752
514 756
512 760
513 765
512 767
514 772
511 775
511 779
507 782
453 783
275 783
158 786
213 790
225 797
250 798
246 801
219 803
203 808
230 811
250 814
263 838
322 837
267 841
282 843
247 846
293 849
301 851
274 854
273 856
308 862
307 862
268 864
244 865
295 871
271 873
260 875
300 876
287 880
314 881
375 883
348 886
321 885
322 887
330 889
372 889
373 892
413 894
378 894
336 896
354 898
375 897
382 901
412 901
372 902
382 902
375 905
387 904
420 904
388 908
423 908
396 909
378 911
432 912
436 911
381 912
385 912
397 914
421 913
437 916
411 916
440 916
426 917
416 918
414 918
394 920
438 920
440 920
417 799
263 801
243 804
255 808
241 810
215 813
250 817
256 819
254 824
264 825
254 829
244 834
278 834
294 837
297 840
265 842
267 845
288 847
261 850
261 853
287 857
276 857
272 862
282 864
296 867
300 869
292 872
278 875
279 877
288 880
314 881
350 882
377 883
396 886
323 887
308 889
358 890
368 891
409 895
422 894
354 895
334 897
334 897
342 898
385 900
393 904
408 904
393 904
360 904
405 906
412 906
417 906
420 908
385 910
380 910
384 912
438 911
417 916
415 919
412 918
403 919
395 918
440 920
430 918
421 920
456 920
466 921
435 921
452 921
430 922
416 922
440 922
436 922
443 921
457 921
460 922
464 921
457 921
477 920
480 920
467 921
494 919
493 918
496 917
507 916
511 918
512 912
513 910
513 908
512 906
513 903
513 902
513 902
514 901
512 899
512 897
513 898
513 896
515 894
513 895
514 894
512 892
512 886
514 885
513 884
512 880
515 880
513 878
513 877
512 874
512 871
514 869
512 867
513 864
513 851
513 849
513 846
513 844
513 842
513 839
515 835
513 831
513 827
515 823
513 821
513 817
513 813
514 809
513 803
513 800
513 795
515 792
516 789
513 786
511 784
512 776
512 766
517 769
512 766
513 761
513 759
513 754
513 748
513 745
513 743
513 739
513 733
514 729
513 724
513 720
514 716
513 709
513 705
513 701
513 697
514 694
511 689
513 686
514 682
511 679
512 675
513 669
513 664
511 660
513 655
514 651
513 648
513 644
513 638
513 633
514 626
513 602
511 597
508 591
513 591
513 586
513 582
512 577
514 573
513 570
513 568
513 564
513 560
514 556
512 553
513 549
513 545
513 539
512 535
515 529
515 524
513 519
512 514
512 509
515 504
509 498
514 493
513 491
513 486
512 480
514 476
516 472
514 470
513 468
513 463
513 458
513 454
513 449
515 445
513 438
516 437
518 429
510 422
512 419
514 416
516 409
513 405
514 399
514 395
514 389
514 385
514 380
513 376
513 372
514 367
513 362
513 359
513 354
514 335
513 333
515 330
514 327
514 324
514 320
513 315
514 311
514 308
514 303
513 300
514 296
513 292
513 288
516 285
514 281
514 278
514 275
513 270
513 267
510 266
514 262
516 256
518 256
625 252
633 250
866 247
917 245
877 241
848 237
825 233
782 230
771 225
798 224
782 220
783 217
792 215
766 210
743 209
741 207
763 203
747 201
720 198
730 195
760 193
734 190
725 188
729 185
763 182
760 179
734 177
767 178
786 172
760 168
749 165
768 159
748 161
701 151
700 154
663 150
638 149
634 148
679 147
678 145
665 144
676 145
665 140
656 141
652 139
627 137
684 137
684 135
634 134
655 134
613 132
591 131
639 131
649 129
635 128
624 127
607 126
599 127
626 128
638 124
612 122
637 122
632 122
608 121
610 121
623 120
609 117
595 118
612 120
625 117
605 117
574 115
598 115
576 115
574 116
580 116
576 116
574 116
570 116
583 116
566 115
534 116
551 117
542 116
530 119
543 117
532 117
527 118
526 120
518 121
514 131
514 131
514 134
514 134
513 134
516 136
513 137
512 138
513 140
514 141
516 142
513 144
513 145
513 147
513 149
514 150
513 154
513 154
513 156
513 158
514 161
513 163
514 168
512 168
512 170
515 172
513 174
513 177
513 181
513 181
517 185
513 188
514 191
514 193
513 198
513 201
515 205
513 208
514 213
513 218
514 222
514 228
514 230
514 233
514 236
514 240
513 244
513 247
513 250
517 254
513 259
513 262
513 266
513 271
513 276
514 279
513 284
514 304
513 306
513 308
516 311
514 316
514 320
514 324
513 329
514 336
516 340
514 344
513 349
513 352
513 357
513 361
514 366
513 370
515 373
513 376
513 380
514 386
514 389
514 393
512 398
507 405
511 412
512 417
513 420
513 423
513 428
513 436
513 441
512 449
513 450
513 453
514 457
513 461
508 466
512 470
514 473
514 475
515 478
513 482
514 488
513 500
513 497
515 502
513 507
514 511
514 517
510 522
514 528
513 532
513 537
513 542
513 548
511 565
513 569
512 574
513 576
513 579
513 582
513 588
515 592
514 597
514 602
511 607
515 610
513 616
513 621
511 626
513 632
512 636
514 642
513 646
512 653
513 658
512 660
512 665
513 669
512 674
513 678
514 682
513 687
513 690
513 694
514 693
513 700
512 706
514 709
513 711
513 717
514 720
513 725
514 727
513 734
513 735
513 740
513 743
513 747
513 751
514 754
513 758
514 762
512 766
513 769
513 774
512 775
509 779
483 782
411 783
190 784
216 788
209 806
267 812
259 811
271 814
252 816
256 819
280 822
300 822
252 830
254 830
286 833
280 837
290 839
289 842
267 844
277 847
271 850
259 854
288 856
300 859
266 861
254 864
264 867
287 869
271 871
293 874
330 876
285 877
283 880
353 882
355 885
354 886
362 887
346 889
328 890
325 890
356 893
364 894
371 895
382 896
364 897
378 900
402 899
391 901
381 902
398 904
398 904
383 905
368 906
404 907
409 907
412 910
437 909
390 910
399 911
399 912
366 912
418 916
412 918
411 918
416 919
437 918
428 919
417 919
434 920
457 920
450 920
437 921
433 921
439 923
464 921
446 921
478 922
477 922
448 922
471 921
461 921
472 921
480 921
469 920
492 919
487 918
503 917
510 916
512 914
512 914
512 911
510 909
513 906
513 906
513 904
513 904
514 900
512 900
513 899
513 898
512 897
512 895
514 894
514 891
512 888
511 884
513 887
513 884
514 882
513 881
513 878
513 876
513 873
514 871
513 869
513 867
514 864
513 862
513 845
514 843
514 840
516 837
513 834
514 829
513 825
513 821
513 818
513 815
513 805
513 806
513 802
513 796
512 793
513 790
513 787
514 783
514 777
513 781
512 780
516 767
512 763
513 759
513 755
513 752
513 746
514 743
514 739
512 735
514 730
511 727
515 721
513 719
513 715
513 709
512 704
513 699
513 693
513 689
513 685
514 681
511 678
513 674
513 671
508 667
515 662
513 658
514 652
513 648
513 643
513 640
512 635
513 630
513 622
514 616
513 611
515 589
512 585
513 581
514 578
512 574
514 572
513 569
512 567
513 562
513 558
514 553
514 549
515 545
514 539
514 536
514 531
513 525
513 521
513 515
513 509
514 504
514 499
513 494
514 493
514 487
512 482
513 478
512 474
514 469
514 466
514 464
513 459
512 454
514 450
515 445
514 441
512 436
501 429
505 428
512 421
512 418
514 412
513 406
513 402
514 396
514 391
512 387
514 381
513 377
515 373
514 368
513 364
513 359
513 355
513 351
514 346
513 342
514 324
514 323
513 319
514 317
513 313
513 309
513 304
513 301
513 297
511 294
514 290
514 286
514 283
514 280
513 276
513 271
513 267
515 263
518 261
518 256
515 255
587 254
640 250
859 250
883 246
874 242
849 237
820 233
803 231
804 227
791 223
758 220
780 218
801 215
750 211
749 209
773 206
749 204
766 199
750 192
733 196
732 193
722 191
738 188
759 185
757 177
779 179
758 177
751 174
742 171
717 169
729 166
779 164
738 162
712 159
690 158
696 157
645 144
704 144
680 139
680 142
646 140
642 139
643 136
637 136
672 134
679 136
655 133
601 132
602 132
606 129
641 130
669 129
662 129
614 127
585 126
583 124
628 123
625 123
634 122
624 122
590 121
630 121
631 119
592 119
604 119
608 118
623 117
616 117
604 116
591 116
574 115
589 116
624 115
580 118
596 116
590 116
562 116
574 116
559 116
553 117
542 117
537 117
556 118
529 117
536 118
536 119
518 121
514 123
514 125
514 126
513 129
514 130
514 132
514 143
514 144
514 144
514 147
514 149
513 150
513 152
514 154
512 157
514 159
513 162
514 162
514 165
514 167
514 169
514 173
516 174
514 177
513 180
514 182
514 185
513 191
514 191
512 194
513 198
513 199
513 204
513 208
515 211
513 215
512 220
513 225
513 229
513 232
513 236
515 239
513 242
513 247
514 250
514 254
513 257
514 262
513 265
514 270
513 275
513 279
515 284
514 288
513 292
513 297
513 300
515 304
513 308
513 313
514 317
513 321
514 325
515 528
512 533
512 538
513 542
513 546
513 550
513 556
511 559
512 563
513 566
515 568
513 575
512 578
512 582
511 588
512 591
515 596
514 600
513 606
515 610
513 616
513 620
514 625
514 630
513 635
514 639
512 644
514 649
516 654
513 659
513 664
514 669
513 672
513 677
513 683
513 686
513 691
513 694
513 698
513 701
513 705
513 708
513 711
513 716
513 720
514 723
515 727
513 732
513 736
513 741
513 744
512 747
513 750
513 755
514 758
513 759
512 779
508 781
477 783
396 781
210 784
211 786
213 791
209 795
239 799
204 803
214 807
255 809
231 812
254 816
252 821
229 822
260 825
278 828
265 829
276 832
289 836
301 838
289 841
256 844
272 846
267 848
249 852
290 854
277 856
274 860
277 863
261 865
274 868
284 870
276 874
289 876
314 878
316 880
304 882
313 883
361 886
345 886
316 888
350 888
372 891
378 892
397 893
376 893
368 895
334 897
354 898
400 900
384 899
408 902
407 902
363 902
395 906
415 910
385 910
411 909
424 911
411 913
364 913
388 914
408 915
387 914
420 916
419 917
404 918
407 919
409 919
412 920
392 921
409 921
455 922
434 921
449 919
471 922
443 922
463 920
448 921
432 921
428 921
433 922
455 921
439 921
447 922
