513 694
513 696
513 700
514 703
514 705
513 708
514 712
513 717
513 720
513 725
513 728
513 733
514 736
513 739
514 743
514 747
513 750
513 754
513 758
514 761
513 766
513 769
513 773
512 776
511 779
504 782
418 780
236 783
105 786
79 790
73 793
68 794
83 800
63 804
88 807
105 810
96 813
113 818
152 820
139 824
130 827
98 830
124 833
157 834
175 839
162 840
149 844
129 846
134 847
126 853
140 853
175 855
145 858
139 862
173 864
157 868
135 869
172 873
513 413
512 409
513 404
514 401
513 391
513 392
512 387
513 382
513 377
515 370
513 368
513 363
513 359
513 355
513 348
513 347
514 343
513 339
513 333
513 332
513 329
513 326
512 321
513 318
514 309
513 309
514 306
513 301
513 297
513 293
514 290
516 287
513 285
514 280
513 276
513 272
513 269
513 264
516 258
515 257
525 254
597 253
701 252
785 250
951 250
982 245
990 241
957 237
925 235
943 229
949 227
951 224
929 222
920 217
923 214
897 211
891 208
215 880
221 882
239 882
262 883
243 886
218 888
236 890
295 891
282 889
261 894
336 895
302 898
270 897
309 893
320 899
303 900
305 902
302 903
303 904
305 906
340 906
339 906
330 909
335 906
324 911
352 910
339 912
346 912
362 908
334 914
377 915
378 915
352 915
381 917
371 919
351 917
375 917
365 912
353 919
365 919
374 920
421 920
426 921
426 921
405 920
386 920
406 921
447 919
443 921
440 921
442 920
441 922
424 920
442 920
458 920
442 921
486 918
513 860
513 858
513 857
513 854
513 850
513 848
514 844
513 840
513 838
513 835
512 831
513 827
513 822
511 819
513 815
513 808
522 808
513 803
513 799
512 795
513 781
513 787
513 784
513 779
513 775
509 771
513 767
513 764
513 760
512 756
513 751
514 748
514 744
513 740
513 736
513 732
513 722
513 723
512 720
513 716
513 710
513 706
514 700
513 697
513 693
513 687
513 683
514 680
513 676
513 672
514 664
513 665
514 661
513 657
513 651
513 646
513 616
513 617
513 612
513 607
513 602
513 595
513 594
514 589
514 585
513 581
513 577
513 569
512 570
513 567
513 563
513 558
513 554
514 551
512 547
513 543
513 538
513 532
513 528
513 522
513 517
513 511
512 507
513 501
513 497
513 492
513 487
512 483
513 479
513 474
513 470
513 467
512 463
514 459
514 455
513 451
515 451
512 442
514 437
513 432
514 428
513 423
513 418
512 412
513 407
514 402
513 398
513 393
512 388
513 384
513 379
512 374
512 370
513 343
513 339
513 337
514 333
512 329
513 325
513 322
513 317
512 315
513 310
514 305
513 303
514 299
513 295
513 291
513 287
513 284
512 278
514 277
513 273
513 267
512 264
514 262
517 258
520 255
538 254
693 252
758 250
901 249
957 246
990 241
975 238
950 235
953 232
973 229
969 218
944 221
920 218
933 215
899 212
866 209
865 206
900 203
896 201
904 198
852 196
853 193
873 191
853 187
841 185
875 182
917 180
892 177
879 170
877 171
863 174
813 163
817 155
802 154
764 152
778 151
771 148
798 148
784 147
733 146
670 144
672 143
737 142
745 143
782 140
773 139
695 132
677 136
680 135
717 133
736 131
714 126
680 131
691 130
672 129
694 126
704 127
710 129
676 126
681 125
702 123
681 123
679 122
677 120
665 119
656 113
653 119
649 118
671 120
656 117
644 112
650 117
653 117
637 116
599 116
616 116
594 116
594 116
629 115
595 116
590 116
622 115
594 115
609 113
597 117
574 115
578 117
544 118
539 118
518 128
516 129
515 131
514 132
515 133
513 135
510 136
514 137
515 138
514 138
514 139
513 141
514 142
514 144
514 147
512 145
514 147
515 148
513 149
513 153
514 157
514 158
514 162
514 164
514 165
513 169
513 170
513 173
514 177
514 178
514 180
513 183
513 186
514 189
514 194
513 196
513 194
513 203
513 206
513 210
514 214
513 218
514 221
514 225
514 229
514 233
513 236
514 241
514 245
513 249
513 252
514 256
514 260
514 264
511 268
514 272
514 276
514 315
514 319
514 323
513 328
513 332
513 336
513 340
513 342
513 349
513 353
513 358
513 361
514 365
513 369
514 372
514 376
513 381
513 386
513 390
513 394
513 397
513 404
513 410
514 417
513 422
513 427
514 434
514 439
513 444
513 447
513 451
513 455
513 460
513 458
513 467
514 469
513 473
514 476
513 482
514 485
514 490
514 493
512 497
513 502
513 509
514 515
513 519
513 521
513 530
514 535
514 538
514 546
514 549
513 553
513 557
514 560
513 565
513 595
513 600
513 604
512 608
513 610
513 619
513 622
512 629
513 633
513 639
514 642
513 649
513 652
513 658
513 662
515 666
513 671
513 675
513 679
513 683
513 688
512 692
514 695
515 699
513 703
514 706
512 710
513 714
513 718
513 722
512 726
513 730
513 734
513 731
513 742
514 745
514 749
514 752
513 756
513 760
513 763
513 766
514 771
511 774
511 778
509 781
443 783
286 783
154 785
129 788
88 792
64 795
93 799
99 802
88 803
105 809
111 812
103 906
336 906
340 907
304 908
377 908
352 908
311 905
328 911
341 912
348 912
421 913
402 915
363 917
341 917
338 917
341 918
364 918
399 920
404 919
403 919
367 919
390 920
410 921
387 921
408 921
410 921
407 921
434 921
419 921
429 921
438 921
420 921
457 921
456 920
440 920
466 923
459 914
469 919
495 917
499 917
506 911
510 913
513 912
512 910
513 908
512 906
513 906
512 903
513 902
517 901
513 900
513 899
512 898
514 897
514 895
513 894
512 894
513 881
514 881
513 879
512 878
513 874
513 873
514 871
513 868
511 866
513 858
513 860
513 858
514 856
513 854
512 852
513 848
513 845
513 842
512 839
513 835
513 833
513 829
513 825
513 821
512 818
513 813
513 804
515 804
513 799
513 796
513 792
514 794
513 783
514 782
513 776
513 772
513 767
512 766
513 761
513 756
513 752
512 748
513 745
513 742
513 738
513 733
513 729
513 722
513 719
513 715
513 711
513 706
512 702
513 697
513 694
513 687
514 684
513 665
514 660
513 658
512 655
513 650
514 646
513 642
513 636
513 636
516 632
513 622
513 616
513 611
513 604
513 599
513 595
512 590
513 587
512 582
514 578
512 574
512 571
513 566
513 563
513 560
513 555
512 553
512 550
513 544
514 540
513 535
513 529
513 524
513 516
515 513
513 508
512 502
513 497
513 491
513 489
513 484
513 476
513 475
511 472
513 468
514 463
513 455
513 457
513 455
513 448
513 443
512 446
513 434
513 428
513 424
513 421
513 414
514 392
512 387
513 384
513 380
512 375
513 369
513 366
513 362
514 358
514 354
513 348
513 345
513 340
513 337
513 336
513 331
513 327
513 322
514 319
514 316
513 312
513 308
515 303
513 300
513 297
514 291
513 288
513 281
511 282
513 279
514 270
513 270
512 266
514 263
516 257
517 252
557 255
662 252
745 250
867 250
1009 247
994 243
968 240
990 237
965 232
937 229
935 225
883 221
905 219
947 215
933 213
897 210
884 207
859 204
863 202
849 199
877 197
902 184
878 182
878 174
887 178
867 171
909 170
867 164
833 172
890 166
860 164
808 159
806 158
822 155
793 152
765 152
786 150
771 149
730 148
777 147
735 144
684 144
737 144
723 141
681 133
703 139
707 137
707 136
723 133
691 133
718 132
723 131
714 131
701 131
685 129
672 128
684 127
722 125
706 126
683 125
669 124
618 124
677 123
689 122
632 120
675 121
696 120
652 129
615 107
619 116
650 116
652 117
630 118
654 117
618 110
603 116
634 116
589 113
586 117
578 117
591 116
577 117
563 116
560 117
547 118
535 119
525 119
514 121
513 123
515 125
516 128
514 129
514 131
515 132
514 136
513 134
513 136
514 137
514 138
515 139
514 140
513 141
514 144
513 145
514 147
514 147
513 149
513 155
515 147
511 157
513 158
513 161
513 164
514 166
513 166
514 170
514 172
513 175
514 178
515 180
514 183
514 185
513 189
513 189
514 194
514 197
513 200
513 203
513 207
514 211
514 215
513 219
513 222
514 227
515 232
514 251
514 253
513 259
515 263
514 264
514 269
513 272
514 274
515 280
513 285
513 286
513 291
514 296
514 300
513 305
513 309
513 314
513 319
513 324
513 328
513 332
513 337
513 339
513 340
514 346
513 351
514 354
514 357
513 361
513 369
515 373
513 376
513 379
513 378
514 388
513 394
515 399
514 404
513 411
513 413
514 420
513 426
514 432
513 439
514 441
514 445
513 450
513 454
513 460
513 463
513 465
513 468
512 472
514 476
513 482
513 485
513 507
513 510
513 514
513 517
513 524
514 528
513 535
513 539
513 543
514 547
513 551
513 555
513 561
513 565
513 568
514 572
513 575
514 580
514 585
514 588
514 593
514 595
514 602
514 608
515 612
513 617
513 622
514 626
513 632
514 637
514 642
513 648
514 652
517 656
514 661
513 666
513 671
513 675
513 679
513 683
513 687
513 689
513 695
513 699
513 702
513 706
513 710
513 713
513 717
513 721
513 725
514 729
513 734
513 737
514 740
513 744
513 748
513 762
513 769
513 770
514 773
513 777
511 780
506 783
385 784
169 784
81 788
69 791
67 795
117 799
103 801
86 804
93 806
113 811
110 814
83 818
66 822
133 821
143 827
159 830
171 832
137 835
150 837
158 843
147 845
150 846
173 848
150 847
150 855
158 857
165 859
169 860
121 865
136 866
160 871
178 873
201 871
212 878
181 880
182 883
226 884
243 880
257 887
308 888
286 890
259 889
315 893
336 894
283 895
320 896
308 899
260 899
280 899
297 902
289 902
332 905
293 908
301 910
298 909
348 911
337 911
351 912
391 913
360 913
348 915
341 915
331 916
341 918
334 918
365 917
393 919
364 919
388 919
385 918
367 914
390 921
406 919
394 918
391 921
399 922
423 921
419 921
449 922
446 921
429 921
445 921
424 920
440 921
447 921
445 924
479 920
472 918
483 917
506 915
507 915
510 912
512 910
512 908
512 905
513 904
513 903
512 903
514 900
514 900
512 899
513 899
513 896
513 895
513 894
513 893
512 891
513 889
512 878
513 875
512 875
512 873
513 871
513 869
513 867
512 865
513 863
513 860
512 857
512 854
514 852
513 849
513 846
513 845
513 840
513 836
514 832
513 830
513 826
512 821
511 818
513 814
513 810
513 803
490 802
513 797
512 793
513 790
512 780
513 782
514 777
514 772
513 768
514 765
513 761
513 758
513 754
512 750
513 746
512 742
513 738
513 735
513 730
513 725
512 721
514 715
513 709
514 706
513 702
514 697
513 694
513 691
512 686
514 684
513 679
514 656
513 655
513 650
511 645
512 639
513 634
513 632
516 618
514 620
514 613
513 608
513 601
513 596
514 590
513 586
513 584
514 579
513 576
513 572
512 568
513 566
513 562
513 558
513 553
513 548
513 545
513 542
513 537
514 531
513 525
512 520
512 514
513 509
513 504
513 499
513 494
513 490
513 486
513 481
512 477
513 473
513 469
513 465
513 462
513 457
513 456
513 449
513 443
513 438
513 432
514 432
513 424
513 420
512 415
513 410
513 405
514 400
512 379
513 373
513 371
513 368
514 365
513 357
513 355
514 349
513 346
513 342
513 339
513 335
514 332
513 327
513 324
513 320
514 315
513 312
513 308
513 304
514 300
513 297
514 292
513 289
513 286
513 282
514 279
511 273
513 269
514 267
515 264
515 260
517 257
526 254
597 253
709 251
860 250
1000 247
1021 246
993 240
969 237
954 233
948 229
945 227
950 222
896 219
889 216
897 213
918 211
900 207
877 204
888 198
867 200
854 198
867 194
888 191
879 179
894 176
880 176
871 172
866 170
855 169
852 172
852 159
829 161
797 158
799 155
817 154
784 153
772 151
747 150
680 148
695 147
724 146
775 145
759 142
715 141
737 141
699 139
690 138
759 137
756 133
722 134
693 136
653 132
674 131
724 130
698 130
715 128
662 127
659 127
692 126
669 126
701 124
695 123
647 122
662 121
680 121
660 120
653 119
675 119
669 122
644 121
657 119
645 120
625 117
630 117
605 117
629 118
628 116
628 116
625 116
581 117
586 117
570 118
529 119
534 120
520 120
516 122
517 124
514 126
514 128
514 129
514 133
514 133
514 134
514 138
514 137
513 138
517 139
514 139
514 142
513 140
514 145
512 147
513 148
512 152
513 153
513 156
513 160
516 167
514 160
514 163
513 164
514 166
513 169
514 172
514 173
514 177
513 180
513 181
514 185
513 187
513 190
514 193
513 197
514 200
513 203
513 208
514 212
513 214
513 219
517 223
514 227
513 232
512 236
514 239
514 244
514 247
514 251
514 283
513 286
513 290
513 292
514 294
513 299
514 304
513 308
513 313
513 317
514 322
514 326
514 330
513 333
513 338
513 342
513 347
514 351
515 355
513 359
513 364
509 367
514 372
514 375
514 379
513 381
514 385
513 393
514 397
513 404
513 409
513 414
514 420
514 422
513 428
513 436
513 442
513 446
513 449
514 453
514 456
513 460
513 468
512 468
514 472
513 475
513 479
513 482
513 487
513 491
513 495
513 500
513 506
513 511
513 517
513 522
514 527
514 567
513 571
513 576
513 580
513 582
514 587
514 592
513 596
514 601
513 606
513 611
513 616
513 621
513 626
511 631
513 638
513 642
513 645
514 652
513 655
513 660
513 663
513 669
513 673
513 678
513 685
514 685
514 690
514 694
514 697
513 700
514 704
513 707
513 712
514 717
514 719
513 723
513 728
513 731
513 735
515 740
513 743
513 746
513 750
513 755
513 758
513 762
513 765
514 768
514 772
513 775
512 779
509 782
435 783
254 782
92 785
49 790
46 807
135 809
98 813
104 814
110 817
125 820
129 824
123 825
140 830
151 832
137 835
153 838
151 840
139 845
160 845
118 848
143 851
200 855
173 859
147 858
140 860
120 865
140 868
149 870
182 872
213 877
182 877
201 881
194 881
177 884
278 886
317 886
240 888
261 890
277 890
243 892
295 893
318 895
304 894
278 896
290 898
288 900
303 901
361 903
333 902
311 904
341 906
316 905
317 906
337 908
346 911
388 910
368 911
337 912
367 913
335 913
325 914
354 727
513 730
513 732
513 736
513 739
513 742
513 747
513 750
513 753
513 756
514 760
514 764
513 768
513 772
512 775
512 778
504 783
447 783
340 784
151 787
102 787
35 793
38 798
77 800
100 803
104 806
93 809
96 813
128 816
130 819
147 823
124 827
94 829
134 832
156 832
140 836
178 839
180 841
155 846
169 846
135 849
132 853
155 856
166 857
168 862
168 864
155 867
152 870
146 871
172 877
191 877
181 878
218 881
231 883
244 885
251 886
289 887
274 889
385 907
361 909
362 911
323 911
333 908
352 913
348 913
319 914
327 915
356 916
351 917
342 917
373 918
384 918
375 918
401 919
380 920
390 919
400 920
390 921
392 923
411 921
412 921
405 920
431 923
424 922
445 920
456 922
448 921
438 921
460 921
447 920
459 920
474 919
482 919
504 917
511 915
510 913
511 911
513 910
512 909
512 905
512 904
513 902
513 900
512 900
512 900
513 898
513 897
513 897
513 895
513 893
513 892
514 889
513 888
513 886
512 884
513 873
512 870
513 869
513 868
513 865
513 864
513 861
513 861
512 856
512 854
512 850
513 848
513 843
513 841
512 838
513 834
513 830
513 826
514 824
513 819
512 814
513 810
513 807
512 801
513 799
515 794
513 791
512 787
513 783
513 797
513 776
513 771
513 767
514 763
514 758
513 754
513 752
513 747
513 742
513 739
514 735
512 731
513 729
513 724
514 719
512 715
512 710
514 704
513 700
513 697
512 691
513 687
513 683
514 678
513 675
514 671
514 668
513 646
512 643
513 640
513 637
513 632
513 628
513 626
507 594
513 608
513 604
513 600
513 595
512 588
514 584
515 579
512 578
513 575
513 572
512 566
514 562
513 560
513 556
512 553
513 547
513 543
510 539
513 532
513 528
512 524
513 519
513 512
513 506
513 502
512 496
513 492
514 489
514 483
514 479
514 475
513 473
513 468
513 465
513 460
513 455
513 452
513 448
512 443
513 426
508 433
515 427
514 423
513 418
513 411
514 408
514 402
511 398
513 375
513 372
514 369
513 365
513 361
512 356
514 352
513 348
512 344
512 340
513 337
512 334
513 330
513 326
514 322
514 318
513 314
514 310
514 306
513 301
514 298
514 294
513 291
513 287
514 283
513 280
513 276
511 273
517 275
508 265
513 262
513 260
515 257
569 254
621 252
757 250
894 250
1010 247
1023 242
1023 238
1002 234
950 231
906 228
913 225
918 221
923 218
921 215
897 212
864 209
870 204
889 203
874 201
852 198
862 195
852 193
874 192
890 188
863 171
878 172
892 170
865 168
879 166
848 162
848 165
820 161
789 165
806 155
773 153
787 152
780 150
739 149
733 148
727 146
700 143
730 144
729 142
716 141
766 139
736 137
730 137
763 136
719 135
701 134
710 133
690 132
710 130
704 129
707 128
714 129
702 126
718 126
683 126
662 124
684 123
677 123
691 122
655 122
648 121
649 121
658 119
660 118
641 119
655 121
671 119
619 116
635 116
626 117
600 116
627 117
614 117
608 115
608 115
578 116
592 115
568 114
550 118
550 118
574 118
540 119
540 120
520 122
514 123
515 125
514 128
514 129
514 132
515 133
514 134
514 135
514 137
513 138
513 140
514 140
513 141
516 142
513 145
514 145
514 148
514 150
516 150
514 154
514 153
515 156
514 157
512 162
514 164
513 165
514 168
513 170
514 174
514 176
513 178
514 181
513 183
513 186
513 189
513 192
514 196
516 198
514 202
513 206
513 208
513 213
513 216
513 221
514 225
514 230
514 234
513 238
513 241
513 245
513 263
514 265
514 269
513 274
513 278
513 282
513 288
513 291
514 295
513 299
514 302
514 306
516 311
512 315
514 318
514 323
513 328
514 331
514 336
514 341
513 344
513 349
514 352
514 356
514 360
513 364
513 369
514 374
514 377
513 381
513 385
514 390
513 394
513 398
513 406
513 411
513 416
513 421
513 427
512 432
513 438
513 443
514 449
513 452
516 455
513 459
514 463
513 466
513 469
513 474
513 477
513 481
514 484
513 488
513 493
514 498
513 504
513 528
508 532
513 536
513 539
513 543
514 548
513 553
513 558
514 563
513 565
514 568
513 572
513 576
514 580
513 585
513 591
513 594
513 599
513 603
513 608
513 613
514 619
512 624
513 628
513 633
513 638
513 643
513 648
513 653
513 658
513 663
513 667
513 671
514 676
514 680
513 685
513 688
514 692
513 696
514 699
513 702
513 706
513 709
514 714
513 717
514 721
514 725
513 729
514 733
514 737
513 740
513 743
513 748
514 752
513 756
513 759
514 778
508 780
452 783
369 784
189 784
107 787
89 790
44 795
35 800
56 804
107 806
99 809
104 813
109 815
108 818
111 823
136 826
138 829
138 831
126 833
132 836
172 840
159 841
166 842
174 845
144 850
138 851
144 853
117 857
170 861
156 863
133 866
167 869
170 872
164 876
192 877
201 877
243 880
221 881
226 883
267 882
219 886
265 892
317 889
311 890
303 893
262 893
191 897
281 896
288 897
310 901
314 900
283 901
316 902
350 903
317 904
344 906
306 908
361 910
354 913
324 913
337 913
317 913
358 914
340 914
375 916
403 916
347 918
350 919
357 919
383 919
397 919
378 919
400 920
406 920
377 919
424 922
422 922
422 922
455 922
421 921
419 921
436 922
417 921
429 920
430 921
446 921
464 921
453 920
469 917
488 919
495 918
506 917
511 914
512 912
513 911
512 906
512 906
512 904
512 903
513 902
513 901
513 899
513 899
512 897
513 896
512 895
514 894
513 895
513 891
512 886
513 885
512 886
513 881
513 879
512 868
513 868
513 866
514 864
513 861
512 859
513 856
512 854
513 852
513 848
513 845
513 843
513 838
513 837
514 832
513 828
513 825
514 820
512 817
513 812
514 809
513 805
513 801
513 797
511 793
513 788
513 785
515 779
512 777
513 772
513 768
512 762
514 760
514 755
512 753
513 749
511 744
512 743
513 736
514 733
513 728
513 724
512 721
513 714
512 710
513 706
513 702
513 696
513 693
513 688
513 685
513 681
513 677
513 673
514 669
514 664
514 659
513 625
513 620
514 612
513 614
513 605
512 601
512 595
513 589
513 585
513 582
513 578
513 575
512 571
513 567
513 561
512 559
512 556
511 553
513 550
513 545
513 538
513 533
513 529
513 525
513 519
513 513
513 507
513 503
513 498
513 494
512 489
513 485
513 480
513 476
514 473
513 469
513 463
513 461
514 457
513 453
513 448
509 444
512 439
512 446
512 432
516 424
513 420
514 415
512 410
513 405
513 400
513 394
512 390
513 385
513 381
513 375
513 370
513 341
513 337
513 334
513 330
513 327
513 322
514 320
513 316
513 310
513 307
513 304
513 300
513 296
512 293
513 289
512 285
513 283
514 279
513 274
512 271
514 269
524 262
515 259
521 255
543 254
685 252
761 250
883 249
952 246
955 243
937 239
961 235
935 233
963 229
935 225
897 222
920 220
948 216
888 213
901 209
934 208
894 204
894 201
864 199
851 196
872 194
842 190
838 188
877 186
898 185
896 180
878 178
870 175
845 171
815 169
842 165
929 152
717 151
733 149
692 148
742 146
743 145
719 145
768 143
746 142
702 140
688 139
729 138
746 134
757 137
741 134
686 133
648 131
678 131
696 130
690 129
741 128
704 128
640 126
672 126
688 124
680 123
676 124
690 122
654 121
610 121
678 120
674 120
648 120
685 120
656 119
629 119
629 117
588 118
614 116
630 116
634 116
642 116
616 117
622 117
620 116
590 116
596 116
586 117
558 117
558 117
562 116
546 117
531 117
554 119
534 120
518 121
516 123
515 132
511 133
515 134
514 135
514 136
515 136
514 138
514 138
513 140
514 141
514 143
514 147
513 147
514 148
514 151
518 152
513 155
514 157
514 163
510 161
517 166
513 165
513 168
513 170
513 172
513 175
514 178
513 180
513 183
514 183
513 189
513 191
514 194
513 197
513 201
514 205
514 209
513 213
513 217
514 220
513 224
513 229
513 233
513 237
512 242
513 244
513 248
514 251
514 253
515 257
512 261
512 265
514 271
514 274
513 279
513 283
514 286
517 309
513 314
513 315
513 320
515 321
514 325
513 330
513 334
513 340
514 345
513 348
513 352
513 356
514 361
513 365
513 369
513 373
514 376
514 379
513 383
514 387
513 394
513 400
513 405
513 410
513 415
514 420
513 427
513 432
513 437
513 441
513 445
513 450
513 454
514 458
512 462
513 466
513 470
512 474
513 476
514 479
513 484
514 489
514 492
513 497
513 502
513 509
514 513
514 517
513 523
512 529
513 534
513 538
514 543
513 547
513 552
513 556
514 575
513 578
513 582
514 584
513 589
513 593
514 597
514 601
513 606
513 612
513 617
514 621
513 626
514 631
514 637
514 641
514 646
513 652
513 656
513 660
513 664
513 668
513 674
513 678
511 683
512 686
513 690
513 697
512 699
513 701
513 705
514 708
513 713
513 717
513 721
513 725
513 729
513 733
513 736
514 740
513 744
513 747
514 752
513 754
514 758
513 761
513 766
513 771
512 773
512 777
511 780
500 782
398 785
213 783
101 786
113 790
71 793
65 811
126 814
101 817
116 819
128 821
143 824
155 827
122 831
149 833
184 835
152 840
170 840
164 845
142 846
172 849
150 852
147 855
165 856
140 860
143 862
165 866
184 869
157 871
160 871
200 876
178 877
168 880
213 881
264 883
278 887
279 886
241 888
238 890
262 891
288 895
343 894
319 895
332 897
272 897
243 898
282 896
323 901
349 902
349 901
329 905
323 905
303 906
316 907
349 907
313 909
332 910
351 910
336 910
360 913
316 913
292 915
341 915
338 918
373 917
416 919
385 920
378 919
361 920
402 921
439 925
426 920
393 921
398 920
398 921
395 921
409 920
421 921
412 922
422 921
423 920
423 921
453 921
447 920
464 920
470 918
472 918
505 916
511 914
510 913
511 911
512 908
512 907
512 904
514 905
513 902
512 901
513 900
513 900
513 897
511 897
511 895
513 893
513 892
514 887
513 888
513 887
514 884
511 882
513 880
513 879
512 876
513 873
512 871
513 869
513 868
512 865
512 863
513 861
513 858
513 844
513 843
513 839
511 835
513 832
513 829
513 825
513 821
513 817
513 813
514 810
514 806
512 801
513 798
513 793
513 790
513 786
513 782
513 778
513 774
514 770
513 767
513 764
513 758
513 756
513 751
513 748
513 744
513 740
513 735
514 732
513 728
513 723
513 719
513 712
512 708
513 702
513 697
514 692
513 690
513 684
513 681
513 679
512 675
513 671
513 666
513 662
513 657
512 653
514 648
513 645
513 642
513 635
513 627
513 624
514 616
513 616
512 588
512 583
514 580
513 578
514 575
513 571
513 568
513 565
514 563
513 557
513 554
513 549
513 545
513 540
513 536
514 530
513 525
513 520
513 515
513 510
513 505
513 499
513 494
513 491
513 487
513 482
512 477
513 473
514 470
514 466
512 463
513 459
513 455
512 449
513 444
514 440
514 436
514 430
503 425
517 423
513 415
513 411
513 405
513 400
509 396
514 391
513 386
513 381
513 377
514 372
513 368
512 363
512 359
512 354
513 351
513 346
513 342
513 325
513 324
513 319
513 316
513 312
513 306
513 304
513 301
513 296
513 294
514 289
516 286
514 282
513 278
513 275
513 272
513 273
515 274
516 259
517 257
524 253
624 253
700 251
738 250
957 248
1005 245
1013 241
1004 236
988 233
964 230
936 227
914 222
903 220
901 216
936 213
921 210
872 206
840 205
862 202
885 199
851 197
844 195
853 192
878 189
863 187
868 186
890 181
904 178
876 176
849 172
859 170
860 165
853 165
875 164
864 161
800 157
777 149
751 149
707 148
750 147
757 145
739 143
714 143
769 140
775 142
748 139
734 139
703 136
706 136
737 134
719 134
699 132
687 132
663 132
665 130
721 128
713 128
690 130
707 125
690 125
671 125
690 123
677 123
665 122
662 121
648 120
649 120
678 119
651 119
607 118
613 118
671 118
637 114
643 118
625 113
605 116
621 116
630 115
622 114
619 116
589 116
608 116
582 117
573 116
599 117
556 116
549 117
564 117
533 119
535 119
525 121
519 122
515 124
516 136
513 135
514 137
514 137
514 139
514 139
514 143
513 143
514 145
513 146
514 148
513 150
513 152
505 154
515 157
512 159
512 162
516 163
512 164
513 166
514 168
515 172
514 174
513 177
513 179
513 183
513 182
511 187
513 190
513 193
513 196
513 200
513 203
514 208
513 212
513 214
513 219
513 223
513 228
514 233
513 238
513 240
513 244
514 247
513 250
514 256
514 258
513 262
513 266
513 271
513 274
513 280
513 284
513 288
513 292
513 297
510 301
514 320
513 324
514 328
514 330
513 333
514 337
513 342
513 347
514 351
513 356
513 360
513 362
513 365
513 369
514 373
513 380
513 385
513 388
513 392
513 395
513 401
513 407
514 414
513 420
514 426
514 427
514 432
514 438
514 445
512 451
513 456
513 458
514 460
514 464
513 469
514 473
513 477
514 479
513 482
513 486
514 489
513 496
513 502
514 507
513 511
513 514
513 521
514 527
516 532
514 537
513 542
514 546
513 551
513 555
513 558
513 562
513 567
511 592
513 593
514 596
513 601
512 606
513 611
513 616
515 620
513 626
513 631
514 635
512 641
513 646
513 650
512 655
513 659
512 664
513 669
513 673
513 676
513 681
514 685
514 690
515 693
514 697
513 701
514 705
513 708
513 711
514 715
513 720
512 723
513 727
513 732
514 735
513 739
513 743
512 746
513 750
513 753
513 756
513 761
513 765
513 769
513 772
512 774
512 779
507 782
425 784
263 786
111 785
84 788
63 793
59 797
87 800
84 804
83 808
102 811
82 827
174 830
130 831
134 833
119 835
140 837
191 838
175 841
135 845
166 847
150 850
131 854
150 855
147 858
169 862
156 865
116 867
171 870
164 872
145 874
164 877
199 881
214 882
218 883
259 884
314 886
274 888
237 889
269 890
270 892
307 893
314 894
265 896
285 897
253 898
263 900
338 897
305 902
310 903
311 904
301 905
338 906
350 906
327 909
326 909
336 908
334 910
341 911
373 912
348 913
303 914
337 915
341 915
335 915
375 918
390 917
398 918
429 921
384 920
385 921
405 921
453 922
444 921
421 922
441 922
419 921
425 920
432 920
441 921
469 919
468 920
480 920
507 918
504 915
507 914
510 913
512 911
512 909
511 907
513 905
512 904
512 902
512 901
513 901
513 900
513 897
513 896
518 896
512 895
513 893
513 891
513 889
512 888
512 886
513 883
512 880
514 879
512 877
512 874
513 873
513 869
514 868
513 867
512 865
513 862
513 859
513 856
513 853
512 851
512 847
513 844
513 840
513 837
513 808
514 805
513 803
512 799
512 794
512 789
513 786
513 782
513 779
513 774
513 770
513 766
513 761
513 760
514 755
514 752
513 748
514 744
512 738
513 732
513 731
513 727
513 721
513 718
513 713
513 709
513 704
513 697
515 695
513 692
513 687
513 682
513 680
513 675
513 672
512 669
513 663
513 658
513 654
514 650
513 645
514 642
513 636
513 631
512 625
513 620
513 614
513 611
512 605
513 597
513 592
513 588
513 584
513 581
513 578
512 572
510 567
513 353
514 350
513 347
513 343
513 340
513 337
513 333
513 330
513 326
512 321
513 317
513 313
512 310
512 305
513 302
513 297
515 294
513 291
513 287
513 284
513 280
513 276
513 273
513 270
519 265
511 271
519 265
522 255
583 254
686 252
751 249
928 249
994 245
1023 241
1014 236
985 233
953 230
920 227
916 223
908 220
914 220
924 215
912 211
884 208
884 205
833 203
824 201
861 199
907 195
909 194
865 190
838 186
856 184
833 181
865 179
926 176
889 173
857 161
843 160
828 161
804 151
773 163
789 154
784 151
720 150
766 148
761 149
736 147
762 145
713 143
697 142
768 141
738 139
701 139
729 137
716 135
698 139
746 133
742 132
681 131
678 131
656 129
647 128
731 128
732 127
703 125
696 125
641 124
644 123
685 123
662 122
695 122
641 121
610 120
630 121
651 121
663 119
672 118
614 117
636 118
631 117
622 116
630 113
599 116
621 117
617 118
595 116
616 116
590 116
576 115
601 117
589 116
576 117
582 116
517 123
514 124
515 124
515 126
514 128
514 130
514 132
514 133
514 134
515 135
513 136
514 137
515 138
513 140
513 141
514 142
514 144
513 145
514 147
513 150
513 151
514 155
513 156
516 159
517 159
509 159
508 161
517 168
517 169
512 171
