271 882
335 883
391 884
395 886
346 887
348 888
391 890
413 886
354 892
360 893
350 895
364 896
396 897
377 899
371 899
360 901
325 901
387 903
405 904
398 906
426 906
373 907
370 906
412 910
378 908
380 910
419 912
395 913
410 914
444 914
384 916
379 916
417 917
393 918
395 918
433 918
437 919
432 916
410 919
435 920
451 920
445 922
442 920
461 920
447 920
446 922
456 921
442 925
454 918
462 921
461 921
469 923
474 920
474 920
473 920
459 920
488 918
744 195
759 194
766 191
777 190
787 186
754 181
768 180
740 178
721 175
763 173
724 169
744 167
768 165
736 162
732 160
747 158
698 156
684 154
696 152
690 152
672 150
691 148
685 147
660 145
656 144
685 143
637 142
622 141
670 139
667 137
651 138
651 135
626 133
634 139
649 128
656 133
643 131
626 129
599 128
602 127
616 126
621 126
652 125
640 125
622 122
617 123
600 121
593 121
637 120
628 120
597 118
617 122
598 119
592 118
600 119
599 117
589 116
445 921
455 921
457 920
443 921
465 920
461 919
458 920
459 919
480 919
499 918
506 916
508 914
513 913
514 911
512 909
513 909
513 905
513 904
513 903
513 902
511 900
512 899
513 897
513 896
513 896
512 895
514 893
513 891
512 889
513 887
514 885
513 880
513 881
513 879
513 877
513 874
513 874
513 871
513 868
513 866
512 862
513 862
513 858
512 857
512 852
513 851
513 848
514 845
513 842
513 838
513 836
513 833
511 828
512 824
512 821
513 817
513 813
514 670
514 667
513 663
513 659
513 655
514 651
512 647
513 643
513 637
513 632
513 627
514 621
514 615
514 610
512 604
512 601
513 595
513 590
514 584
514 579
513 576
512 575
514 570
513 565
514 563
514 559
512 557
513 553
513 549
513 543
514 537
517 531
513 537
515 524
513 518
513 512
514 507
514 500
513 498
513 494
513 489
513 484
514 480
513 477
511 472
512 470
513 465
513 460
514 457
512 452
513 448
513 445
513 440
513 434
513 428
513 424
513 418
513 396
513 392
514 387
513 383
514 379
515 375
514 369
514 367
514 362
514 367
510 354
505 351
512 346
516 346
513 338
513 334
513 330
513 327
512 323
512 319
513 315
513 312
512 307
513 304
513 300
513 295
514 292
513 289
513 284
513 283
513 277
513 274
513 271
513 267
513 262
513 257
519 256
574 254
665 253
741 250
773 246
786 243
805 240
824 236
794 231
767 229
798 226
756 226
736 221
767 218
746 213
787 210
802 208
755 208
725 203
759 199
760 182
753 180
767 178
729 176
749 174
775 170
762 169
740 166
737 163
726 160
715 158
710 157
687 154
681 153
659 150
666 151
686 148
657 148
669 146
690 145
650 143
679 143
655 141
590 139
626 139
688 136
650 136
690 134
653 137
604 129
646 130
643 133
647 129
646 127
611 127
613 127
615 126
635 125
647 124
628 124
638 122
646 120
593 121
596 120
621 120
593 118
618 117
588 118
566 118
600 118
606 118
586 117
590 115
580 116
582 117
586 116
584 116
584 116
546 116
540 116
543 117
542 117
537 111
544 118
531 118
513 120
516 121
510 123
513 122
514 127
514 129
514 131
515 133
514 134
513 136
513 136
513 138
514 137
514 140
514 140
513 142
514 144
514 144
513 148
514 149
513 152
514 154
513 154
513 158
514 160
513 162
513 166
513 166
512 168
513 170
514 172
513 176
513 177
513 180
513 183
514 186
513 187
514 192
513 196
513 198
514 201
512 205
513 209
511 212
513 216
513 221
513 225
514 230
513 232
514 252
513 253
511 257
513 261
513 265
513 269
513 274
513 279
513 283
513 287
515 290
513 293
514 297
514 300
514 304
513 307
514 312
513 316
513 320
511 324
514 329
513 334
513 339
513 342
514 348
514 352
513 356
514 362
511 367
512 370
513 372
514 375
513 379
514 384
514 390
514 396
513 402
511 406
513 410
517 413
513 419
514 425
514 430
513 439
512 443
513 447
513 451
512 454
512 459
512 463
514 466
513 468
513 472
514 477
516 480
512 486
513 489
512 527
513 532
514 535
514 538
513 543
514 547
512 551
513 556
514 560
514 563
513 567
513 571
512 575
514 579
513 584
513 588
513 593
513 596
513 599
514 605
513 610
513 617
513 621
513 626
515 630
512 636
513 642
513 646
511 652
515 654
512 660
513 665
512 670
512 675
511 679
513 684
513 687
515 691
513 695
511 698
512 703
514 705
513 706
513 712
513 717
513 720
513 726
513 728
513 732
514 736
513 739
513 743
513 747
513 751
512 755
513 759
512 762
309 786
315 789
274 790
257 793
243 797
216 799
189 804
223 807
260 810
285 813
277 817
244 818
226 823
240 825
250 828
285 831
283 833
274 835
301 839
273 840
240 845
291 847
307 848
271 852
277 856
259 857
248 860
278 863
280 867
279 868
269 870
290 873
320 875
301 876
334 880
367 882
299 884
304 885
363 887
343 888
362 889
406 891
360 891
358 894
384 894
369 897
373 896
392 899
358 900
336 902
407 902
389 903
378 905
365 906
386 907
394 908
390 909
513 899
513 900
512 899
513 899
513 898
513 896
512 895
514 894
513 895
513 890
513 887
512 886
512 884
513 882
513 880
513 878
513 876
513 874
513 870
513 869
513 867
513 864
513 863
513 860
513 857
510 854
513 851
513 849
513 846
513 842
513 839
513 836
514 831
513 830
513 826
513 823
513 817
513 813
513 810
515 807
513 802
513 798
513 795
513 789
512 786
512 783
513 779
512 774
513 771
512 765
513 761
513 758
514 754
513 750
513 746
513 741
513 738
513 719
513 716
513 710
513 706
513 701
512 696
514 694
513 688
511 685
513 681
513 677
513 674
513 669
514 664
514 661
513 656
513 650
513 648
513 643
513 638
513 634
513 628
513 624
513 618
513 611
514 605
514 601
512 596
513 592
513 587
512 584
514 579
513 575
512 573
513 569
513 566
513 562
513 557
514 553
513 548
513 545
513 541
513 536
512 524
518 529
514 516
512 514
513 509
515 503
513 499
513 494
514 490
512 485
513 481
514 477
513 473
513 470
513 448
513 446
513 443
513 440
513 436
513 430
513 425
513 420
513 415
511 411
513 405
511 401
513 396
512 391
513 386
513 382
513 377
513 373
512 367
514 363
514 358
514 355
514 354
518 343
509 343
513 339
513 335
514 331
513 327
514 323
514 319
513 315
514 311
513 307
513 303
514 300
513 296
513 292
513 289
513 284
513 281
512 278
513 271
514 270
513 267
513 263
512 260
517 257
523 254
622 253
721 251
766 248
787 245
777 239
779 238
819 234
806 231
781 215
753 213
757 209
764 209
770 204
749 203
737 200
739 198
722 196
738 194
772 190
794 188
774 184
735 182
752 180
756 176
718 174
746 172
753 169
738 166
732 163
719 161
705 158
719 159
719 154
713 154
701 152
685 151
664 149
650 148
645 146
664 145
638 143
630 143
676 141
632 141
630 139
696 137
702 136
655 135
669 133
607 132
613 123
651 129
651 128
637 124
634 127
621 126
644 126
642 125
656 124
622 124
606 123
635 121
665 121
621 120
634 118
596 118
581 117
609 118
601 117
586 117
588 117
569 116
578 116
576 117
545 117
568 116
550 117
542 117
561 116
538 117
550 116
559 117
533 118
526 118
543 118
524 120
516 121
515 124
524 124
514 128
516 130
514 132
513 134
513 134
513 136
513 137
514 138
513 139
513 139
513 140
514 141
513 143
512 144
513 147
513 149
513 150
513 153
513 154
513 156
513 159
513 161
513 163
514 165
514 170
514 169
513 172
513 175
514 177
513 180
514 183
513 185
513 200
514 202
513 205
512 210
513 211
514 214
514 218
513 222
514 227
514 233
514 237
514 241
514 244
513 248
513 253
513 256
513 261
513 263
513 269
514 273
513 275
512 278
513 283
514 287
513 291
514 295
514 299
513 303
513 308
513 312
513 316
513 322
511 326
513 331
513 336
513 339
511 343
514 347
513 349
513 354
513 358
511 363
513 368
512 372
513 377
514 380
512 383
512 386
514 391
514 397
514 404
512 410
510 415
513 420
514 424
513 431
513 436
510 457
514 460
513 462
513 466
513 469
513 472
514 476
513 479
513 482
514 488
513 492
513 495
514 501
512 506
513 511
512 515
509 523
512 529
513 533
513 538
514 542
514 548
513 551
513 557
513 559
512 564
511 566
513 571
513 574
514 578
513 584
511 588
514 594
513 597
511 600
512 606
512 610
514 616
511 620
512 626
513 630
513 634
514 641
513 646
513 652
515 654
514 659
513 663
515 669
516 672
514 677
513 682
514 686
513 692
512 694
509 698
514 700
512 721
513 723
513 726
513 729
513 732
513 736
513 740
513 743
513 747
513 751
513 754
514 758
513 762
513 766
513 769
512 773
510 776
511 780
506 782
396 784
307 785
298 789
272 792
253 795
238 799
215 804
197 807
221 809
248 813
261 817
271 821
260 822
229 826
231 828
248 829
290 834
296 837
269 838
276 842
269 843
233 847
278 849
294 852
277 855
283 858
295 860
274 864
267 866
264 868
297 872
285 874
270 876
318 878
315 880
288 883
347 884
328 885
372 892
373 893
327 893
331 896
342 896
367 897
396 899
365 900
349 900
350 903
368 904
398 905
405 906
359 907
405 907
405 908
409 909
440 910
418 912
366 913
372 913
373 914
399 915
428 915
428 915
420 917
408 918
401 917
408 918
424 919
430 919
446 919
436 919
427 921
457 921
432 920
425 921
454 920
459 920
451 921
485 920
467 921
455 922
469 921
460 921
476 921
476 921
488 920
499 919
487 919
504 918
508 917
512 915
513 913
512 909
512 908
512 907
513 901
513 899
512 897
512 897
513 896
512 894
514 894
513 892
512 890
513 889
513 887
513 883
512 883
513 881
513 878
515 876
513 874
513 872
513 870
513 868
513 865
513 862
512 860
513 858
513 857
514 848
513 850
510 847
513 844
521 841
513 837
514 834
511 830
513 826
512 822
513 819
513 814
516 810
512 806
512 802
513 798
513 795
513 790
513 786
513 783
513 779
513 773
513 768
513 765
513 759
514 757
511 752
513 748
513 746
512 743
514 738
516 735
513 713
513 711
513 707
513 703
513 699
514 696
514 684
512 687
513 682
512 678
513 674
513 670
513 666
511 662
513 658
513 654
511 650
514 645
513 638
514 634
513 630
514 625
513 620
513 615
514 606
514 601
513 597
513 592
512 589
513 584
513 580
514 576
513 571
514 568
514 565
513 562
513 558
514 555
513 550
514 545
513 542
513 537
513 531
517 529
510 523
514 517
514 510
511 506
513 500
513 496
513 490
515 485
516 483
513 478
519 476
513 472
513 466
512 445
512 441
512 436
513 431
514 426
514 422
513 416
513 409
514 406
515 401
513 396
514 391
514 387
514 382
513 378
514 374
514 369
513 360
512 361
514 356
514 346
510 345
512 341
522 337
512 335
513 331
513 328
513 325
514 321
513 316
514 312
513 309
515 304
514 301
514 297
513 293
514 289
513 286
514 283
514 278
514 276
514 272
514 268
514 264
513 261
513 255
516 255
585 254
676 252
753 249
777 246
794 242
779 238
807 234
839 231
798 229
773 224
791 211
755 208
738 199
745 203
764 201
729 200
738 196
740 194
761 191
757 188
773 185
770 182
754 180
751 179
752 174
718 172
766 168
786 166
736 165
716 161
729 163
690 157
687 155
713 154
716 153
664 149
630 149
646 148
644 146
673 146
736 144
687 143
625 144
620 140
608 139
603 137
688 137
686 134
619 134
625 132
614 138
637 124
682 133
666 131
635 132
595 127
632 126
648 125
620 124
621 123
627 122
569 121
614 122
682 120
621 120
615 119
639 113
571 117
594 118
583 117
581 117
584 117
572 117
579 116
571 117
539 116
558 117
553 117
541 116
557 117
559 116
530 113
547 117
540 116
530 118
524 120
518 120
515 123
514 124
513 125
512 133
514 131
514 132
514 133
515 135
511 135
513 137
514 138
513 140
514 141
513 142
513 143
514 145
513 147
511 149
513 151
512 152
513 155
513 157
513 158
513 159
513 162
513 163
514 167
512 170
513 171
513 173
514 176
514 179
514 182
513 184
513 187
513 190
513 217
513 221
513 224
513 227
513 232
513 236
513 241
513 245
513 248
513 251
513 255
514 259
513 264
513 267
511 271
513 274
513 279
513 282
513 287
511 291
513 294
513 296
513 302
513 306
514 310
513 315
514 319
513 324
512 329
512 333
513 337
512 341
513 345
513 350
513 355
513 358
514 363
513 367
513 370
513 374
513 378
514 382
513 388
513 393
511 398
513 402
513 407
511 411
514 416
513 424
513 431
512 435
513 439
514 443
514 448
513 454
513 458
512 486
513 488
513 492
513 495
513 501
513 505
513 510
513 515
515 522
513 526
513 531
513 537
512 542
516 545
513 549
513 554
511 557
513 562
514 566
512 569
513 574
513 578
513 580
513 587
513 590
513 594
512 598
512 606
512 609
514 614
514 619
511 623
513 629
512 636
512 641
511 645
512 650
513 653
512 662
512 664
515 669
513 673
512 675
511 680
513 685
514 690
513 693
513 695
512 699
513 703
513 706
514 711
513 715
514 719
513 723
514 728
513 731
513 758
513 761
513 766
513 769
514 771
513 775
513 778
509 782
416 782
320 785
266 788
245 791
266 794
237 798
232 803
228 805
215 808
236 810
264 814
267 818
265 822
233 823
249 827
278 830
253 832
246 836
290 837
264 841
268 843
275 846
251 848
272 852
298 855
255 859
276 859
272 863
252 865
284 869
286 871
286 874
257 875
291 877
334 879
314 882
366 884
408 885
322 886
277 888
363 889
367 890
374 892
430 894
391 895
332 896
351 898
350 899
383 900
353 906
364 907
381 907
382 908
381 909
403 911
397 912
388 912
401 912
382 913
377 915
398 914
402 915
432 916
450 918
415 917
429 917
427 918
423 918
423 918
401 919
446 920
477 919
440 921
465 923
439 921
403 922
449 920
470 919
450 920
472 920
464 920
457 918
461 920
479 920
484 920
474 920
478 919
502 919
496 917
508 916
511 914
513 912
512 911
512 909
513 906
513 905
513 904
513 904
514 900
513 900
513 899
512 898
513 899
513 895
512 894
513 893
514 884
514 881
513 880
514 877
513 876
512 874
514 873
513 870
513 868
514 866
513 863
511 861
514 858
513 856
513 852
506 851
512 847
513 844
512 841
514 838
513 835
513 830
513 827
514 823
512 819
512 816
513 813
514 808
513 804
513 799
513 794
513 790
512 787
513 783
513 779
511 775
512 771
513 766
513 762
514 758
512 754
513 751
513 746
513 743
514 739
513 734
513 729
513 725
513 720
513 715
514 711
513 707
513 704
513 699
513 696
513 687
504 684
513 669
513 667
513 664
512 659
513 656
514 651
514 646
514 638
513 634
514 629
513 625
512 620
513 616
514 609
513 602
515 598
513 594
513 588
513 584
514 580
514 576
513 572
513 570
512 565
513 562
513 559
514 554
512 551
513 547
514 543
514 538
515 533
513 528
506 521
514 517
515 511
513 505
515 500
514 496
512 493
514 488
515 483
514 479
515 475
512 472
512 470
514 464
513 460
513 454
514 451
515 448
513 442
512 438
514 433
513 428
514 423
513 418
513 394
514 390
514 387
513 383
514 380
514 375
513 370
513 365
513 360
515 356
512 351
513 347
522 340
518 351
509 337
513 333
514 329
514 325
513 319
514 318
514 314
513 310
513 306
513 305
513 298
512 295
513 291
514 289
513 284
514 280
513 277
514 273
513 271
514 266
514 260
514 258
519 254
576 254
675 253
754 250
794 246
792 243
822 241
817 235
758 230
762 228
788 225
763 224
800 219
803 216
770 213
773 209
761 202
730 206
740 202
743 200
769 197
757 184
770 182
779 180
779 177
747 175
761 173
763 169
743 167
733 165
726 162
689 159
700 159
728 156
731 155
731 153
674 151
683 149
654 147
613 146
677 145
682 145
654 143
660 142
599 141
592 139
681 138
682 136
658 136
689 134
639 133
603 131
630 145
619 129
634 131
637 128
626 127
615 125
615 125
619 124
612 123
596 122
604 122
600 121
598 121
623 120
621 119
603 119
612 118
592 118
610 118
618 118
602 116
572 117
574 117
575 117
582 116
587 115
565 116
575 116
547 116
552 115
572 118
552 116
539 118
552 118
530 119
515 121
515 123
513 124
514 126
514 124
516 130
511 133
513 134
513 135
513 135
516 137
514 137
514 138
513 139
514 140
514 143
514 145
513 149
513 150
513 150
513 152
513 153
514 155
513 158
513 160
513 161
512 164
514 167
513 169
513 171
514 174
513 177
513 179
514 182
513 184
511 188
513 189
514 193
513 196
514 199
513 202
513 206
513 209
512 213
513 217
513 222
513 226
513 244
514 248
514 251
513 255
513 257
514 261
513 265
513 269
513 273
512 277
513 281
513 286
514 289
513 293
514 298
513 302
513 305
514 311
514 316
513 321
515 324
513 328
513 332
513 335
514 339
514 343
513 347
514 353
513 358
514 363
513 368
512 372
513 374
514 376
514 379
514 383
513 391
513 398
512 404
511 407
513 410
513 415
513 421
513 429
513 435
513 440
512 443
514 447
513 450
514 454
513 463
513 464
512 468
514 468
513 472
514 480
513 483
511 503
512 508
513 511
514 515
513 522
513 524
513 530
512 535
511 541
512 545
514 549
514 552
513 559
513 561
512 566
513 572
512 573
511 577
515 580
514 585
513 591
514 593
515 599
514 605
512 608
515 613
512 617
512 622
513 628
515 634
514 637
513 644
514 648
512 652
513 658
514 663
514 667
513 671
512 674
513 679
512 684
513 689
512 692
511 695
512 699
512 703
512 708
513 710
513 715
512 719
513 726
511 727
513 731
510 734
513 738
513 741
511 746
513 764
512 767
514 770
513 774
512 770
513 778
509 781
462 784
356 784
282 787
267 793
223 795
231 799
252 801
230 805
249 809
251 810
251 814
235 817
231 820
268 823
290 826
255 829
280 832
271 835
268 837
302 840
255 842
232 846
275 849
281 851
263 854
274 856
271 859
270 861
249 865
259 867
296 870
284 873
290 876
329 878
299 879
273 881
345 883
358 884
355 886
368 890
343 890
309 891
333 892
395 893
394 894
407 896
366 898
333 899
341 900
376 901
402 907
365 908
402 908
407 910
385 910
400 911
376 911
383 912
419 913
420 914
412 915
399 916
410 916
398 918
396 918
451 918
438 919
417 919
439 919
410 919
414 920
453 920
429 921
432 921
475 920
456 921
444 921
453 921
434 920
433 921
451 921
443 921
448 920
463 920
471 920
478 919
475 919
496 919
510 917
515 916
511 913
513 910
515 908
513 907
513 905
513 907
513 902
512 901
513 900
513 899
514 899
513 897
513 897
512 894
513 893
514 891
513 889
514 880
513 878
514 876
514 875
513 873
510 871
513 868
513 867
513 864
514 862
513 859
511 856
513 853
513 851
525 847
513 845
513 842
513 838
510 834
514 832
512 828
513 824
513 819
512 815
512 812
513 807
513 803
513 798
513 795
513 791
513 788
513 784
514 780
513 775
513 772
513 769
513 766
513 761
515 757
513 754
514 749
512 745
513 742
513 738
512 733
513 729
513 724
513 718
513 713
513 707
514 703
513 699
514 695
513 692
512 689
514 686
513 681
513 655
513 652
513 647
513 643
513 636
512 633
511 628
513 621
513 616
513 610
515 603
514 598
512 595
513 591
513 587
514 581
512 577
514 574
513 570
512 570
513 566
513 560
514 556
514 551
513 547
512 545
514 540
512 535
513 527
513 523
510 518
513 510
512 505
513 503
512 498
510 493
513 489
513 485
511 481
513 476
512 472
514 469
514 464
513 463
513 457
514 452
513 447
513 443
514 438
514 434
514 429
514 424
513 418
514 414
515 408
513 403
513 398
514 376
521 373
513 370
515 367
514 363
513 359
516 355
512 349
513 344
514 346
514 336
514 333
513 330
512 326
513 322
514 319
514 315
514 310
510 307
514 303
515 299
513 298
513 291
515 288
513 284
514 282
514 278
516 274
514 271
514 266
513 262
514 257
516 255
552 252
662 252
740 249
780 246
820 243
820 239
791 236
775 233
766 230
741 226
756 224
778 220
767 217
786 214
786 211
759 209
761 207
761 201
752 199
739 199
733 195
756 193
738 190
749 187
737 166
701 164
729 162
732 160
697 158
693 156
699 154
720 153
717 152
667 149
638 148
646 147
633 145
673 143
688 143
661 142
659 141
644 139
639 138
663 136
668 136
642 134
601 133
595 132
652 131
652 144
649 131
635 129
623 127
626 128
663 129
631 124
600 123
631 123
622 121
610 122
652 120
624 120
606 119
617 119
585 122
570 119
587 118
590 117
580 116
577 120
579 117
593 116
558 114
551 117
575 116
543 116
564 116
593 117
553 117
567 116
574 121
517 122
514 127
514 125
514 127
513 132
514 135
514 132
514 135
515 135
514 137
513 138
513 139
513 140
513 142
513 143
513 145
513 145
513 147
514 149
514 151
513 154
513 155
514 157
513 159
514 162
514 164
513 165
513 168
514 169
514 171
513 177
513 177
514 180
514 183
512 186
513 188
513 191
516 194
513 197
514 201
513 205
513 208
513 213
512 217
513 223
513 226
514 229
515 233
514 237
513 242
513 245
513 249
513 253
513 258
513 262
513 266
514 300
513 303
514 307
514 311
514 315
513 318
513 323
513 327
513 331
514 334
513 337
513 342
514 347
513 351
513 355
513 359
514 365
513 369
512 372
514 376
513 380
513 385
513 390
512 395
512 400
512 404
513 410
513 415
512 420
513 427
513 431
512 436
513 442
514 447
512 451
512 454
514 458
513 461
513 463
513 470
511 474
509 477
513 480
513 485
514 488
513 493
513 497
512 503
512 509
510 512
513 517
514 523
514 528
513 534
514 541
512 544
511 548
513 567
513 571
512 574
513 577
514 580
513 583
513 588
513 593
513 598
512 603
513 606
512 613
512 617
511 623
512 629
513 633
512 638
511 643
513 646
512 654
512 657
513 661
514 667
514 670
512 675
515 679
514 683
514 692
514 691
511 693
512 697
512 702
513 705
513 709
513 713
513 718
516 720
512 724
513 729
514 733
513 737
513 740
514 744
513 748
513 751
514 755
513 758
513 761
513 766
513 770
513 774
514 777
511 780
469 782
360 784
284 787
237 791
260 807
266 810
231 812
254 814
255 817
264 819
268 821
256 827
268 828
257 830
265 834
283 838
272 839
256 842
281 845
270 847
257 850
278 852
297 855
305 860
268 861
254 866
273 867
272 869
253 872
293 875
276 879
284 878
310 881
307 883
353 885
376 886
328 887
358 888
363 890
345 892
340 894
355 892
372 894
372 897
350 898
378 900
386 900
353 902
403 902
386 904
363 905
414 906
380 908
359 909
417 909
400 910
416 911
423 911
363 912
379 912
387 913
452 920
416 918
413 919
410 919
451 918
417 918
426 920
458 919
454 920
443 921
454 921
439 920
441 921
448 922
442 921
449 921
448 921
462 921
472 920
442 922
465 920
475 920
456 919
492 919
511 921
502 916
512 915
513 913
512 911
512 911
512 907
514 906
509 904
512 903
509 902
514 901
513 900
513 899
513 898
513 897
514 896
514 893
513 892
514 889
512 887
513 886
512 885
513 883
513 880
513 877
514 875
513 872
513 871
513 869
512 867
513 863
513 862
515 849
519 848
513 845
513 843
513 840
514 837
515 832
512 828
514 825
513 822
513 817
513 813
513 810
512 804
513 799
513 796
513 792
513 789
513 786
513 782
513 778
512 774
513 770
512 766
514 762
512 758
513 753
513 749
512 745
513 741
513 738
513 733
512 728
513 724
513 720
514 716
514 712
513 707
514 703
513 699
513 696
513 689
513 685
511 679
513 675
513 671
514 668
513 665
514 662
512 659
513 653
514 647
515 641
516 636
514 634
512 629
512 625
514 595
513 592
513 589
513 587
513 582
514 577
515 573
514 571
513 568
513 566
513 563
513 557
513 553
513 549
512 544
513 539
514 535
514 530
513 525
513 520
514 514
514 505
515 506
516 499
513 494
514 489
513 485
513 481
513 478
513 472
512 470
513 465
514 462
512 459
513 454
512 450
513 445
513 439
514 436
514 430
513 426
513 421
513 416
512 411
513 406
513 400
515 395
513 390
513 385
514 383
513 375
513 372
514 368
514 363
513 360
513 354
514 350
515 332
517 332
513 326
513 323
513 320
513 316
513 311
513 309
513 304
513 301
514 297
513 294
513 286
513 286
513 283
513 279
513 275
513 271
513 270
513 263
514 260
515 257
523 255
661 253
737 250
795 247
808 243
777 241
803 237
793 234
762 231
781 228
769 225
774 221
797 218
769 215
753 212
766 211
770 203
779 202
756 199
768 198
762 193
728 193
709 191
742 188
745 185
774 182
772 180
769 178
770 173
751 170
732 168
745 165
750 163
721 162
712 159
651 150
631 149
644 149
665 147
627 146
660 145
657 142
643 142
634 140
616 140
606 138
635 139
665 136
692 135
658 133
666 132
628 132
622 130
665 128
633 128
625 127
661 127
609 122
631 120
640 124
582 123
604 122
628 120
594 120
602 120
628 120
594 120
600 119
620 118
619 117
606 118
582 117
600 116
596 116
561 117
561 116
564 116
569 115
595 117
593 116
560 117
562 117
573 117
544 116
550 117
560 118
541 117
545 120
535 119
523 119
516 122
514 130
512 133
513 133
513 133
516 135
514 136
514 137
513 139
513 139
514 140
513 137
513 144
513 141
513 146
513 149
511 150
514 153
513 154
514 157
513 159
513 161
514 163
513 165
510 168
514 170
513 172
516 174
513 178
513 179
514 182
513 185
514 187
514 192
514 194
513 195
513 199
516 203
513 207
513 212
513 215
513 220
513 225
513 230
513 233
513 237
514 241
513 245
513 248
513 253
513 257
514 260
513 264
513 267
513 271
514 275
516 278
514 281
514 302
513 304
514 309
513 314
513 317
513 322
514 326
513 330
513 334
513 338
513 342
512 347
513 350
514 356
513 361
513 365
513 369
513 371
514 374
514 379
514 383
513 388
513 396
512 399
513 404
514 408
513 413
513 419
514 425
513 432
513 432
514 439
513 445
513 450
513 455
513 461
513 462
515 464
514 466
512 470
515 476
513 481
512 484
514 487
514 490
513 495
514 501
513 508
510 512
515 516
513 520
513 527
514 533
512 540
511 543
514 548
514 550
514 576
514 579
513 582
513 586
513 595
512 597
514 600
514 605
514 613
513 615
513 619
514 624
511 630
514 635
513 641
513 646
516 649
513 655
514 660
513 666
515 669
514 675
513 678
514 682
512 686
514 690
511 695
512 698
513 701
512 704
512 709
512 712
513 719
513 720
515 723
514 728
512 732
513 737
513 740
513 743
512 748
513 751
512 755
512 758
513 761
513 765
513 769
513 772
514 776
511 780
504 781
356 784
284 786
266 789
260 793
267 796
290 799
286 817
281 820
267 822
227 824
221 827
257 831
305 833
276 836
255 837
293 843
287 844
260 846
249 849
266 852
287 855
238 858
232 861
306 863
290 865
290 869
291 871
296 874
287 876
278 878
305 880
326 882
332 883
348 886
360 888
334 891
315 889
360 891
392 893
413 894
405 894
339 897
335 898
337 899
346 900
422 901
425 902
353 904
346 904
352 906
358 907
438 909
399 908
381 910
405 911
392 911
405 913
422 914
376 914
379 914
372 915
403 917
445 916
436 919
454 919
462 919
431 920
436 920
468 917
444 920
449 920
449 921
444 921
445 921
445 921
456 922
461 920
430 921
456 921
458 922
444 920
477 921
475 920
483 918
502 918
509 914
512 914
511 913
512 910
513 908
512 906
512 904
513 904
512 902
513 900
512 901
513 898
513 898
513 897
515 893
512 894
513 891
513 891
513 889
511 887
514 885
513 884
512 880
513 879
513 876
512 874
514 873
513 870
513 867
513 865
513 863
513 861
513 858
513 854
513 852
513 838
513 835
513 832
514 829
513 826
513 822
513 818
513 813
516 811
513 806
513 801
513 797
513 794
513 790
513 786
513 782
513 778
513 774
513 770
513 767
513 764
513 759
513 756
513 750
513 747
513 742
513 740
513 735
513 729
513 725
514 721
514 714
513 711
513 706
514 701
513 698
513 694
513 690
513 687
513 678
514 680
513 675
513 671
513 666
513 661
514 658
513 654
513 650
513 645
514 639
514 635
514 630
512 625
513 620
513 614
511 607
513 601
514 569
513 567
513 566
515 562
514 559
513 554
514 550
513 547
514 543
513 537
512 532
515 526
514 522
512 516
514 509
511 506
514 499
515 495
513 492
512 487
513 483
513 479
512 474
514 470
513 467
512 463
514 459
513 455
514 450
514 445
513 441
513 436
514 432
513 426
513 421
515 416
514 411
513 406
514 402
514 396
513 393
514 387
514 383
514 378
513 374
513 369
514 364
515 360
512 355
513 352
513 347
513 343
512 339
512 336
518 335
510 329
512 325
513 296
513 293
513 290
514 287
513 283
511 279
514 275
514 272
514 267
514 264
514 259
514 257
521 254
581 253
689 252
748 248
763 246
796 242
795 239
768 235
786 232
796 228
781 226
784 222
778 219
788 216
786 213
749 211
743 207
717 205
727 199
773 208
748 204
766 197
794 191
737 188
721 186
754 185
733 180
739 177
778 174
768 171
737 169
729 167
738 164
752 161
720 160
716 157
729 156
702 154
713 151
686 150
630 149
650 148
663 147
640 146
658 145
562 118
538 118
545 117
528 118
519 120
514 122
515 124
514 126
516 127
514 130
513 130
513 133
514 134
514 135
514 136
513 138
513 138
513 141
514 142
513 143
514 145
513 146
513 149
513 149
514 153
514 154
513 155
513 158
513 161
513 162
513 166
514 167
515 169
512 171
513 174
513 177
515 178
514 181
514 184
514 187
513 190
516 192
514 197
513 201
513 203
514 207
516 210
513 215
513 219
513 222
513 227
515 231
513 234
513 239
513 243
514 247
514 265
513 269
513 273
512 275
513 277
513 282
513 285
515 290
514 294
513 298
513 302
513 306
514 311
513 311
513 319
514 323
513 328
513 332
513 336
513 342
513 347
515 350
513 355
513 359
513 364
513 366
513 371
513 375
512 380
513 383
514 386
513 390
513 396
513 401
513 408
513 413
512 418
514 424
513 429
513 434
514 440
513 445
512 449
518 452
513 456
513 460
513 464
514 468
513 470
514 474
513 477
515 482
513 487
513 491
512 494
514 499
513 504
513 531
512 535
512 539
512 543
513 547
513 550
513 553
514 557
513 561
514 566
511 570
514 574
514 578
513 581
514 586
514 590
513 596
513 600
513 605
516 610
513 616
514 619
512 626
511 630
511 635
512 639
512 645
513 650
512 653
514 659
513 663
512 668
514 673
514 676
513 680
513 684
512 688
512 693
515 696
514 700
513 705
514 706
512 711
514 714
513 719
514 724
513 727
513 731
514 735
512 739
512 743
513 746
515 750
513 753
514 757
513 761
515 764
513 782
444 784
355 784
305 787
279 790
273 792
272 795
268 799
247 802
239 805
216 808
248 812
247 814
237 818
258 822
262 825
248 827
277 830
271 833
246 835
256 838
286 839
295 844
280 846
265 848
283 851
278 855
269 857
282 859
241 863
236 865
273 868
252 871
