514 375
514 370
512 366
513 365
513 362
512 357
513 355
512 348
514 345
515 343
513 338
512 334
512 331
513 328
513 323
513 319
512 316
514 310
514 307
514 304
513 299
513 294
513 293
512 288
514 285
513 282
513 278
513 275
514 270
514 266
513 262
514 260
517 254
518 253
519 249
722 252
775 246
754 243
748 242
909 237
866 233
855 230
870 228
812 224
786 221
792 217
752 214
769 211
783 209
752 204
754 203
765 196
708 199
744 195
742 195
749 189
771 187
512 600
512 603
513 609
512 612
513 617
514 621
513 626
513 631
512 637
513 642
511 645
511 651
512 656
513 661
515 665
512 669
512 674
512 679
513 683
513 687
512 690
512 695
514 698
513 702
514 705
513 709
513 712
514 716
513 720
513 723
513 728
514 732
513 736
514 740
514 745
514 747
514 750
515 754
513 758
513 763
513 766
513 768
513 772
511 776
512 779
509 783
342 782
276 788
321 790
276 793
188 795
198 798
194 803
230 806
220 809
231 813
251 816
757 169
717 166
727 166
725 162
730 160
749 159
699 156
713 155
719 153
686 151
662 150
670 149
694 147
680 146
667 144
645 145
652 142
661 140
654 140
673 137
701 138
631 133
636 134
654 132
609 134
670 132
655 131
617 128
646 128
614 127
586 131
619 122
637 133
646 124
647 123
652 123
618 121
605 121
614 120
603 121
612 119
628 118
574 119
583 118
575 119
579 117
610 116
599 117
572 116
579 116
560 116
563 116
565 115
573 116
571 116
569 116
585 116
513 164
512 164
513 167
513 168
514 172
511 172
513 176
513 179
514 180
514 184
514 188
513 190
514 193
514 199
513 200
513 204
513 209
513 210
513 216
511 216
516 224
512 219
508 231
514 236
513 240
516 243
513 246
513 248
514 254
513 257
513 262
513 266
514 269
512 275
513 278
520 282
513 287
514 290
513 295
513 299
513 301
514 306
513 310
513 314
513 319
513 323
514 328
514 333
513 339
514 345
514 346
513 352
513 356
513 358
514 361
514 364
514 370
514 390
516 394
512 398
513 401
513 406
513 414
514 418
513 425
513 428
514 432
514 439
514 444
513 450
513 453
513 456
513 462
514 464
513 469
513 473
513 474
512 477
514 481
516 485
512 490
513 496
512 499
514 504
517 511
513 516
512 521
513 526
512 532
514 536
514 541
513 549
512 551
512 555
513 558
513 563
513 566
513 572
510 585
516 578
512 578
512 586
512 591
513 596
512 601
507 605
512 611
513 615
512 620
514 625
513 631
513 634
512 639
513 670
513 674
512 677
515 680
514 685
515 689
513 693
514 697
514 700
512 704
513 707
517 710
513 716
512 719
512 724
512 727
513 731
512 737
514 738
514 742
512 747
513 750
514 753
513 757
512 760
511 764
513 768
512 771
510 775
511 778
517 782
394 780
337 786
321 790
327 793
172 794
164 798
203 801
212 805
228 808
252 811
231 814
238 818
275 821
237 824
251 828
281 830
263 833
285 836
295 838
268 841
291 844
288 847
254 848
273 851
251 855
268 860
282 874
266 873
283 875
299 877
293 878
329 885
311 883
349 885
339 886
296 887
339 890
366 890
400 892
393 893
366 894
348 895
317 896
356 898
365 899
377 901
402 902
383 903
369 904
363 905
376 906
421 909
398 909
390 909
413 912
335 910
369 911
421 913
355 913
401 915
457 916
413 917
413 917
431 917
419 918
405 919
421 919
443 920
441 920
434 920
436 919
451 922
463 920
427 921
439 921
457 920
423 923
468 922
474 921
437 922
477 921
458 921
462 921
491 919
506 918
501 917
504 916
509 915
513 913
512 912
512 909
512 908
513 905
513 903
513 901
512 901
513 900
513 900
513 899
516 897
514 896
513 894
513 895
513 890
512 889
513 888
514 886
514 883
512 881
513 879
512 876
511 876
512 872
514 871
511 869
512 869
516 863
512 860
513 860
513 857
513 853
514 850
513 847
513 846
516 842
512 837
512 834
513 829
521 826
512 824
512 821
515 814
513 813
513 805
513 802
513 798
514 795
513 791
514 787
513 786
512 753
513 750
513 747
514 741
513 737
513 734
513 732
513 727
513 723
512 719
513 715
512 710
515 706
513 702
513 697
513 692
514 688
521 684
514 681
512 676
512 674
516 670
512 665
512 658
513 654
515 649
514 646
512 642
512 638
513 630
513 627
513 620
514 612
512 608
513 604
513 598
513 594
513 590
513 583
515 579
513 577
512 574
513 570
513 566
514 561
514 559
513 556
510 551
513 547
514 542
513 536
514 531
505 527
512 524
512 517
513 511
513 504
513 466
512 465
514 460
514 456
513 451
513 446
513 442
512 438
513 432
514 428
514 422
513 417
513 414
514 408
513 402
513 397
513 394
513 388
514 382
513 377
512 373
514 371
514 365
513 360
514 357
512 352
512 349
512 345
512 344
514 337
513 333
511 329
512 326
513 322
513 318
513 315
514 309
514 307
513 303
513 299
513 295
513 291
514 288
513 284
512 281
513 277
513 273
513 270
513 267
514 262
515 258
513 255
518 251
525 250
823 251
779 247
749 240
691 137
679 137
633 134
661 133
618 133
663 131
669 130
629 129
671 130
656 126
627 127
639 126
625 127
611 124
612 123
633 121
648 122
633 121
648 120
579 119
586 119
614 118
558 116
563 117
604 118
589 116
585 116
571 117
567 116
602 117
597 117
592 116
562 116
561 117
551 116
547 121
572 117
531 116
548 116
566 117
512 117
541 117
552 119
519 117
523 120
519 122
515 123
513 125
514 127
514 130
522 122
528 132
528 138
513 135
514 137
513 137
513 139
513 145
514 146
514 148
514 149
513 152
513 154
513 156
513 157
514 160
515 160
514 164
513 166
514 169
513 170
514 173
514 176
512 178
521 181
514 183
513 186
513 188
513 193
514 195
514 197
513 200
512 205
513 208
514 213
512 217
514 221
511 226
512 220
490 235
512 237
513 242
513 246
514 250
514 254
513 257
513 261
513 265
512 269
513 275
513 280
513 283
513 286
512 292
513 294
515 298
514 302
514 306
514 311
514 314
513 318
513 324
513 327
513 331
513 352
513 355
513 358
514 361
513 365
513 369
513 372
514 377
513 379
513 381
510 388
510 390
512 399
513 403
514 410
513 419
513 424
513 429
513 432
513 436
516 441
516 449
514 454
512 456
514 459
515 461
515 466
514 471
514 475
512 478
513 481
514 484
513 489
513 493
513 500
512 505
512 509
513 513
513 517
513 524
513 531
511 536
512 539
514 544
514 548
513 552
513 554
514 562
512 565
517 570
513 584
515 579
514 577
514 598
510 589
512 594
516 599
513 237
513 236
516 239
514 243
510 247
514 252
513 255
514 257
513 263
514 266
513 270
513 275
513 279
513 285
514 288
514 292
521 295
513 300
513 303
513 308
513 312
522 317
513 321
513 326
514 331
514 335
521 340
513 344
513 349
514 353
514 356
514 358
514 363
513 367
513 372
514 375
515 380
513 386
510 387
512 390
513 400
522 404
513 410
513 416
513 421
514 425
521 431
513 435
513 442
513 446
513 451
513 455
512 457
514 462
513 466
514 469
511 548
514 553
514 559
514 560
514 565
512 567
514 572
515 579
511 578
517 587
510 586
511 592
513 597
515 602
512 607
513 612
512 617
513 621
521 628
512 633
512 637
512 642
513 647
515 651
513 655
513 661
513 664
513 669
513 674
513 678
514 682
513 686
513 690
513 694
513 698
513 702
519 705
513 708
512 713
512 716
513 721
512 725
513 729
512 733
512 737
512 741
512 744
512 749
508 749
512 755
512 758
512 762
513 766
513 769
513 773
512 776
511 780
510 794
256 793
161 797
136 800
163 803
192 806
231 810
247 813
231 816
225 819
226 823
256 825
290 829
283 832
286 830
272 837
244 839
272 843
270 845
273 847
309 851
279 853
255 855
280 860
271 864
285 864
302 867
273 870
279 872
302 876
305 877
319 879
293 881
304 883
337 885
357 886
383 888
392 889
397 891
387 892
330 893
357 895
363 897
347 898
384 899
374 900
351 901
370 904
379 903
360 905
377 906
396 906
395 908
397 909
403 910
357 907
382 912
420 916
357 916
431 917
437 916
411 918
418 918
407 919
409 917
429 919
404 919
428 919
452 920
445 920
444 921
458 920
474 923
464 921
450 921
448 921
426 922
457 923
459 921
455 921
483 921
469 920
476 921
494 920
474 919
496 919
507 917
506 917
510 913
512 913
513 911
512 908
512 906
513 905
514 903
513 903
513 901
513 900
512 899
512 898
521 897
513 891
513 894
513 892
513 891
512 888
513 887
513 885
513 883
513 880
515 878
513 876
513 874
513 873
513 860
514 859
513 858
513 853
513 852
515 851
515 847
514 843
513 838
512 835
513 833
513 829
515 824
511 823
515 817
511 814
512 809
513 805
512 803
513 796
512 793
521 790
514 787
513 783
513 779
513 775
513 771
513 766
513 762
513 758
520 755
513 750
515 744
512 742
513 737
513 733
513 729
513 724
513 721
513 717
513 713
521 709
512 705
513 701
510 696
513 691
513 687
514 680
511 677
515 672
515 669
513 666
513 662
513 658
513 654
514 649
512 644
513 619
513 615
514 610
512 607
512 600
512 595
512 592
513 587
515 583
520 578
514 574
513 571
514 569
513 566
512 561
512 558
513 553
512 549
513 547
513 540
512 536
513 529
516 526
528 520
513 515
514 508
513 506
513 502
514 494
515 489
514 485
512 482
514 479
513 475
513 469
513 464
513 463
513 459
514 455
513 451
512 446
513 439
514 436
513 431
512 426
514 421
513 417
514 411
513 405
514 401
513 395
514 392
515 389
513 381
513 377
513 373
514 368
513 345
513 344
513 342
513 336
513 335
510 341
513 328
513 325
513 321
513 318
513 312
513 309
513 305
513 301
513 298
514 293
514 291
514 286
513 282
513 279
513 275
513 272
513 269
511 265
514 261
515 256
523 253
522 250
524 252
817 249
726 244
697 240
836 239
925 236
899 233
862 228
800 223
784 221
805 217
780 215
783 211
775 209
777 206
745 202
725 201
734 199
752 196
776 197
754 191
733 188
765 186
749 182
711 180
759 176
818 174
778 172
779 169
692 155
668 153
663 152
635 150
615 150
742 147
740 145
689 144
673 143
636 143
596 140
679 139
712 138
654 136
601 135
622 134
592 134
663 132
723 130
672 130
631 129
600 129
592 126
627 125
622 124
646 124
659 126
612 118
623 121
613 123
619 120
637 120
614 119
572 118
564 118
568 117
608 117
581 120
575 117
613 122
597 116
609 115
568 116
552 115
561 116
566 116
576 117
575 121
583 116
581 116
554 116
576 117
579 118
548 117
573 118
544 118
520 120
514 129
514 129
514 131
514 133
524 126
487 150
533 136
512 137
514 138
514 139
514 140
513 139
513 142
513 144
514 147
514 149
513 151
513 152
514 151
512 156
514 159
513 164
513 163
513 166
513 167
512 169
514 171
513 174
513 176
513 178
513 182
514 185
511 187
516 190
514 193
512 198
513 200
513 202
514 208
515 210
513 216
513 218
513 222
513 225
514 242
513 238
515 235
513 244
514 247
514 251
514 255
513 260
513 263
511 266
513 270
520 274
514 277
513 299
512 303
513 306
515 309
513 312
513 316
513 321
513 325
513 329
514 334
513 338
513 341
519 347
514 350
514 355
513 360
513 362
521 365
513 370
514 375
513 377
513 383
513 394
516 392
515 397
514 402
512 405
513 411
513 419
514 425
513 431
513 435
514 438
514 443
513 448
513 453
514 458
514 462
514 466
513 468
512 472
513 474
515 478
513 483
513 487
513 492
512 496
511 501
514 505
513 510
512 515
513 521
515 526
513 533
512 538
513 542
513 562
514 565
515 568
514 565
515 575
511 579
517 583
516 586
513 594
515 596
511 600
514 605
519 610
513 615
513 620
514 625
514 631
514 636
513 640
513 644
513 650
512 654
515 658
513 664
511 669
511 674
512 677
513 682
512 686
511 690
513 693
513 696
511 702
513 705
514 708
513 712
512 716
521 719
513 724
513 722
513 731
511 735
514 738
513 742
514 746
513 748
512 752
513 757
513 761
513 764
513 767
513 772
512 776
511 780
512 783
503 783
297 785
293 812
260 815
234 816
271 819
256 822
256 825
235 829
277 831
298 833
293 835
279 838
234 841
278 844
320 847
314 849
252 851
251 855
285 857
268 860
260 862
276 866
282 869
257 871
245 874
289 882
330 879
312 880
310 882
339 884
301 887
319 888
389 889
353 891
355 891
384 893
362 894
378 896
396 896
394 899
379 900
370 900
357 902
346 903
341 904
377 906
362 906
386 907
401 908
386 909
394 910
395 911
408 913
384 913
381 913
414 916
436 915
423 916
396 920
415 920
442 920
413 920
442 921
440 921
414 921
459 921
468 921
453 922
468 921
456 921
461 921
472 921
478 921
478 921
488 921
509 920
486 919
499 918
508 918
515 917
511 912
512 913
512 912
513 908
514 906
512 905
513 903
513 902
512 901
515 900
513 899
513 898
513 897
513 895
513 895
513 893
514 891
513 889
513 887
514 885
513 884
517 880
513 879
513 877
513 875
514 872
512 871
513 868
514 865
513 863
513 861
512 860
515 853
511 854
514 848
514 825
520 822
511 820
513 816
512 812
518 808
514 798
510 799
513 792
512 790
513 785
513 782
513 779
513 775
513 771
513 766
513 762
512 759
514 756
513 753
512 748
514 744
513 740
513 735
513 731
513 727
513 721
513 718
513 712
514 708
513 704
512 700
513 698
512 693
513 689
513 683
521 679
514 674
513 671
513 665
513 664
512 660
513 655
513 649
513 647
514 639
513 635
513 631
513 626
513 620
517 614
513 607
513 602
513 598
513 594
513 591
512 585
515 565
514 562
513 560
513 557
514 554
512 552
514 548
513 542
512 535
514 532
514 527
515 522
505 518
513 511
513 505
522 500
514 495
513 491
512 487
514 482
513 478
514 475
512 472
513 467
514 463
514 460
513 456
514 451
514 446
513 443
515 438
515 432
515 427
513 423
514 417
513 412
514 408
515 401
514 398
513 392
514 388
513 382
512 378
514 374
511 370
515 363
514 359
513 356
513 352
513 347
513 343
515 339
513 335
512 332
505 321
514 325
514 321
513 303
513 300
513 298
513 293
513 291
514 286
514 284
514 280
513 276
513 273
514 268
513 266
514 261
516 258
515 254
518 251
521 250
801 251
781 246
716 240
731 240
912 239
909 233
906 229
841 226
787 223
778 219
764 215
783 213
786 209
755 207
754 205
743 202
711 201
741 195
736 194
740 192
780 189
767 186
734 183
735 180
746 177
762 174
754 172
748 170
762 166
739 164
733 161
703 160
719 158
732 155
678 153
664 152
695 150
669 149
670 148
671 146
681 141
669 141
672 138
675 137
663 135
644 135
655 133
651 132
656 133
638 130
616 129
632 128
607 125
621 126
661 125
632 124
642 124
657 122
623 121
628 121
637 118
625 121
636 120
604 118
558 119
555 118
568 117
603 118
602 117
619 117
577 114
567 117
578 117
566 118
581 117
585 116
555 115
581 116
565 116
556 117
582 116
558 117
548 117
560 117
552 117
539 118
527 119
525 121
517 122
512 124
514 126
515 128
513 128
514 132
513 131
516 139
512 132
514 141
514 142
513 143
513 144
513 146
514 148
513 150
513 151
510 153
514 156
514 158
513 160
514 161
513 163
515 166
515 168
513 171
513 173
514 173
513 177
514 180
514 184
513 187
513 189
513 191
514 195
513 196
513 201
511 206
513 210
513 213
513 216
516 220
513 226
517 232
512 233
512 249
513 243
513 246
513 251
513 253
513 259
519 263
512 266
510 271
513 275
513 279
518 283
514 286
514 290
513 292
513 297
513 301
515 305
514 309
513 314
513 317
513 341
513 345
513 347
513 347
513 350
515 356
513 362
514 366
513 371
513 375
512 376
513 381
514 384
511 391
512 398
514 403
511 408
516 415
513 417
513 422
518 427
513 434
513 439
513 445
513 448
516 453
514 456
513 460
512 464
514 467
513 470
514 473
513 477
512 481
516 486
517 489
512 493
512 497
513 505
511 510
512 514
510 520
513 524
513 524
514 536
513 541
513 545
512 549
513 553
514 557
514 562
512 567
510 569
514 574
520 579
513 580
512 603
513 607
513 610
514 615
512 618
512 624
512 629
512 635
514 639
513 643
512 649
514 654
513 659
512 663
516 667
515 671
514 675
513 680
513 684
513 688
520 692
514 696
514 699
514 703
514 706
513 711
514 715
512 719
513 722
512 730
508 730
512 735
513 738
513 741
513 746
513 749
512 754
520 755
512 760
513 763
512 768
512 770
512 774
508 778
511 781
510 783
279 783
309 787
306 791
338 796
172 800
162 800
174 806
201 808
246 811
247 814
220 816
233 830
259 836
267 836
284 838
292 840
255 843
282 844
236 847
264 850
304 853
278 856
271 859
294 862
278 865
277 868
259 871
274 876
290 876
288 877
336 879
353 882
319 884
315 884
336 887
363 889
360 889
371 891
376 892
340 893
365 896
378 896
357 898
381 902
387 900
357 902
374 904
372 904
416 904
430 906
399 904
410 908
371 909
360 911
402 909
391 912
425 913
399 913
356 914
384 916
413 916
408 915
423 917
415 918
424 918
423 915
407 921
437 919
447 923
440 921
448 921
451 919
473 921
446 921
482 921
456 921
446 922
476 921
441 921
441 921
471 921
459 920
475 920
492 919
490 919
502 917
509 916
514 914
510 911
512 910
513 906
512 906
513 905
513 904
512 902
512 899
513 900
513 899
512 897
513 896
513 895
513 894
513 892
508 889
513 887
513 886
513 884
513 882
514 879
513 876
513 873
513 873
515 869
513 869
512 865
513 865
514 863
516 858
512 855
510 853
513 850
512 848
516 846
513 844
515 838
510 817
514 816
513 815
515 809
511 809
513 806
514 804
516 796
514 792
513 789
513 784
513 780
513 776
513 771
509 767
513 763
513 759
513 758
513 752
512 748
513 745
513 741
513 737
513 732
513 728
513 724
513 719
512 714
512 710
513 705
513 701
513 696
514 692
513 689
513 686
512 681
513 677
512 672
512 666
511 663
513 661
513 658
512 653
512 650
511 641
514 636
513 630
512 625
514 622
512 617
512 613
513 605
511 598
513 593
512 590
513 585
513 581
514 563
515 559
512 557
513 555
513 550
515 549
512 543
518 537
514 533
513 528
513 523
514 519
515 513
514 507
513 502
513 498
513 493
512 489
512 484
514 482
513 476
512 473
511 470
512 466
512 461
513 456
514 452
513 446
513 444
514 437
514 435
514 430
514 425
513 420
513 415
513 409
513 403
513 399
512 392
515 387
514 384
514 380
512 374
513 372
513 365
513 361
514 357
515 353
514 348
514 345
513 340
512 338
512 334
513 329
514 337
513 323
514 319
513 294
514 291
513 289
514 285
513 282
513 278
513 274
514 269
513 266
512 263
515 260
516 255
517 253
522 251
720 252
784 248
745 243
713 238
893 238
891 234
858 230
853 226
798 226
778 220
784 217
799 215
802 211
769 209
733 205
735 203
709 200
751 198
777 195
740 193
745 192
743 185
722 183
753 181
774 178
756 177
756 173
739 170
750 167
755 165
738 163
742 159
717 158
682 156
691 151
707 152
685 151
677 149
681 148
644 147
606 146
653 144
679 143
708 136
705 135
655 134
627 134
688 133
674 132
635 132
641 127
632 128
645 127
653 127
644 126
612 125
623 125
625 122
634 122
627 118
603 121
567 120
592 120
580 119
592 118
630 118
594 114
564 117
595 117
580 116
601 117
588 116
581 116
576 116
586 116
600 116
574 115
563 116
573 115
533 118
559 116
568 116
545 114
556 118
550 117
535 116
540 118
526 119
517 119
514 124
515 125
514 129
514 129
513 131
514 132
514 132
518 145
510 152
517 136
513 137
514 145
514 145
513 148
514 149
513 151
513 152
514 155
513 157
514 158
511 160
514 164
515 165
513 168
513 170
512 173
513 175
513 177
513 180
513 183
514 185
513 189
511 190
513 194
513 197
513 203
514 205
514 209
513 212
513 216
513 219
513 224
513 227
516 234
513 240
512 238
517 246
514 247
513 250
514 254
514 258
513 263
511 268
509 271
514 276
513 281
513 285
511 290
513 294
513 296
513 302
513 305
512 307
514 311
512 316
513 321
514 325
508 331
513 364
513 366
512 368
510 374
514 379
513 382
514 385
513 387
514 392
512 396
515 411
514 413
507 416
513 420
515 425
514 431
513 435
510 444
513 449
513 453
514 453
514 457
512 462
513 468
511 472
513 472
514 475
507 479
513 484
513 491
514 494
512 498
514 502
513 507
513 514
510 519
511 525
513 529
514 533
513 539
514 544
512 549
512 554
512 558
514 561
515 563
514 567
512 572
513 577
516 575
512 587
513 590
507 590
511 599
515 602
514 607
513 646
512 650
512 654
512 656
512 661
511 666
513 670
513 674
513 679
512 683
513 687
512 692
513 695
512 698
513 702
512 706
514 709
513 713
511 717
514 721
513 725
513 730
514 733
506 732
512 740
513 743
513 747
514 751
507 756
514 763
512 763
514 766
513 769
514 774
511 777
509 780
509 781
357 782
294 786
329 790
309 795
162 796
189 799
187 805
222 807
242 810
223 813
237 816
240 819
263 824
245 825
245 828
252 832
270 834
282 837
285 840
292 842
291 868
285 869
256 868
308 874
288 875
348 877
307 880
318 882
315 883
294 885
331 886
341 888
397 889
398 891
383 890
303 894
304 894
371 896
407 898
394 897
426 900
365 902
347 902
387 904
389 903
413 906
410 907
359 907
385 909
396 908
388 910
429 912
427 913
395 913
412 914
406 917
371 915
422 916
446 917
405 918
388 918
440 919
411 920
417 919
451 920
417 921
443 920
460 921
437 922
453 921
452 921
448 921
460 922
436 919
436 921
438 921
462 921
456 920
477 920
487 919
483 918
501 917
507 916
509 915
512 912
513 910
513 909
513 905
512 904
513 904
513 902
514 901
513 900
513 899
512 899
513 896
511 895
513 894
515 891
513 891
512 886
512 885
513 885
513 883
512 881
513 878
513 876
513 874
513 872
511 870
512 867
510 866
513 864
513 860
513 859
515 856
512 852
513 851
514 846
513 843
514 841
513 835
514 832
511 828
513 826
514 821
513 819
514 815
512 812
513 805
512 800
513 797
514 794
512 789
510 771
513 767
513 763
513 758
513 757
513 753
513 749
513 746
513 742
513 738
511 734
513 730
512 726
513 722
513 719
513 715
513 709
512 705
513 700
516 694
513 690
513 686
507 681
513 677
512 672
513 671
513 666
513 661
514 657
512 651
513 650
511 644
513 639
513 634
512 630
513 621
513 615
513 613
512 607
513 601
514 596
512 591
515 587
512 582
511 580
512 577
513 571
513 568
514 563
512 561
512 559
513 555
513 550
513 545
513 539
512 535
513 531
515 504
514 500
513 494
513 490
513 489
513 485
505 481
513 477
513 475
512 470
514 465
515 462
515 457
514 455
513 447
514 444
514 439
515 434
514 429
515 422
514 418
516 415
514 411
515 406
513 399
514 394
513 391
513 386
516 381
514 376
513 372
513 368
513 361
511 359
512 354
513 347
514 346
513 342
513 339
514 335
513 331
514 327
515 336
514 319
514 316
514 312
514 308
514 304
515 301
514 297
514 294
514 289
514 286
513 283
514 278
513 275
513 271
516 254
521 251
523 249
564 252
805 248
757 243
721 239
821 239
905 236
854 231
834 229
811 225
786 221
803 218
812 215
772 212
767 210
756 206
722 203
741 200
751 198
761 195
765 193
750 190
738 182
737 182
755 182
770 180
752 176
768 174
754 170
717 168
755 167
758 163
728 160
771 158
750 156
687 154
690 153
680 151
652 149
636 148
610 147
688 146
685 144
658 144
678 142
674 135
653 139
660 139
671 136
667 135
649 134
671 133
623 132
631 131
639 130
634 125
607 125
607 125
633 123
621 122
631 120
615 120
620 121
595 121
601 120
594 119
609 118
627 118
597 117
586 117
573 117
544 117
604 117
600 116
596 117
590 116
557 115
559 116
567 116
554 116
561 115
550 116
559 116
544 113
553 117
555 117
529 118
549 118
533 120
518 121
516 122
516 125
514 126
515 129
513 132
510 131
513 134
516 133
512 143
510 136
518 140
513 139
514 141
512 142
512 143
513 145
513 146
513 149
513 150
513 152
514 154
513 157
515 166
508 167
513 170
514 172
513 173
507 176
513 179
514 182
513 184
514 188
513 191
512 194
514 198
513 201
513 204
514 208
511 214
514 217
513 221
512 225
513 228
513 232
512 233
512 237
514 238
512 246
514 249
513 253
514 257
513 261
513 266
513 270
514 272
513 279
511 282
513 286
513 292
513 296
514 299
514 303
514 306
513 310
513 314
514 318
514 323
516 328
513 331
513 339
513 343
513 348
513 353
513 356
513 360
515 361
513 365
513 368
513 374
513 400
515 404
502 404
512 404
514 415
510 420
513 427
513 430
513 435
513 441
514 445
514 449
513 453
513 457
513 460
513 465
512 470
513 472
513 478
513 478
513 482
513 487
513 492
513 497
512 501
512 505
513 510
513 516
512 521
514 527
513 532
513 538
514 541
513 546
513 551
513 555
512 560
513 564
509 567
513 570
513 574
513 576
512 581
513 585
518 593
514 594
513 601
512 606
512 611
512 616
513 621
513 626
513 631
513 637
512 641
512 646
512 668
512 672
513 675
514 679
513 682
513 686
509 689
513 694
513 697
514 700
514 704
506 708
514 711
514 716
513 720
513 723
513 728
514 732
514 735
512 739
512 742
512 746
513 750
513 755
519 756
514 766
513 765
513 769
513 771
513 776
512 778
509 781
382 780
295 785
316 790
349 795
228 795
208 797
183 802
201 805
255 808
221 812
244 815
264 818
261 821
297 825
272 828
212 831
254 834
278 836
257 838
301 841
300 844
284 845
298 849
256 852
252 855
277 870
283 871
299 873
287 874
296 877
311 879
304 880
357 883
332 885
353 886
363 888
327 889
338 891
369 892
338 893
371 895
371 896
369 897
390 899
390 900
389 900
365 902
385 903
388 903
395 905
382 906
342 907
348 908
380 909
382 910
424 910
410 912
360 914
390 914
363 914
360 913
436 916
410 916
395 918
430 918
408 918
404 921
417 920
469 920
459 920
443 921
456 920
442 920
446 921
472 921
438 921
468 921
468 921
430 921
467 921
467 920
446 921
474 918
499 918
508 916
518 913
510 913
511 911
513 909
512 905
513 905
505 904
513 901
512 900
513 898
513 900
514 900
513 897
513 896
513 894
515 893
513 891
513 889
512 887
513 886
512 883
513 881
512 879
513 877
513 874
512 872
513 870
513 867
514 865
513 862
513 859
511 856
514 858
514 853
511 851
513 848
512 845
511 840
513 837
513 837
513 830
512 827
513 822
513 819
514 816
510 811
515 807
515 802
513 798
513 794
506 791
514 787
514 784
513 781
513 759
513 757
513 753
513 750
513 747
513 743
512 738
509 736
514 731
514 726
513 722
509 718
513 714
514 710
513 705
511 701
513 696
510 691
513 686
513 682
512 678
514 674
512 672
513 667
513 665
513 659
513 655
512 650
513 645
514 639
512 638
506 633
514 626
514 616
513 610
514 605
513 600
513 599
513 593
514 589
506 583
514 580
514 575
512 569
513 570
513 566
514 561
515 557
513 555
512 550
514 547
513 541
513 536
516 530
512 525
511 521
514 517
517 488
510 487
514 482
515 478
515 475
513 471
513 466
513 463
512 459
506 455
513 450
513 446
513 441
515 436
513 431
514 428
513 422
514 418
513 412
513 406
513 401
513 398
514 392
512 388
514 382
512 378
513 374
513 369
514 365
514 360
514 355
514 351
515 347
513 343
514 339
514 336
513 333
514 328
510 320
512 319
513 317
514 314
513 310
510 310
513 301
513 298
512 294
513 290
514 288
513 284
513 280
513 276
513 273
512 269
514 265
515 262
516 257
782 245
748 241
724 238
776 240
875 238
851 234
836 227
840 226
813 222
777 219
806 216
798 213
754 210
772 208
762 204
755 201
804 200
759 196
707 192
725 191
732 188
732 184
782 182
763 181
766 177
762 174
725 171
744 169
737 165
736 164
772 162
748 159
712 157
678 154
691 156
673 151
675 150
727 149
700 146
607 146
642 145
619 143
632 141
692 139
663 140
631 139
664 137
639 135
640 134
674 132
664 132
639 132
615 130
620 129
616 129
661 126
679 125
614 120
589 119
577 119
605 118
627 119
591 118
593 119
587 119
591 117
580 117
580 117
577 117
560 115
586 116
605 117
564 115
594 115
594 116
563 116
600 116
570 116
538 117
560 116
542 117
534 118
543 118
522 120
516 120
513 122
516 125
514 126
513 128
513 129
513 131
514 133
513 135
511 137
515 141
510 134
512 135
513 140
513 141
513 143
514 144
513 146
513 148
513 149
514 151
513 155
513 155
510 160
514 160
513 162
514 164
512 167
514 168
514 171
514 191
513 193
513 196
513 199
513 203
514 206
512 210
513 214
514 219
514 224
514 228
514 231
512 235
513 236
512 246
514 243
512 249
513 254
513 258
514 261
513 264
513 268
514 273
513 276
513 280
514 284
513 290
513 292
513 297
514 301
508 305
513 309
513 315
513 319
514 324
506 329
513 333
513 338
513 342
513 350
513 350
513 353
513 357
513 361
514 366
514 370
513 374
513 379
513 382
513 386
514 391
513 399
516 401
513 407
516 414
514 418
513 423
512 624
513 629
514 634
514 638
513 644
514 647
513 654
514 657
513 662
514 667
513 671
514 675
513 680
513 685
513 688
513 692
505 696
512 700
512 703
513 708
512 710
505 715
513 718
513 723
513 727
512 731
513 735
512 738
513 742
513 745
513 749
512 752
514 756
514 749
511 764
513 768
513 771
511 774
511 776
510 782
508 784
291 787
307 789
339 794
275 794
218 797
215 800
209 805
224 808
243 811
247 814
266 817
250 820
222 823
233 827
250 830
246 841
276 845
286 848
311 849
285 852
277 853
276 857
268 860
265 862
286 865
288 868
275 870
304 873
282 875
264 878
301 880
330 883
346 885
345 886
353 887
337 888
338 890
385 891
374 894
392 894
422 895
335 896
304 898
367 898
332 899
375 901
426 902
369 909
388 905
394 905
361 907
404 910
416 909
387 910
381 911
412 912
407 912
417 914
389 913
372 916
401 916
409 916
400 916
448 918
475 918
421 919
430 920
452 920
429 919
441 921
433 920
448 921
450 921
480 922
477 922
450 921
471 921
470 921
460 920
487 922
472 921
475 921
485 920
479 919
493 919
502 917
509 917
509 911
512 912
516 910
505 908
512 906
514 905
513 903
513 903
514 901
513 900
513 898
513 897
513 896
511 894
512 892
514 891
513 890
513 887
514 885
513 886
