572 121
561 121
582 120
574 122
543 119
530 119
555 118
577 120
540 118
555 117
566 117
534 116
550 117
557 115
548 115
558 116
559 115
529 115
542 115
546 114
526 120
539 120
548 110
514 119
526 116
532 116
516 117
519 118
522 118
513 120
511 122
514 123
513 126
514 128
513 129
512 132
513 132
513 134
513 134
514 136
513 137
514 138
513 140
514 140
514 143
513 145
513 147
514 149
516 149
513 150
513 153
513 155
513 158
518 159
513 162
513 163
512 164
482 902
450 903
453 904
404 904
422 906
461 906
454 908
473 910
459 910
405 911
441 911
449 912
456 913
511 914
454 915
431 914
480 916
463 919
443 917
485 919
495 920
457 917
472 922
484 921
457 922
484 922
475 920
458 921
498 921
498 925
474 922
498 923
483 922
464 921
488 923
487 924
474 922
495 921
491 920
484 921
501 921
500 920
505 918
507 917
517 915
513 914
513 912
513 910
513 908
513 906
519 905
513 904
513 902
513 901
513 900
513 899
513 898
514 144
514 146
513 147
513 149
513 150
513 152
513 154
513 156
513 158
513 161
513 163
513 166
514 166
513 169
513 172
514 179
511 176
513 180
511 174
515 186
514 190
513 192
514 194
513 197
514 200
515 204
513 208
513 212
513 216
513 220
511 224
513 228
513 233
514 238
514 241
515 245
512 248
513 253
513 257
513 260
513 265
511 269
513 272
513 276
514 281
514 284
513 288
513 293
513 296
513 301
514 305
513 309
514 314
513 318
514 327
512 329
513 330
511 481
511 485
514 489
514 493
513 498
514 504
511 503
509 513
515 519
513 523
512 527
513 534
510 540
510 544
512 548
512 552
512 555
513 562
511 565
511 568
513 573
513 575
513 579
513 585
513 589
513 593
513 598
513 602
512 607
512 612
513 617
512 623
513 627
514 632
513 636
514 642
515 646
512 651
513 656
512 660
512 667
514 670
513 674
512 679
513 678
512 687
509 691
513 695
512 699
512 705
510 705
513 709
511 713
513 717
513 720
513 725
512 728
514 750
513 753
513 756
512 758
513 762
513 765
513 768
512 774
510 776
511 780
514 783
511 787
511 790
509 794
504 793
260 796
282 801
344 806
380 808
368 811
379 814
389 818
359 820
352 824
377 827
358 829
395 833
407 834
376 838
398 841
423 844
397 846
378 849
391 851
365 854
400 857
399 860
377 862
421 867
407 867
356 871
383 874
417 876
406 878
435 881
440 882
411 884
435 885
429 888
405 889
444 890
458 892
421 893
445 894
447 895
417 896
455 903
432 904
462 905
458 906
455 908
474 907
444 909
415 910
455 909
449 912
452 912
498 913
477 914
434 918
463 917
447 914
443 916
475 917
458 919
460 920
489 917
473 919
463 920
476 921
472 922
475 921
491 924
482 922
479 923
494 922
486 922
481 922
502 922
493 922
487 920
506 921
503 920
495 921
504 921
499 919
491 919
507 919
511 917
509 917
512 913
513 913
513 910
513 904
513 907
513 904
515 905
513 902
513 901
513 902
513 900
512 898
513 897
512 889
512 887
513 886
513 885
513 882
514 882
513 878
513 875
513 875
511 872
514 871
513 867
513 865
512 862
513 860
514 857
514 855
514 852
513 849
513 846
513 844
513 841
513 836
515 834
513 829
512 825
513 822
513 820
514 813
513 811
509 806
515 801
512 796
512 794
513 789
513 786
514 781
513 778
513 774
513 770
513 765
513 761
513 759
513 754
513 749
513 746
513 742
513 739
513 735
514 731
514 727
513 723
513 719
512 713
513 708
512 704
512 696
514 680
513 677
515 671
516 667
514 666
513 661
514 657
515 653
511 649
511 646
513 642
511 636
512 629
513 621
517 616
515 612
511 609
512 603
513 597
513 590
516 586
514 582
512 580
512 576
516 578
512 568
513 564
516 560
517 558
511 555
512 547
511 546
515 541
515 535
515 529
513 525
516 519
515 514
514 509
514 502
513 499
512 494
513 491
513 485
513 482
514 475
513 473
515 468
514 465
514 461
513 457
514 454
514 450
514 443
513 440
512 435
511 429
514 389
507 386
513 372
516 381
513 375
513 372
513 367
513 363
514 360
514 355
513 350
514 347
513 342
516 339
515 335
515 331
513 328
513 326
514 321
514 313
513 312
513 309
513 305
514 300
513 297
511 293
514 288
514 285
513 284
513 278
513 276
513 272
513 268
514 265
514 262
514 257
516 253
519 250
518 247
518 244
519 239
705 242
783 237
745 231
683 229
653 224
671 224
648 223
648 216
664 214
628 210
624 207
646 205
613 202
633 199
656 197
620 195
653 168
641 166
636 164
598 161
611 160
659 157
626 155
618 153
600 151
552 150
568 149
621 147
603 147
615 146
598 142
531 142
550 141
612 138
597 136
607 140
627 136
561 134
549 133
575 131
561 130
562 131
573 129
537 129
554 127
580 127
558 126
572 126
579 126
523 122
559 123
594 121
572 118
583 120
585 119
543 120
546 119
556 117
541 121
559 117
565 117
551 112
558 121
554 116
534 118
540 116
557 115
539 113
536 116
541 115
526 116
534 115
540 119
515 192
513 194
513 196
512 200
514 204
517 207
513 210
514 214
513 218
513 223
513 227
512 233
513 236
514 240
513 244
513 247
514 251
515 254
513 257
513 263
513 267
513 271
512 275
514 279
514 283
512 285
513 290
513 294
513 298
513 302
513 309
513 311
513 316
513 320
513 325
512 339
504 338
513 338
515 341
513 350
510 353
511 355
513 359
512 363
514 366
513 370
515 374
513 378
512 384
512 389
511 392
514 395
513 401
513 407
512 413
511 420
509 425
514 447
515 449
513 454
511 458
515 462
514 464
513 467
512 473
513 476
509 481
512 483
515 484
513 493
512 495
512 502
512 507
513 511
511 516
518 521
511 525
511 534
511 538
512 543
512 548
513 551
512 555
514 561
511 563
511 568
510 570
512 575
514 580
512 583
512 586
513 592
512 596
510 602
513 606
513 612
512 616
515 621
513 626
512 631
512 635
515 641
514 646
513 650
513 654
510 659
513 663
514 667
513 671
513 677
514 682
513 685
513 690
513 693
513 711
513 713
513 716
513 720
512 725
511 727
513 732
512 735
513 739
512 742
512 745
512 753
513 753
512 756
513 757
512 764
513 768
511 772
513 776
513 779
512 783
510 785
507 789
510 793
382 792
279 797
349 800
373 804
360 807
395 809
379 813
353 817
389 819
385 823
382 826
401 828
392 832
376 834
401 837
390 840
391 843
416 846
408 849
381 851
387 854
379 856
385 859
406 862
393 865
398 868
426 870
411 874
380 875
401 877
396 879
385 882
426 884
443 891
443 891
472 893
491 894
470 896
455 896
454 897
434 896
421 900
437 902
428 904
447 904
455 905
431 905
460 906
469 908
443 910
485 909
474 911
433 911
464 912
476 912
430 914
468 914
460 914
428 918
471 916
487 918
445 918
459 920
486 920
463 921
476 920
467 919
452 921
492 922
474 921
456 922
486 922
469 921
473 922
498 922
475 922
463 921
495 921
478 921
475 923
507 922
494 920
484 921
508 917
504 919
503 920
511 917
515 914
516 914
516 903
513 904
513 902
513 901
513 900
513 899
513 898
513 897
512 895
513 894
513 893
513 891
513 890
513 887
515 885
513 883
513 881
513 879
513 878
512 876
514 873
513 869
513 869
514 866
515 864
513 861
515 858
514 856
514 853
513 850
512 848
514 846
513 841
512 837
513 835
514 831
514 827
515 823
513 818
513 814
513 810
513 805
513 802
511 798
512 794
513 790
513 785
513 784
509 780
514 774
513 771
515 768
512 764
513 761
514 758
513 753
514 750
513 730
512 726
513 719
513 716
514 711
515 706
514 704
513 699
513 696
512 692
513 689
513 684
512 681
513 676
513 670
515 667
513 663
512 660
513 656
515 653
513 646
513 639
518 634
517 630
515 625
512 620
512 614
513 609
515 602
514 597
515 594
513 590
513 585
513 579
514 575
515 573
513 563
515 567
513 563
513 558
517 553
514 550
512 546
512 543
513 538
513 530
515 527
514 520
511 517
513 512
514 505
514 500
515 494
513 489
512 487
514 483
513 479
513 459
513 454
512 452
512 449
515 445
515 441
512 436
514 431
515 426
514 422
511 415
513 412
514 406
514 401
516 396
514 391
514 386
514 379
513 376
514 378
513 368
512 361
513 360
513 355
508 352
513 347
512 342
513 339
513 338
512 332
513 328
514 325
516 321
514 318
516 313
513 309
514 305
514 301
514 298
511 294
513 291
513 286
514 283
514 280
512 276
514 272
514 269
515 267
514 262
512 259
513 255
517 252
514 247
517 244
521 241
522 239
811 239
757 220
652 218
633 216
637 213
643 210
647 208
638 205
614 204
637 201
638 197
617 195
640 192
639 189
629 187
658 183
637 180
631 178
656 176
635 172
619 170
656 166
632 164
614 162
651 160
635 158
592 155
621 154
598 152
572 150
586 149
559 148
580 146
593 144
576 144
569 143
594 142
574 140
583 139
596 138
572 130
567 134
582 134
572 132
569 132
593 130
563 129
571 128
586 127
559 126
563 126
589 125
569 125
572 123
582 121
543 120
545 121
581 120
541 117
560 118
548 117
533 116
551 116
593 115
556 107
562 116
554 115
525 118
535 116
540 115
528 114
536 115
540 115
529 114
538 116
550 106
531 110
532 107
533 117
519 117
518 118
520 120
513 119
513 123
513 126
513 126
513 130
513 132
514 132
514 134
514 134
514 137
513 139
513 138
513 140
513 140
513 143
513 143
512 145
513 147
513 149
512 151
513 152
514 156
513 157
513 159
513 161
510 164
513 166
514 168
514 169
513 172
512 176
512 178
513 177
510 193
515 197
513 200
513 203
514 206
512 211
513 216
513 219
511 223
512 225
513 229
512 235
514 236
513 241
513 245
513 249
513 253
513 257
512 261
512 265
513 268
513 273
513 277
513 283
513 286
514 288
514 293
513 297
512 300
513 304
513 307
513 312
513 317
512 321
513 326
513 332
517 334
515 341
512 347
513 351
511 353
514 359
512 361
514 365
514 371
513 373
513 374
512 382
511 387
513 390
514 393
514 400
513 405
511 411
510 418
514 423
512 428
514 456
512 460
513 462
515 467
512 471
509 474
515 477
513 480
513 486
514 490
512 495
509 501
513 505
514 510
513 515
510 520
515 528
510 532
514 537
513 541
512 545
513 549
512 555
509 559
510 563
513 566
512 569
512 575
513 578
510 582
516 586
513 590
513 596
512 600
512 606
510 611
510 613
512 619
512 625
512 629
512 633
512 640
514 644
512 649
514 654
513 658
513 663
514 667
513 672
513 676
513 681
513 684
513 689
513 692
514 696
514 700
513 702
514 721
513 724
512 728
512 731
513 734
513 737
512 741
513 745
512 749
512 753
512 756
511 760
510 764
512 768
513 770
513 775
511 777
512 781
513 785
512 788
511 792
512 794
274 794
314 797
314 802
337 806
397 809
374 812
345 815
383 815
375 822
373 821
395 829
376 830
377 834
409 837
385 839
394 842
408 844
403 847
422 850
393 853
373 855
386 858
405 860
383 864
405 868
436 870
403 872
374 875
397 879
393 879
403 882
446 883
446 882
440 887
447 888
473 895
457 896
432 895
432 897
431 899
432 900
454 901
430 903
440 904
458 904
451 905
475 906
469 908
448 908
454 909
445 909
430 911
459 912
446 912
447 914
480 915
452 915
451 916
473 916
448 916
457 919
471 919
443 920
460 920
488 920
467 920
475 922
489 919
461 921
473 922
498 921
467 920
471 920
495 923
463 922
496 923
495 921
470 922
499 921
508 921
488 923
509 921
505 920
500 918
511 918
511 917
510 915
512 914
514 912
516 909
513 907
512 896
512 900
513 899
513 898
512 897
513 896
513 892
513 893
515 892
513 889
512 885
515 887
512 884
515 882
513 879
513 876
513 876
514 873
513 871
510 868
514 867
513 864
514 859
513 859
514 857
509 854
513 851
514 849
513 846
513 843
513 839
513 834
513 830
513 828
513 825
513 821
514 817
513 812
513 807
513 803
513 798
512 794
514 791
511 788
512 785
513 781
513 776
512 772
512 770
512 766
513 759
512 758
511 754
509 749
513 745
513 742
513 732
513 702
512 699
513 696
513 692
515 687
516 684
516 678
513 676
512 672
511 669
514 664
513 660
513 656
512 651
512 647
513 643
512 637
513 631
514 627
513 622
514 615
512 608
514 605
514 599
512 595
512 590
513 586
512 579
514 577
515 573
513 570
513 570
513 563
513 558
515 555
513 552
512 548
512 543
511 538
515 533
515 528
512 523
514 517
513 513
513 507
514 501
515 496
514 492
519 488
512 483
513 480
513 474
515 471
515 466
514 463
511 461
511 456
514 417
513 413
513 410
514 406
512 400
515 397
514 394
513 390
515 385
515 378
514 375
516 371
513 366
513 361
513 357
513 351
513 348
514 345
511 339
513 336
512 334
514 330
513 324
513 322
514 319
513 314
515 310
513 307
513 303
514 299
513 295
514 292
514 288
513 285
513 282
514 278
512 273
513 270
513 266
514 263
513 258
512 255
514 251
514 248
517 246
519 241
520 239
697 241
754 237
712 232
711 228
680 223
659 219
674 218
641 216
620 213
639 209
632 189
631 185
639 184
641 181
634 180
658 176
632 173
616 171
644 168
604 165
621 164
650 160
627 158
614 156
636 154
591 153
562 151
579 149
567 144
610 146
638 146
592 144
559 143
569 141
545 139
587 138
621 129
565 132
583 140
597 134
556 132
575 132
603 130
562 130
572 129
599 127
566 126
576 126
594 125
547 125
561 122
580 122
559 122
575 120
577 117
560 119
562 119
557 118
550 118
558 117
558 117
532 117
540 116
554 116
539 116
547 116
545 115
532 116
530 115
524 117
519 114
531 116
541 114
520 118
525 108
519 117
512 117
515 119
518 119
513 122
513 122
513 125
513 128
514 130
514 131
514 132
513 134
514 138
514 136
513 137
513 136
513 140
514 141
514 142
512 144
514 146
513 147
514 149
514 151
513 153
514 154
513 157
514 160
512 161
513 163
513 167
513 168
514 170
513 173
510 177
513 178
512 180
513 182
512 189
513 185
516 196
514 195
510 198
514 202
513 204
514 210
512 213
509 216
513 222
514 240
512 243
515 246
513 250
514 253
514 256
515 260
513 263
513 268
513 271
515 274
513 280
513 283
514 287
513 290
513 296
513 300
514 305
514 309
513 313
513 317
513 323
514 326
513 329
513 331
511 341
513 342
513 347
511 354
515 355
510 359
514 362
513 368
513 372
510 376
513 380
512 386
511 390
513 395
513 400
515 402
513 408
513 412
513 422
510 427
510 433
511 436
516 442
515 446
513 451
512 456
513 461
512 464
513 466
514 469
513 472
514 478
513 496
511 501
513 504
512 510
511 513
512 519
520 525
507 531
512 535
512 540
512 544
514 549
515 553
513 556
513 562
513 561
511 570
514 573
513 576
513 579
514 584
513 589
512 594
515 598
513 603
512 608
512 613
513 618
512 623
513 627
513 634
509 639
511 644
512 649
512 653
513 658
512 662
512 667
512 671
512 676
512 680
512 684
512 688
512 691
513 695
513 699
513 701
513 705
513 709
513 713
513 717
514 722
513 726
513 729
513 735
512 737
513 736
514 757
513 761
511 764
514 766
513 770
514 774
513 777
513 779
514 782
513 788
512 792
510 795
423 793
267 800
286 801
331 806
375 808
372 812
384 815
388 818
388 821
406 825
397 827
369 830
379 833
402 839
390 840
397 841
411 843
394 848
400 849
398 852
390 855
397 858
411 861
393 863
398 867
403 867
376 873
386 875
418 877
411 879
414 881
443 883
427 885
415 887
426 888
444 889
432 891
439 892
425 893
414 895
439 896
449 897
448 898
473 900
453 902
447 905
449 907
437 908
442 908
469 909
453 910
471 912
463 913
412 911
447 913
454 914
443 914
477 916
476 917
433 918
461 915
478 918
440 917
471 919
493 921
463 919
487 920
500 919
460 920
490 921
481 922
453 918
487 919
502 922
476 922
504 922
497 922
474 923
504 923
505 919
482 922
507 920
505 921
489 919
512 917
514 917
514 916
515 913
512 911
519 910
512 910
513 906
512 905
513 901
514 902
515 901
514 900
513 899
513 899
513 898
514 896
513 887
513 885
513 884
513 881
513 878
513 875
513 875
513 873
512 871
513 870
512 868
513 865
513 861
514 860
513 857
515 855
513 852
512 850
513 846
513 844
513 840
513 835
514 833
513 828
512 825
512 820
513 816
513 813
513 810
513 806
512 801
512 797
515 791
513 788
514 782
513 780
513 777
513 772
513 769
513 764
513 764
513 756
513 751
514 750
513 746
513 746
513 737
513 734
513 729
513 725
513 720
512 715
513 711
514 707
513 702
513 699
512 694
513 675
514 671
513 667
512 665
513 662
513 657
514 652
515 646
517 642
517 638
511 634
512 629
513 624
513 618
513 611
514 604
514 600
513 595
511 593
513 587
514 581
513 578
513 573
515 571
513 568
512 566
510 560
513 556
513 552
514 548
515 545
514 539
515 535
514 529
512 523
514 519
516 513
514 506
515 503
514 498
513 492
515 488
514 486
513 480
514 476
513 474
512 469
513 464
514 460
514 456
513 452
513 448
513 445
514 439
513 434
513 429
513 425
513 400
512 396
513 392
513 388
514 384
513 380
513 376
514 369
511 366
514 362
513 359
514 353
515 349
513 345
514 341
513 338
512 334
513 332
519 328
513 322
512 320
513 315
513 313
513 308
513 304
513 300
512 297
507 293
513 288
513 286
513 282
514 279
513 274
514 271
513 267
512 263
514 260
508 257
516 252
514 249
515 246
518 243
521 239
526 240
836 238
754 234
722 229
673 224
627 219
679 218
646 216
634 213
659 210
626 207
630 206
651 201
620 199
631 186
649 184
637 181
633 180
643 176
633 175
627 171
651 169
617 165
635 163
641 161
614 159
626 156
609 152
565 152
600 152
622 149
573 148
589 147
632 145
576 144
581 144
616 138
573 140
575 139
598 137
536 134
551 126
589 117
575 132
584 132
578 131
544 131
561 129
576 128
540 126
571 127
575 125
564 121
593 125
589 123
543 126
556 121
558 121
541 120
565 119
574 119
543 116
565 118
583 117
540 117
540 116
550 116
534 117
559 116
563 115
542 115
527 113
529 115
529 115
544 116
527 113
535 124
544 115
522 126
514 119
522 120
513 121
514 123
514 125
514 127
512 129
513 131
513 132
513 133
513 135
513 137
513 137
513 138
514 139
513 139
513 141
515 142
513 145
513 146
513 148
513 150
513 152
512 156
513 157
513 156
514 161
513 164
511 165
513 166
513 169
513 172
512 176
510 177
517 180
513 183
511 184
516 186
509 192
514 193
513 195
514 200
514 204
514 208
513 212
514 216
513 226
512 224
513 227
513 247
512 250
514 255
513 256
512 259
512 263
514 266
515 271
513 275
514 278
515 282
513 286
513 287
513 293
513 298
513 302
514 305
514 307
514 314
514 320
513 325
514 330
513 334
513 342
515 343
519 351
513 351
511 353
513 358
514 362
513 365
513 371
513 377
508 381
512 384
515 387
514 389
517 396
513 404
512 410
510 416
512 420
512 425
512 430
513 436
513 442
511 444
514 449
514 453
513 457
513 462
513 465
511 470
513 473
514 475
514 479
513 484
511 510
512 513
511 517
510 523
509 529
522 532
513 537
513 544
511 549
509 552
511 557
512 561
513 564
514 569
513 571
511 576
512 579
513 584
513 588
513 593
513 598
513 602
512 608
513 612
513 613
513 621
512 627
513 631
513 637
514 641
514 646
513 651
513 656
513 660
514 665
512 670
512 674
512 677
513 683
512 686
512 691
512 695
512 698
512 702
512 705
513 709
512 713
512 716
513 718
512 724
512 727
514 733
512 736
513 740
513 743
513 747
513 750
513 768
514 771
513 773
513 776
512 779
513 783
511 787
510 788
511 793
508 798
289 796
304 799
321 800
353 807
374 810
367 813
386 816
367 820
370 823
400 826
389 829
379 833
391 835
388 837
389 840
417 843
401 846
394 848
406 852
393 855
368 857
400 860
393 863
385 866
410 868
412 870
385 873
390 876
413 879
413 881
418 883
382 885
417 886
439 887
406 890
455 891
474 892
415 894
416 894
444 896
408 897
444 898
475 900
425 900
443 902
450 903
407 903
461 912
438 908
460 914
449 915
484 915
473 915
462 916
452 917
481 916
463 917
439 918
464 919
473 920
454 922
466 919
491 920
486 923
497 922
496 922
469 921
474 921
481 921
490 922
496 923
505 923
489 924
492 921
499 922
493 920
495 923
509 921
506 918
500 917
509 918
511 916
510 915
512 913
513 912
513 908
513 905
513 904
513 903
512 904
513 901
513 900
513 896
513 898
512 897
513 896
513 894
513 892
513 891
514 889
513 887
513 884
513 883
513 861
514 859
513 858
513 855
513 852
517 849
512 846
513 842
515 839
513 838
514 832
513 829
514 827
514 821
513 817
513 815
513 810
512 806
514 803
511 798
514 796
514 791
513 786
513 785
513 780
513 775
513 771
512 768
513 763
513 756
512 755
512 751
510 746
513 742
513 745
513 734
514 731
512 726
513 723
512 718
514 713
514 709
513 705
513 701
513 698
513 691
513 688
514 683
513 679
513 675
513 671
512 667
513 663
513 658
512 655
514 650
513 645
511 604
511 601
513 599
514 593
512 588
513 584
513 579
513 573
514 572
514 568
514 566
513 560
513 559
513 554
514 551
512 546
513 541
513 536
513 532
514 525
513 520
513 514
515 510
514 505
512 498
513 494
514 489
513 486
514 482
514 477
513 473
515 469
516 464
514 461
515 459
513 454
514 449
514 444
515 439
516 436
513 431
515 425
513 421
514 413
514 411
514 405
514 400
514 396
512 394
513 387
512 381
513 377
513 374
512 368
514 363
514 360
513 356
513 335
513 332
511 331
513 325
513 323
512 321
514 317
514 312
514 314
514 304
513 301
513 297
513 294
514 290
513 287
514 283
514 279
515 277
514 271
512 268
513 264
513 260
514 258
515 254
514 252
515 246
517 243
519 240
521 238
775 240
741 237
729 231
699 227
657 224
653 223
658 216
634 214
647 211
643 208
623 205
638 202
633 200
626 197
623 193
621 192
628 188
654 186
635 184
610 180
638 178
654 174
639 172
624 168
632 166
620 163
603 162
609 159
612 150
638 150
619 150
598 148
572 145
584 145
584 143
627 142
583 140
572 139
599 139
596 136
592 148
622 121
593 128
563 132
582 131
578 129
573 128
590 128
587 127
553 126
575 124
552 124
577 122
597 122
551 122
543 120
567 119
535 120
566 119
593 118
550 118
530 118
556 116
530 117
539 116
570 115
533 115
538 115
570 114
534 115
535 116
566 115
531 116
547 116
564 115
534 115
545 116
549 116
523 118
537 118
544 114
521 115
524 122
523 119
514 120
513 129
513 131
513 131
515 134
513 133
513 136
513 137
513 136
513 139
513 140
511 142
513 143
513 144
513 144
514 147
513 150
512 151
513 154
514 155
514 158
513 160
513 162
513 165
514 168
514 169
516 170
513 174
513 176
513 179
514 181
513 184
511 187
509 192
512 192
511 195
513 199
513 203
512 203
513 211
514 214
512 217
514 224
513 226
513 231
512 236
513 240
517 243
513 248
513 251
513 255
514 259
513 263
515 268
513 271
512 275
513 279
513 282
513 302
513 304
514 307
513 312
513 316
513 321
513 324
512 328
513 332
514 335
513 338
511 341
504 350
504 353
511 358
512 361
511 368
513 371
513 369
514 378
513 382
513 387
513 393
510 398
513 402
513 407
512 411
512 417
513 423
513 430
510 436
511 439
512 443
514 447
513 452
513 457
512 462
513 465
514 467
513 470
513 475
514 480
512 482
511 488
512 491
515 493
513 500
513 505
512 507
512 518
512 521
514 527
505 532
523 540
513 543
511 547
512 552
513 569
514 572
513 577
512 580
512 583
513 587
514 593
511 597
512 601
514 607
512 611
512 616
513 621
512 626
513 630
513 636
512 642
512 646
512 650
514 655
513 659
514 663
513 668
514 672
513 677
513 681
515 686
513 689
514 693
513 696
514 700
513 704
513 707
512 712
512 716
514 719
513 724
512 727
512 731
511 737
513 738
512 743
512 747
512 749
514 753
513 758
513 761
513 764
512 768
512 770
512 775
512 778
513 782
512 786
510 789
510 792
510 796
382 809
380 811
349 814
348 816
382 819
358 822
383 826
388 828
373 831
411 835
430 837
399 840
409 844
391 845
371 848
404 851
394 856
390 856
416 859
394 863
352 865
388 868
402 871
406 873
424 875
422 878
393 881
389 883
393 884
417 886
439 886
436 889
452 890
463 891
449 893
418 894
435 895
443 897
439 897
451 899
450 901
425 901
426 903
443 904
430 906
446 905
464 908
443 909
465 909
478 910
437 912
453 913
455 913
421 914
456 915
472 915
446 917
478 921
490 921
459 919
450 920
470 923
453 922
488 921
493 922
473 920
502 923
492 922
465 921
493 922
489 921
462 923
494 920
494 922
470 921
495 921
484 922
476 921
500 921
494 922
485 920
507 919
512 916
511 915
513 913
513 912
512 909
513 908
513 905
512 904
513 903
513 902
514 901
513 902
513 898
513 897
513 898
512 894
512 892
514 892
513 889
513 888
515 885
513 883
513 883
513 879
513 877
512 875
513 874
514 871
515 868
512 867
513 863
513 852
513 848
513 844
513 843
514 840
512 838
512 834
513 830
512 827
513 823
513 819
514 817
513 813
513 809
513 804
512 799
513 796
513 793
512 790
513 784
512 780
513 776
512 772
514 768
513 765
513 759
513 756
513 751
514 750
514 743
513 739
513 739
512 734
513 728
513 724
518 720
513 715
513 711
513 706
514 702
513 698
513 694
513 689
511 686
513 682
514 677
513 673
512 668
514 664
514 658
512 654
514 652
513 646
513 642
512 635
515 630
517 623
516 600
514 597
512 593
512 590
511 584
513 581
513 576
513 573
514 569
517 565
514 564
515 564
513 556
512 550
514 544
516 540
514 539
513 533
513 529
513 520
515 515
516 511
514 505
514 501
514 496
513 493
513 485
515 481
512 479
511 476
513 474
513 467
513 462
516 457
515 455
514 451
512 447
513 442
514 437
514 432
514 426
514 420
513 416
515 413
514 406
514 401
514 397
514 393
515 385
516 382
514 379
513 373
515 368
514 365
516 359
513 355
514 352
512 334
510 328
513 331
513 325
514 321
513 318
515 314
514 310
517 304
514 302
514 298
514 295
517 291
514 288
515 285
514 281
513 276
514 273
513 269
513 265
514 262
513 259
513 255
514 252
514 249
516 244
518 241
521 237
732 240
743 234
712 231
725 227
664 223
640 222
668 219
631 214
623 211
649 209
621 206
622 203
657 201
631 198
625 195
639 193
607 190
622 186
653 184
623 182
633 180
655 176
615 173
637 170
653 165
621 165
628 162
632 159
592 157
610 147
592 146
597 146
627 142
615 143
625 141
584 142
575 139
572 137
559 135
584 112
594 142
574 131
572 132
570 130
556 131
582 129
608 127
570 127
566 125
563 125
553 124
570 123
594 122
556 122
558 121
573 120
560 120
567 119
585 118
555 118
548 116
563 116
538 117
545 116
553 116
531 115
531 115
549 115
526 115
540 115
567 114
543 115
533 115
558 114
529 115
518 115
541 116
518 118
533 114
526 119
523 122
511 121
521 120
514 121
512 123
514 125
513 134
513 134
515 135
513 135
513 136
513 138
513 139
513 140
513 143
514 144
514 145
513 148
513 150
513 152
513 153
513 153
513 157
513 162
513 159
514 163
515 165
514 167
513 170
513 173
513 175
513 180
513 181
513 184
514 186
514 194
509 188
514 201
510 201
514 202
514 207
516 211
513 214
513 218
512 222
513 228
513 231
514 235
512 238
512 241
513 248
512 248
513 251
513 255
513 260
511 263
514 268
513 272
513 277
513 282
513 287
513 291
513 294
513 312
513 316
513 320
514 322
513 327
513 331
513 334
513 339
513 344
513 342
526 351
512 356
512 363
516 365
512 369
513 373
513 376
513 381
513 384
514 389
513 396
513 402
508 407
509 412
514 416
514 420
513 428
511 434
512 439
509 445
513 448
514 451
514 455
513 460
513 464
511 468
513 471
512 474
512 477
514 482
514 485
513 490
513 494
511 499
512 505
513 511
510 515
514 520
515 526
512 531
496 536
517 542
510 546
513 549
514 554
513 559
512 562
512 594
512 598
511 601
514 604
513 609
512 614
512 619
513 624
513 629
512 636
513 640
513 645
513 649
512 654
512 658
512 664
513 668
513 673
513 678
514 680
513 687
512 689
513 692
514 696
513 699
513 702
515 706
513 710
514 714
514 718
512 722
513 725
513 726
512 733
512 738
513 741
512 745
513 748
513 752
513 756
513 759
514 763
513 767
513 773
513 776
512 777
512 781
510 784
511 790
510 790
510 795
355 796
308 798
348 802
341 806
387 808
381 812
401 836
403 838
411 837
396 842
398 846
415 848
387 850
405 855
394 856
378 857
410 862
401 864
365 867
402 870
393 873
388 878
430 877
411 879
384 882
422 883
418 886
420 887
465 888
445 890
416 891
461 893
446 894
399 895
455 897
433 897
407 899
466 900
462 901
429 903
489 904
471 905
440 906
476 907
448 907
426 909
451 908
435 911
440 912
474 912
464 914
462 915
467 915
433 916
432 916
471 918
464 917
469 919
497 918
473 918
452 920
467 920
481 922
514 874
513 873
512 871
513 871
514 867
514 864
512 861
513 859
513 856
512 854
513 851
513 850
514 842
514 843
512 839
514 835
513 831
513 827
513 825
513 819
513 816
513 812
515 809
513 803
511 799
513 796
511 792
513 789
512 784
512 781
516 776
514 772
513 768
513 765
513 761
512 757
512 753
514 749
512 744
509 739
513 735
513 731
514 727
513 723
513 719
512 715
513 710
513 707
513 702
513 697
513 694
515 688
514 683
513 680
514 677
513 672
512 655
513 648
511 646
513 641
513 639
514 633
513 627
514 622
514 617
513 610
514 605
516 600
514 594
516 589
516 586
509 577
511 578
514 574
513 571
514 566
515 563
512 559
514 557
515 553
512 548
513 544
514 538
511 533
515 529
515 523
514 518
512 512
513 508
515 502
513 496
513 492
514 487
514 484
511 480
514 476
513 472
512 467
513 462
516 461
512 456
515 451
515 447
512 443
513 439
514 432
514 428
513 422
514 418
515 413
512 409
513 402
513 398
513 375
513 372
515 368
514 364
512 360
518 358
514 357
514 347
514 344
514 340
514 337
514 333
513 330
513 327
512 322
514 319
513 320
513 311
512 307
512 303
513 299
513 297
513 293
513 288
513 285
513 282
513 279
513 273
513 270
513 266
514 263
513 260
512 257
514 253
517 249
516 246
520 242
522 239
724 241
822 236
722 232
673 229
659 225
647 223
658 219
688 215
674 214
639 210
654 206
616 204
609 201
627 199
600 195
641 193
672 191
628 187
618 183
646 170
597 169
595 166
630 164
626 163
599 160
614 157
