367 906
398 905
375 907
401 908
399 909
387 909
379 911
382 912
421 914
411 913
349 914
409 915
433 914
393 916
425 916
425 918
394 917
424 918
414 919
403 919
452 920
437 920
419 921
454 921
430 921
411 921
462 920
436 921
458 921
455 921
427 921
452 921
484 920
462 921
485 921
495 921
477 920
484 920
490 920
493 918
506 917
511 915
511 914
512 911
512 909
513 907
513 904
513 904
513 903
512 901
513 900
514 899
514 898
513 897
513 895
513 895
513 893
679 148
662 147
665 147
683 144
663 142
660 141
672 140
614 139
621 137
663 136
624 134
631 133
660 132
617 133
619 130
674 130
634 129
647 128
650 127
570 126
588 125
638 124
620 123
656 123
657 124
600 121
591 121
615 121
617 118
633 118
591 124
571 113
577 117
578 117
571 116
569 116
583 116
585 116
572 116
572 116
577 115
561 116
581 116
580 115
563 117
583 116
545 115
527 118
551 116
537 117
525 120
534 118
521 121
512 121
517 123
516 125
514 128
513 904
513 902
512 902
513 901
512 900
513 899
513 898
513 900
513 896
512 892
513 892
512 891
512 888
513 887
514 883
513 882
512 881
514 878
513 876
513 873
513 874
513 868
514 867
513 865
514 863
513 861
513 857
513 855
513 851
513 848
513 848
513 841
515 840
513 836
513 834
514 827
513 824
513 819
513 817
513 813
513 810
513 806
514 800
514 796
514 793
513 790
513 787
513 782
513 779
512 775
513 771
513 767
512 762
512 758
514 755
514 751
514 746
514 594
513 592
513 586
512 583
512 579
514 573
514 570
512 567
513 567
513 561
513 557
513 552
514 549
513 545
513 541
513 536
514 530
513 524
514 518
514 515
512 508
513 505
513 498
513 492
514 488
515 486
513 481
514 477
513 472
516 468
516 465
512 463
513 458
514 453
514 448
514 443
513 438
514 435
513 430
512 425
514 419
514 415
513 409
514 405
513 399
512 395
511 390
513 385
513 379
513 376
513 372
513 367
513 362
512 357
513 354
513 349
512 346
512 328
513 326
514 322
514 319
513 316
513 310
513 309
508 313
513 300
513 296
513 293
514 290
513 285
515 282
513 278
513 274
512 270
513 266
513 262
515 259
516 256
525 254
658 251
642 248
667 245
647 242
622 240
803 239
848 236
848 232
867 228
815 225
805 222
800 217
757 213
777 212
803 208
777 205
760 203
756 200
744 197
744 195
733 193
734 190
763 187
755 186
738 181
773 179
778 176
764 174
739 170
752 168
736 164
717 162
757 161
772 160
730 150
638 148
649 148
650 145
658 148
650 145
659 143
644 141
658 140
711 139
704 138
650 137
665 136
642 135
612 133
652 131
632 131
631 130
643 129
608 128
606 128
647 126
626 125
579 124
633 124
648 124
634 122
643 121
628 121
610 121
591 119
576 119
607 119
609 130
600 117
577 118
575 116
594 116
584 116
564 117
581 116
563 116
585 115
613 116
580 115
556 116
583 116
545 116
532 116
567 117
535 116
522 117
551 117
523 118
538 119
522 121
515 122
513 133
514 134
513 135
514 136
514 138
514 139
513 139
514 141
513 142
514 143
514 145
513 149
515 148
514 147
513 153
514 154
514 155
513 158
513 161
514 164
514 165
512 168
513 170
515 171
513 174
513 176
514 178
513 182
513 185
513 187
513 189
513 194
514 197
514 201
513 202
513 208
513 213
512 216
513 220
513 225
514 230
513 234
514 236
514 241
513 244
512 248
514 250
514 255
512 259
513 262
521 262
528 265
496 275
513 279
513 282
513 287
514 291
515 312
513 317
513 320
514 324
514 326
513 331
513 335
514 340
513 343
513 350
513 353
512 358
513 361
513 365
513 367
514 371
513 374
515 380
513 385
517 389
512 395
513 398
513 403
514 407
514 415
513 420
513 425
513 430
513 435
514 430
510 454
517 456
509 461
513 458
513 461
514 464
514 468
513 473
513 476
512 480
512 483
514 486
514 492
514 495
513 501
514 507
512 512
514 517
513 522
512 527
514 533
513 538
512 543
514 547
514 551
513 556
513 559
513 591
514 594
514 598
512 604
513 607
512 607
510 613
514 618
515 630
513 632
512 636
514 642
513 646
513 650
513 655
513 660
512 664
513 669
513 673
513 676
513 681
513 686
514 690
514 694
514 697
513 702
514 704
513 708
513 712
511 716
513 720
512 724
512 728
513 733
512 736
512 740
513 744
513 747
512 751
512 753
512 758
512 762
512 765
512 772
513 772
514 777
513 779
507 780
414 787
402 788
385 792
348 793
250 796
196 798
203 802
219 805
221 809
265 837
271 839
260 844
287 845
292 848
267 850
279 853
302 856
255 859
265 861
302 864
283 867
302 869
275 871
255 874
303 877
295 879
283 882
321 883
306 885
321 886
359 887
353 888
350 889
359 891
354 893
380 894
402 895
390 897
366 898
359 899
349 900
392 902
424 903
434 904
356 905
354 907
377 907
365 908
425 909
407 910
356 911
346 912
376 913
382 913
411 915
405 915
349 916
409 917
417 916
369 917
426 919
466 918
417 919
415 920
439 921
416 920
513 874
513 872
513 871
512 868
513 866
513 863
513 861
513 859
513 857
513 853
513 850
513 846
514 845
512 842
513 837
513 834
514 830
513 827
513 824
513 819
513 816
514 811
512 806
513 803
512 797
514 792
513 789
514 787
513 781
513 779
513 773
513 772
513 766
514 763
513 758
513 755
512 752
514 748
513 743
513 739
513 735
513 730
513 725
513 722
513 716
513 711
513 708
513 705
513 699
514 695
513 691
513 688
514 684
512 679
514 674
513 672
513 668
514 645
513 641
513 639
513 638
512 631
513 624
515 617
514 614
513 607
514 602
515 597
514 593
513 588
513 583
511 581
514 578
513 572
514 568
514 565
514 561
514 559
513 552
512 550
514 546
513 542
513 537
513 531
514 526
514 520
514 515
512 510
513 507
513 500
514 495
513 491
515 487
512 485
512 479
513 473
513 470
513 467
513 462
513 460
513 455
512 451
512 446
513 441
515 437
513 432
513 427
513 423
514 414
514 410
513 407
513 401
513 397
513 392
513 368
513 367
514 364
514 359
514 356
514 350
514 346
514 342
513 340
513 335
513 332
513 329
513 325
512 321
513 317
512 313
513 307
513 306
508 302
515 298
513 294
514 290
515 287
512 283
513 281
513 275
513 272
512 268
513 264
513 261
512 257
517 252
577 253
654 250
639 246
652 243
664 239
716 240
900 237
886 233
812 229
812 225
822 222
788 219
830 216
807 213
768 209
788 207
764 205
731 201
748 199
728 196
738 194
765 191
754 189
757 186
758 181
756 169
724 167
755 165
725 163
736 161
711 159
708 157
676 156
674 153
726 152
708 150
638 149
650 147
615 146
648 145
711 143
714 143
654 141
650 139
622 139
643 137
654 136
637 133
637 134
642 132
627 131
648 130
636 129
600 127
626 127
642 126
651 126
665 124
638 124
602 124
586 122
618 121
621 121
620 119
622 121
613 118
595 118
576 118
582 127
585 117
603 117
586 118
572 116
605 118
587 116
581 117
594 115
561 117
559 116
570 115
552 116
558 117
531 117
541 118
541 117
541 119
517 120
514 123
514 123
514 126
515 128
516 130
512 131
514 133
514 134
515 135
514 137
514 139
513 139
514 140
513 141
513 142
513 145
513 146
513 148
514 149
510 153
511 154
512 155
513 158
513 161
510 162
513 164
513 168
513 168
514 172
513 173
513 176
514 179
513 180
513 183
513 189
512 189
514 192
513 196
514 198
514 202
513 206
514 209
514 213
513 217
513 221
514 225
513 230
513 234
513 239
514 244
512 248
513 268
514 268
511 281
512 279
517 280
513 284
512 287
515 291
513 295
514 298
512 303
513 307
513 312
514 317
513 321
514 324
514 328
513 334
513 336
513 340
514 344
513 348
514 353
514 359
513 363
514 367
512 371
513 374
513 378
513 383
513 387
513 391
513 397
513 400
514 406
514 412
513 418
512 425
512 431
512 435
513 439
513 445
514 452
515 453
515 464
511 461
515 464
513 466
513 470
513 477
512 479
512 482
514 485
513 489
513 495
513 501
510 506
513 532
513 536
513 539
513 543
513 546
513 550
513 553
512 559
513 563
513 566
513 570
512 574
513 577
513 581
513 586
513 590
513 595
513 600
513 604
512 608
513 617
514 620
509 622
512 627
516 634
514 639
513 643
513 649
513 654
513 659
512 663
513 667
513 672
513 677
513 681
512 685
512 689
512 693
513 697
512 701
513 702
513 707
512 711
513 715
513 719
512 723
513 727
514 730
512 735
513 738
513 742
513 746
514 749
513 752
513 757
513 761
513 763
512 782
449 787
386 786
381 788
399 788
386 795
294 793
222 796
225 800
216 804
240 810
268 810
229 815
223 818
210 819
210 824
258 828
266 831
246 833
289 836
277 837
260 841
287 843
243 846
274 849
301 852
252 854
246 857
284 860
259 861
270 866
281 869
254 871
265 873
291 876
284 877
320 880
328 882
310 884
317 886
341 887
359 888
388 891
358 895
357 891
382 893
351 895
366 896
376 899
388 899
381 900
365 901
357 903
385 903
381 904
403 906
398 908
389 911
400 912
396 913
389 913
423 911
381 914
395 916
411 916
402 919
430 918
454 918
399 919
419 919
430 919
436 920
451 921
448 922
418 920
432 921
427 921
442 921
461 920
461 922
467 921
461 921
451 921
452 921
459 920
468 921
465 921
478 921
489 922
485 919
497 918
505 917
508 915
512 915
512 912
512 909
511 907
512 905
513 903
513 904
512 901
513 900
513 899
512 898
513 897
513 895
513 895
513 894
513 895
512 890
513 888
513 886
509 885
513 882
513 872
514 870
513 868
512 867
513 864
513 862
513 860
513 857
513 853
512 850
513 847
513 846
513 841
513 838
513 835
514 832
513 828
513 825
513 821
513 817
513 812
512 807
514 804
513 799
514 795
512 791
513 787
511 784
513 780
512 774
513 772
513 767
514 763
513 759
513 755
513 752
513 748
513 744
513 741
513 737
513 733
513 727
514 723
512 718
513 713
513 708
513 704
512 700
512 697
513 693
512 690
511 685
513 682
513 676
512 670
515 666
515 661
513 643
513 640
512 636
512 630
514 624
513 620
511 614
513 609
513 601
513 598
514 592
512 590
513 586
512 582
512 576
513 573
514 568
513 566
513 563
513 559
513 557
513 552
513 546
514 542
513 538
512 532
514 528
513 521
513 517
513 512
513 507
513 502
513 496
513 492
513 487
513 483
514 478
514 474
513 471
513 469
513 465
513 460
516 456
514 452
515 447
514 443
513 440
514 433
516 427
515 422
515 417
513 414
514 408
514 403
513 399
515 393
514 387
514 364
513 362
514 357
513 353
514 349
513 344
512 337
512 338
514 333
513 330
514 326
514 322
514 317
514 315
514 309
513 300
515 304
514 294
514 295
514 291
514 288
514 284
513 280
513 272
513 272
514 270
513 266
514 261
515 259
515 253
575 254
628 250
630 246
675 243
655 241
646 239
895 237
843 234
833 230
841 226
781 222
777 220
810 220
773 215
778 211
778 208
747 204
758 202
763 200
749 196
742 194
746 191
743 189
759 186
759 185
758 181
745 177
752 165
741 163
700 161
684 160
700 157
673 155
707 153
699 151
671 150
697 150
642 149
598 148
654 144
699 143
702 143
700 142
646 140
614 140
644 136
676 136
674 136
669 134
619 133
602 131
627 130
653 129
659 130
661 128
601 126
605 126
630 124
644 124
647 122
650 123
629 120
572 121
596 118
615 120
628 118
639 118
621 117
582 118
599 118
590 117
577 116
593 117
562 116
567 116
596 115
566 115
570 116
592 116
547 117
570 116
603 116
559 116
578 119
533 118
534 120
524 120
518 120
515 124
514 125
514 127
514 129
514 131
515 133
514 134
513 135
514 138
511 137
514 138
514 140
514 141
513 143
515 144
514 146
513 149
513 150
513 151
520 153
513 156
514 158
514 159
514 161
513 164
513 166
513 168
513 170
513 172
512 175
514 176
514 180
513 182
513 185
509 190
514 191
513 194
513 198
514 200
513 205
513 209
513 212
513 216
514 221
513 224
513 228
514 232
513 238
513 242
513 246
513 248
514 254
512 283
514 288
513 292
513 294
513 296
513 301
514 307
513 309
512 313
513 318
513 322
514 327
513 332
513 336
514 340
514 343
514 349
513 353
513 357
513 361
513 365
513 369
513 372
514 376
514 379
514 383
514 389
513 395
513 402
512 407
513 409
514 415
513 420
513 425
513 435
513 438
513 443
512 450
515 451
515 459
512 458
513 464
512 467
513 470
514 470
513 477
513 480
513 485
513 490
513 493
514 498
513 503
513 507
513 514
513 520
512 526
512 530
514 571
514 574
514 577
512 581
513 584
513 589
513 592
511 598
514 603
512 610
513 613
514 618
509 621
515 627
513 637
512 638
512 644
510 647
512 652
513 657
513 662
512 666
512 671
513 675
513 677
513 686
513 688
513 691
513 695
513 699
514 702
513 705
514 710
514 713
513 718
514 722
513 725
513 730
512 734
513 737
513 741
513 744
513 750
513 751
513 756
512 759
513 762
513 765
513 770
513 774
513 777
512 781
467 785
415 787
394 790
374 793
347 795
202 816
243 817
254 822
273 824
260 827
219 830
267 831
266 835
235 836
265 840
290 841
277 846
277 848
273 851
281 854
293 856
276 859
245 862
257 864
259 866
246 870
298 873
305 875
282 876
276 878
320 881
328 883
339 885
363 886
371 887
342 889
346 889
347 894
354 894
371 894
368 896
349 897
357 898
364 900
376 901
413 903
389 904
393 905
392 905
338 906
371 908
408 909
359 908
411 910
430 912
392 913
433 912
405 913
352 914
405 914
404 916
389 917
441 920
451 919
438 919
475 921
436 920
448 921
459 921
438 921
447 921
454 921
443 921
453 921
478 922
476 921
479 921
468 920
480 921
464 921
466 920
496 920
481 919
497 918
510 916
506 915
513 914
512 912
512 910
513 907
513 906
512 905
512 903
513 902
514 903
515 901
512 899
513 898
513 897
513 897
513 894
512 891
513 890
513 888
513 886
513 883
513 883
513 879
513 877
514 875
512 873
513 872
513 869
513 866
513 865
514 863
513 861
513 857
513 853
514 840
513 838
513 837
513 832
513 828
513 824
514 821
513 816
514 813
514 809
513 806
513 799
513 798
513 796
514 791
513 787
513 783
514 778
513 774
513 769
514 764
514 760
514 756
513 753
513 750
513 747
514 742
513 740
512 735
513 732
513 727
512 721
512 719
513 711
513 706
514 703
513 696
513 692
512 687
513 686
515 680
513 679
512 673
512 670
513 665
514 658
514 659
513 653
514 649
513 646
513 638
512 633
514 625
514 621
512 619
513 612
512 605
516 584
516 578
513 575
512 573
513 569
514 567
512 564
513 562
512 556
514 551
516 546
514 545
512 541
513 536
513 529
512 521
515 518
514 513
512 509
512 506
513 498
514 493
515 488
513 483
514 480
515 477
513 472
513 468
514 464
512 461
511 457
514 454
513 449
514 443
513 439
512 436
513 431
513 425
513 419
514 415
512 410
513 404
514 400
511 396
514 391
512 384
513 380
513 377
514 370
513 367
514 363
514 358
514 353
515 349
516 345
514 341
513 337
513 320
514 317
514 315
514 311
512 308
512 305
513 300
515 296
514 292
513 289
513 286
513 282
514 278
513 275
513 271
514 267
513 264
514 260
516 256
526 254
621 252
632 249
653 244
654 240
674 238
898 239
857 234
816 231
802 227
783 223
815 221
791 217
778 214
781 212
791 208
769 206
774 203
762 200
762 197
737 195
730 193
730 190
741 187
757 184
769 182
781 179
771 176
735 173
720 170
766 173
747 165
727 164
738 160
727 159
717 157
727 154
699 153
668 146
642 145
654 143
654 146
645 143
619 141
642 139
641 139
655 137
700 135
670 134
638 134
674 133
648 130
646 131
651 129
646 129
629 127
649 126
646 125
620 125
625 122
635 126
622 121
594 121
610 122
603 120
610 119
634 119
614 118
598 118
614 117
573 118
591 116
601 117
559 117
586 116
595 117
552 116
578 116
604 117
559 116
588 116
586 116
548 116
573 116
568 116
535 116
562 116
558 117
528 118
534 119
519 122
513 123
513 125
514 122
513 136
513 136
513 137
514 137
513 138
514 139
513 141
513 141
514 142
514 144
514 146
514 148
513 150
513 150
510 154
513 158
513 158
513 161
511 163
514 165
513 165
514 170
513 172
513 174
514 177
513 180
515 182
514 185
513 190
513 189
512 193
513 196
513 201
514 204
513 209
513 210
514 218
513 221
513 224
512 229
513 232
512 236
514 239
514 241
512 246
513 250
513 255
513 258
514 262
514 266
513 270
513 273
513 282
512 287
512 288
513 291
514 296
513 315
512 319
513 324
513 327
514 329
513 334
514 340
514 343
512 349
513 353
513 357
513 359
513 363
514 365
513 371
513 370
513 377
512 384
513 388
513 392
513 396
513 401
513 409
512 415
512 422
513 425
513 429
513 435
512 441
513 446
515 450
514 457
511 457
515 460
513 467
513 469
512 474
514 477
514 474
514 483
513 488
513 492
513 498
512 502
513 506
514 511
513 517
514 522
513 528
511 532
514 538
512 543
513 548
512 552
513 555
513 560
513 564
512 583
512 587
512 590
512 594
513 598
513 601
512 606
513 611
514 616
511 620
512 625
517 632
513 634
513 639
514 647
514 650
513 654
512 660
514 664
513 668
514 675
513 678
510 682
513 686
513 690
513 694
513 698
513 701
512 705
512 708
512 712
513 716
513 720
512 723
513 728
513 732
513 736
513 740
513 743
514 748
513 751
512 755
513 758
512 762
513 766
513 769
513 773
513 776
512 779
509 782
409 786
423 786
392 790
348 793
197 794
175 798
223 803
230 819
202 821
245 821
232 826
224 828
253 832
255 833
263 836
292 839
298 841
290 845
285 845
237 850
252 853
271 857
266 858
282 860
285 864
270 866
296 869
303 872
256 874
269 876
285 878
316 881
327 884
348 886
372 886
326 887
304 889
355 890
380 892
392 890
383 897
354 896
341 896
334 897
327 900
383 901
401 902
376 903
408 904
375 905
355 909
412 906
386 907
399 910
435 910
366 911
371 913
427 912
365 913
405 915
424 915
374 916
414 915
440 917
425 920
402 921
424 921
464 921
448 921
451 921
449 921
448 921
449 921
455 921
455 921
446 921
462 922
472 919
462 921
481 922
481 919
457 919
490 919
506 917
504 917
513 914
513 913
512 911
511 908
513 906
512 905
513 903
513 902
512 901
513 900
513 900
513 899
513 896
512 896
513 893
513 892
513 889
512 884
511 886
513 885
513 883
514 882
513 878
514 876
513 875
513 871
514 870
512 866
512 866
513 863
514 860
513 858
515 854
514 853
513 850
513 847
513 832
512 828
508 825
513 822
512 818
513 814
513 810
513 807
514 801
514 797
514 793
514 790
512 788
513 784
513 780
513 775
513 770
513 768
513 763
512 759
513 755
513 748
512 746
514 742
513 738
513 734
513 730
513 726
513 721
513 717
513 712
513 708
513 704
513 699
513 693
513 689
512 686
513 681
513 679
513 675
514 671
512 667
512 664
514 656
513 653
515 649
514 645
512 640
511 636
514 629
513 624
514 621
515 613
513 608
512 600
513 596
514 594
514 571
512 568
513 564
513 561
513 559
513 555
513 551
512 547
513 540
514 536
514 530
512 526
513 521
512 516
513 510
513 505
513 500
514 495
512 491
513 486
513 480
513 478
513 473
515 470
511 466
513 463
513 460
513 455
512 451
514 447
514 441
513 436
512 431
514 426
513 420
514 417
514 411
514 406
513 403
513 395
513 391
513 387
513 381
513 378
514 371
514 367
513 362
514 360
513 355
513 351
515 348
513 344
514 339
513 336
514 332
513 329
513 326
514 306
514 303
513 303
514 296
513 293
514 289
514 287
514 283
514 278
514 277
513 271
513 269
513 266
513 261
513 259
516 254
565 253
632 250
643 246
660 243
684 239
803 239
885 236
882 231
829 234
784 223
765 222
801 218
824 216
810 214
756 209
752 206
763 204
765 201
749 197
731 196
728 194
764 190
762 188
754 183
762 183
763 179
740 177
724 174
758 170
774 168
747 155
769 164
762 160
681 158
692 157
700 155
682 152
696 152
683 150
672 149
628 147
649 137
652 136
638 135
659 133
630 133
644 131
676 131
635 130
654 129
655 128
651 127
644 125
619 128
617 122
619 123
597 122
624 121
658 120
607 121
604 120
636 120
594 116
600 118
590 118
559 117
604 117
592 117
557 117
603 116
614 116
576 116
605 116
552 117
546 115
572 116
530 115
541 116
562 116
525 117
536 116
553 117
525 113
530 117
530 119
516 120
515 121
514 124
513 124
513 128
514 132
514 132
516 133
514 135
514 136
513 137
514 137
513 152
513 151
513 152
513 154
506 155
504 158
513 160
514 162
513 164
514 166
514 169
511 171
515 173
514 176
513 176
515 181
512 184
514 186
514 189
514 192
513 196
511 199
513 202
513 207
515 209
514 213
513 217
513 222
513 227
514 229
513 235
510 240
513 240
513 246
513 250
513 254
513 259
513 263
514 266
512 271
513 275
514 280
515 277
511 287
514 291
513 296
513 299
513 303
513 308
513 311
513 315
513 319
513 323
513 327
513 332
512 336
513 340
514 373
513 376
513 379
512 383
512 387
514 391
514 395
514 399
512 405
514 411
513 421
511 425
513 430
514 432
514 438
513 443
512 448
511 457
512 456
515 459
511 464
512 467
513 472
513 477
512 478
514 482
512 484
514 489
513 495
513 501
512 505
512 509
515 515
516 520
513 527
513 533
512 537
515 541
514 544
514 550
511 554
513 559
513 563
513 566
514 569
513 572
514 577
512 581
513 585
513 590
513 594
514 600
514 604
514 609
514 615
512 619
513 629
509 649
511 653
514 656
513 660
512 664
513 669
512 673
512 677
513 681
513 685
513 691
512 693
513 696
513 700
513 703
513 707
513 710
512 713
513 718
511 721
513 727
514 730
514 734
513 738
513 742
513 743
513 747
514 753
514 755
514 760
514 764
514 767
513 771
512 775
512 779
510 780
441 784
397 788
362 790
368 792
321 794
164 797
190 805
194 805
210 808
268 811
261 814
239 818
232 821
238 824
257 828
278 830
231 833
239 836
266 838
286 841
282 845
278 857
273 860
289 862
305 864
262 866
277 868
282 871
285 873
252 876
268 878
314 880
344 882
361 884
366 889
303 889
305 889
337 890
358 891
402 900
385 893
363 896
316 896
345 898
396 898
427 900
406 902
385 903
377 903
354 904
384 906
439 906
389 908
388 909
400 909
361 908
407 911
473 912
406 913
408 916
382 914
387 916
434 916
418 917
434 918
445 918
400 918
401 919
423 919
406 919
447 918
465 920
456 920
437 922
436 920
442 921
461 921
462 922
463 921
461 921
497 921
485 921
464 921
472 920
501 919
486 917
500 917
514 915
512 914
512 911
512 909
512 906
512 905
513 904
513 903
513 902
513 901
513 899
513 897
513 898
513 895
513 894
513 893
513 892
513 890
513 887
513 886
513 884
513 882
511 879
513 875
513 874
513 872
513 872
514 868
513 864
513 865
512 861
513 858
512 856
512 851
513 849
513 846
513 845
513 842
513 838
513 834
513 831
513 827
513 826
513 820
512 816
513 811
514 808
513 804
514 784
513 781
513 777
514 775
513 772
513 768
513 762
513 760
513 757
513 757
513 748
513 745
513 744
513 736
513 731
514 727
513 722
513 717
514 713
512 709
514 706
513 702
513 697
508 693
513 690
513 685
513 681
513 676
514 671
512 668
513 663
511 661
513 657
514 654
512 649
514 640
512 635
514 630
514 626
511 621
513 615
511 610
513 603
512 599
512 595
513 589
513 585
514 578
513 577
515 574
512 569
513 566
513 562
514 559
514 555
512 552
512 548
513 524
513 519
511 516
513 512
513 505
513 500
514 496
513 492
513 488
512 483
513 479
515 474
516 470
514 461
513 464
513 460
513 456
514 451
515 448
513 442
513 437
513 434
512 427
514 423
514 418
514 415
513 409
513 403
512 397
512 394
514 388
514 383
513 379
512 375
513 371
511 366
512 362
513 356
513 352
514 348
511 344
515 340
514 336
515 336
515 329
514 326
514 322
513 318
514 313
513 310
514 306
515 302
513 298
514 295
514 291
513 287
514 284
513 266
513 264
513 261
513 258
517 255
570 254
652 250
640 247
652 244
649 241
633 238
830 238
871 234
844 231
854 226
813 223
778 220
808 217
798 215
780 210
772 208
771 205
766 203
748 199
737 197
741 194
761 190
762 189
755 187
736 184
765 181
753 177
747 175
782 172
768 171
727 164
741 163
743 162
739 159
705 157
718 157
720 153
695 153
671 150
701 148
680 148
646 148
664 146
667 144
623 143
653 142
679 140
653 139
661 138
641 137
642 135
640 135
624 129
639 129
609 128
631 128
608 127
596 126
627 125
649 124
634 127
661 123
637 121
592 119
612 121
598 120
601 118
623 118
594 118
601 117
639 116
599 113
565 117
598 116
556 116
579 116
616 117
570 115
568 116
597 115
558 115
554 116
574 116
548 113
535 117
547 114
529 117
544 118
528 119
521 119
515 122
513 123
512 125
514 128
514 128
514 130
514 132
514 133
514 135
513 136
513 137
513 138
514 138
513 141
514 142
514 145
513 145
514 148
514 160
515 157
513 160
513 162
514 163
513 166
512 167
514 170
513 173
514 175
514 178
514 181
512 183
513 186
513 188
512 191
516 195
513 197
514 201
515 206
513 210
513 212
513 215
514 221
513 226
513 229
513 234
514 236
513 242
513 245
514 248
513 252
514 254
513 260
513 265
513 267
513 273
513 278
515 281
512 283
512 292
513 293
514 298
512 301
514 306
514 310
513 313
513 316
513 322
514 326
513 331
513 336
514 340
513 346
511 351
513 354
513 357
513 376
513 379
514 382
513 388
513 390
513 396
514 399
514 405
513 410
512 416
512 422
513 428
512 433
517 438
514 444
514 447
514 452
513 453
512 459
512 475
513 474
511 466
515 474
513 477
512 480
512 484
514 489
512 492
513 500
514 504
513 508
514 514
514 520
512 525
512 529
514 534
514 539
513 542
514 550
512 554
513 558
514 561
513 563
513 569
512 573
513 577
514 582
513 585
512 589
511 595
512 598
513 603
513 608
512 613
511 618
513 623
513 632
513 653
513 656
512 660
512 662
513 666
514 670
514 674
513 679
513 683
513 686
513 691
513 695
513 698
513 705
512 706
513 710
512 714
512 718
512 721
513 726
513 730
511 734
512 737
512 739
512 744
513 749
513 752
513 756
513 759
512 763
513 767
513 770
513 774
512 775
512 781
510 783
425 785
377 786
389 789
395 795
198 797
183 796
167 807
176 808
238 814
223 813
228 817
239 819
198 824
252 826
293 829
279 831
266 834
266 837
237 840
283 842
284 845
273 861
293 863
285 865
285 867
301 870
294 872
286 875
282 878
280 879
292 885
321 883
339 884
357 887
371 888
366 889
367 890
397 893
379 896
363 899
365 896
346 897
365 899
376 900
368 901
394 903
385 902
335 903
386 906
400 906
404 907
456 906
416 909
353 910
396 910
382 911
393 911
442 913
409 914
369 916
425 915
425 916
413 916
420 917
407 918
414 919
406 919
407 921
418 920
425 921
440 918
448 921
456 922
470 921
461 921
436 919
454 922
438 921
485 921
460 921
457 920
497 919
489 918
508 918
505 915
509 914
512 913
510 910
512 911
513 906
513 904
514 903
512 902
513 901
513 900
513 898
514 898
513 896
513 895
514 892
513 891
513 889
512 888
513 886
513 884
513 882
513 879
513 877
514 876
514 873
512 872
513 872
513 867
513 865
513 862
513 857
514 857
514 855
513 852
513 851
512 846
514 843
513 840
512 836
513 832
513 829
513 824
513 820
513 817
512 813
513 808
514 808
512 802
512 797
513 793
513 773
513 769
512 769
513 766
513 764
513 758
513 754
513 751
513 746
513 743
513 737
513 732
514 724
512 723
513 720
513 714
513 713
514 707
513 703
513 699
513 695
513 689
513 686
513 681
513 676
513 674
513 667
513 664
513 661
513 658
512 653
512 648
512 642
515 637
514 634
515 627
513 623
513 618
512 612
513 605
515 599
513 596
513 590
511 588
515 582
514 578
513 574
515 570
512 568
514 561
513 561
513 556
514 552
513 547
513 544
512 541
514 535
513 496
512 492
514 488
513 486
512 483
513 475
513 474
513 469
515 464
513 461
512 458
513 454
514 449
513 445
512 440
513 431
513 431
513 425
514 420
514 414
514 410
514 406
513 400
515 394
514 391
514 385
515 381
515 376
513 372
514 367
514 362
514 358
515 354
514 351
513 346
513 343
513 338
513 335
514 331
512 328
513 324
513 320
514 314
513 312
513 308
514 304
516 300
513 296
513 292
513 290
514 285
516 281
513 278
513 275
513 272
512 267
513 264
676 239
672 239
902 238
891 234
863 231
835 227
804 224
785 220
785 217
775 215
778 211
777 209
773 206
758 202
722 200
746 198
775 195
756 192
745 189
760 187
734 185
731 181
740 178
755 176
768 172
762 171
736 169
745 165
716 164
705 160
776 159
747 156
680 155
676 153
643 154
617 150
652 148
717 147
713 146
698 145
658 143
612 142
616 140
688 139
687 137
663 137
628 135
589 134
601 133
665 132
672 131
675 130
643 128
599 128
629 126
646 125
607 125
513 138
514 140
513 141
513 142
513 144
513 145
513 147
509 148
514 151
513 152
513 155
514 159
514 161
512 162
513 163
513 166
514 168
514 169
512 172
513 174
514 177
513 179
513 182
513 185
513 189
514 191
513 194
513 196
514 202
513 205
514 207
513 210
513 214
514 219
513 223
513 230
513 229
513 237
512 240
513 245
514 248
513 251
513 255
513 260
513 263
513 267
513 271
513 276
513 280
515 281
515 283
516 291
513 294
514 298
514 302
514 305
514 328
514 332
514 336
513 341
513 345
513 349
513 353
512 356
514 361
510 363
513 367
514 370
514 375
514 379
513 385
512 389
513 393
514 397
513 402
513 408
514 414
513 420
511 425
512 431
513 436
513 441
513 445
513 450
513 454
514 459
513 460
517 467
513 471
512 472
512 476
514 479
513 483
513 487
513 491
512 498
512 501
512 506
513 512
513 517
514 523
513 527
514 532
513 538
512 543
513 547
515 551
513 555
513 559
513 563
512 567
512 572
513 574
514 595
513 600
513 602
512 607
514 611
513 615
515 622
514 625
512 631
513 636
513 641
515 645
514 648
510 655
513 660
512 665
512 670
512 673
512 678
513 682
511 686
513 692
514 694
513 696
513 702
513 704
513 708
513 711
513 716
515 720
513 725
514 727
513 731
514 735
514 740
513 743
513 746
513 750
514 754
513 757
514 761
513 765
514 769
513 772
514 775
512 779
511 782
430 784
383 787
395 785
365 795
247 795
158 798
143 801
177 811
247 810
235 813
239 827
291 830
317 832
265 835
284 837
253 840
272 841
290 845
291 847
304 850
272 852
265 855
281 858
264 861
274 862
311 867
266 869
253 872
256 874
300 877
311 879
313 880
338 883
340 884
312 886
335 887
349 888
356 890
382 891
373 893
365 881
391 894
388 897
397 898
405 899
