513 733
513 736
514 739
513 741
513 745
513 748
513 751
513 756
513 760
513 763
513 767
512 770
513 774
512 777
509 776
482 784
379 782
236 784
223 788
187 792
114 794
21 803
0 803
7 807
47 810
107 812
124 815
135 818
103 822
88 825
125 833
156 830
159 833
162 835
133 837
143 841
145 843
111 846
139 851
185 852
176 855
140 858
155 859
136 861
133 866
155 869
171 870
194 874
166 876
169 878
209 880
187 882
231 885
249 885
275 888
297 889
295 890
251 892
512 359
516 356
513 350
513 347
513 342
513 338
513 336
513 332
514 328
513 324
513 320
513 315
513 312
513 308
513 304
513 300
513 297
513 295
513 290
513 286
514 282
513 282
513 275
513 270
513 267
513 264
513 261
513 258
521 254
616 253
650 251
841 251
894 247
862 241
867 240
1023 239
1023 239
1023 229
994 226
955 222
923 220
890 219
907 213
932 209
902 207
919 205
900 202
853 204
860 197
840 194
838 187
861 190
858 188
906 183
903 180
871 180
856 897
302 907
293 897
286 898
296 900
346 899
323 908
280 904
283 905
277 907
329 903
366 908
320 910
346 911
342 911
357 913
365 913
382 914
338 914
326 915
395 916
358 916
335 918
414 918
385 918
350 918
391 919
373 919
384 920
397 920
378 920
409 920
426 921
412 921
397 921
418 921
416 921
421 922
454 921
441 922
447 927
458 921
438 921
461 920
475 920
470 919
497 917
508 913
507 914
511 913
511 911
512 909
512 907
512 905
514 904
513 902
513 901
513 827
513 825
512 820
513 817
513 815
513 812
513 814
513 804
514 800
513 796
513 791
513 788
513 784
513 779
513 773
513 777
513 766
513 762
513 758
512 754
513 750
513 747
513 744
513 740
513 736
513 733
513 729
513 724
513 720
514 714
513 707
513 703
513 698
514 694
513 690
512 687
513 684
513 681
513 678
513 674
513 668
513 662
513 657
513 653
513 650
513 647
513 643
513 638
513 630
514 622
513 618
513 613
513 608
513 603
513 597
513 591
513 586
514 568
513 565
513 562
513 560
513 555
513 551
510 546
513 542
513 537
513 532
513 527
513 521
513 515
513 511
515 507
513 501
512 496
512 491
513 487
513 483
512 479
513 474
513 471
513 468
511 464
512 460
513 455
513 451
512 446
514 441
511 438
514 432
513 427
513 423
513 417
512 413
513 406
513 402
513 397
512 392
513 387
513 384
515 381
513 374
515 369
513 365
513 360
512 356
518 351
513 346
513 343
513 339
513 336
513 332
514 329
513 329
513 321
514 300
512 297
513 294
513 290
513 288
513 283
513 280
513 277
514 273
513 268
513 265
513 262
515 258
521 255
587 253
667 251
734 252
891 249
882 249
879 239
1007 239
1018 235
984 232
989 228
958 224
945 221
935 218
927 215
925 213
921 208
885 206
862 204
851 199
862 202
845 196
878 192
884 188
896 187
904 184
873 182
875 179
879 176
864 173
874 171
902 168
857 166
835 163
842 160
789 158
786 157
818 155
843 153
782 152
729 152
725 148
696 148
720 148
779 137
778 137
739 136
775 134
714 133
690 132
721 131
674 129
695 128
750 128
688 127
693 127
705 125
656 125
674 123
681 123
665 122
657 122
693 120
690 119
661 121
651 120
660 118
657 118
629 117
614 117
623 116
650 117
628 120
618 116
610 116
611 116
594 116
598 122
610 116
579 115
587 116
615 116
572 118
609 118
584 116
557 116
594 117
547 119
525 119
523 121
516 123
513 126
514 128
514 131
514 132
514 133
513 134
514 141
513 136
515 137
514 144
514 147
514 148
512 148
514 150
514 152
514 153
514 156
513 157
514 160
513 162
513 164
513 168
509 171
513 171
513 173
514 175
513 177
513 181
513 183
513 186
513 190
513 193
513 196
513 199
513 202
513 207
513 210
513 213
513 217
513 221
514 224
513 229
513 233
514 238
514 242
514 245
514 250
514 251
514 256
515 261
513 266
514 270
513 275
513 279
513 283
513 288
513 292
514 296
514 299
513 304
514 308
513 311
511 309
517 322
510 322
513 326
514 367
514 369
513 373
514 378
514 383
514 387
513 391
513 394
514 399
512 406
512 412
513 418
513 424
515 428
514 432
514 437
513 444
514 449
514 454
514 456
513 457
513 464
513 467
513 472
513 475
514 478
513 481
516 485
510 488
514 495
514 500
513 504
514 509
514 514
514 519
514 527
513 531
513 535
512 540
513 542
513 550
514 554
513 559
514 562
513 565
513 568
513 573
514 578
513 582
513 589
513 590
513 594
514 599
514 604
512 609
512 614
513 619
514 653
517 657
515 661
510 653
511 667
515 671
514 675
514 681
514 683
513 688
512 693
513 696
513 700
513 704
513 707
513 713
514 716
513 719
514 722
513 726
514 730
514 734
513 744
513 742
513 745
514 748
513 753
513 757
512 760
512 764
514 767
514 771
514 774
509 778
509 781
442 783
315 782
219 787
208 790
169 794
79 795
45 799
70 803
77 808
75 811
77 811
73 816
91 819
114 822
109 825
116 827
141 831
144 837
146 836
147 839
185 842
181 844
149 852
379 917
362 917
385 917
340 918
377 919
422 920
379 920
414 919
393 920
365 920
419 919
423 920
405 921
429 921
396 921
408 920
425 920
427 921
441 920
440 921
423 921
438 920
443 915
456 926
466 911
482 918
499 917
505 917
513 913
512 911
512 910
512 907
512 906
513 903
511 904
512 901
513 901
513 898
513 899
513 897
513 897
513 895
513 893
512 892
514 890
513 888
513 889
512 884
513 882
513 879
513 878
513 876
512 873
514 872
513 868
514 866
513 865
513 851
512 852
513 847
513 844
513 840
513 838
513 834
513 831
513 828
513 824
513 821
513 817
513 813
513 809
513 804
513 798
515 796
513 793
513 789
514 785
514 782
513 776
514 772
513 767
513 764
513 759
513 756
513 753
513 748
513 746
513 742
514 737
513 734
513 730
513 725
513 721
511 715
513 710
513 705
513 701
513 697
514 693
513 689
513 685
512 681
513 676
513 672
513 665
513 664
512 657
513 658
511 654
513 648
512 643
513 634
514 631
514 625
512 601
513 598
513 594
513 594
513 586
513 583
512 578
512 574
513 569
513 566
513 564
513 561
514 557
513 553
513 549
513 544
513 539
514 535
513 531
514 525
513 519
513 513
512 507
513 503
512 498
512 494
512 489
513 483
513 479
513 475
513 473
513 469
512 466
512 460
513 457
513 452
513 448
511 444
512 439
515 436
515 428
514 424
514 418
512 413
513 408
513 404
514 399
513 392
512 387
513 383
512 380
513 375
514 372
514 367
513 361
511 356
514 353
513 334
513 332
513 328
513 326
513 323
513 319
513 314
513 311
512 307
513 302
513 300
513 295
513 292
514 289
514 285
513 281
514 277
513 274
514 270
514 266
514 263
518 260
517 257
538 255
626 251
629 250
878 249
913 245
881 240
976 240
1012 237
999 233
1003 230
925 226
929 222
919 218
915 216
938 213
909 209
870 202
892 208
862 200
852 200
887 196
847 194
867 187
889 189
866 185
854 182
872 180
864 177
861 174
869 172
899 168
903 167
844 165
836 154
778 152
782 151
772 150
709 149
720 147
747 147
747 145
788 143
758 142
691 141
707 140
730 138
722 138
720 136
732 134
681 132
689 134
717 132
692 130
736 130
717 130
660 127
694 126
708 126
688 124
723 124
662 123
636 122
657 121
669 121
688 121
682 120
658 120
669 118
649 118
612 118
599 117
583 117
607 117
638 118
628 116
627 116
593 116
604 117
604 115
586 117
597 116
590 116
570 116
570 116
568 116
569 116
559 118
567 117
550 117
532 119
525 129
512 131
516 131
514 133
512 134
513 135
513 136
513 138
514 137
513 140
514 141
513 143
514 143
514 145
514 147
514 149
513 150
513 153
515 154
514 157
513 160
513 160
515 161
514 165
512 165
509 170
514 172
513 175
513 178
512 179
514 183
514 186
514 188
513 191
513 194
513 197
514 201
514 205
513 209
513 213
514 218
514 223
514 227
513 228
512 232
516 236
513 239
514 243
513 247
513 251
514 254
512 260
513 263
513 268
513 273
514 277
513 282
513 300
514 302
513 307
514 310
513 312
513 317
514 320
515 324
514 329
513 334
513 341
513 345
513 350
513 353
513 357
513 360
513 368
514 367
514 372
513 375
513 376
513 381
513 389
513 393
515 399
513 404
513 410
513 416
512 421
513 426
514 431
514 436
514 442
513 447
513 451
513 455
514 459
513 463
513 466
513 469
513 473
513 476
513 481
511 485
509 488
515 491
514 496
513 502
513 508
512 513
513 517
512 523
514 525
514 533
513 537
514 542
514 548
513 567
513 569
514 574
515 576
513 580
512 584
513 588
514 593
513 596
514 602
515 607
513 612
512 617
512 622
513 627
513 632
513 637
512 642
513 647
513 652
514 656
513 660
509 665
516 670
511 674
519 678
513 683
513 687
514 692
513 695
514 698
513 701
513 705
514 709
514 713
514 717
514 720
513 724
513 730
512 733
513 739
511 741
513 744
513 748
513 752
513 755
513 758
514 765
514 766
513 770
515 774
512 776
508 780
479 782
394 782
210 785
195 789
61 804
55 808
86 813
69 813
89 814
82 815
122 821
102 824
98 825
125 830
118 833
138 836
159 835
137 840
164 843
196 845
162 849
127 850
141 854
124 858
156 860
172 863
166 864
129 868
154 871
174 874
172 876
190 878
193 880
241 882
255 883
243 885
273 887
283 889
236 891
289 892
315 893
273 893
286 895
294 896
273 896
303 895
326 905
323 902
305 902
294 907
291 903
303 906
300 907
278 908
289 910
366 910
360 911
376 912
402 912
301 912
299 915
340 914
386 918
398 918
391 918
391 919
387 919
409 919
423 921
400 919
404 920
375 920
395 920
429 921
398 921
413 921
425 921
399 921
438 921
443 921
445 921
465 921
452 920
472 920
475 922
466 920
500 918
507 916
506 914
513 913
512 910
512 908
512 907
512 904
512 903
512 902
513 903
513 900
513 900
513 898
513 897
513 895
513 894
513 893
513 891
513 888
512 885
513 885
512 882
514 876
514 877
511 876
513 874
513 872
513 869
512 867
513 866
514 863
513 849
512 847
512 844
515 840
514 840
513 837
512 833
513 829
513 825
513 820
513 817
513 812
513 808
513 803
513 801
513 797
514 795
508 790
512 789
513 784
513 781
514 776
513 771
513 768
513 763
514 758
512 755
514 750
513 746
512 743
511 739
513 735
512 731
512 726
512 721
513 717
513 712
513 707
513 702
513 697
513 693
513 689
513 686
514 682
513 678
513 671
513 670
513 664
513 660
513 657
514 650
512 649
513 644
513 638
512 633
513 629
513 623
513 595
510 591
513 587
514 583
513 579
512 574
514 571
514 569
513 565
513 561
513 557
513 554
513 549
512 547
513 540
513 535
514 528
513 525
513 520
513 516
513 510
513 504
514 498
514 493
512 491
511 487
513 483
513 477
513 471
513 470
513 467
513 462
512 460
513 453
513 451
514 446
513 438
512 435
513 431
514 427
513 421
512 414
511 409
512 406
513 402
512 398
513 393
514 388
514 380
513 377
513 373
512 368
514 364
513 358
513 354
515 349
513 346
513 325
513 322
514 319
513 317
513 312
512 308
514 306
513 301
513 297
513 294
513 290
513 287
513 283
513 279
513 275
513 269
514 268
514 264
514 260
516 257
523 253
611 253
654 250
900 249
888 245
834 242
812 238
979 239
1011 235
1001 231
960 227
949 225
946 220
933 216
933 213
906 211
898 208
900 205
871 202
862 200
869 197
859 194
858 191
864 189
867 187
895 182
888 182
870 177
886 177
873 172
851 169
867 167
887 163
862 162
828 159
817 158
811 156
781 149
701 148
698 146
710 146
748 144
759 142
718 141
763 139
741 139
697 138
710 136
744 135
757 134
760 134
724 131
676 131
676 129
692 129
704 128
709 127
693 126
663 125
671 125
661 123
655 122
674 121
670 122
660 121
672 120
654 119
651 119
649 118
644 117
671 114
645 119
638 117
615 117
601 117
634 116
638 116
625 116
637 117
600 116
588 115
588 116
567 117
579 117
567 117
550 121
584 118
564 117
557 121
548 118
530 121
518 123
514 124
515 126
512 137
513 138
513 139
513 140
514 141
514 142
512 144
514 146
514 149
514 150
513 152
513 153
514 156
514 159
514 160
514 162
514 165
513 167
513 172
518 171
514 174
514 175
513 179
513 180
514 185
513 187
511 191
513 191
513 196
512 201
513 204
514 207
514 209
513 216
513 220
514 224
514 227
514 231
514 234
513 238
514 242
513 246
513 250
513 252
514 257
514 262
514 261
515 269
513 274
514 279
515 283
514 287
513 291
513 295
514 300
513 303
513 307
514 347
514 350
514 351
512 354
515 356
514 360
514 365
513 368
514 375
512 382
514 385
512 388
514 390
513 394
514 400
515 410
513 415
513 420
513 424
512 429
514 434
514 435
514 445
513 450
513 453
513 456
513 460
514 465
513 468
513 472
513 475
514 478
513 482
514 486
516 494
513 497
513 502
513 505
512 510
513 516
513 522
513 527
513 533
512 537
513 542
513 546
513 551
513 555
513 559
512 562
513 567
514 570
514 573
514 577
513 582
512 583
513 592
513 629
511 633
513 637
513 640
513 644
514 649
514 654
513 659
513 663
523 666
507 670
523 678
504 682
513 686
513 690
513 694
512 697
513 700
514 704
509 708
513 712
513 716
514 719
511 726
513 726
513 732
512 733
513 739
513 743
513 747
513 750
514 753
513 757
512 761
513 764
513 767
514 772
514 776
511 780
508 782
420 783
238 783
183 787
173 792
238 795
109 797
73 795
61 803
80 806
89 810
105 809
55 820
95 817
116 822
113 826
115 823
114 831
134 845
171 847
187 850
180 845
133 851
145 856
185 859
183 862
127 864
155 861
153 870
140 872
183 875
229 877
204 877
207 882
191 883
238 885
267 888
274 888
272 886
269 890
301 891
282 893
279 888
301 896
319 895
302 898
335 899
302 898
300 908
307 902
296 907
303 905
335 907
325 908
309 909
340 907
383 910
343 912
359 912
395 913
320 914
332 911
308 916
329 916
369 916
346 918
383 917
401 918
363 919
408 919
404 919
376 919
381 920
380 921
394 921
419 921
423 921
430 921
395 921
409 921
408 920
421 920
441 920
443 920
457 920
477 917
481 920
494 916
511 915
511 914
511 911
511 910
512 908
512 906
513 906
512 902
513 901
513 901
513 899
513 898
513 893
512 896
513 894
513 890
513 891
513 889
512 887
511 885
513 884
513 881
513 879
513 877
512 875
512 872
513 871
514 869
513 867
512 864
513 861
513 859
513 856
514 847
513 850
514 847
512 845
513 841
513 837
513 836
513 831
513 826
513 823
513 819
514 798
513 797
512 795
513 792
513 788
513 778
513 780
513 775
513 772
513 767
513 763
513 759
513 755
513 750
512 747
513 743
513 739
513 735
512 731
513 728
512 725
513 720
513 715
513 711
512 708
513 703
513 695
513 693
513 688
513 683
513 679
513 673
513 672
513 669
513 664
513 660
513 655
513 651
513 647
513 637
513 637
513 631
513 624
513 614
513 612
513 608
514 605
513 599
513 595
513 588
514 583
514 580
514 578
512 574
513 568
513 567
513 562
513 541
513 541
513 536
513 532
513 527
513 523
513 518
513 511
513 505
514 502
510 497
512 493
513 487
513 481
513 479
513 476
513 472
513 468
511 463
512 460
514 455
514 451
513 447
512 441
512 435
514 432
513 429
514 422
511 417
513 411
513 406
513 403
513 398
512 392
514 386
513 382
513 378
514 375
514 371
516 365
511 361
513 356
513 347
512 349
513 344
513 341
513 336
513 329
512 330
513 325
513 322
513 318
514 314
513 310
513 306
511 302
514 295
513 281
513 278
513 276
513 273
513 270
513 266
515 262
514 254
521 250
598 253
633 251
770 251
861 248
878 244
836 239
926 237
1013 236
981 232
1001 231
985 225
940 222
958 218
948 216
913 212
892 209
860 206
868 203
893 201
885 198
886 196
857 192
847 191
864 188
861 184
877 182
891 173
874 175
902 173
898 170
842 169
844 166
868 164
842 161
840 158
817 157
801 156
789 153
752 151
753 151
762 142
754 143
761 146
771 147
715 143
706 141
752 141
741 135
670 134
690 130
706 133
689 131
704 128
686 130
730 130
719 127
692 126
682 124
643 124
679 123
705 123
672 122
718 121
670 121
616 119
644 120
632 116
663 119
661 118
621 119
657 118
658 116
621 117
604 117
611 115
603 116
603 114
614 116
592 115
588 117
606 117
582 116
591 117
621 116
570 117
594 117
576 113
538 118
552 118
538 119
516 121
517 122
514 124
514 127
514 129
515 131
513 133
515 134
515 135
514 136
513 132
513 137
514 140
514 141
515 149
512 151
514 153
514 154
513 155
514 157
514 160
513 161
513 164
514 167
514 168
512 166
518 172
513 175
514 174
513 180
511 183
513 187
514 189
514 185
513 195
514 200
513 203
514 208
514 211
513 214
512 217
515 220
513 224
513 232
514 233
514 238
514 242
514 244
513 249
514 252
514 256
513 262
513 264
514 268
514 272
512 276
514 280
514 287
513 289
513 293
513 299
513 303
513 304
513 311
513 314
512 318
514 323
512 327
514 331
514 334
513 340
513 361
513 365
513 368
514 371
513 373
514 371
513 380
513 386
514 391
513 395
513 397
513 405
513 411
514 416
514 423
513 423
513 431
513 437
515 444
513 448
514 453
513 456
514 459
514 460
515 466
513 469
513 473
513 477
513 481
514 484
507 482
519 493
515 498
514 504
514 507
513 509
514 518
513 526
513 530
513 533
513 539
514 544
514 548
512 553
513 554
514 561
514 565
514 567
513 571
514 575
513 580
513 585
515 590
515 595
514 598
513 599
513 608
514 631
514 636
514 640
512 637
513 648
513 654
513 659
513 662
513 661
502 675
511 671
513 684
513 683
512 689
513 693
514 695
513 699
514 703
513 700
514 710
513 709
513 718
513 722
514 725
513 730
513 733
513 737
514 741
514 745
513 748
514 752
513 755
513 759
513 762
514 768
514 770
509 773
513 778
511 781
438 783
320 783
209 787
211 790
207 794
184 795
94 798
62 800
56 805
67 808
83 809
96 818
113 814
95 821
81 826
134 828
142 831
148 828
127 836
178 850
134 850
146 851
160 855
142 858
161 857
145 863
117 863
124 869
155 872
181 871
185 877
198 879
212 879
215 882
217 884
271 885
273 888
307 889
289 890
257 892
285 892
300 894
293 895
329 897
314 896
314 900
306 900
309 903
338 900
300 898
286 904
296 906
275 907
302 909
365 909
376 912
349 912
330 911
296 913
324 913
344 914
358 909
347 916
357 917
370 917
376 917
381 918
379 918
391 922
411 919
389 920
386 920
391 919
393 919
407 921
405 921
428 922
451 915
443 921
427 918
424 914
427 921
472 920
444 920
470 917
507 922
492 917
512 915
515 914
512 912
512 910
512 908
513 906
514 905
513 903
514 902
513 901
513 899
513 899
512 898
514 896
513 896
513 891
513 892
513 891
512 889
511 886
513 885
513 881
513 880
513 878
513 876
513 873
513 868
511 869
513 865
513 863
512 862
516 860
513 856
511 854
513 851
513 849
513 847
513 843
514 841
513 837
513 834
513 830
513 826
513 821
513 818
513 813
513 791
513 789
513 787
512 784
513 782
512 777
513 773
513 763
513 764
513 759
513 756
513 753
514 749
514 745
514 740
513 737
513 733
513 729
513 724
513 719
513 716
513 706
513 707
514 704
513 699
513 695
513 688
513 684
514 680
513 676
513 667
513 667
513 666
511 662
514 658
513 645
513 645
513 642
514 638
514 634
513 630
510 617
513 615
513 609
513 606
513 601
512 598
512 592
513 586
514 581
512 577
513 574
513 571
513 568
513 561
513 561
513 543
513 537
513 533
513 528
513 524
513 520
513 513
513 508
513 503
513 498
513 494
513 482
513 483
513 481
513 477
513 473
513 469
513 464
513 460
513 457
513 453
513 449
513 443
513 440
513 435
513 429
512 426
512 421
515 418
513 409
513 405
514 399
511 396
514 391
513 386
514 379
514 375
512 371
514 366
514 363
515 358
515 354
513 349
513 345
514 342
513 337
514 334
513 331
513 327
513 323
513 319
513 317
513 312
513 305
514 304
513 300
513 297
513 262
514 260
517 256
524 254
639 251
632 249
866 249
889 246
861 235
830 238
981 237
996 234
993 230
983 228
956 224
934 220
933 215
919 214
908 209
884 205
884 205
902 201
872 194
849 197
861 193
843 192
847 188
873 185
868 182
902 180
889 177
855 175
884 173
884 170
853 165
855 164
843 159
837 161
844 157
808 155
806 154
775 152
735 150
752 149
748 147
762 140
799 145
766 138
711 142
699 141
712 139
723 138
710 137
736 136
740 134
707 134
721 134
696 126
668 124
706 124
674 123
680 123
639 122
657 121
678 122
670 122
675 120
644 121
632 119
668 118
630 118
619 118
661 117
622 117
635 116
631 114
596 115
621 116
635 112
614 116
625 116
581 116
580 116
580 116
566 116
591 117
563 117
551 119
562 118
533 114
525 120
525 120
515 123
514 124
514 128
514 131
516 131
514 132
514 133
513 137
514 135
513 136
515 138
513 139
514 140
514 141
513 143
514 145
514 145
514 148
514 150
514 153
514 154
513 156
513 180
513 181
514 183
514 186
513 189
514 190
514 193
514 196
514 199
514 203
514 208
513 209
513 216
513 219
514 224
513 228
514 231
512 236
514 241
513 245
513 249
512 253
514 256
513 255
513 264
513 262
514 271
514 276
513 280
513 283
513 282
513 292
513 296
513 300
514 304
513 309
514 313
513 317
513 321
513 338
516 319
514 335
514 336
513 342
511 347
514 351
513 357
513 361
513 365
512 368
513 371
513 374
514 379
513 383
513 390
513 396
515 400
514 418
514 429
513 433
513 438
513 436
514 445
514 449
514 454
513 459
514 456
513 465
514 468
515 472
516 477
513 481
513 482
512 486
509 489
503 497
515 500
513 509
514 512
513 517
514 521
513 527
514 534
513 545
513 544
513 545
514 550
514 554
513 560
513 563
513 567
514 571
514 575
514 579
512 584
513 588
513 593
513 597
513 601
513 602
514 612
513 616
514 620
513 626
513 632
514 636
514 640
513 646
513 650
513 655
513 656
514 665
513 669
525 671
514 693
513 696
514 699
513 702
513 704
513 708
512 713
513 717
513 721
514 725
513 728
514 733
513 736
513 740
512 744
513 747
514 751
513 756
515 758
513 762
514 765
515 769
513 767
512 776
512 780
505 783
434 784
222 785
174 789
216 792
192 796
99 797
95 799
34 803
24 809
70 810
71 814
94 821
111 819
92 822
125 827
146 830
148 833
164 835
162 839
171 841
157 843
130 844
159 847
156 851
148 854
172 856
136 860
135 863
137 865
146 868
180 869
168 873
220 883
216 884
192 885
261 887
257 887
242 890
242 891
281 891
336 893
338 895
332 896
276 897
264 898
308 898
293 901
296 904
327 908
284 902
281 911
329 915
328 908
369 909
367 910
330 914
353 911
307 912
291 913
384 914
339 916
338 916
357 916
358 917
364 918
376 918
403 919
400 919
362 919
396 919
389 920
366 922
408 920
391 921
410 921
445 912
415 921
419 921
425 921
412 923
417 921
434 921
430 920
434 921
446 921
451 920
457 920
493 919
487 918
512 909
513 908
512 906
513 905
512 903
512 902
513 898
511 900
514 899
513 898
514 897
512 897
513 894
513 892
513 890
514 889
513 887
513 885
513 882
513 880
513 879
513 877
513 874
513 871
513 869
513 869
512 863
514 864
512 861
513 858
512 857
513 853
512 850
513 847
513 844
512 840
512 838
513 835
513 833
513 827
513 824
513 818
513 815
513 810
512 806
513 801
514 797
513 793
512 789
513 786
512 782
513 779
513 775
513 771
513 767
513 763
512 745
513 741
513 735
513 732
513 730
513 727
513 721
513 716
513 712
513 707
513 703
513 698
512 694
512 690
513 687
513 682
512 679
513 675
513 672
513 666
512 660
513 658
513 654
513 649
513 644
513 642
513 636
513 630
513 623
513 618
513 607
512 605
514 602
514 597
513 593
513 589
513 583
513 578
513 574
513 573
513 568
513 566
513 562
513 559
513 553
513 551
513 547
513 542
513 536
513 531
513 525
513 521
513 516
512 511
515 505
513 500
513 495
513 475
512 473
513 470
513 466
513 463
513 458
512 456
514 449
513 441
513 435
512 437
513 431
511 425
512 421
515 415
513 411
513 406
512 402
514 397
516 390
513 387
514 382
513 379
513 373
512 368
514 366
513 359
513 357
513 351
512 347
513 343
513 339
512 335
513 332
514 329
513 323
514 321
514 317
514 314
513 309
514 305
513 301
513 297
513 294
513 290
513 285
513 283
513 280
514 276
513 272
513 269
513 265
516 261
515 258
515 254
581 253
648 249
830 239
968 239
980 233
1023 231
998 228
942 224
968 222
933 218
903 214
905 212
856 204
877 206
911 203
891 200
896 197
869 194
837 192
853 185
872 187
880 185
865 181
871 179
874 177
872 172
867 171
888 167
891 165
840 160
826 160
829 158
801 156
770 148
768 153
755 151
719 150
746 146
787 147
701 133
700 146
762 142
738 144
708 140
760 139
713 138
704 135
761 136
759 134
707 134
736 132
695 131
689 130
747 128
726 127
713 127
699 126
685 126
671 125
670 122
641 117
622 120
664 119
637 114
630 117
638 118
624 117
631 117
637 117
624 117
613 117
618 117
599 117
590 116
597 111
593 117
586 116
574 118
579 116
553 116
586 116
600 117
551 118
572 117
562 118
524 118
523 122
523 122
514 122
514 126
510 126
514 129
514 130
514 133
514 135
514 135
512 136
514 139
513 138
513 140
514 141
515 143
513 145
515 146
512 148
514 150
514 150
515 154
514 156
513 158
513 160
513 162
513 165
513 167
514 170
513 171
513 183
514 187
514 188
514 189
514 191
513 196
513 199
514 202
514 206
513 210
514 216
513 217
513 222
514 227
513 230
513 234
513 241
513 244
513 248
513 251
513 254
514 258
514 263
514 266
514 269
513 274
512 278
514 282
514 286
513 290
513 293
513 298
514 303
514 307
513 311
513 316
513 320
513 325
514 319
513 327
514 337
510 341
514 345
514 348
514 354
514 357
513 363
513 365
514 370
513 375
513 378
514 382
512 386
514 392
515 396
513 401
514 406
513 438
513 443
514 450
514 453
513 458
513 462
513 464
513 469
514 471
513 474
514 478
514 483
514 486
513 490
520 494
512 499
513 505
513 510
514 515
513 519
513 525
515 531
513 536
513 541
514 545
514 550
514 553
513 559
513 562
514 565
513 570
514 573
513 577
514 581
513 585
514 590
513 595
513 600
513 604
514 610
513 615
514 619
514 626
514 631
512 635
513 640
513 642
513 649
513 654
513 659
513 663
513 668
513 675
515 677
513 683
516 684
515 689
513 706
513 709
513 712
513 716
513 719
513 724
513 726
513 731
514 734
514 737
513 741
513 746
514 749
513 752
514 757
513 760
514 764
512 767
513 771
515 774
511 780
508 781
448 783
289 784
171 787
173 793
200 795
151 795
65 798
75 801
58 808
78 809
100 811
90 806
86 819
112 815
98 823
107 828
132 831
151 835
158 837
169 840
140 843
139 845
155 845
165 851
171 853
196 856
188 858
145 858
109 864
105 867
131 869
201 872
207 874
211 877
177 881
187 887
283 891
303 890
289 891
268 890
286 893
286 894
343 896
343 897
263 898
294 900
330 901
340 902
330 905
329 905
325 906
307 908
334 904
386 908
366 909
360 910
366 911
325 912
331 912
356 913
340 914
353 916
345 916
340 916
366 917
382 918
416 918
412 919
365 919
361 919
406 921
383 920
359 921
395 921
377 923
422 920
448 920
420 921
418 921
426 921
416 921
436 920
429 922
443 920
436 920
430 920
469 920
447 919
470 918
500 916
505 915
510 913
512 904
512 903
513 902
513 902
512 901
513 899
512 899
513 899
513 897
513 894
513 893
512 891
513 890
512 888
513 886
513 885
513 883
512 879
513 878
513 876
513 872
514 871
513 869
512 862
512 864
514 861
513 859
513 856
512 853
513 850
514 848
513 843
513 842
513 839
513 836
513 835
513 829
513 825
513 821
513 818
514 814
513 807
513 804
513 800
513 795
512 791
512 787
513 783
513 779
513 775
513 770
513 766
513 763
513 758
512 755
512 752
513 747
513 716
513 712
513 710
513 705
513 703
513 697
513 696
513 689
514 683
513 680
513 676
513 671
513 668
513 664
513 660
513 656
513 651
514 647
513 643
513 638
513 630
513 624
513 618
512 614
513 611
512 608
513 599
515 593
514 588
513 584
513 582
514 579
516 574
513 569
513 565
513 565
513 560
513 556
513 553
513 547
513 542
513 537
513 532
513 528
513 523
513 516
513 511
512 507
513 502
513 500
513 493
513 487
513 483
513 479
513 479
513 472
513 468
513 434
514 432
514 427
511 421
514 417
513 414
514 409
512 402
511 397
511 393
512 389
514 385
514 376
512 373
512 369
513 366
513 362
514 357
514 353
516 345
512 347
514 340
514 336
513 332
514 329
513 327
513 321
514 318
513 314
514 310
513 309
513 303
513 299
513 296
513 292
513 288
513 284
514 281
514 277
513 273
514 269
514 266
514 262
515 258
516 256
524 253
633 251
653 250
915 248
913 247
856 240
924 238
968 236
966 233
1002 228
958 225
951 222
679 128
713 129
665 129
683 127
674 126
688 125
714 124
702 124
690 123
659 123
679 123
678 121
672 120
674 120
674 119
662 117
609 117
616 118
622 117
625 117
638 115
605 117
592 114
641 116
602 116
599 116
639 114
581 112
574 116
607 116
566 116
563 116
572 117
561 117
562 117
549 118
549 120
538 120
520 121
517 123
515 121
514 123
515 128
514 130
514 132
514 133
513 135
515 136
514 137
514 138
513 140
514 141
514 142
513 143
514 146
513 147
513 149
514 161
514 161
514 163
513 163
513 165
513 168
514 169
513 172
514 176
514 177
513 179
513 183
513 186
513 189
513 191
515 194
513 197
515 202
514 205
513 208
513 213
514 216
513 219
513 224
514 228
513 233
513 236
513 239
514 244
513 247
513 252
513 256
514 260
514 265
514 269
513 274
513 278
513 283
514 287
513 292
513 294
514 300
513 302
514 307
513 311
514 307
513 319
514 323
514 327
514 332
517 332
514 339
513 342
513 348
513 351
513 357
513 361
513 380
514 384
514 389
513 396
513 397
513 403
513 406
514 411
513 415
514 420
512 426
513 434
513 438
514 442
514 447
514 452
513 455
513 460
513 466
513 467
514 469
513 472
514 477
514 481
512 484
513 489
513 492
519 498
514 504
517 510
513 515
513 519
513 524
513 530
513 535
513 539
513 544
513 549
513 553
513 558
513 560
511 565
513 568
514 572
513 577
514 580
513 586
513 590
513 593
514 598
514 603
514 609
513 613
514 617
514 622
513 628
513 654
513 656
513 659
514 663
513 665
514 670
513 678
514 678
513 696
510 688
510 692
517 696
513 700
513 702
514 706
512 710
