513 431
514 436
513 438
513 442
513 445
514 450
513 453
514 460
509 464
511 465
515 468
513 471
513 475
513 480
513 485
511 489
514 492
514 496
513 500
513 506
514 514
512 518
505 518
511 524
511 534
513 538
513 544
513 552
514 552
514 556
512 561
515 565
512 569
512 571
514 576
513 581
513 585
513 589
511 593
512 598
512 602
512 608
514 613
513 618
512 622
512 628
513 632
513 637
513 642
514 647
513 652
512 656
513 661
514 664
514 669
513 674
514 677
514 685
513 682
513 679
513 672
513 670
513 666
515 661
512 658
512 654
512 650
514 645
513 640
514 632
515 628
515 623
512 619
511 614
513 608
514 603
514 596
515 591
513 587
512 583
514 579
513 576
514 572
514 568
512 565
513 561
513 558
517 554
513 548
515 544
513 541
513 537
512 531
513 526
513 520
514 514
513 509
511 505
512 500
513 495
514 489
514 485
514 481
512 478
512 474
513 470
513 466
514 461
513 457
515 454
514 448
513 444
514 439
514 435
511 674
514 676
514 679
513 685
512 689
514 694
514 689
513 705
512 704
514 707
513 711
513 716
512 719
512 724
513 728
513 730
513 733
513 739
513 742
513 741
513 749
513 750
513 757
511 760
512 764
512 768
512 770
512 775
512 778
511 781
434 784
416 787
392 791
387 793
300 793
183 797
188 798
186 805
218 807
251 809
228 814
251 818
281 822
242 823
243 828
267 828
271 834
281 834
290 838
269 841
269 844
305 847
283 849
252 852
284 854
277 855
252 860
348 914
365 914
384 915
409 915
424 916
432 917
443 917
428 917
416 918
409 919
418 917
425 919
433 919
444 920
451 920
456 921
454 921
470 921
465 920
450 921
467 921
475 921
450 921
472 921
474 922
471 921
481 920
487 918
476 921
476 919
498 920
501 918
504 916
511 916
513 918
514 910
511 907
512 908
512 908
517 899
512 903
512 902
513 900
514 900
512 898
513 897
513 896
513 894
513 893
514 891
513 889
512 888
513 886
513 883
516 880
513 879
514 876
513 868
513 864
513 863
511 861
512 859
513 856
513 853
513 851
512 848
513 846
513 842
512 838
514 834
513 831
514 827
513 823
510 818
513 816
514 812
510 808
513 801
512 798
515 794
513 791
513 787
513 784
513 779
513 776
513 771
513 767
512 763
513 759
513 753
513 751
513 747
513 743
513 738
513 734
513 730
513 726
513 722
513 718
513 714
514 710
513 706
513 702
513 698
513 694
513 689
513 685
513 681
513 677
512 672
513 668
513 664
513 660
514 636
514 632
514 627
513 624
513 619
514 613
513 609
513 603
513 599
513 597
513 589
513 583
514 580
514 578
512 573
513 570
513 567
514 562
511 558
513 556
512 553
513 547
513 543
514 537
514 533
512 528
513 522
513 516
514 511
514 505
514 501
513 496
513 492
513 488
513 479
515 478
513 475
512 472
513 468
513 462
513 458
513 455
514 450
514 446
513 441
513 436
513 432
515 427
514 423
513 417
513 413
513 407
515 402
513 396
514 392
514 387
514 383
513 358
513 354
513 352
513 348
513 343
513 340
513 336
513 333
512 329
513 327
513 322
513 317
514 314
513 311
513 306
514 302
513 299
514 295
514 291
514 288
514 284
514 280
513 278
514 273
513 271
515 265
514 262
513 260
519 256
518 254
635 250
669 246
654 242
646 239
647 239
875 237
875 236
841 226
826 227
796 224
793 222
807 218
793 213
746 210
730 209
756 203
754 203
774 200
792 197
755 194
724 190
741 189
700 186
731 184
785 181
757 178
756 175
776 162
725 160
709 158
715 156
694 154
684 153
676 152
666 150
682 149
666 148
663 158
645 145
628 142
629 140
688 139
695 139
650 138
682 138
657 136
623 136
669 133
683 132
610 131
616 130
629 128
611 127
656 127
663 127
627 126
621 123
648 124
625 123
613 121
639 122
629 121
599 120
602 120
618 119
612 118
625 117
606 118
588 117
601 112
583 118
564 117
562 115
569 116
574 115
575 114
561 116
568 115
558 115
556 116
565 116
564 116
543 115
551 117
555 124
514 126
514 129
514 130
514 130
513 133
515 133
514 135
515 137
514 138
513 139
514 139
513 141
513 143
514 146
515 146
514 148
514 149
513 152
513 153
513 155
514 157
513 160
514 160
514 162
514 166
513 168
514 168
513 172
513 176
512 182
513 180
513 183
514 184
514 189
513 192
513 194
514 199
514 202
514 206
512 210
513 214
512 218
513 221
514 224
514 230
512 233
513 238
512 242
513 244
513 248
513 252
513 255
513 258
513 263
513 268
513 272
509 306
514 308
514 311
513 313
513 316
514 322
514 327
514 331
513 336
513 334
513 343
513 349
513 352
513 356
514 357
514 361
514 369
514 373
513 377
512 380
512 386
513 389
514 394
513 400
513 406
511 411
511 417
515 421
514 427
514 431
514 436
514 444
511 448
514 452
514 455
513 459
513 463
513 466
511 471
513 473
514 476
512 480
513 485
512 490
511 495
513 498
513 503
513 509
513 514
511 520
512 524
516 509
510 530
513 540
513 546
513 550
516 554
513 744
513 746
512 749
514 751
512 755
512 759
512 762
513 766
514 770
512 773
513 777
514 783
510 782
406 785
380 789
392 793
377 794
220 796
226 799
202 803
207 806
229 809
244 814
242 816
240 818
240 822
263 826
265 828
268 832
273 833
251 838
265 840
290 842
262 845
259 848
301 851
268 853
245 857
287 859
276 862
290 864
293 867
263 871
259 873
298 875
317 875
305 880
303 881
311 883
317 884
343 887
379 889
391 890
372 891
351 892
330 894
355 896
385 901
355 902
357 903
382 904
390 905
393 906
389 906
390 909
397 912
384 911
374 911
410 912
387 912
390 913
441 914
398 915
379 917
433 916
427 917
376 918
418 919
416 919
425 919
438 918
415 920
423 920
442 921
439 921
442 922
457 921
452 922
440 921
440 921
446 921
458 921
461 922
462 921
459 921
471 921
458 920
461 921
485 920
477 920
502 918
506 917
513 916
513 912
512 919
515 911
513 907
508 909
512 904
508 906
512 903
511 901
513 900
513 899
513 892
511 891
512 890
513 891
513 886
513 884
513 883
513 880
513 877
513 876
513 874
514 870
513 869
516 867
512 865
512 862
512 860
513 857
514 854
512 851
513 849
513 845
513 843
510 840
513 836
513 832
514 828
513 824
512 821
514 815
513 813
513 807
512 804
513 799
514 796
513 791
513 789
513 786
512 783
513 776
514 773
513 768
513 764
512 760
513 756
513 752
512 748
513 742
513 740
513 734
513 732
513 728
514 725
513 721
513 716
513 714
513 709
513 688
513 685
512 681
514 677
514 672
513 669
512 665
513 662
512 657
513 653
513 647
515 640
514 637
513 634
511 629
513 623
514 617
514 610
513 605
514 599
512 594
513 591
514 586
514 579
513 578
513 575
513 571
513 568
514 564
514 560
514 556
512 553
512 549
513 544
513 540
513 534
514 530
514 524
514 519
513 514
513 509
512 504
513 498
513 493
515 489
515 484
514 480
513 476
513 473
513 468
511 465
514 460
513 457
513 453
516 449
513 444
514 420
513 416
514 412
514 408
513 403
514 398
514 393
514 389
513 385
513 380
514 376
513 370
514 366
513 361
514 357
513 354
513 350
512 346
513 342
512 339
511 335
513 331
513 327
513 323
513 319
514 315
513 311
514 307
521 304
514 300
514 296
514 293
513 290
514 285
513 283
514 278
514 274
514 272
515 268
513 264
513 261
514 256
515 255
583 251
624 249
664 246
678 241
667 238
878 237
867 236
824 231
801 227
789 225
794 221
810 220
788 215
770 212
750 198
735 195
713 193
749 192
735 190
762 187
771 184
737 182
733 179
764 176
752 173
758 171
779 168
742 165
710 162
732 161
753 158
725 156
735 154
710 153
640 152
640 149
636 148
659 148
715 147
700 142
681 142
658 142
602 139
644 138
707 137
665 135
664 135
641 133
597 132
646 131
663 131
642 129
622 129
626 128
586 126
631 124
655 125
620 125
607 123
631 122
595 122
601 121
634 120
595 120
613 119
632 119
588 118
584 117
612 117
586 117
576 118
586 115
581 115
578 115
582 113
580 119
557 115
561 116
554 114
554 116
560 116
548 117
553 116
550 117
528 119
526 120
518 123
514 123
514 125
514 127
515 129
514 131
513 133
514 133
514 135
512 134
513 136
513 137
514 139
513 140
514 143
514 143
513 146
513 147
513 150
514 150
514 153
513 154
514 157
514 159
513 162
515 163
513 165
513 167
514 168
513 171
513 175
512 177
517 179
511 182
513 185
512 188
513 191
514 194
514 197
513 199
513 203
511 207
513 229
513 232
513 233
513 237
513 241
513 245
513 246
514 251
513 255
514 258
513 262
514 268
513 271
514 275
513 279
514 284
514 287
514 291
513 295
513 299
513 303
513 308
513 312
513 317
514 321
512 327
514 330
513 334
513 339
511 342
514 349
514 351
514 354
513 360
513 364
513 367
514 371
513 374
513 378
514 384
514 389
512 393
511 398
512 402
515 407
513 410
513 419
511 426
512 432
511 437
513 438
514 445
514 449
513 453
513 457
513 460
511 466
518 482
514 486
513 487
513 492
514 497
514 502
512 506
513 512
513 518
512 523
514 528
513 534
518 529
513 545
514 548
513 551
515 555
515 560
513 564
506 568
513 572
512 576
514 579
514 584
514 588
512 592
513 598
512 602
511 607
512 612
513 616
511 622
512 626
513 632
512 637
512 642
512 646
512 651
513 656
513 661
512 663
513 669
512 675
513 676
512 682
512 686
514 690
513 694
515 698
512 701
515 707
513 708
513 712
513 716
513 720
513 724
513 728
513 746
512 748
513 752
513 755
512 757
513 761
512 765
512 769
513 772
513 776
514 778
510 782
444 781
408 786
362 791
365 795
264 795
191 799
186 802
215 805
221 810
251 812
249 815
225 818
235 822
258 825
281 829
274 833
250 834
248 837
267 839
267 841
266 847
281 847
297 851
295 852
286 855
275 858
275 861
295 863
274 866
259 869
306 873
277 874
249 878
309 879
292 880
309 883
366 885
355 886
315 888
374 890
385 891
341 892
374 893
390 896
332 896
373 904
417 905
418 906
408 907
408 908
360 911
361 906
401 910
360 911
399 913
418 912
375 914
390 915
444 916
415 916
413 917
427 918
407 919
403 919
424 919
430 919
420 919
474 920
483 920
460 921
449 921
457 922
433 921
449 921
468 921
457 921
472 921
480 922
462 921
461 922
475 921
471 921
469 920
487 920
485 920
491 919
501 916
506 915
513 914
513 912
511 910
514 899
510 905
511 900
509 908
511 908
513 901
512 902
512 899
513 898
514 897
512 895
512 887
513 886
513 884
508 882
513 879
513 878
513 878
513 874
513 872
513 870
513 867
513 865
513 862
513 861
513 857
513 855
513 853
513 850
512 847
513 844
513 841
513 838
513 833
512 829
513 826
513 824
513 818
511 827
513 809
513 806
513 801
513 798
512 794
512 792
513 787
513 784
512 781
513 775
513 771
513 768
513 762
514 760
513 756
513 752
514 747
513 744
512 740
513 736
512 732
513 727
513 722
514 717
513 711
512 707
513 702
513 699
513 695
513 680
512 673
513 670
513 666
513 663
513 660
512 656
513 651
513 645
514 639
515 634
514 630
513 626
513 621
513 613
512 606
513 600
516 596
514 593
513 589
513 586
513 579
513 575
515 571
514 569
513 566
513 565
513 558
514 553
515 549
513 546
513 542
513 537
513 531
514 526
512 521
512 515
514 510
512 504
513 500
513 494
513 491
513 486
513 482
513 478
513 474
513 470
513 466
513 463
514 459
513 455
511 450
513 446
513 441
513 436
512 430
513 407
513 404
515 399
514 395
514 390
515 386
515 381
514 377
512 374
513 368
514 363
514 359
514 354
514 351
514 347
513 343
513 339
513 336
513 333
513 329
513 325
513 322
513 317
513 313
513 310
513 304
514 301
513 299
514 294
514 291
514 287
513 283
514 279
514 276
513 272
512 270
514 265
513 263
514 259
515 254
561 252
640 250
655 247
645 244
681 240
817 238
867 236
871 233
842 231
787 226
772 224
799 218
780 215
767 213
757 210
770 207
776 204
769 179
745 178
742 174
739 173
720 170
758 168
724 166
745 163
740 161
713 159
724 157
717 155
684 153
674 151
668 149
643 149
672 147
698 146
651 144
669 142
682 141
650 138
660 140
674 138
627 135
652 136
650 133
632 131
642 132
651 131
652 132
659 129
649 129
633 126
622 125
613 125
608 124
635 123
603 121
604 122
634 121
617 120
590 120
628 119
612 119
575 116
611 118
604 117
565 117
593 116
606 116
568 116
593 116
579 117
553 117
573 116
573 116
557 116
547 117
537 118
525 120
521 120
513 122
514 124
514 126
514 128
514 131
514 131
514 133
513 135
513 135
514 137
513 136
512 139
513 140
513 141
513 143
514 142
514 145
514 148
513 151
514 152
513 157
514 157
513 159
513 161
513 162
513 165
514 166
514 170
514 170
513 172
514 176
513 179
513 181
514 185
513 187
514 189
514 192
514 196
514 200
513 203
514 207
512 210
513 212
513 219
514 224
513 227
513 232
513 236
513 238
513 242
513 245
514 248
514 278
514 282
512 287
514 289
513 293
513 295
513 298
514 301
514 303
517 308
514 312
511 318
513 322
512 327
514 334
513 338
513 342
512 346
519 348
514 353
514 357
513 358
514 364
514 370
514 375
511 379
511 383
513 386
513 389
513 394
514 400
513 407
514 414
511 419
511 424
514 428
513 434
512 444
512 444
512 448
512 452
514 455
513 459
513 465
512 469
511 471
513 473
514 477
513 482
513 486
513 491
512 495
514 499
514 504
513 509
513 517
511 521
513 543
514 548
514 550
513 553
514 557
513 562
513 566
514 571
511 574
513 578
514 581
515 585
513 590
514 596
514 602
512 605
515 609
513 615
513 619
513 624
512 630
513 633
511 640
512 645
513 649
512 654
512 658
511 664
512 668
512 672
512 677
513 681
514 685
513 689
513 692
513 696
511 701
512 705
510 710
512 711
514 714
514 718
513 722
513 727
513 732
513 734
513 738
514 741
513 743
513 749
511 752
513 757
513 760
513 763
514 767
513 771
513 775
394 788
379 791
390 793
297 794
161 797
178 801
204 804
213 807
264 811
259 814
237 817
271 822
268 824
256 827
271 830
260 828
251 837
265 838
278 839
280 843
274 846
275 849
278 851
262 854
260 857
298 860
294 862
262 865
269 868
289 870
280 874
285 876
312 878
291 880
308 882
341 883
328 886
359 887
385 888
327 890
311 891
380 893
376 894
393 895
408 896
376 898
359 899
369 900
366 902
360 903
410 907
390 905
377 907
397 907
372 908
374 912
386 917
431 914
403 915
388 915
370 917
410 917
421 916
391 918
423 918
424 919
418 919
437 922
437 921
450 921
449 920
451 921
438 921
437 921
465 921
477 921
457 921
482 921
470 920
457 921
481 921
454 920
463 922
482 918
469 919
477 919
493 921
499 917
505 916
513 916
511 913
513 912
516 908
514 906
510 903
512 902
512 903
512 901
513 900
513 899
513 899
513 897
512 895
512 895
513 892
513 893
513 889
513 888
513 887
513 883
514 881
513 878
512 877
513 874
512 864
513 863
513 861
513 858
513 856
513 853
513 850
514 847
513 846
513 841
513 838
513 835
513 832
512 828
513 824
513 820
512 816
512 814
512 808
512 805
513 801
513 797
513 795
513 788
514 783
513 780
514 777
513 773
512 770
513 765
513 761
513 757
512 753
513 749
514 745
513 741
513 736
513 732
513 727
512 723
513 718
513 714
513 709
513 706
513 701
513 696
513 695
514 688
513 684
513 680
512 676
513 672
513 669
514 665
513 660
513 656
513 652
512 628
513 625
512 620
514 615
513 610
513 608
513 601
512 593
514 589
515 586
513 583
513 577
514 574
514 570
512 566
514 563
513 559
513 556
515 553
514 548
512 543
514 539
513 533
513 528
514 523
513 517
513 511
515 505
515 500
514 496
513 493
512 489
513 484
514 479
513 475
513 472
513 467
515 464
512 461
512 457
513 454
513 447
514 442
513 438
514 435
514 431
513 423
513 419
513 413
513 409
513 403
513 398
513 393
514 389
514 384
514 379
514 358
514 354
513 351
514 347
513 344
514 340
513 337
513 334
513 330
513 327
512 323
513 319
513 315
513 311
514 307
512 303
511 300
512 296
514 292
513 289
513 285
513 281
513 278
512 273
513 269
512 267
515 263
513 261
513 256
539 253
643 250
649 248
645 244
659 239
626 238
851 239
902 236
843 232
814 228
801 222
764 221
774 218
796 214
777 213
778 206
784 208
770 201
735 201
736 196
741 194
753 191
745 186
737 186
761 184
739 183
715 178
740 175
793 165
705 161
698 159
700 156
724 156
706 153
665 152
659 150
697 149
657 147
670 147
680 144
637 143
633 142
640 142
669 140
699 139
678 137
669 135
636 135
619 135
640 132
679 132
662 130
649 130
650 130
600 128
607 124
632 125
621 125
625 123
624 123
602 123
608 121
633 120
607 119
614 119
600 119
587 118
583 118
549 117
601 117
639 117
588 116
565 116
607 115
568 117
582 116
606 114
570 116
558 115
586 115
561 115
538 113
562 116
556 115
545 116
546 119
515 121
517 122
515 123
514 127
514 128
513 129
513 131
513 133
514 133
513 134
513 137
514 136
514 138
513 139
513 142
515 142
514 144
515 147
513 152
513 149
513 151
512 153
513 155
514 159
513 160
513 162
513 163
513 166
513 168
513 172
513 172
513 175
514 178
513 180
513 183
513 186
514 188
514 191
512 195
513 198
514 202
513 206
513 210
513 213
514 217
513 222
514 224
514 228
513 234
512 237
513 241
514 245
513 252
513 253
513 256
513 261
513 282
515 282
513 286
514 291
512 295
513 298
512 301
513 305
513 309
514 313
514 316
513 321
513 325
513 330
513 335
514 341
513 345
513 350
514 358
513 358
512 360
513 364
513 367
513 372
513 377
511 382
511 386
511 391
514 393
513 397
514 402
514 411
513 416
513 423
511 428
514 432
516 436
513 441
513 447
514 452
511 456
515 459
514 461
513 464
513 468
513 474
514 478
512 480
513 484
513 488
513 492
513 497
513 504
512 507
514 512
514 518
512 524
513 551
513 553
514 557
512 561
511 564
514 568
511 572
513 578
513 580
512 584
512 589
513 594
514 598
513 602
513 609
514 612
513 618
513 622
513 628
513 636
513 638
512 643
513 647
512 651
512 657
513 662
513 666
513 670
513 674
512 679
513 685
513 687
512 692
513 694
512 699
513 706
514 703
511 711
519 713
514 721
513 720
513 724
513 728
513 732
513 736
513 740
513 744
514 747
513 752
514 754
514 758
514 758
512 765
514 769
513 773
513 776
513 779
377 793
380 793
172 798
178 800
169 804
188 806
226 810
241 812
265 816
265 819
228 822
262 825
275 828
256 831
241 833
271 837
282 839
293 840
277 845
267 848
281 850
282 853
269 856
278 858
258 861
252 865
275 866
298 870
294 872
274 875
296 876
303 879
333 883
349 882
353 885
345 887
309 888
306 890
376 890
379 891
391 894
434 896
369 897
339 898
375 898
407 899
416 901
412 902
356 903
351 904
363 905
394 907
415 908
397 909
396 910
386 904
400 908
382 915
419 916
422 917
423 917
445 919
419 919
428 916
446 920
415 921
419 921
464 920
454 921
442 920
453 921
442 922
418 922
456 921
466 921
437 921
454 921
468 921
439 921
455 921
484 920
465 920
471 920
499 919
486 918
505 917
511 916
511 912
514 912
512 910
512 905
512 902
512 916
515 899
511 904
514 902
513 898
512 899
512 898
513 897
513 896
513 894
513 893
513 890
513 888
513 886
513 883
513 881
513 880
513 877
513 874
513 874
513 870
513 868
512 857
512 856
513 853
513 851
514 849
514 844
512 842
512 841
512 837
513 832
513 829
513 825
512 822
513 818
512 812
513 808
512 805
513 804
513 797
513 793
513 788
513 783
513 781
513 778
513 774
513 770
512 767
513 761
512 758
513 754
513 749
513 745
514 742
513 736
513 732
513 728
513 725
513 719
512 714
514 710
513 706
513 703
513 699
515 695
513 691
512 688
513 683
513 678
513 674
513 670
514 667
514 661
512 658
512 654
513 650
513 649
513 640
514 598
514 593
513 588
514 586
516 581
515 578
513 575
513 572
513 569
514 565
513 560
514 555
516 553
512 550
514 548
513 541
513 535
514 531
515 524
514 521
513 515
513 515
514 502
516 497
513 495
512 490
512 486
513 481
513 476
515 472
514 469
512 466
513 462
513 457
514 453
514 448
514 444
513 440
512 436
513 431
512 426
513 422
514 416
513 410
512 405
513 400
513 395
514 390
513 387
513 381
514 376
514 372
514 367
514 363
513 359
514 354
514 326
514 322
514 319
512 317
513 312
513 308
513 304
513 301
513 298
513 294
515 290
513 287
513 283
513 280
513 276
512 273
513 268
514 264
512 262
514 258
518 253
585 252
637 250
655 246
657 242
641 241
771 240
919 239
861 231
834 227
825 224
752 222
787 218
828 215
791 210
765 207
749 206
732 205
737 201
747 198
745 192
752 192
762 191
737 188
716 185
754 182
762 179
771 176
769 175
762 169
758 168
721 169
704 162
751 160
722 158
693 156
708 156
699 143
613 143
652 140
668 139
690 139
671 137
669 136
638 135
624 136
653 132
666 132
637 128
637 130
609 130
638 128
647 127
648 126
632 126
636 124
622 123
631 123
631 122
617 122
619 120
591 120
572 119
595 119
615 118
600 118
587 117
613 117
585 117
621 116
621 116
570 116
587 116
599 117
556 116
574 116
589 115
551 116
560 115
577 115
552 116
550 115
565 117
543 115
525 117
526 118
520 119
512 118
512 123
514 125
512 127
514 129
514 131
514 132
513 138
514 137
515 140
513 140
514 141
513 142
513 145
514 146
514 149
513 150
513 153
514 154
513 157
515 160
514 161
514 162
513 166
512 167
515 170
514 173
512 175
513 175
514 179
514 182
511 184
514 188
514 190
515 194
513 197
513 200
513 202
513 208
514 211
513 214
513 220
514 223
513 228
513 232
513 231
513 241
513 243
512 247
513 251
514 256
513 259
514 264
512 267
513 272
513 276
513 280
513 283
514 288
514 292
514 297
513 300
513 303
512 308
513 328
514 332
513 335
513 341
513 345
513 347
513 352
501 363
513 359
514 362
513 365
513 369
513 374
514 381
512 386
511 389
514 393
513 396
514 403
513 408
513 414
512 419
513 424
513 431
513 433
513 442
512 447
510 452
512 454
515 457
512 460
513 464
513 470
512 474
513 476
514 479
513 482
514 489
512 492
512 496
513 501
513 505
514 510
512 516
511 522
513 528
512 533
512 537
513 542
514 547
513 551
513 555
514 560
513 563
514 567
514 570
513 575
511 596
513 599
514 602
514 605
513 610
514 616
513 621
515 626
512 631
512 636
512 642
513 646
513 650
513 654
513 659
512 664
512 669
513 673
513 678
513 682
513 685
514 690
513 694
513 698
513 701
514 703
513 708
520 710
515 716
513 719
514 724
514 727
514 731
514 735
513 739
513 742
513 747
513 749
514 754
513 756
514 760
513 764
514 767
513 771
513 775
513 778
510 782
463 783
414 786
377 790
395 793
390 795
173 797
170 801
202 806
200 809
230 811
267 827
272 828
255 832
244 835
285 838
276 837
282 837
285 840
258 846
278 851
282 851
272 854
259 858
294 860
282 863
266 866
251 867
276 870
300 870
292 876
301 878
334 881
316 882
313 886
343 888
303 887
338 888
377 889
364 893
361 893
385 894
337 895
351 899
376 898
366 899
374 901
401 902
392 903
367 904
355 905
359 906
374 907
374 908
415 906
412 914
383 912
404 914
408 908
385 915
403 914
425 916
422 917
430 918
445 917
439 918
427 919
446 921
434 920
455 920
490 922
460 921
456 921
449 921
478 921
455 923
429 921
464 921
464 921
441 922
481 921
477 920
455 920
486 920
498 919
482 918
504 918
512 915
507 914
512 912
513 911
512 908
514 906
512 908
512 907
512 903
514 896
513 901
513 899
513 898
513 897
511 897
513 895
513 893
509 892
513 889
513 887
512 886
513 883
513 880
512 879
514 876
513 874
513 872
514 870
513 868
514 864
512 863
513 860
513 859
513 855
513 852
513 849
513 844
513 844
512 828
515 824
512 821
513 818
513 815
513 811
511 810
510 803
512 799
513 796
513 790
513 786
513 783
513 779
513 775
513 771
513 766
513 762
513 758
513 754
513 750
513 746
512 744
513 738
513 734
513 730
513 725
513 720
513 715
513 711
513 708
513 704
513 701
512 695
513 693
514 689
513 685
513 679
513 677
514 671
514 667
513 664
512 660
513 654
514 650
513 644
515 641
511 637
512 631
512 626
513 620
511 614
514 607
514 602
514 598
513 593
513 588
512 570
512 567
512 565
513 562
513 559
513 554
514 551
514 546
514 542
512 537
509 534
514 528
513 522
513 517
515 510
515 505
513 500
513 496
513 491
514 486
511 482
513 479
513 475
512 471
512 467
514 462
514 461
513 454
514 450
513 447
512 442
513 438
513 432
513 426
511 423
513 417
512 413
513 407
516 402
513 397
513 391
514 387
514 384
513 379
514 374
513 369
513 365
513 362
515 356
513 352
513 348
514 345
513 340
512 336
513 333
512 329
512 310
513 307
513 304
513 301
513 298
513 295
513 292
513 288
513 284
513 280
513 277
513 274
513 269
513 266
513 262
512 259
515 255
519 253
636 253
664 248
656 245
649 239
669 241
915 237
871 234
862 231
832 225
746 224
778 219
809 216
769 214
779 210
781 207
748 205
728 202
736 198
741 195
759 196
775 191
754 189
738 186
749 183
719 180
733 178
769 175
786 171
765 169
734 167
727 164
722 162
693 159
712 157
759 155
721 154
677 153
694 152
667 146
618 143
686 141
706 141
670 139
640 137
668 138
629 136
632 135
650 134
628 133
639 132
665 130
638 129
620 128
629 127
638 126
629 125
641 124
654 123
628 123
596 123
601 121
617 121
608 121
602 120
627 119
593 119
569 118
597 119
616 116
587 117
606 117
597 116
565 116
592 117
611 117
572 117
593 113
586 115
558 117
575 115
579 117
541 117
542 116
557 117
538 117
535 117
552 118
531 120
516 120
516 122
514 124
515 127
513 130
513 130
513 132
514 133
514 139
514 139
513 140
512 143
514 143
512 143
515 146
514 148
514 151
513 153
513 154
513 155
514 158
513 160
514 162
514 165
513 166
514 169
513 170
513 173
514 176
513 180
513 182
513 183
512 186
513 190
513 193
514 196
514 199
513 202
513 205
513 209
514 213
514 216
513 221
514 225
513 229
513 232
513 237
513 242
513 246
513 250
513 254
513 258
514 261
513 264
513 268
513 271
514 277
514 281
514 284
514 290
513 293
513 297
515 301
513 307
513 308
513 117
569 118
526 119
519 120
520 122
516 123
514 124
513 126
513 127
514 131
516 132
514 133
513 134
512 136
515 137
514 139
515 139
512 141
513 142
513 143
513 148
512 146
513 149
513 150
513 153
513 155
513 157
513 159
512 162
513 164
513 166
516 167
515 171
514 173
514 174
513 177
514 179
512 182
513 186
521 187
515 191
513 196
514 197
513 201
514 205
513 209
514 213
513 216
514 221
512 224
514 227
514 230
514 235
514 241
513 243
514 245
513 250
514 375
514 377
514 381
513 384
514 390
514 393
513 398
513 404
512 410
512 415
513 421
514 424
513 430
513 436
512 442
512 447
513 451
514 454
514 458
513 462
511 467
511 470
515 472
514 475
513 479
512 485
514 487
510 493
514 497
516 501
513 505
513 512
514 519
510 523
513 528
515 532
513 538
514 543
510 548
509 552
513 556
515 559
513 562
513 569
513 571
512 576
513 579
512 584
512 588
513 593
513 597
512 602
513 607
514 609
512 617
514 622
513 628
513 650
514 653
513 658
512 661
512 665
512 670
512 675
511 679
512 683
513 687
513 690
513 695
513 698
513 701
513 704
517 705
513 715
522 717
513 721
513 724
514 728
513 732
513 736
514 739
513 743
513 746
513 751
513 755
513 758
513 761
511 764
513 768
513 772
513 776
512 779
508 783
432 783
378 787
387 791
364 795
211 795
186 796
218 802
220 806
220 809
263 812
245 815
243 819
280 822
257 825
238 830
259 831
241 834
249 837
294 842
307 834
274 847
278 869
284 871
289 874
304 877
304 879
299 881
336 883
367 884
334 888
327 887
363 889
334 890
343 892
379 894
354 894
328 896
394 897
361 898
344 900
386 902
389 902
346 903
406 904
403 902
373 906
408 908
383 908
381 909
421 906
427 914
396 912
395 917
404 914
393 915
392 915
416 916
434 914
428 916
421 917
448 918
465 918
412 918
420 920
446 920
443 920
433 921
450 919
418 921
436 921
470 922
451 921
433 921
463 920
449 922
444 921
480 921
466 921
509 916
509 915
511 913
513 912
512 910
512 908
512 907
512 907
514 902
514 905
512 901
511 901
512 899
513 898
513 897
512 896
512 894
513 892
514 890
514 888
514 886
513 885
514 883
513 881
513 878
513 876
513 874
513 870
513 869
512 867
514 865
512 862
512 860
512 859
513 855
513 852
513 849
513 846
513 843
513 840
513 837
512 833
513 828
513 825
513 820
513 817
513 813
513 809
513 805
513 802
513 796
513 794
513 791
513 788
511 784
513 780
513 776
512 576
513 571
513 569
513 566
513 562
513 559
512 554
515 550
514 545
513 541
513 537
513 531
514 527
513 520
513 517
513 510
512 505
514 499
514 495
514 490
514 486
512 483
512 480
513 475
512 471
513 466
514 462
513 458
513 454
513 449
514 445
513 442
514 437
513 432
512 427
512 422
513 417
513 412
513 406
513 400
514 396
512 391
514 385
515 381
514 376
513 372
514 368
514 364
514 359
513 355
513 350
514 347
513 343
514 339
514 336
513 333
513 314
514 310
514 307
514 303
515 301
513 298
513 295
513 290
513 287
512 283
514 279
513 276
514 273
513 269
514 265
512 262
514 260
516 255
571 255
655 250
641 247
655 241
676 238
779 242
862 238
850 235
844 227
777 226
767 223
806 219
783 216
762 210
788 211
761 206
767 205
772 202
713 199
730 196
776 193
747 191
716 188
745 184
755 182
734 180
742 177
773 175
779 171
744 169
713 165
754 163
741 161
713 158
717 157
724 155
676 153
675 152
680 150
651 143
714 143
712 141
677 138
657 139
706 138
650 136
624 135
632 133
617 132
633 132
674 131
674 130
646 128
652 128
618 127
610 125
652 125
660 124
650 124
648 122
609 120
625 120
641 119
584 120
574 118
597 119
587 118
586 117
590 118
596 118
600 117
600 116
585 116
588 115
606 116
577 118
561 116
583 116
546 116
548 116
583 115
540 116
534 117
555 114
524 116
529 117
548 118
529 118
515 118
517 120
517 123
