877 171
886 168
877 166
856 165
826 162
825 161
820 158
820 157
777 154
788 153
785 152
740 149
763 149
765 147
709 146
717 144
736 143
715 142
694 139
752 141
744 138
720 139
744 135
698 134
658 133
749 131
714 133
694 131
721 130
651 128
656 126
708 127
703 125
725 125
696 125
684 123
675 121
647 122
641 120
641 121
672 119
658 119
646 120
651 118
627 118
635 118
644 117
612 116
636 117
610 117
578 118
611 117
595 117
598 118
619 117
600 120
575 117
121 828
144 832
169 833
187 836
150 838
147 842
157 844
153 848
152 848
150 853
172 855
152 858
112 862
144 864
200 866
178 868
172 872
185 875
173 876
164 879
208 880
242 882
228 884
255 887
289 888
254 889
306 891
319 891
260 892
304 895
345 895
261 896
283 898
316 899
294 898
309 902
324 903
271 904
265 906
301 906
327 907
358 907
310 909
302 909
329 911
326 908
335 914
391 915
373 914
325 915
380 915
349 916
336 916
393 916
376 917
383 919
404 919
624 117
617 118
617 117
653 117
610 118
615 116
607 116
600 117
602 117
616 117
614 116
588 117
613 117
597 117
563 117
600 117
583 117
552 117
578 117
545 118
529 120
525 123
516 122
515 125
514 128
515 131
516 131
515 132
515 134
514 136
513 137
512 138
514 138
512 140
515 140
512 142
513 145
514 146
515 147
515 149
513 151
514 153
514 156
514 157
514 160
513 161
514 164
513 166
514 168
513 169
513 172
513 174
514 179
514 180
513 183
514 187
515 188
513 319
513 323
513 323
515 325
514 330
514 334
514 339
515 343
515 349
513 352
513 354
516 362
513 366
514 369
514 372
513 374
513 379
513 384
513 389
512 394
513 397
513 403
514 408
514 413
514 420
515 426
514 431
514 436
513 441
514 447
514 452
514 456
514 459
513 461
514 465
513 469
513 472
513 477
513 480
513 483
514 488
514 492
513 496
514 503
515 507
514 512
514 518
513 524
509 528
514 533
514 538
514 542
513 542
517 550
512 557
513 561
513 565
512 586
513 589
513 594
513 598
513 603
513 607
514 612
512 618
514 622
514 628
508 632
512 637
514 643
514 647
513 650
507 655
513 660
513 665
513 670
513 673
514 678
513 683
514 690
514 691
504 695
513 697
513 701
513 705
514 708
513 712
512 717
513 721
513 727
511 729
509 733
513 736
513 740
513 744
513 748
513 751
513 755
514 759
513 762
510 766
513 771
513 774
510 777
508 780
507 782
423 779
215 784
182 788
207 792
155 794
31 797
76 801
45 804
120 822
124 824
144 827
165 830
139 833
128 835
132 839
160 841
178 843
171 846
154 849
170 850
127 854
139 857
129 860
156 863
182 865
193 868
171 870
136 873
162 875
199 877
173 881
221 882
279 884
223 885
226 887
313 888
296 890
321 891
311 892
240 893
263 895
289 896
301 897
295 899
311 900
292 901
281 902
297 906
345 905
357 905
322 907
325 908
319 908
327 909
340 910
374 912
328 910
340 911
366 913
353 919
384 915
425 915
373 917
353 917
398 917
390 919
412 920
389 920
381 919
433 920
421 920
453 920
401 920
393 921
420 920
431 920
434 920
445 920
451 920
451 919
450 920
461 917
464 919
475 918
487 917
502 916
508 915
513 912
513 909
513 909
513 906
513 904
513 903
513 903
510 898
513 902
510 893
513 897
512 896
512 895
513 894
513 892
513 890
513 888
513 887
513 884
513 882
513 881
514 877
513 875
512 874
513 873
512 869
513 867
513 865
513 864
513 860
514 858
512 855
513 851
513 850
513 846
513 832
512 827
515 824
514 821
512 818
513 814
513 809
513 804
520 800
519 793
513 791
513 786
513 787
512 780
513 779
512 774
513 771
513 767
513 762
514 758
513 754
512 751
513 746
512 743
513 738
512 733
512 729
513 725
513 720
513 716
513 713
513 709
512 705
513 701
513 696
513 692
513 687
514 677
513 677
514 673
512 670
513 667
513 665
513 660
513 654
513 648
511 642
513 638
513 635
512 631
511 625
514 619
514 611
513 605
513 601
513 598
508 560
513 557
513 554
513 551
513 547
512 542
513 535
514 530
513 525
513 521
513 516
513 510
513 504
514 499
514 495
513 490
516 486
513 482
513 478
513 474
513 470
514 466
513 462
513 458
513 455
515 451
513 446
513 440
513 437
513 431
513 425
514 421
514 416
513 411
514 405
513 401
514 395
513 391
513 386
513 382
513 377
513 372
513 368
513 363
513 359
513 356
514 352
513 347
513 343
513 339
513 336
513 333
513 328
513 325
513 321
513 314
514 313
514 286
514 283
513 278
513 276
515 272
513 268
512 265
518 262
516 258
519 255
578 253
640 250
811 251
899 247
916 241
894 240
993 238
970 234
966 231
982 227
980 224
949 220
906 217
912 214
904 211
848 208
859 205
865 203
897 200
882 197
841 194
850 192
882 189
864 186
861 184
882 181
869 179
842 175
848 173
862 171
889 167
884 164
871 162
845 160
801 158
790 156
777 154
724 152
721 151
742 149
751 148
743 147
743 145
724 146
691 143
709 140
754 141
739 119
519 121
511 122
517 123
516 125
514 126
515 128
514 129
515 132
514 132
514 134
513 136
514 138
514 138
514 139
515 141
514 142
514 143
514 146
513 148
515 149
513 149
513 151
513 154
513 156
514 157
513 161
512 162
513 165
514 166
513 169
515 170
513 174
514 176
514 178
512 181
512 184
514 187
515 190
514 193
514 196
514 199
514 203
512 208
514 211
513 213
514 221
514 225
513 228
514 233
513 235
514 241
513 244
513 248
516 251
512 254
514 257
513 277
513 281
514 286
514 290
514 294
515 296
514 300
513 303
512 308
514 312
513 316
514 321
512 324
513 330
515 334
512 338
514 341
514 347
513 350
514 355
514 360
513 363
513 367
513 371
516 375
514 379
513 383
513 388
513 393
514 397
513 402
512 405
514 411
514 417
513 425
513 431
513 435
513 438
513 443
513 447
513 455
514 459
513 462
513 463
515 466
514 469
513 475
512 479
513 483
515 487
515 490
513 494
513 499
514 506
511 511
514 515
515 520
513 546
514 549
517 555
517 551
510 559
513 564
513 567
514 570
514 573
513 577
513 582
513 587
514 592
513 597
514 601
509 605
513 610
513 616
513 620
514 625
513 630
512 636
512 638
513 645
513 650
513 656
513 659
513 665
513 668
513 671
514 677
513 681
513 686
513 688
512 692
513 697
514 700
514 703
513 707
513 711
513 715
514 718
515 723
513 728
514 731
512 735
513 738
513 742
513 745
514 750
514 753
512 756
513 761
514 764
513 770
513 771
515 775
170 785
143 788
172 792
175 795
92 795
87 799
55 801
47 806
69 809
123 814
108 816
122 820
102 822
117 826
161 829
136 830
112 835
147 836
165 839
150 842
154 845
128 847
190 847
180 849
147 856
154 859
156 861
139 864
151 868
163 869
190 872
205 875
174 877
187 880
206 882
240 883
262 885
277 887
286 888
259 890
263 890
282 892
306 894
353 895
330 898
292 897
304 899
328 899
316 900
320 902
320 903
324 904
319 905
318 906
347 907
332 908
334 910
326 909
390 924
375 912
384 914
339 916
348 917
377 917
432 917
418 918
343 919
382 919
365 918
399 920
436 919
426 920
419 920
420 920
428 920
401 920
429 921
460 920
424 920
432 920
461 920
417 920
438 920
466 919
442 919
473 919
486 919
490 917
506 916
510 914
510 913
513 911
511 909
513 907
512 905
512 904
513 903
515 901
513 901
512 899
510 896
513 897
513 896
512 894
513 892
513 891
513 888
513 888
512 885
512 883
514 880
510 880
513 876
513 875
513 865
513 860
513 860
513 857
513 853
513 854
513 851
513 848
513 844
513 841
514 839
512 836
513 832
513 828
513 823
513 819
513 815
513 810
513 806
514 802
512 799
514 795
511 794
512 788
515 781
514 777
513 777
513 772
513 768
513 765
513 760
514 756
512 752
513 747
513 743
513 738
513 734
513 730
513 727
512 722
513 721
513 714
512 710
513 705
513 701
513 698
513 693
514 688
513 686
513 680
513 676
513 672
513 668
513 664
513 660
515 656
513 652
513 626
515 623
515 617
513 613
513 609
512 605
513 599
514 593
513 587
512 584
512 580
513 578
513 575
513 571
512 566
513 562
513 558
513 556
513 552
512 547
513 542
513 536
513 531
514 527
513 522
513 518
513 510
513 507
512 502
513 497
513 492
513 488
513 485
513 480
512 476
513 472
513 468
513 465
512 460
513 456
513 452
514 447
513 443
514 439
512 434
513 430
513 424
513 419
513 415
512 408
514 404
513 399
513 393
513 388
513 383
514 379
513 374
513 355
513 352
513 347
514 345
513 341
513 338
513 334
513 331
513 327
513 324
512 318
513 315
511 311
513 308
513 303
513 300
513 296
513 292
513 288
513 285
513 281
513 277
513 274
513 271
513 267
514 263
514 259
518 256
530 254
661 251
794 251
883 248
873 244
812 239
903 240
996 238
979 232
1002 229
982 225
916 222
892 219
900 216
907 212
911 210
898 206
890 204
869 201
856 199
855 196
831 193
855 194
870 187
855 185
872 183
875 179
889 177
881 175
826 162
825 161
793 159
797 156
793 155
745 155
751 152
800 151
802 149
722 148
727 146
750 145
727 144
723 143
759 142
706 140
678 137
726 137
724 135
711 137
766 133
706 133
719 130
744 128
699 129
702 128
686 130
676 125
690 125
681 125
710 124
710 123
665 123
646 123
656 123
661 120
631 120
647 119
672 119
624 119
622 119
659 118
598 117
575 117
614 117
585 117
627 117
640 117
605 117
602 117
591 118
591 111
578 118
581 117
587 119
566 116
559 116
518 122
520 124
517 124
515 126
514 127
515 130
513 133
514 133
513 136
513 135
515 136
513 137
514 139
515 140
513 136
514 143
515 143
515 146
514 147
514 150
515 153
514 154
514 155
513 158
513 160
514 163
514 164
512 166
514 166
515 172
513 173
514 175
514 177
514 179
514 183
513 186
515 188
509 191
514 195
514 198
513 202
513 205
513 210
513 214
513 219
514 225
513 227
514 230
514 233
514 237
513 241
513 245
513 249
513 252
512 256
513 260
516 264
513 289
512 294
513 297
514 302
513 306
514 310
514 314
513 319
513 323
514 327
514 330
513 335
513 339
513 344
513 349
514 352
513 356
513 363
513 365
513 369
513 372
513 377
513 382
516 387
513 390
513 395
513 399
513 403
513 410
514 415
513 421
514 426
513 431
514 437
513 443
513 445
514 451
513 456
514 459
513 463
513 466
513 470
514 473
514 476
513 480
514 485
513 488
513 493
513 498
513 502
514 508
512 514
513 519
513 524
513 530
514 535
514 557
515 560
513 563
513 566
513 569
513 573
513 576
513 581
514 584
513 589
513 594
513 598
514 603
515 609
513 613
514 617
513 623
513 628
513 633
513 639
513 643
513 648
508 653
511 658
513 660
513 667
513 671
513 675
513 678
513 683
515 687
513 692
514 695
513 698
512 702
513 704
514 709
514 713
514 718
514 721
514 725
513 730
518 732
516 737
514 744
513 743
515 748
513 752
514 756
514 761
513 762
513 765
513 770
513 774
513 777
508 780
470 782
317 794
80 793
82 798
55 802
66 805
75 808
81 810
93 814
102 818
98 821
150 824
153 827
127 830
115 834
138 835
153 839
156 841
155 843
183 846
183 849
146 851
130 856
119 858
160 861
159 863
147 865
163 869
173 870
200 874
181 875
161 878
222 879
241 882
238 884
314 886
261 886
216 888
275 889
263 891
305 892
351 892
319 894
294 896
291 897
289 897
320 899
348 901
338 902
323 903
305 903
310 905
333 907
309 910
301 909
315 910
343 909
347 911
396 912
319 916
363 916
360 917
357 915
359 918
359 919
395 924
410 919
388 918
412 919
415 919
389 922
416 920
418 920
385 920
423 920
426 920
412 920
435 920
433 920
431 920
430 920
459 920
459 919
462 920
484 919
479 917
494 917
513 916
511 914
513 912
512 909
514 908
512 906
512 905
512 904
513 902
513 900
514 899
513 901
512 895
514 896
513 895
512 893
512 891
512 891
513 888
514 886
513 884
513 882
511 880
513 877
514 875
512 874
514 870
513 869
513 867
513 842
512 839
513 836
515 832
513 828
510 825
512 820
514 817
513 811
514 807
513 804
513 800
508 797
512 793
513 790
514 788
510 780
513 782
512 774
513 771
513 769
513 765
512 759
513 755
513 751
513 745
512 743
512 738
512 734
513 730
513 725
513 721
513 718
513 712
513 707
513 704
513 698
512 693
513 688
512 684
513 680
513 676
513 673
513 669
512 665
513 662
513 658
513 653
513 648
513 643
513 638
513 633
513 629
512 624
514 618
504 612
512 604
514 575
513 572
513 569
513 565
513 560
516 555
513 552
513 549
513 546
513 541
513 534
515 529
515 524
512 520
513 515
512 508
513 502
514 497
514 494
513 491
513 486
513 481
513 476
514 472
513 469
512 467
513 462
513 458
513 454
513 449
513 444
513 439
513 436
512 432
513 427
513 421
513 415
513 409
512 405
512 400
513 394
513 390
513 385
515 381
513 376
513 371
514 367
513 362
515 355
513 355
514 350
513 346
514 342
513 339
513 335
513 332
513 328
513 299
514 297
513 294
513 290
513 286
512 283
513 279
512 275
514 272
512 268
514 265
514 261
515 257
525 254
647 251
638 252
877 249
865 245
837 241
821 240
993 238
1003 234
1000 231
974 226
911 224
905 220
949 217
929 214
905 211
885 208
864 205
860 202
890 200
874 197
878 195
867 192
834 189
850 186
846 179
887 181
918 177
880 175
854 173
862 170
846 166
829 165
841 162
843 159
832 158
793 156
789 154
747 153
762 151
798 150
762 148
719 146
714 141
742 141
720 138
691 140
660 136
687 136
749 134
769 135
734 131
717 129
682 129
692 127
707 127
699 127
719 127
699 126
642 123
685 123
697 120
652 122
680 122
658 119
601 116
630 121
655 119
644 120
658 118
659 118
652 117
644 118
610 117
596 114
604 117
634 116
614 119
612 117
604 118
577 116
575 117
602 117
580 117
582 116
573 117
572 117
555 118
541 119
532 120
518 121
516 123
515 125
513 126
513 128
515 130
515 131
514 133
514 134
514 135
514 141
513 142
513 145
514 146
513 146
513 149
515 150
514 154
513 155
514 157
514 159
512 159
515 163
515 166
512 168
513 170
513 173
513 175
514 177
514 179
514 183
513 184
514 188
513 190
515 195
513 196
513 201
513 204
513 206
514 211
514 215
514 219
514 223
514 227
513 233
513 237
514 239
514 243
514 246
513 251
512 255
512 258
512 262
512 266
513 270
514 273
514 279
514 283
513 288
514 292
513 295
514 300
513 304
514 307
514 314
513 317
513 322
514 344
514 347
514 350
513 351
515 354
513 357
514 363
513 366
513 372
514 377
513 382
513 384
514 388
514 390
514 395
513 402
513 409
513 415
514 419
512 426
514 430
513 434
513 441
513 446
513 450
513 454
514 456
513 460
514 465
513 469
512 473
512 476
512 479
513 483
514 487
514 491
513 496
514 500
512 506
513 512
514 517
512 523
514 528
513 532
513 540
514 543
514 547
513 551
513 555
515 561
513 563
513 568
513 571
513 574
513 578
513 582
513 587
513 610
513 614
513 619
513 623
512 627
514 631
510 636
513 641
514 646
513 651
513 655
512 660
512 664
508 670
514 675
513 677
513 683
513 686
513 690
513 694
514 698
513 701
514 702
513 708
514 712
513 715
512 720
514 724
513 728
514 731
510 737
515 739
514 743
513 746
513 750
512 754
513 757
513 761
513 763
513 768
514 772
511 776
510 779
507 783
417 783
225 785
185 788
224 792
229 795
85 796
53 798
57 803
83 807
102 810
132 814
119 816
90 820
101 824
160 836
175 840
164 841
161 844
142 845
187 847
202 850
146 856
146 851
126 859
150 862
159 864
124 867
172 870
183 873
148 875
171 877
222 880
225 882
230 883
258 885
279 887
270 887
304 890
317 891
270 893
290 893
303 895
263 895
302 895
347 899
322 900
288 899
305 902
303 903
312 904
320 905
324 906
338 907
339 907
319 910
315 912
320 907
341 912
367 913
356 912
352 925
346 925
343 917
342 916
423 918
398 918
348 918
369 919
397 918
386 919
399 920
424 920
421 919
441 921
440 921
415 921
442 920
448 920
424 920
456 920
471 919
447 919
476 919
472 918
481 918
497 917
507 917
510 915
513 913
512 909
512 909
512 906
512 905
513 903
513 902
512 901
514 899
514 899
512 896
512 898
513 897
513 894
513 893
513 889
513 890
513 887
512 885
513 882
513 881
514 878
513 876
514 874
513 872
513 869
513 867
513 864
513 862
514 860
513 857
512 855
513 852
513 849
513 846
513 843
513 840
514 837
513 830
513 816
513 812
513 809
512 805
514 803
513 799
513 791
522 794
515 785
517 782
515 778
514 774
513 770
513 767
513 763
513 760
513 757
513 753
513 745
513 744
513 740
513 736
513 732
513 727
512 722
513 719
513 715
513 710
513 705
513 700
513 695
513 690
513 686
512 682
513 678
513 675
513 673
513 668
513 664
513 659
513 654
512 651
513 645
513 642
513 636
513 631
514 625
513 619
522 611
515 609
511 604
513 597
512 593
514 588
512 585
513 581
513 577
513 559
513 556
513 553
514 549
514 546
514 542
513 537
514 532
516 528
514 521
514 516
513 511
513 506
514 501
512 495
513 491
513 487
513 482
514 478
513 474
514 470
513 467
513 464
512 460
513 456
513 451
513 446
514 442
513 435
513 432
513 428
513 422
512 418
513 413
513 408
514 403
513 398
512 392
512 388
514 384
513 378
513 372
513 369
512 365
513 359
513 357
514 351
515 347
513 344
513 339
514 336
513 333
515 329
514 325
513 321
513 319
513 313
514 295
513 292
513 289
513 286
513 284
512 281
512 277
513 273
513 269
513 265
514 260
518 257
522 254
597 253
640 250
790 252
890 247
843 243
841 239
983 240
985 236
1004 230
1020 228
954 225
936 222
945 218
942 215
909 212
883 208
881 205
879 204
890 201
871 198
842 196
850 192
863 189
844 186
859 184
896 181
904 179
895 176
862 173
862 171
892 169
859 165
839 163
864 161
821 158
771 156
775 156
769 153
784 151
788 150
745 151
745 148
757 146
725 144
720 136
690 136
716 134
720 131
694 132
707 131
666 130
678 131
719 128
699 127
681 126
674 125
674 126
691 124
671 124
653 122
644 123
671 120
652 122
636 121
674 119
665 119
647 118
637 118
605 118
610 119
616 117
611 117
615 117
632 118
615 116
609 117
612 119
597 116
571 116
595 117
603 117
555 115
578 117
580 117
543 118
563 118
550 119
530 121
523 123
515 124
515 125
513 129
514 131
513 132
512 134
513 135
514 135
513 136
514 136
514 140
514 139
513 150
517 151
514 152
513 156
511 158
513 160
514 161
513 165
513 167
513 169
513 171
514 174
514 176
513 178
514 182
512 183
514 186
513 189
514 192
508 195
513 198
513 202
512 207
514 211
514 215
513 219
514 223
513 228
514 230
513 234
513 237
513 242
513 246
514 250
513 253
513 256
513 259
514 264
514 270
514 274
513 279
513 282
514 288
513 287
514 296
513 300
513 303
512 307
513 311
513 315
514 318
514 323
513 326
513 330
514 336
515 340
514 344
513 368
514 370
513 371
513 372
513 376
514 381
513 386
513 392
513 397
513 400
514 406
516 411
513 417
513 423
514 428
513 433
514 437
513 443
512 448
513 454
513 457
514 460
513 464
513 466
513 469
514 472
514 478
514 482
513 486
514 489
513 494
513 499
513 504
513 510
513 514
512 520
512 525
513 531
513 534
513 541
514 545
514 550
513 553
513 557
514 559
515 565
514 569
513 574
514 579
513 582
513 585
513 590
513 595
514 600
512 604
512 609
514 633
513 637
514 642
513 646
512 649
514 654
514 657
513 662
514 667
513 673
513 676
512 681
513 685
513 688
512 693
512 697
513 699
513 703
513 707
514 711
513 714
514 718
513 722
514 726
514 730
513 731
515 739
518 740
513 744
513 748
513 752
513 756
513 759
513 764
514 768
513 771
513 774
512 777
510 781
502 783
305 782
207 787
182 789
216 795
174 791
70 798
96 801
83 805
62 809
89 812
96 816
67 818
96 821
107 825
134 828
150 831
154 834
145 836
154 862
127 861
135 864
128 867
179 869
185 872
177 875
173 877
214 878
212 881
184 883
293 885
309 886
261 887
270 889
257 890
232 891
297 893
334 894
319 896
289 897
304 897
271 899
315 900
355 902
316 903
242 903
310 905
299 906
323 907
370 909
333 909
339 910
347 911
347 911
369 912
362 913
351 910
349 913
341 915
351 916
376 916
390 918
378 918
375 919
385 919
362 919
377 919
407 919
396 920
433 920
434 920
413 920
432 920
431 920
429 921
439 921
435 919
467 920
445 918
488 916
492 916
510 915
507 913
511 911
513 910
511 906
513 904
512 903
512 902
512 901
512 900
512 899
513 898
514 898
511 898
515 895
513 892
513 891
513 890
513 887
513 887
513 884
512 882
513 879
515 877
513 875
514 873
512 872
514 868
514 866
514 865
514 862
512 859
514 856
513 854
513 851
514 848
513 844
513 841
513 838
513 835
514 831
513 829
512 824
513 820
514 816
513 813
513 808
514 805
514 800
513 795
512 792
515 787
513 757
513 754
513 751
511 743
512 741
513 738
513 732
512 728
513 723
514 718
513 714
513 709
513 706
513 702
513 697
513 693
512 687
514 685
513 682
513 678
513 673
513 669
513 664
513 659
513 655
514 650
513 651
512 642
513 638
513 632
513 627
512 620
513 619
514 619
512 606
512 599
513 595
513 590
512 585
513 581
512 578
513 573
514 570
513 567
514 564
513 561
513 557
513 553
513 550
514 545
514 538
514 534
514 528
512 524
513 519
514 514
513 509
513 485
514 482
515 478
514 475
514 472
511 468
513 465
513 461
513 457
513 452
514 447
514 443
513 438
513 433
513 429
515 424
514 419
513 414
513 409
513 404
513 400
513 397
513 390
513 385
512 380
513 375
513 371
513 367
513 363
513 358
513 354
513 349
512 345
513 340
513 338
513 334
513 331
513 327
514 323
513 319
513 314
513 312
513 308
513 304
514 300
513 297
513 293
512 289
513 285
514 282
514 278
513 275
513 271
514 266
516 263
515 259
519 255
900 246
880 243
834 240
878 239
971 238
963 234
1000 229
1001 226
927 223
940 220
961 216
895 214
904 210
902 207
866 204
876 202
868 199
870 196
873 193
865 191
854 189
863 185
872 183
871 180
862 177
880 174
899 173
887 169
840 166
832 165
837 162
847 159
799 157
818 155
803 155
744 151
731 150
781 149
780 148
740 147
719 142
702 144
714 143
729 142
731 142
730 139
743 137
708 136
690 133
722 134
726 132
693 132
709 131
661 130
690 128
717 128
688 123
631 122
660 121
669 124
691 120
650 120
630 119
631 120
657 119
636 118
623 118
641 118
638 118
650 118
624 118
578 117
595 117
630 116
580 116
606 116
589 117
596 114
615 117
611 116
592 118
588 117
588 117
568 118
551 119
558 118
550 120
520 121
519 123
517 124
514 126
515 129
513 132
514 133
514 135
514 135
514 137
514 137
517 139
513 139
514 141
515 143
515 144
514 145
514 147
513 149
516 150
513 152
513 156
513 157
515 160
513 161
512 164
514 174
515 175
516 178
514 181
513 183
509 188
513 188
513 192
513 194
515 199
513 202
514 205
513 208
513 213
513 217
514 220
514 229
513 228
513 231
513 236
513 240
513 244
513 247
512 253
513 258
514 261
513 265
513 269
515 272
514 276
513 281
514 284
513 289
513 292
513 297
513 301
513 304
513 310
513 312
514 317
514 320
513 326
514 331
516 334
513 340
514 343
513 349
513 352
514 356
513 359
513 363
513 366
514 371
513 376
514 381
513 385
513 389
513 418
513 421
514 424
513 429
514 430
513 434
514 442
513 448
513 452
513 455
513 456
513 460
513 464
513 470
513 473
513 477
514 479
513 484
513 489
513 493
513 497
512 502
510 507
514 512
513 518
514 524
512 528
515 534
514 539
513 543
513 548
512 552
513 557
513 560
513 563
513 568
512 573
513 576
513 580
513 584
513 588
513 593
513 598
514 602
514 607
513 612
513 617
513 622
512 627
513 632
513 637
513 642
513 646
511 651
514 656
513 660
517 665
513 687
514 690
514 693
513 696
513 699
513 701
513 706
513 710
513 713
513 717
514 721
512 725
513 729
512 732
512 733
516 743
532 744
514 746
513 751
513 755
513 758
513 763
512 766
512 768
512 773
511 776
510 780
504 782
432 784
202 785
172 789
214 794
161 794
110 797
80 800
65 804
80 807
81 810
121 814
113 816
87 821
122 823
150 826
122 830
163 833
167 835
152 838
179 841
164 843
128 846
140 849
139 852
161 854
167 858
157 859
162 862
150 865
158 867
196 879
208 881
246 882
236 883
254 885
263 887
281 889
302 890
283 891
273 892
351 893
332 894
302 897
314 897
273 898
243 900
310 901
334 902
320 904
329 904
300 905
287 906
318 908
339 907
315 909
350 911
344 911
292 912
349 913
346 913
319 918
364 913
386 919
371 919
392 917
369 917
379 918
387 918
387 919
384 920
386 919
409 920
400 921
409 919
416 920
391 920
430 920
453 920
416 919
456 920
434 920
395 920
428 920
422 919
437 919
461 919
466 914
511 913
512 912
511 910
513 908
512 907
513 904
513 904
513 902
512 900
512 900
518 900
510 893
515 894
519 894
512 893
513 891
513 890
512 888
513 886
515 883
513 882
513 880
513 879
513 876
512 873
513 872
513 869
512 867
513 866
513 862
512 860
513 857
514 854
513 853
512 849
513 847
513 843
513 840
513 836
513 833
512 828
514 826
513 821
513 817
512 814
513 809
513 805
512 801
513 797
513 793
513 787
512 786
504 786
510 776
509 774
513 769
513 748
513 747
514 745
513 741
514 737
513 733
513 728
513 724
513 722
511 717
513 714
513 709
513 705
514 699
513 695
512 687
513 684
513 679
513 677
513 674
513 671
513 668
513 663
512 658
513 653
514 649
513 643
513 640
513 635
512 630
512 624
513 617
513 612
509 601
510 595
514 596
513 591
513 587
513 583
513 580
513 577
513 572
513 569
513 565
513 561
513 558
514 555
513 550
513 546
515 542
511 536
512 531
513 525
513 520
513 515
513 510
513 505
515 482
512 479
513 476
513 472
513 468
513 465
513 462
513 458
513 454
513 450
512 445
514 439
513 435
513 431
513 426
513 421
514 415
514 410
514 405
514 400
513 395
510 391
513 387
513 382
513 379
513 373
513 369
514 365
513 359
513 355
513 351
515 346
513 342
513 339
513 335
513 332
516 328
513 323
510 320
513 317
514 311
513 309
513 305
513 302
513 296
513 294
513 290
514 286
513 283
513 279
514 276
513 272
513 268
513 264
516 261
518 257
519 255
529 242
848 239
938 239
1006 237
978 234
1010 231
1005 227
951 224
919 221
934 219
926 213
885 211
881 208
898 205
861 201
886 199
888 197
858 195
860 192
869 189
850 187
877 184
873 181
881 178
905 175
875 174
832 170
829 167
830 165
873 162
876 159
834 158
797 156
775 154
758 152
763 151
786 149
767 149
708 147
693 145
701 146
693 143
774 142
792 141
730 140
695 139
671 136
674 132
764 136
757 133
723 134
689 132
655 132
664 128
715 128
729 127
708 127
645 121
648 121
659 120
642 121
634 120
663 120
651 118
640 118
660 118
637 118
640 117
638 117
611 117
606 116
616 116
618 117
603 116
613 116
619 117
580 115
596 117
607 117
553 116
581 117
565 117
543 116
549 119
537 119
522 121
518 123
515 124
514 126
513 130
514 128
514 132
513 135
514 136
513 134
514 138
513 139
516 139
514 139
514 144
515 143
515 145
514 146
514 148
515 150
513 152
514 154
513 157
514 158
514 160
513 162
514 163
514 167
513 168
516 181
516 183
513 185
513 188
512 190
513 193
513 196
513 203
514 201
513 207
513 212
513 215
513 218
513 224
514 229
514 231
513 238
513 240
513 244
513 247
513 251
514 254
514 258
515 262
515 266
514 270
513 272
514 278
514 281
514 286
514 290
513 294
514 297
511 303
514 307
514 311
514 316
514 320
514 325
513 332
513 334
512 338
513 342
513 346
513 350
514 355
513 358
514 361
513 367
514 370
511 374
517 380
513 384
514 387
513 391
514 395
514 439
514 444
513 448
513 451
514 454
513 457
514 461
514 462
513 467
511 472
511 475
508 479
513 480
514 485
513 489
513 496
512 500
513 505
513 510
514 515
513 520
514 527
513 533
512 538
514 541
513 546
513 550
513 555
513 560
508 563
511 566
513 571
513 575
513 577
516 583
513 586
513 591
512 597
512 601
514 605
513 610
513 615
513 620
513 626
516 630
513 635
513 640
513 644
515 650
514 655
513 659
513 663
510 668
513 672
513 677
515 680
513 684
513 720
513 723
513 727
513 732
513 736
514 739
523 745
512 746
513 751
513 753
513 758
514 761
513 765
512 768
512 771
512 774
510 780
513 782
456 783
319 782
206 787
158 790
183 796
87 795
57 798
73 802
82 806
114 809
120 813
105 816
77 819
93 824
141 826
143 829
125 831
138 835
176 838
151 840
166 842
167 847
148 848
171 851
170 853
152 855
167 867
171 837
146 864
161 867
145 870
168 872
172 874
161 877
193 879
232 881
218 883
251 885
275 887
273 888
401 919
425 920
407 920
444 921
467 919
434 920
465 919
478 919
465 917
497 916
509 915
510 914
511 911
512 908
512 908
514 904
512 904
512 902
512 902
513 900
512 899
509 896
512 895
514 896
517 891
509 891
513 891
512 889
512 887
513 885
513 883
513 881
513 879
513 876
513 874
512 873
513 871
512 868
513 867
512 863
508 861
513 859
513 855
514 852
513 850
514 848
515 843
513 840
513 837
513 834
513 830
514 826
511 824
513 824
513 817
514 811
513 808
513 788
513 789
512 784
511 783
515 774
511 774
515 767
513 762
513 758
513 753
513 749
513 746
512 742
513 738
512 734
513 730
513 726
512 723
513 719
513 715
513 711
513 706
513 701
513 696
513 692
513 688
513 682
513 679
513 678
513 674
517 670
512 664
513 660
513 655
514 652
517 647
513 642
512 637
513 630
513 625
515 619
513 614
513 607
516 605
510 599
513 593
513 588
513 584
512 581
517 578
513 574
513 571
513 565
513 562
513 559
513 556
512 552
513 529
513 524
513 521
513 517
513 512
512 507
513 501
513 497
514 493
513 487
514 484
514 479
514 476
513 472
513 468
513 464
513 460
513 456
515 451
512 447
513 442
514 438
513 433
514 428
513 424
514 418
513 413
514 407
513 402
516 397
513 393
513 388
513 383
513 379
513 375
514 371
513 366
513 362
514 357
512 353
513 348
513 345
513 341
513 335
512 332
513 331
513 327
513 322
513 318
513 314
513 310
514 307
513 303
513 299
513 295
514 291
514 287
512 271
513 268
516 265
515 261
515 259
517 255
