511 566
513 563
512 560
514 556
513 553
514 550
513 546
513 542
513 538
515 532
513 526
514 521
514 514
514 510
512 504
513 500
513 496
514 491
513 487
513 481
515 477
513 475
513 471
513 466
514 464
514 458
514 452
515 449
513 445
512 441
512 435
514 431
513 426
512 422
513 414
513 411
513 407
513 402
513 397
513 392
513 387
513 383
513 379
513 374
513 369
513 364
513 359
513 356
513 350
513 347
514 343
513 339
513 335
513 333
514 328
514 325
513 321
513 405
512 413
513 418
514 422
514 426
514 429
513 438
515 444
513 450
512 452
514 455
513 460
515 464
513 467
512 471
514 474
513 476
513 480
512 486
514 490
512 495
512 499
514 503
513 508
513 512
512 521
513 526
513 531
514 534
514 539
513 546
514 548
512 554
513 558
523 567
513 565
515 569
509 574
512 577
513 581
513 586
513 591
513 595
512 600
512 604
511 609
514 615
514 619
513 624
513 629
513 635
513 640
512 645
512 649
513 654
515 658
512 663
513 307
513 304
513 302
513 299
513 295
513 292
513 288
513 285
513 281
513 278
514 274
512 267
514 266
513 263
513 259
514 256
523 253
633 252
750 250
754 246
772 243
777 239
759 236
966 237
983 233
964 230
986 225
939 222
918 219
949 216
932 212
912 210
916 205
888 203
861 201
872 198
867 196
851 193
875 191
886 187
874 185
839 182
832 179
893 175
912 174
867 171
859 169
866 165
848 163
834 160
861 157
838 156
788 154
780 153
781 151
757 148
733 148
658 117
620 117
615 117
629 111
621 115
593 115
594 115
598 115
602 116
613 116
626 116
584 116
593 114
597 116
558 113
565 118
587 115
557 118
551 117
541 117
521 122
513 122
516 126
513 125
514 129
514 131
515 131
513 133
514 135
514 134
513 137
514 137
513 138
514 139
513 140
513 143
514 145
514 147
514 149
514 150
514 152
512 155
513 157
513 161
514 161
514 162
514 165
514 166
515 169
512 172
513 174
513 177
513 179
513 182
514 185
513 188
512 190
514 206
515 211
513 213
512 216
513 219
513 223
514 227
513 232
513 236
513 241
513 245
513 248
513 253
514 257
513 261
514 265
514 270
513 273
513 275
514 279
513 283
514 287
513 291
515 296
512 299
514 303
513 307
514 312
514 316
514 323
512 327
513 330
513 335
514 338
513 343
514 348
513 351
514 356
513 358
513 363
511 369
506 372
514 375
513 378
513 384
512 389
513 395
513 400
512 404
513 408
513 413
513 418
515 425
514 430
514 437
512 442
514 467
513 469
512 472
513 476
513 480
513 485
512 488
514 493
515 496
514 501
513 506
515 512
512 519
511 524
513 528
510 533
514 539
513 543
513 549
513 552
513 556
513 561
511 567
513 566
513 573
518 576
513 578
514 583
514 588
513 593
514 598
514 603
513 607
512 610
515 618
513 622
513 628
513 632
512 639
512 642
512 648
513 652
513 654
512 662
513 665
514 670
514 674
513 679
514 683
514 687
511 691
513 693
514 697
513 701
512 705
514 708
513 712
513 731
513 735
513 738
512 742
515 745
513 747
514 751
513 755
513 759
514 762
513 765
514 768
513 772
514 776
513 779
496 783
365 785
309 787
260 790
255 794
280 796
143 797
67 801
57 803
66 808
101 811
99 813
113 817
98 820
99 823
118 826
115 830
127 833
166 836
141 838
112 841
141 843
136 846
155 849
189 852
183 852
159 858
151 860
114 864
122 866
147 868
163 873
198 874
211 876
172 879
196 881
201 882
234 885
284 887
281 888
247 889
303 891
275 892
351 898
331 899
322 900
288 901
292 902
320 904
309 905
299 905
348 907
302 909
318 910
370 910
361 911
361 912
363 912
357 913
343 915
345 916
357 915
382 916
378 916
366 922
412 918
400 918
361 919
380 920
386 920
358 920
384 920
391 920
392 922
431 921
429 921
403 921
397 922
409 921
400 922
419 921
432 922
424 921
429 921
439 921
445 920
455 921
471 920
481 919
489 918
507 916
513 914
511 912
510 910
513 908
512 908
511 905
513 904
512 903
512 902
506 889
515 890
513 889
513 888
513 886
512 883
513 881
512 879
512 877
513 875
513 872
513 870
513 868
513 866
512 864
513 860
513 858
513 856
513 852
513 850
513 846
513 844
514 840
514 836
512 832
513 829
512 825
513 823
513 819
514 815
513 812
512 808
514 805
513 800
512 795
512 793
513 788
512 783
512 780
516 774
511 769
513 762
514 761
513 758
513 754
513 752
513 748
513 744
512 740
513 736
513 732
513 727
512 722
512 718
513 714
512 708
513 704
513 668
513 665
513 662
512 658
513 654
513 650
513 645
514 640
514 634
513 626
514 622
513 617
513 614
513 608
514 602
515 595
513 591
513 586
512 584
512 576
513 577
513 572
513 566
513 565
512 563
513 557
513 553
513 549
514 544
515 540
512 537
513 530
513 526
513 520
514 514
515 509
513 504
512 500
513 494
514 490
514 485
512 481
513 477
513 474
513 470
514 465
514 459
513 457
514 453
514 450
513 444
514 436
513 435
513 430
513 426
513 420
514 413
785 239
773 239
920 237
982 235
980 231
993 228
926 224
896 220
932 217
926 216
925 211
928 208
886 203
858 202
849 199
877 197
876 194
868 191
882 189
879 185
852 183
863 181
866 177
877 175
867 172
854 169
865 166
873 163
847 162
830 160
831 157
795 155
793 153
829 152
814 150
790 149
712 147
678 146
738 144
743 143
733 142
763 142
740 139
703 139
731 137
781 137
738 134
744 134
719 132
685 131
706 130
720 129
671 127
674 127
696 126
686 125
688 122
695 120
694 120
692 119
652 119
660 118
652 118
654 120
650 118
643 117
638 117
602 117
614 116
606 116
590 116
641 115
629 114
617 115
621 116
599 115
574 116
567 115
565 116
553 115
574 117
579 115
558 118
560 118
543 118
520 120
515 121
515 124
514 125
514 128
515 130
514 132
512 132
513 132
514 135
515 137
514 137
513 138
513 141
514 141
513 143
514 145
513 147
513 148
514 150
513 152
513 153
514 156
514 158
514 160
513 162
514 164
513 166
514 178
513 180
513 183
514 185
513 186
513 189
513 193
514 196
514 199
513 203
513 206
513 211
513 215
514 219
513 222
514 226
513 230
513 233
514 239
514 243
514 247
513 251
513 253
513 258
514 263
513 267
512 272
514 276
513 281
513 285
513 288
513 292
513 297
514 299
514 303
513 307
513 312
514 315
514 319
512 323
513 328
514 332
513 337
514 339
513 344
512 348
513 354
513 357
514 363
512 367
513 371
518 375
513 378
513 381
513 386
513 392
512 397
512 423
513 428
514 432
514 436
510 440
513 444
513 449
513 454
513 458
511 462
513 465
515 467
513 471
513 475
513 479
514 482
513 486
514 491
513 495
514 500
514 506
514 509
514 516
514 521
512 527
512 532
514 537
514 541
514 544
514 551
513 557
513 559
513 562
513 565
513 569
514 574
514 578
513 582
513 587
514 592
516 595
513 600
513 605
514 610
513 616
513 621
513 625
514 630
514 635
512 641
513 645
513 651
512 655
512 659
513 664
514 669
514 673
513 694
513 696
513 698
514 701
513 705
513 708
513 711
513 715
513 720
512 722
513 728
513 731
513 735
513 739
513 742
526 745
515 760
514 753
513 756
514 760
513 765
512 767
513 771
513 775
514 778
509 782
464 784
342 786
261 789
270 792
266 795
167 793
102 800
66 802
72 804
72 809
93 814
121 817
81 819
93 823
121 826
103 829
98 832
167 834
142 837
154 840
160 843
145 846
179 848
185 851
165 853
171 856
160 860
110 862
106 865
148 867
181 870
185 871
218 883
232 886
232 886
249 886
221 888
279 890
300 891
273 893
311 894
316 894
309 897
313 899
329 898
321 900
323 902
328 903
274 903
259 905
316 907
356 907
335 909
356 910
337 910
289 912
312 912
337 913
326 913
336 915
339 915
344 916
349 916
361 917
392 918
358 918
358 917
394 921
391 919
374 921
377 920
389 920
404 921
427 921
420 921
412 921
400 922
409 921
405 921
421 921
421 921
414 921
421 921
447 921
452 919
449 920
474 920
483 919
477 919
512 910
512 909
512 907
512 906
513 903
513 902
512 903
513 901
512 900
513 899
513 897
513 897
513 896
511 891
511 894
514 894
513 888
512 886
512 884
514 882
513 879
514 877
513 875
513 873
513 870
512 869
513 867
515 864
513 862
513 859
512 854
511 853
512 851
514 848
513 844
514 842
513 839
513 834
514 830
512 826
513 823
513 820
512 817
513 812
513 808
513 805
513 800
513 795
513 792
513 789
512 784
513 780
515 778
510 775
510 766
511 768
513 760
513 742
513 739
514 735
513 731
513 727
513 723
513 719
513 715
513 711
513 706
513 702
513 697
513 693
513 688
513 684
513 681
512 677
513 672
513 668
513 664
513 660
513 655
513 651
513 647
512 643
513 637
513 632
513 624
514 619
514 613
514 610
513 604
512 599
512 594
510 586
514 586
512 577
513 575
514 573
513 570
514 565
514 562
513 560
513 556
513 552
513 547
513 542
513 539
513 534
513 528
514 522
514 518
514 510
513 507
513 502
513 497
513 475
513 472
513 470
513 466
512 462
513 460
513 456
514 452
512 446
513 441
514 437
513 432
514 427
513 422
513 419
520 413
502 407
514 402
514 397
513 393
513 388
513 384
513 377
513 374
512 370
513 366
513 361
513 357
513 352
513 348
513 344
514 340
513 336
513 334
514 329
513 326
514 322
513 317
513 314
513 310
514 305
514 303
514 299
513 295
513 291
514 286
513 284
514 280
513 278
513 274
513 268
513 265
513 261
513 259
516 255
526 254
632 251
782 239
972 237
964 235
1007 233
1000 228
969 225
964 222
927 218
910 215
903 212
914 209
898 206
878 203
870 200
897 198
885 196
862 192
859 190
847 187
861 183
871 182
871 179
881 176
897 173
882 171
879 168
873 166
843 163
830 161
851 158
815 156
826 154
790 152
751 151
754 150
751 148
716 147
752 145
729 146
745 143
743 141
702 139
727 138
726 137
701 136
713 135
728 134
706 132
688 132
676 131
682 130
690 128
694 128
726 126
722 126
667 125
656 123
669 120
686 119
660 117
628 119
646 118
643 117
665 117
653 117
621 117
618 116
613 116
589 114
591 116
580 115
568 115
619 116
620 116
598 116
596 115
594 116
584 115
618 116
593 115
561 117
580 118
561 118
527 118
519 122
518 122
514 125
513 128
515 131
514 130
514 132
514 132
513 135
514 136
513 137
514 138
513 140
515 140
515 143
512 142
514 146
513 149
514 148
514 152
512 153
513 155
514 158
514 159
514 162
513 163
514 166
513 168
514 171
513 172
514 185
513 187
514 189
514 190
514 195
513 199
513 202
511 205
513 210
514 212
513 215
514 220
513 224
514 228
512 233
514 238
515 240
513 244
513 248
513 252
513 255
513 259
512 264
513 267
514 274
513 277
513 281
513 285
513 288
513 292
513 297
513 301
513 306
514 311
513 315
513 319
513 324
514 327
512 330
513 334
513 339
514 342
513 348
513 352
513 356
514 362
513 366
512 370
514 373
515 375
514 379
513 383
514 389
513 395
513 400
513 406
513 411
513 437
513 441
513 444
513 448
511 452
513 455
513 459
513 462
514 465
513 469
514 473
510 478
513 482
513 486
513 489
514 493
513 497
513 503
514 509
513 513
512 519
513 525
514 530
513 535
513 539
514 544
513 547
512 553
512 557
513 562
512 564
515 573
514 572
513 577
513 580
513 584
514 589
514 593
513 598
513 603
513 608
513 613
513 619
514 623
513 628
513 633
512 638
513 643
513 649
513 653
513 657
512 663
513 666
513 670
513 675
513 679
512 684
512 703
514 703
513 706
513 709
513 714
514 718
512 721
513 726
513 729
514 733
513 737
514 741
514 744
514 748
511 753
514 755
513 758
513 762
513 767
514 770
513 774
514 777
512 781
508 783
397 784
301 786
270 792
246 794
224 796
92 797
86 800
112 804
97 808
99 812
97 815
70 818
87 822
132 823
123 828
124 831
164 832
149 836
158 839
155 840
147 844
147 847
172 849
151 852
135 855
153 858
171 861
157 864
123 865
142 869
171 872
163 877
169 877
216 890
256 890
262 891
265 893
299 896
276 895
316 895
323 897
354 899
294 901
252 901
286 903
272 904
291 904
391 906
361 908
293 910
326 909
296 909
321 911
366 911
349 913
337 914
348 915
320 915
394 916
395 916
350 916
359 918
379 918
372 915
377 923
396 922
407 920
418 921
387 920
388 921
397 921
410 921
404 922
413 921
435 921
432 921
444 921
434 922
435 922
418 921
441 921
453 921
442 921
477 920
488 919
466 919
502 917
508 916
508 915
514 912
512 900
513 899
512 899
513 898
512 896
512 895
513 895
513 890
513 888
512 887
512 887
513 885
513 883
514 881
513 877
513 877
513 874
513 873
513 870
512 867
513 865
513 863
513 860
513 859
513 855
513 851
514 849
513 846
515 844
513 839
514 836
511 833
513 830
514 827
513 823
513 818
513 814
513 810
514 806
513 802
513 796
513 793
513 790
512 785
512 781
513 776
515 772
512 768
513 766
511 772
513 758
513 755
513 748
512 747
513 740
512 737
513 734
513 700
513 697
513 694
513 689
513 687
513 681
511 676
512 673
513 668
514 664
513 662
511 659
513 655
513 650
513 645
514 638
512 633
514 628
511 624
513 619
513 613
513 606
514 601
511 596
515 589
514 587
513 582
510 578
516 575
512 573
513 570
513 565
514 561
513 557
514 556
513 550
514 545
514 539
513 534
513 529
513 525
514 519
513 515
514 507
513 503
513 498
513 495
513 490
513 485
513 480
514 478
513 473
512 470
513 466
513 461
513 456
513 452
513 432
513 423
513 423
514 419
514 414
512 409
518 406
513 399
514 394
512 389
514 385
514 380
514 376
513 372
514 369
513 363
513 359
512 354
513 349
513 346
513 342
512 338
513 334
513 332
513 327
512 324
513 319
513 316
514 311
513 308
514 304
514 301
513 297
513 293
513 289
513 286
513 281
513 279
513 275
512 272
514 267
514 263
513 263
514 256
520 254
601 254
699 252
779 248
783 244
817 242
833 237
958 237
961 232
950 229
954 226
949 223
955 220
894 205
869 204
877 201
863 198
862 196
845 194
860 191
867 188
876 185
884 180
866 181
855 177
877 174
882 172
878 168
879 166
859 163
861 161
862 159
793 157
782 155
761 153
783 152
767 150
745 149
742 148
751 146
695 145
737 143
753 142
711 140
724 140
748 138
705 137
738 136
753 135
737 133
718 131
699 131
710 129
707 128
700 128
723 126
690 126
630 124
659 125
673 123
669 123
707 122
705 121
647 120
653 120
634 119
639 118
661 118
651 118
669 117
616 116
615 116
629 115
609 116
573 115
611 116
615 115
574 115
600 116
585 116
554 116
581 116
591 117
568 119
570 117
564 118
537 120
522 120
520 122
515 124
515 128
514 126
513 128
514 130
514 133
514 134
513 135
513 136
515 136
514 138
514 140
514 141
514 142
513 144
512 147
514 148
515 150
514 152
514 153
513 157
514 159
514 160
514 163
514 166
513 167
514 169
513 171
512 174
514 176
513 179
513 181
514 185
513 188
514 191
512 194
513 197
514 201
514 218
514 222
513 225
514 228
511 231
513 234
514 238
513 242
512 246
512 250
513 254
513 257
513 262
514 266
514 270
514 275
514 279
514 285
511 287
514 293
513 295
514 298
513 301
513 306
514 309
514 314
512 318
513 323
513 327
513 334
513 341
513 346
513 349
512 352
515 356
514 357
513 363
513 366
512 371
515 377
512 381
513 384
514 387
515 391
513 395
513 404
513 411
511 416
512 421
513 423
514 427
511 433
513 441
514 447
512 450
512 453
513 457
513 476
514 477
513 480
513 482
513 488
514 493
510 498
513 501
513 504
514 511
514 515
511 522
513 528
513 533
513 539
513 543
513 547
513 552
514 556
513 561
513 563
513 568
513 569
512 575
513 579
514 583
512 588
513 592
514 597
513 602
513 605
514 611
514 615
513 621
513 626
514 631
513 636
513 641
513 647
513 650
513 655
513 660
512 665
513 667
513 674
513 679
513 683
513 687
513 691
512 693
513 698
513 701
513 704
513 708
513 712
511 716
512 736
514 738
513 742
514 743
513 747
513 752
514 756
513 755
513 763
513 765
513 770
513 772
513 776
513 780
510 783
443 783
323 786
290 788
253 792
223 796
128 796
73 800
69 804
82 807
81 810
118 813
99 816
77 820
127 823
131 826
106 829
129 833
151 834
152 838
199 840
157 843
134 845
151 849
165 851
143 853
143 857
160 859
175 862
157 867
132 868
142 870
147 877
176 874
214 876
224 880
227 883
221 884
213 886
222 887
252 889
302 891
303 892
290 893
304 899
285 900
340 901
343 902
318 903
298 904
329 905
314 908
289 907
320 907
295 909
301 910
344 911
358 912
369 912
338 916
318 914
320 915
362 917
347 916
353 920
382 918
381 919
390 913
377 915
379 913
386 921
397 921
399 921
409 922
405 921
397 921
387 921
402 921
426 921
410 921
439 923
448 921
415 920
448 921
464 923
432 921
476 921
487 920
461 920
495 919
506 917
511 915
511 914
511 911
512 910
512 907
513 905
513 904
512 902
513 902
513 900
513 894
513 892
518 893
515 890
512 892
514 886
513 885
513 885
514 881
513 880
510 877
512 875
514 874
513 872
513 869
512 866
512 863
513 862
513 860
513 856
512 853
512 851
513 848
512 845
512 842
511 839
513 835
513 831
514 827
512 823
512 819
513 816
513 812
513 807
513 801
512 798
513 793
513 789
513 787
513 784
513 779
513 768
512 769
513 765
513 759
513 758
512 753
513 752
513 746
513 742
510 739
513 734
513 731
513 727
514 722
513 718
513 713
511 692
512 690
512 687
514 683
513 678
513 675
513 673
515 668
512 664
513 660
513 655
513 650
514 645
514 641
513 637
513 631
513 625
511 619
515 612
514 607
514 602
513 599
504 594
509 588
512 584
514 580
507 580
510 574
512 571
513 566
513 561
513 558
513 555
512 551
512 547
513 542
513 537
514 531
513 527
512 522
513 517
514 510
509 505
514 500
514 496
513 492
513 488
513 483
512 477
513 472
514 471
513 467
513 464
512 459
513 455
513 451
513 446
514 420
514 416
513 411
514 406
510 402
514 396
512 391
514 386
514 382
513 378
513 374
513 370
513 367
513 360
513 356
513 352
513 348
513 344
513 340
512 336
513 332
513 329
513 325
513 321
514 318
513 313
513 310
513 307
513 302
513 298
513 293
513 290
513 287
513 283
513 280
513 276
513 273
513 269
513 265
513 262
513 258
518 254
576 254
640 252
759 249
769 246
790 242
835 239
908 238
987 235
992 230
966 229
934 224
904 221
924 218
924 214
919 208
879 198
854 196
853 193
857 193
902 190
865 187
871 185
866 181
850 179
900 176
881 173
877 170
906 167
867 165
820 163
833 161
834 158
808 156
779 154
760 150
795 151
778 149
742 148
745 146
727 145
690 143
720 142
720 140
723 139
733 139
737 137
717 136
719 135
704 133
688 132
677 132
713 131
737 130
680 129
675 128
689 127
666 126
695 125
716 124
668 125
666 123
686 122
657 121
686 121
686 120
642 121
618 119
634 118
652 117
648 117
615 116
619 247
782 243
787 241
782 238
897 238
996 236
1017 232
985 229
957 225
896 222
890 219
932 216
921 212
939 209
938 209
890 204
877 201
854 198
819 196
835 195
910 191
900 190
875 185
863 182
864 180
885 176
888 174
866 171
894 168
903 166
852 164
842 161
819 159
789 158
778 156
773 153
798 151
818 150
785 149
718 147
715 145
716 145
754 143
757 141
752 140
723 138
704 138
709 136
695 135
702 133
716 134
667 132
662 131
729 130
687 129
680 127
699 128
642 115
586 115
611 115
603 116
560 117
560 116
560 116
576 115
563 117
541 119
549 118
531 118
510 121
516 123
515 125
515 127
514 129
516 129
514 132
513 132
515 135
515 136
513 136
513 138
514 139
515 141
514 141
514 143
514 145
513 147
513 148
513 150
515 152
513 157
513 156
513 159
513 161
513 162
514 165
514 167
514 169
514 172
513 174
513 177
513 180
513 182
515 185
514 188
513 192
515 194
514 197
513 201
514 204
513 208
514 211
513 224
513 220
513 255
514 256
513 261
513 266
514 270
513 272
513 276
514 281
514 286
513 289
512 294
513 297
513 302
513 305
512 308
514 313
514 318
515 322
514 326
513 330
513 334
514 338
514 342
512 347
515 351
513 355
513 360
513 364
514 369
513 372
513 376
513 382
514 383
513 387
513 394
513 399
512 405
513 410
513 414
513 420
512 425
514 430
514 435
513 441
513 446
514 450
513 456
513 459
513 462
515 465
514 469
513 474
513 476
515 481
513 484
514 487
513 492
513 538
512 545
513 548
513 552
513 556
513 560
512 565
513 568
514 571
512 577
514 580
513 584
512 589
513 594
513 599
514 602
515 609
513 612
513 617
512 622
513 628
514 631
512 637
513 641
513 646
513 651
514 656
512 660
514 666
513 670
515 674
514 678
513 683
512 688
513 691
513 696
513 698
513 702
514 707
513 709
513 712
513 717
513 721
513 725
513 729
512 736
511 736
514 740
513 745
514 748
513 751
515 757
512 757
513 763
513 765
512 770
513 773
271 793
254 797
107 796
23 801
47 806
64 808
86 811
127 814
106 818
97 822
117 824
128 827
121 830
164 832
169 835
167 837
167 840
167 843
160 846
133 850
134 851
160 854
161 857
134 860
126 862
116 866
176 869
170 871
167 876
189 879
181 870
169 881
217 883
245 884
256 886
256 887
270 889
264 890
245 891
303 893
349 895
299 895
278 898
293 898
249 900
310 901
346 901
317 903
283 904
316 906
301 906
314 907
321 908
351 909
357 910
347 911
378 912
376 919
344 916
364 917
363 917
360 917
363 918
388 918
394 921
375 921
369 917
373 921
400 921
396 921
410 922
402 921
392 921
418 922
445 923
411 920
454 922
455 921
424 922
458 922
467 920
444 921
479 921
485 920
474 918
492 917
505 917
510 914
510 913
512 914
512 909
512 907
512 904
513 904
513 903
514 901
512 903
512 900
513 898
513 896
513 895
513 894
509 893
513 891
513 886
513 885
513 882
512 883
509 881
513 879
512 876
515 874
513 873
510 870
513 858
513 856
513 854
513 852
512 850
513 848
512 845
513 841
513 838
513 833
513 830
513 825
515 822
513 819
513 815
512 810
512 807
514 802
513 798
513 795
513 790
513 786
513 782
512 775
513 775
513 771
510 765
513 760
512 756
512 755
511 750
513 746
515 743
513 739
514 735
513 731
513 728
512 723
513 719
513 714
513 710
515 705
514 699
513 695
513 688
513 685
514 681
516 679
513 676
513 673
513 668
515 663
512 657
513 652
514 649
513 646
513 641
513 612
514 606
514 603
513 599
513 596
513 591
508 586
514 583
513 580
510 574
512 576
512 570
513 565
514 561
514 558
513 554
512 553
513 546
513 542
515 535
513 531
518 526
513 520
513 515
514 510
512 504
513 499
513 496
514 490
512 487
513 483
513 477
514 474
514 469
513 466
513 464
513 459
513 455
512 450
513 445
513 442
513 436
513 431
513 424
514 421
512 416
513 411
514 405
514 400
504 395
513 391
514 388
513 382
513 376
514 372
514 368
513 364
514 342
514 341
513 338
513 335
513 332
513 328
512 325
513 321
513 317
513 313
514 309
513 305
513 301
513 297
513 294
513 291
513 286
513 283
513 279
513 276
512 273
514 270
513 265
513 261
513 257
522 254
587 253
682 252
753 249
762 246
774 243
793 239
894 238
1004 235
997 230
997 227
951 224
895 220
940 217
967 214
923 210
925 208
909 204
857 202
880 199
862 197
834 196
866 192
895 189
852 188
864 184
870 181
889 178
915 174
875 174
847 170
851 167
821 156
791 154
798 153
772 151
789 152
787 150
789 147
753 145
700 145
695 143
706 143
738 141
781 140
761 138
712 137
702 135
667 135
698 132
747 132
719 131
727 128
719 130
642 129
703 127
735 126
673 126
683 125
689 123
647 123
713 123
708 122
660 121
649 121
645 122
645 119
624 119
634 118
659 117
643 117
621 117
628 116
626 116
623 118
625 115
613 115
618 115
611 115
614 115
614 115
598 116
597 116
596 115
571 118
580 116
580 116
548 115
541 116
514 126
514 127
515 129
514 130
514 132
514 133
515 135
513 136
515 135
515 137
514 139
515 139
514 141
514 141
513 145
515 145
513 147
513 149
513 152
516 153
514 156
514 159
512 160
514 162
514 164
514 169
513 169
513 171
515 173
514 178
513 182
514 182
514 184
515 186
514 189
513 194
513 196
515 200
513 202
514 207
513 210
514 214
515 226
514 222
513 226
512 233
514 236
513 238
513 244
512 246
514 250
513 253
513 257
513 263
514 266
513 270
513 275
513 293
514 295
513 300
513 304
514 306
514 312
515 316
514 320
514 324
514 329
513 333
513 337
514 341
514 347
514 349
513 355
513 358
513 361
514 365
514 369
516 372
513 378
514 383
512 388
512 393
513 398
514 401
514 405
513 412
514 417
514 424
512 431
514 436
514 438
513 444
514 449
514 453
513 458
513 461
514 463
514 465
514 472
513 474
512 480
514 483
513 486
515 490
514 494
513 500
513 506
513 510
513 515
514 520
514 526
512 532
512 538
513 559
516 561
514 563
515 566
513 570
513 574
513 579
513 582
513 586
513 592
513 596
513 600
514 605
513 610
513 615
513 620
514 625
514 630
514 636
515 641
513 644
513 649
513 654
514 658
515 663
513 668
513 672
513 676
513 681
513 685
514 690
513 692
513 696
513 700
514 704
516 707
512 712
513 715
513 720
511 723
514 727
514 731
514 735
513 738
515 743
513 746
514 749
513 753
512 754
514 762
512 765
513 770
513 772
513 775
513 778
512 781
461 784
395 796
82 798
37 802
85 803
68 806
77 810
110 813
132 816
112 820
99 822
94 826
113 829
135 832
182 833
171 837
140 839
146 843
163 845
142 848
148 851
167 853
158 856
171 860
154 862
125 864
146 868
167 870
158 872
182 875
204 878
184 876
218 882
234 883
215 886
229 887
216 889
270 890
295 891
268 892
309 894
331 896
275 896
262 897
308 899
292 899
297 901
332 903
314 904
306 905
314 906
317 907
306 907
343 909
369 910
341 912
345 913
341 913
287 913
390 918
382 920
351 918
361 918
379 919
380 919
395 920
396 913
379 919
395 921
401 921
381 921
411 921
421 921
403 921
446 922
443 922
416 921
447 923
446 920
421 922
462 921
467 921
448 921
481 921
485 920
489 920
503 917
511 917
513 914
512 912
508 909
511 907
512 907
513 903
513 903
513 902
513 900
513 900
513 899
512 897
509 897
512 895
513 893
513 891
513 891
513 891
511 884
516 886
513 881
512 879
510 878
513 875
514 874
512 871
513 866
512 867
513 854
514 851
514 850
512 848
515 845
513 843
512 839
514 835
513 833
513 828
514 824
513 820
512 816
513 813
514 808
514 805
513 799
514 795
513 791
513 787
510 784
513 779
510 775
513 771
512 764
511 765
509 760
513 754
512 751
512 749
513 745
513 741
513 736
513 732
513 727
513 723
513 717
513 712
513 708
513 704
513 700
513 696
512 692
513 689
513 685
513 682
513 677
513 672
513 668
513 665
514 661
513 657
513 651
514 646
514 641
514 636
512 633
513 598
513 594
512 590
513 582
513 580
514 574
512 570
501 575
519 568
513 563
513 558
514 554
514 551
513 546
513 544
513 538
513 533
513 528
514 523
515 517
513 513
513 508
513 501
513 498
513 492
512 486
512 484
514 479
514 475
513 471
513 467
513 462
514 459
513 454
513 451
512 447
513 443
513 438
513 433
513 428
512 423
513 419
513 414
514 408
514 402
517 393
510 392
513 388
514 384
513 379
514 374
513 369
513 365
514 361
513 357
513 352
515 348
513 330
514 327
514 325
513 322
513 320
513 315
513 311
513 307
513 303
513 297
513 296
514 292
513 289
513 284
513 280
513 277
513 274
514 269
513 266
513 263
513 259
516 255
543 253
636 251
731 250
751 246
768 243
793 240
791 238
971 237
990 233
964 229
962 226
914 223
911 218
963 216
962 212
921 210
895 205
889 204
865 200
885 197
860 196
850 193
870 190
867 187
856 185
891 182
884 180
884 176
873 174
877 171
861 168
839 166
882 163
886 160
813 158
759 145
730 145
692 143
735 143
756 141
788 139
740 139
700 137
719 137
710 135
690 134
739 133
723 132
697 131
708 129
671 129
678 126
713 127
703 125
665 126
715 125
693 123
671 122
674 122
654 121
650 120
636 120
642 119
675 119
664 118
636 118
640 117
630 117
625 116
631 116
626 117
622 116
624 117
626 115
620 115
603 115
597 115
590 115
564 116
596 116
608 116
566 116
591 116
586 117
537 118
549 118
539 119
513 121
509 124
515 125
514 128
516 139
514 140
513 141
514 142
514 144
514 144
515 146
513 148
512 149
512 152
514 155
514 157
514 159
513 161
513 165
513 165
514 167
514 170
514 173
512 175
514 178
514 180
512 182
513 184
513 188
513 192
513 195
514 196
513 201
513 204
515 209
513 213
513 217
513 202
513 225
514 230
513 231
513 237
514 240
514 243
513 250
513 252
513 256
514 260
513 264
513 268
512 271
513 275
513 279
512 283
513 288
514 290
513 296
513 300
514 304
514 307
513 314
514 516
515 521
515 525
513 529
513 535
514 540
514 544
511 550
513 552
514 557
513 560
514 564
513 569
513 573
513 577
511 583
513 585
513 590
514 595
512 600
511 604
514 608
514 613
513 618
513 623
513 628
513 633
513 638
513 644
514 647
513 651
513 656
513 661
514 665
513 671
513 674
513 678
514 684
514 688
514 691
513 695
512 699
512 703
513 707
513 710
513 714
514 718
513 721
513 725
513 730
514 734
513 737
514 740
513 745
512 749
513 752
513 756
517 773
513 776
514 778
513 781
508 783
412 784
351 786
294 790
233 794
231 796
68 798
36 801
74 804
100 809
113 811
118 814
124 818
120 821
93 826
77 827
117 830
133 833
154 836
178 839
142 841
160 844
180 847
132 849
154 853
176 854
141 858
152 861
149 863
138 866
168 869
161 871
157 877
178 877
183 885
181 854
235 883
231 884
237 886
254 888
281 889
282 890
321 892
313 893
301 894
311 896
276 896
262 899
316 898
312 901
275 902
304 904
301 904
302 906
295 910
317 911
291 912
340 911
351 913
323 914
340 916
368 916
342 916
358 916
375 915
349 919
391 918
406 919
389 920
