432 793
0 794
0 797
0 799
0 802
0 806
0 809
0 812
0 816
0 819
0 822
0 824
0 828
3 831
35 834
64 836
31 838
16 842
35 845
20 847
0 852
36 853
40 855
48 858
33 860
34 863
29 868
31 870
63 872
70 875
80 877
126 879
129 881
76 883
109 885
136 886
187 886
183 889
224 890
227 891
211 894
211 895
244 895
210 898
267 898
218 900
200 901
257 902
235 903
270 904
277 906
253 905
261 908
249 909
269 909
319 909
267 911
266 913
257 914
230 912
292 914
321 915
512 283
511 280
513 278
513 274
513 271
513 268
513 264
513 261
516 258
522 256
614 253
700 251
789 251
976 250
967 245
984 241
1023 240
1023 235
1023 234
1023 230
1023 227
1023 223
1023 220
1023 217
1023 213
1023 210
1023 207
997 204
965 201
1010 200
984 196
983 193
1008 190
1007 188
1014 185
984 183
957 180
1003 179
998 174
978 171
1021 168
1023 166
943 164
945 161
927 159
911 157
903 155
883 153
830 152
825 151
844 149
801 147
769 146
795 144
829 143
207 904
239 906
255 907
269 908
264 908
247 909
298 910
247 911
285 912
317 912
280 913
283 914
281 914
290 915
314 916
322 917
328 917
339 919
328 918
308 919
324 919
343 920
364 920
377 918
367 921
368 921
391 921
396 921
396 921
405 921
397 924
391 923
393 921
391 920
404 920
433 920
444 921
454 916
448 919
487 918
495 918
502 918
506 914
513 911
511 909
511 909
512 906
512 904
512 903
512 901
513 900
513 899
512 898
512 898
514 896
513 895
513 893
512 794
513 791
512 790
513 785
513 781
512 778
513 774
512 769
513 765
513 760
512 763
515 748
509 748
513 743
513 740
513 735
513 730
513 727
513 723
513 720
513 715
513 711
513 708
513 702
512 698
513 694
513 689
513 685
512 682
513 677
513 673
513 669
513 665
512 660
513 656
514 651
513 648
512 644
512 638
513 633
513 626
513 621
513 616
512 610
513 605
513 600
513 594
513 589
517 586
513 581
513 578
512 574
517 571
512 567
513 563
513 561
513 557
513 529
513 524
513 518
512 513
513 505
513 503
513 498
513 493
514 488
513 484
513 480
513 476
513 473
513 470
513 464
513 460
513 457
513 451
513 447
513 442
514 437
513 433
513 429
512 425
513 417
513 413
511 407
511 404
511 400
514 394
511 387
515 384
509 378
513 374
513 370
513 367
513 362
514 357
513 354
513 349
512 345
513 341
513 337
513 334
513 330
513 326
513 322
513 318
513 315
513 310
513 307
513 305
513 299
513 296
513 293
514 288
513 273
513 269
513 265
515 262
516 259
515 256
524 253
614 252
725 248
878 248
1019 249
1016 242
1016 239
1023 239
1023 235
1023 231
1023 228
1023 224
1023 221
1023 218
1023 214
1005 211
988 208
1023 204
986 202
973 201
997 198
986 194
1000 193
972 189
975 187
997 184
981 181
960 179
980 176
1023 173
1023 170
983 165
958 165
953 162
910 159
926 158
966 156
935 154
847 153
805 151
797 148
838 148
824 146
850 145
853 144
789 142
763 141
776 140
790 139
802 137
765 129
755 129
777 129
761 127
788 127
769 124
730 124
715 124
714 123
728 123
739 122
749 120
744 121
708 120
700 119
683 123
653 115
675 118
694 118
679 117
683 117
645 117
650 116
623 116
613 116
646 117
607 112
606 116
643 120
599 116
617 116
649 117
605 117
621 117
611 117
569 118
550 118
547 119
524 123
512 122
518 124
515 127
515 129
515 130
514 131
514 134
515 135
514 136
514 137
514 138
513 140
514 140
515 143
514 147
514 145
514 147
514 157
514 159
514 159
515 162
514 163
514 165
514 167
514 169
514 171
514 175
513 177
513 180
513 182
514 184
513 188
514 190
513 193
513 197
515 203
514 204
514 208
514 211
513 216
515 218
514 224
514 229
514 233
514 238
513 241
513 244
514 248
513 253
514 257
512 263
512 263
513 267
514 274
514 276
514 280
514 284
513 289
514 294
513 298
513 301
513 306
514 311
513 317
513 318
513 322
514 325
513 328
514 332
513 338
514 340
514 346
513 351
513 356
513 389
514 393
513 396
513 398
514 401
512 407
514 415
514 420
513 427
514 430
514 434
514 440
513 445
513 452
513 456
512 458
513 461
514 464
513 469
513 473
514 477
513 480
514 483
513 487
514 492
514 498
514 503
514 508
514 512
514 518
513 525
514 529
513 534
514 542
515 544
515 548
517 553
513 557
514 561
514 564
513 567
513 570
514 576
513 581
522 584
513 588
512 593
513 597
513 602
514 606
514 612
514 617
514 622
513 627
513 632
513 637
513 642
514 683
513 685
513 689
514 692
514 696
513 699
513 702
514 706
513 709
514 714
514 717
514 721
513 724
513 728
514 732
514 736
513 739
512 747
514 747
513 751
514 754
514 758
513 762
513 764
513 769
514 773
511 777
507 781
507 782
392 784
254 784
117 786
80 789
68 794
0 795
0 799
0 803
0 806
0 809
0 813
0 817
0 818
0 823
0 826
14 828
1 833
10 835
25 837
29 840
39 843
43 845
30 847
61 851
43 852
7 856
10 859
49 861
62 864
39 866
42 870
65 872
59 875
344 920
380 920
410 922
374 920
401 920
377 921
376 921
409 921
401 921
382 921
403 921
407 920
383 921
403 921
404 920
413 920
429 920
420 919
447 918
476 917
494 916
507 915
512 911
511 910
512 908
512 905
512 904
513 903
512 902
513 901
513 900
513 899
514 901
512 897
513 896
513 894
512 890
512 891
513 890
512 889
513 881
510 879
512 868
513 878
513 877
513 874
513 872
513 871
512 867
513 865
512 863
513 858
514 857
512 855
513 851
512 849
513 846
513 832
513 827
513 824
513 821
513 819
512 815
513 810
512 806
513 802
513 797
513 796
513 789
513 785
513 783
513 779
513 771
513 770
513 765
513 762
513 756
512 751
515 751
518 748
513 743
512 740
513 736
513 731
512 726
511 721
513 715
513 711
513 709
513 702
513 698
513 693
513 692
512 691
513 685
514 679
513 675
513 670
513 665
513 661
513 659
513 656
513 652
514 647
513 640
514 634
513 629
514 624
513 619
513 614
512 607
513 602
513 598
513 592
517 573
513 569
516 568
514 567
513 562
512 558
512 554
513 550
513 546
513 542
512 537
513 530
513 525
513 520
513 516
512 510
513 504
512 500
513 493
513 490
513 486
513 482
512 477
513 473
511 470
512 466
513 461
513 457
513 454
513 449
514 445
514 441
513 433
513 430
513 426
513 419
513 415
514 411
513 405
514 399
521 397
516 391
517 386
513 381
516 377
514 373
513 369
513 364
512 359
513 355
513 350
513 346
513 343
513 339
512 335
513 332
513 313
512 312
513 307
513 304
512 301
512 296
513 293
513 290
513 283
513 282
514 279
513 275
514 272
513 268
513 264
514 261
515 258
520 254
581 253
680 251
754 250
977 256
1023 252
1023 240
1023 239
1023 236
1023 233
1023 229
1023 226
1023 223
1023 219
1023 219
1023 213
1023 209
1011 208
1002 206
1012 203
991 199
998 196
1016 193
983 191
970 186
1005 185
1006 182
977 180
944 177
964 173
1010 171
969 168
934 170
1010 163
966 162
915 159
939 157
937 154
893 147
791 146
773 145
803 144
831 143
844 142
787 141
748 137
796 139
812 137
827 136
824 134
744 133
735 135
788 131
786 130
813 129
768 128
752 128
771 127
734 125
728 124
758 124
701 124
694 123
739 121
702 119
658 120
699 120
712 122
698 118
703 117
666 118
677 117
704 117
652 117
627 118
667 118
644 116
635 117
635 116
614 119
614 116
603 118
614 116
631 117
606 113
624 116
615 117
573 117
582 118
544 117
530 120
525 122
516 124
514 126
514 127
515 132
514 135
514 138
514 137
514 140
514 140
514 141
515 142
514 145
514 148
513 149
514 148
513 151
513 153
513 155
513 157
514 161
514 162
513 165
514 164
515 168
513 171
513 173
515 176
513 180
514 182
513 184
513 189
514 190
514 193
514 198
514 201
513 202
515 205
512 210
512 212
513 217
515 222
514 225
513 233
514 236
513 238
513 243
514 245
514 250
514 256
514 258
512 262
513 266
514 271
513 274
513 278
514 283
513 286
514 290
513 294
512 298
513 318
513 321
513 325
514 329
513 332
513 336
513 340
513 344
514 347
514 354
513 358
513 362
513 366
513 370
513 375
513 379
513 382
513 385
513 391
513 396
513 402
513 407
515 414
514 418
514 422
513 430
513 435
513 442
514 446
513 449
513 452
514 455
514 460
513 463
513 468
513 472
514 475
514 477
513 481
513 486
513 492
513 495
513 502
513 505
514 509
514 515
513 520
512 527
514 531
513 536
514 541
514 546
513 550
514 555
514 559
514 562
514 566
513 586
515 589
513 593
516 595
513 600
512 604
514 610
513 616
514 619
514 625
513 632
513 635
513 642
514 645
512 650
513 653
513 658
514 664
513 668
514 672
514 676
514 681
513 686
514 691
513 694
514 696
514 701
514 704
513 707
514 711
513 714
513 717
512 722
514 726
514 729
512 735
514 738
513 742
512 745
514 749
513 748
515 757
514 760
513 764
514 768
513 771
513 775
513 778
509 782
440 783
381 785
157 785
56 789
70 793
7 795
0 797
0 797
0 804
0 820
0 823
0 825
0 827
15 830
38 833
54 836
33 838
36 841
17 845
0 847
34 850
71 850
34 855
47 857
44 861
2 863
0 867
35 868
74 872
72 874
80 877
127 876
118 880
125 882
155 884
145 886
169 887
215 889
227 890
218 889
180 891
206 894
254 895
213 897
247 898
246 900
245 899
235 902
243 903
235 905
236 907
277 908
282 904
286 908
303 910
252 909
251 911
295 909
260 912
260 913
327 913
307 915
309 915
319 917
275 917
330 918
342 920
317 918
329 919
348 919
349 920
375 919
352 921
394 920
370 921
386 921
404 922
395 920
398 921
400 920
400 919
401 920
417 920
422 920
452 919
470 918
477 918
502 917
512 913
511 912
512 908
512 907
512 905
513 904
512 903
513 901
514 901
512 899
515 898
512 897
512 896
514 895
512 894
513 892
513 890
513 888
513 888
512 882
513 888
509 882
513 878
513 875
513 873
513 871
512 869
513 867
513 864
513 861
513 859
513 856
513 851
513 850
514 849
513 844
513 841
512 838
512 821
513 818
512 814
513 812
512 809
513 802
513 801
513 797
511 794
513 789
513 786
513 782
512 777
513 773
512 769
513 764
512 760
513 757
517 755
505 746
520 743
512 739
512 735
513 732
513 728
513 724
513 718
512 714
513 711
513 707
513 701
513 697
512 693
513 689
512 687
513 682
513 677
513 674
513 669
513 663
513 660
513 656
514 651
513 648
513 643
513 637
512 631
513 626
512 620
513 618
513 612
513 606
513 599
512 593
513 587
513 585
513 582
510 559
514 557
513 552
513 547
513 541
513 538
513 537
513 529
514 524
512 517
513 511
513 506
513 502
512 497
513 493
513 487
513 483
512 479
513 476
513 471
513 472
513 462
512 459
513 455
513 451
513 448
513 442
513 437
513 432
513 427
514 423
513 417
513 412
513 407
512 402
508 398
505 390
511 389
516 381
513 380
511 375
513 370
512 366
513 362
513 358
513 354
512 349
513 344
515 340
513 337
513 333
513 330
513 326
513 322
513 316
513 314
513 310
514 293
512 284
513 287
513 283
513 280
514 277
513 273
512 269
514 265
514 263
516 260
520 256
524 253
627 251
745 250
873 249
995 239
1023 241
1013 240
1023 238
1023 236
1023 231
1023 227
1023 223
1023 220
1023 217
1023 214
1023 211
1023 208
984 204
982 202
994 199
993 197
972 197
980 192
1023 189
1001 187
1012 184
982 184
989 178
990 175
991 172
990 170
1017 168
996 164
979 162
945 159
892 157
877 157
910 153
937 152
859 150
821 148
773 148
763 147
834 141
835 139
841 138
840 137
817 136
799 136
808 134
738 133
757 131
774 131
742 129
758 129
767 128
741 127
724 126
775 125
775 123
735 121
714 123
706 122
682 122
704 121
714 120
710 122
725 119
706 119
659 119
654 118
679 117
664 118
665 116
676 116
642 117
643 117
669 116
637 116
656 116
639 116
605 114
621 116
602 116
580 117
604 118
579 117
563 117
567 118
536 119
519 120
518 123
516 125
515 128
514 131
515 133
514 132
514 132
514 136
513 136
514 146
514 148
514 148
513 151
514 152
513 155
515 156
514 159
514 162
514 163
514 166
514 168
514 170
514 174
514 176
513 176
514 180
513 183
514 185
514 187
513 191
513 195
514 198
513 202
515 206
515 208
514 214
513 219
514 223
513 226
512 229
514 234
515 240
513 240
513 244
513 248
513 253
516 254
514 259
514 263
513 268
513 270
512 277
514 282
514 286
514 291
513 294
513 297
514 303
513 306
514 310
513 314
514 318
514 321
514 327
515 331
513 369
513 372
513 374
513 377
514 381
512 384
514 389
514 394
513 400
513 404
513 407
513 414
513 421
513 427
513 433
514 437
513 441
514 446
515 452
517 454
510 459
513 463
513 465
514 470
514 470
513 475
514 481
514 485
514 487
513 493
513 498
513 502
513 507
513 512
514 517
514 523
513 529
513 535
514 540
514 544
513 548
513 553
513 556
514 562
514 565
513 569
514 572
514 570
511 582
514 585
514 588
513 595
514 598
514 602
514 608
513 612
514 618
513 657
515 662
513 664
514 667
514 671
513 675
513 680
513 684
513 687
514 691
513 695
513 698
512 703
513 706
513 708
513 713
513 716
513 718
514 725
515 729
513 732
513 736
514 741
514 744
513 748
513 751
513 757
518 759
514 762
513 775
513 770
513 774
512 777
511 781
490 783
394 784
214 784
76 787
69 791
59 794
0 796
0 802
0 803
0 806
0 808
0 813
0 817
0 819
0 823
0 826
0 829
2 833
52 835
18 837
0 840
0 843
48 843
79 849
68 852
43 853
61 856
19 859
51 872
34 873
24 875
57 880
74 879
84 883
147 886
178 885
165 887
181 889
178 889
177 891
191 893
253 893
254 896
223 896
237 898
287 899
289 901
257 902
231 904
193 903
231 904
238 906
269 906
264 907
265 906
272 909
266 911
290 911
291 909
304 913
295 914
280 915
304 916
324 915
326 916
378 917
362 918
300 919
333 919
346 919
303 919
321 916
354 919
357 916
376 920
378 920
387 921
380 920
383 920
381 921
387 921
394 924
410 920
409 921
416 920
435 917
502 916
507 915
507 914
511 912
511 911
512 909
512 906
511 907
513 903
511 903
513 901
513 899
513 899
514 898
513 897
512 896
512 894
512 892
512 891
513 889
513 886
513 878
512 882
519 881
513 860
513 876
514 874
513 871
513 871
514 867
513 865
513 863
512 860
513 857
514 854
513 853
512 849
513 846
512 843
512 840
513 836
513 835
513 829
512 826
513 822
513 818
514 815
512 808
513 805
512 801
513 797
513 794
513 791
513 786
512 782
513 780
512 759
513 756
509 751
516 750
513 751
514 742
513 738
513 735
513 731
512 727
513 723
513 719
513 715
513 710
512 704
513 699
513 695
513 688
514 686
513 682
513 678
512 673
513 670
514 665
513 660
512 657
513 653
513 650
513 646
512 642
513 635
513 627
513 621
513 616
513 612
513 607
512 602
512 596
513 590
512 586
512 582
513 580
512 576
507 571
512 570
513 566
513 562
513 559
513 554
513 548
513 544
514 539
512 535
513 531
513 524
513 519
512 513
513 493
513 489
513 484
513 481
513 477
513 473
514 469
513 464
513 461
513 457
513 452
513 449
514 443
513 438
513 434
513 429
513 425
513 419
512 415
514 410
513 404
507 400
513 400
508 399
512 385
513 383
513 375
514 372
513 366
513 363
513 358
513 355
513 350
513 345
513 342
512 338
513 334
513 331
513 328
515 323
512 320
512 315
513 312
512 311
513 304
515 301
513 296
513 293
512 289
513 286
513 283
513 279
512 277
513 272
513 268
513 263
513 259
774 247
860 249
966 247
970 244
956 240
1023 240
1023 237
1023 233
1023 229
1023 225
1023 223
1023 219
1023 215
1023 213
1023 209
987 206
1004 203
986 202
996 200
1006 195
978 192
968 194
1000 187
990 185
977 182
994 179
1023 178
1008 174
981 171
992 168
979 166
936 164
976 161
972 158
922 156
883 155
872 152
813 152
833 149
882 148
864 147
809 146
809 144
798 143
773 142
820 140
802 138
812 136
799 136
788 136
817 135
798 133
782 132
776 131
723 130
783 126
803 124
734 124
735 123
738 123
753 122
720 121
699 121
709 121
676 119
673 119
694 118
682 120
681 117
667 117
672 117
679 117
644 117
637 115
620 117
618 115
645 116
633 116
635 115
642 116
624 116
618 117
614 117
618 116
580 118
566 117
575 118
532 119
521 119
524 122
515 124
515 128
515 128
516 131
514 132
514 132
514 135
516 135
514 137
514 138
514 140
514 140
514 141
514 143
514 143
515 146
513 147
513 150
514 151
514 154
513 157
515 160
513 169
514 173
514 172
514 174
515 176
513 177
513 181
514 184
513 188
513 190
512 194
513 198
514 199
514 205
512 209
513 214
513 214
513 218
515 222
513 228
514 231
513 235
514 238
513 242
514 247
515 250
513 256
514 258
514 262
513 266
513 270
512 277
514 276
514 282
512 287
514 289
513 293
513 300
514 303
513 307
514 312
513 316
513 320
514 327
514 328
514 332
514 336
514 340
514 342
514 348
514 355
513 361
514 364
513 368
514 371
514 374
514 377
514 401
513 404
514 408
514 412
513 419
513 423
513 429
513 433
513 439
514 444
515 449
513 454
513 455
513 462
515 464
513 468
514 472
513 479
513 479
513 481
513 486
513 490
513 499
513 497
514 506
513 511
514 516
513 520
513 528
513 533
514 538
513 542
513 546
513 548
513 556
514 559
513 563
513 567
513 571
514 574
514 580
519 583
513 584
514 591
514 597
515 602
514 606
513 612
513 617
513 621
514 626
514 631
513 637
513 645
512 646
512 651
516 656
513 677
513 681
512 682
514 686
513 690
512 693
513 697
513 700
513 704
513 707
514 709
513 715
514 719
513 723
512 729
514 731
513 734
514 740
513 743
513 746
513 750
514 753
513 756
512 763
513 765
514 773
514 772
513 775
511 778
509 781
415 783
305 785
112 786
88 789
83 793
43 794
2 798
0 801
0 805
0 808
0 811
0 815
0 817
0 821
0 826
0 827
0 831
0 834
21 838
35 839
16 841
41 844
56 846
45 850
34 854
60 855
76 858
36 861
0 864
36 866
40 869
2 886
117 883
140 885
143 885
156 889
185 888
219 889
185 891
236 892
206 893
170 895
247 896
245 897
199 899
243 899
219 900
218 904
282 903
273 903
270 904
246 906
235 907
234 908
267 909
300 910
294 911
287 913
289 913
293 913
301 912
305 916
304 916
331 916
324 915
321 917
336 918
361 919
377 919
353 919
354 920
353 919
359 920
394 930
369 920
379 920
412 920
380 920
365 921
389 918
351 920
401 920
424 921
398 922
441 920
456 920
440 919
472 919
481 911
512 909
512 908
510 907
512 905
512 904
512 903
512 902
513 901
513 900
513 898
512 897
514 896
513 894
512 892
514 891
513 891
511 888
512 886
513 884
512 882
518 882
512 880
515 874
510 871
513 871
513 871
513 866
514 864
513 861
513 858
511 856
512 853
513 849
513 848
513 845
513 841
513 837
513 834
513 832
513 827
513 824
512 818
513 816
513 812
514 807
513 803
512 799
512 795
513 792
513 787
513 784
513 779
513 774
513 770
513 765
513 762
514 736
509 735
513 731
513 726
513 723
512 718
513 713
513 709
513 705
513 701
514 698
513 694
512 687
512 684
513 680
513 674
513 671
514 668
513 664
512 661
512 657
513 653
513 646
513 641
513 634
512 631
513 626
513 620
513 614
514 608
512 603
514 598
513 596
513 589
512 585
513 581
513 577
513 570
515 574
516 561
511 561
513 559
513 557
513 551
512 546
513 541
512 536
512 532
513 527
513 522
513 515
512 510
513 505
514 501
513 497
513 492
512 486
513 468
513 465
514 462
515 458
513 454
513 451
513 447
513 442
514 437
513 432
514 426
514 422
513 418
515 413
512 408
512 403
512 400
511 390
511 391
511 384
508 382
515 373
520 370
513 366
513 361
513 356
512 352
514 347
513 343
513 341
513 336
514 332
512 329
513 325
513 322
512 317
512 314
513 309
513 306
512 303
514 298
513 296
513 291
513 287
513 285
513 284
513 277
512 273
513 269
514 265
514 261
514 259
521 255
555 253
720 252
756 246
874 249
1023 225
1023 222
1023 219
1023 217
1023 214
1023 210
1018 207
1023 205
1023 201
987 199
986 196
990 193
977 190
988 189
997 185
992 183
982 180
965 176
1001 174
1011 171
984 169
982 166
964 164
912 162
939 156
932 158
877 155
853 154
837 152
873 151
848 152
817 148
823 147
804 145
791 143
827 144
809 141
806 141
801 138
818 137
818 133
788 135
778 134
746 133
738 131
788 131
785 129
771 129
733 127
712 127
713 127
705 125
748 125
771 124
739 122
741 123
691 119
665 118
702 115
653 117
666 116
648 116
658 116
642 116
616 118
626 116
634 116
618 116
629 116
621 117
605 117
606 117
589 117
568 118
549 118
535 116
520 122
515 124
518 125
514 127
514 129
514 132
514 135
514 134
514 135
514 136
514 137
514 139
513 140
513 141
514 143
514 145
515 145
514 147
514 149
514 151
513 153
513 155
514 157
513 160
513 162
513 166
514 165
514 169
513 173
513 173
514 176
514 177
514 180
514 183
513 186
515 190
513 223
516 224
512 229
512 232
514 238
514 241
513 244
513 248
512 252
513 256
514 259
515 265
515 269
514 272
513 278
514 281
514 286
513 287
513 292
514 296
514 301
513 304
513 309
513 313
515 318
513 323
514 328
513 334
513 334
513 342
515 345
514 348
514 352
514 355
513 360
516 366
513 371
513 375
513 379
513 380
514 384
513 388
514 394
514 401
513 407
513 411
514 415
514 422
513 426
513 432
515 439
515 444
513 446
514 450
513 454
514 460
513 464
513 478
513 482
513 485
513 490
513 494
514 497
514 499
512 507
512 515
513 520
514 525
513 530
513 534
514 539
514 544
513 549
513 554
514 557
513 563
513 565
514 570
514 574
513 578
513 582
512 586
513 587
513 595
514 599
514 604
513 608
513 614
514 619
514 624
515 631
514 634
513 639
514 644
513 649
514 653
513 657
513 662
513 666
513 672
512 676
514 679
514 681
514 687
513 691
514 696
513 698
513 702
513 706
514 710
513 714
513 718
513 722
514 728
513 744
514 748
513 751
514 756
514 758
514 758
513 762
513 767
513 770
513 774
513 777
511 781
463 783
368 785
213 786
97 788
66 792
66 795
0 797
0 800
0 803
0 807
0 810
0 813
0 814
0 820
0 823
0 827
7 826
0 831
4 835
31 838
45 840
47 843
26 846
15 848
27 852
60 854
64 858
69 860
7 862
5 865
14 868
32 871
57 873
107 876
123 878
73 880
78 886
108 884
169 886
191 886
209 889
218 893
204 892
193 893
179 894
243 895
267 897
214 898
207 899
204 900
188 905
272 906
262 907
299 908
269 910
250 910
289 911
303 912
270 913
293 913
305 914
269 915
292 916
326 915
304 917
313 917
357 917
359 919
369 919
363 919
353 919
362 918
359 920
358 921
379 921
388 925
398 920
391 921
388 921
389 921
377 919
393 921
434 920
404 920
420 920
443 920
419 920
462 919
491 918
485 918
508 917
511 915
511 912
511 911
511 908
512 906
514 905
511 904
512 902
513 901
512 900
513 896
513 898
512 897
513 895
513 894
513 892
509 878
517 885
514 878
512 876
515 875
515 873
513 871
512 869
513 867
513 865
513 862
513 861
513 857
513 854
512 851
513 848
513 846
513 842
513 839
513 835
513 829
513 827
514 824
513 822
513 818
512 811
513 810
513 805
513 801
512 797
512 793
512 791
513 786
513 783
513 778
513 772
513 770
513 765
512 761
516 755
513 752
508 751
520 747
509 740
512 737
512 732
511 729
512 725
513 721
513 717
513 712
513 708
513 704
513 700
513 694
513 689
514 685
513 665
513 662
513 661
513 657
512 653
512 648
512 645
513 641
513 634
513 627
513 620
512 616
513 611
513 608
513 602
514 595
513 589
513 584
514 582
512 579
514 578
512 566
515 571
514 557
513 560
513 557
512 553
513 549
512 544
513 539
513 535
512 531
513 525
513 520
514 511
513 506
513 502
512 498
512 495
515 486
513 484
512 479
513 476
515 474
513 469
513 463
513 457
513 457
513 453
513 448
513 444
513 439
513 434
513 429
513 424
513 419
513 414
513 394
515 392
507 383
513 376
512 371
512 374
513 367
513 363
513 358
513 354
513 348
513 345
513 341
513 337
513 334
514 331
513 327
512 324
513 320
512 315
513 307
514 308
513 304
513 301
513 298
513 293
513 289
513 285
513 283
513 279
513 275
513 271
513 267
515 263
514 259
516 253
525 254
656 252
774 251
778 249
991 248
988 243
929 242
1021 242
1023 237
1023 233
1023 229
1023 226
1023 222
1023 216
1023 215
1023 212
1023 209
1023 205
1009 203
986 201
991 188
969 185
1007 180
1011 181
1001 180
1002 173
1023 173
981 171
981 169
984 165
931 160
912 160
951 158
913 155
896 154
887 153
877 151
820 150
787 148
815 149
838 145
779 144
760 143
771 141
769 140
805 139
805 138
793 137
802 135
787 134
762 133
764 131
758 130
794 130
789 129
769 128
767 127
706 126
680 125
752 123
760 123
737 122
740 122
737 122
706 121
719 120
733 121
715 119
708 119
696 118
704 117
679 117
630 116
651 116
707 117
659 116
639 116
628 116
617 116
607 116
600 116
590 117
584 117
576 117
581 117
570 115
547 119
523 121
517 123
516 125
515 125
515 128
514 130
514 132
514 131
514 135
514 137
514 137
514 138
514 136
514 140
513 141
514 143
514 143
513 143
513 148
514 149
514 153
514 154
514 156
513 158
514 161
514 162
514 165
513 168
513 171
513 172
514 175
513 178
513 179
513 182
514 185
514 188
513 191
513 194
514 197
514 200
513 205
513 207
513 214
514 216
514 219
513 224
514 244
514 247
512 250
512 251
516 255
514 259
514 262
514 266
513 270
513 274
513 279
514 285
514 287
512 291
512 295
512 300
513 304
513 308
514 312
514 316
513 320
513 325
514 328
514 333
514 337
513 342
513 347
513 351
514 356
513 361
513 364
513 368
513 371
513 374
513 378
514 383
513 387
513 392
513 398
513 403
513 409
515 414
513 419
514 423
513 429
515 434
513 441
513 445
513 451
513 454
513 458
513 460
513 464
513 468
513 472
513 475
513 479
513 507
514 511
513 519
514 523
513 528
513 533
514 537
513 540
514 548
513 550
514 556
513 561
513 564
513 567
514 572
513 576
513 580
513 585
515 588
514 594
514 598
513 602
513 607
513 613
514 617
514 622
513 628
514 632
514 637
513 641
513 649
514 652
515 656
513 660
515 665
513 668
513 671
514 677
514 681
514 687
514 691
513 695
514 698
513 701
513 704
514 709
513 712
513 715
514 720
513 725
513 730
513 733
513 737
514 739
515 744
514 747
513 750
514 768
514 770
512 774
511 776
510 780
506 782
424 784
319 786
113 786
86 790
71 793
27 795
0 799
0 802
0 806
0 809
0 812
0 815
0 818
0 822
0 825
0 828
0 831
1 834
19 837
28 839
54 842
36 845
39 847
46 850
24 853
16 856
31 858
20 862
45 864
44 866
46 869
13 872
26 874
60 877
100 879
111 881
121 887
158 881
148 885
130 888
175 889
206 891
154 891
209 894
215 894
198 896
234 898
240 899
234 900
233 901
202 902
250 904
287 907
251 905
273 906
269 912
317 912
321 912
284 913
260 913
276 915
299 916
314 915
336 916
341 914
325 917
308 918
338 918
353 918
328 919
344 919
371 920
398 920
401 922
410 922
380 914
377 921
402 923
412 922
417 921
419 921
414 921
419 921
407 922
420 921
452 920
438 920
469 920
485 918
497 917
505 914
510 913
511 912
512 908
512 907
512 906
513 905
512 903
513 901
512 900
514 900
512 899
513 897
513 896
511 894
513 894
513 890
513 888
512 887
513 885
513 884
513 883
508 872
512 869
512 866
514 865
514 862
513 860
513 858
512 854
512 853
512 850
513 850
513 845
512 841
513 837
515 834
513 830
513 821
513 822
513 818
513 814
513 810
513 807
512 802
513 798
513 793
513 790
512 784
513 784
513 780
513 776
514 771
513 767
512 763
512 759
513 755
513 749
512 745
519 744
525 735
513 734
513 731
513 727
513 723
512 719
513 715
513 708
513 706
513 700
513 697
513 693
513 686
513 682
513 678
513 675
512 673
513 668
513 664
513 619
512 613
513 608
513 602
513 596
513 593
513 587
512 583
513 579
513 575
513 567
509 574
515 570
514 565
513 555
513 554
513 550
513 546
513 542
513 536
513 531
513 526
513 521
513 516
513 511
513 505
513 499
513 495
513 487
513 485
514 483
513 479
513 474
513 468
513 467
512 462
513 458
513 455
514 450
513 446
513 441
513 437
513 432
513 427
513 422
514 417
513 412
513 407
515 401
513 396
508 392
515 377
512 385
518 383
510 375
516 369
513 364
513 336
513 332
513 329
513 325
513 321
512 318
513 313
513 310
513 306
512 302
513 298
513 295
513 291
512 287
513 284
513 280
513 276
513 273
513 266
513 266
515 261
517 257
521 255
537 250
670 251
751 248
894 250
1021 245
1008 242
977 243
1023 242
1023 234
1023 229
1023 224
1023 223
1023 220
1023 216
1023 214
1023 211
981 207
1012 204
1023 201
1022 200
961 196
982 193
965 191
974 188
948 186
973 182
1023 180
1023 178
976 174
980 170
988 169
952 166
647 117
657 118
659 116
637 116
631 116
639 116
606 115
603 116
602 115
589 117
602 116
578 117
575 117
573 118
531 119
525 118
517 122
516 124
515 126
515 128
514 129
514 132
513 133
513 134
514 135
514 137
515 137
514 140
514 139
514 141
514 142
514 144
513 144
514 148
514 149
513 151
514 153
513 155
513 158
513 160
514 162
514 164
513 166
514 169
514 170
514 172
513 175
513 178
514 180
514 184
513 187
512 190
514 193
513 196
514 195
514 203
513 207
515 223
514 229
514 234
514 234
515 238
514 241
513 244
514 247
514 253
514 253
513 262
514 263
514 272
513 273
513 276
513 281
512 285
512 292
513 292
514 299
514 303
514 306
513 311
513 314
513 319
513 323
514 327
513 332
513 336
513 339
514 344
514 349
513 353
512 358
513 360
513 365
514 369
514 372
513 379
513 382
513 386
515 392
513 396
514 401
513 406
513 411
514 417
514 423
514 428
514 434
513 440
513 444
512 449
514 453
515 455
512 462
514 464
513 480
513 483
513 487
514 490
513 494
514 498
513 503
513 509
513 517
514 520
514 526
514 530
514 535
513 541
514 547
513 551
513 555
513 558
514 562
513 567
514 569
513 575
513 578
513 582
513 586
515 592
514 596
513 601
513 606
513 610
513 615
514 620
513 625
514 630
513 635
513 640
514 644
514 648
514 654
515 658
513 663
513 667
513 672
514 676
513 680
514 685
513 688
513 693
514 696
513 700
513 704
513 706
514 710
514 715
514 718
513 723
513 727
513 745
514 747
513 748
515 753
513 757
514 760
513 770
512 769
513 770
513 775
511 779
