524 149
526 147
524 148
528 145
527 143
525 142
524 141
525 139
526 137
523 137
525 136
526 134
526 133
530 132
524 130
525 127
526 129
524 125
525 130
525 127
524 124
524 123
527 123
525 124
525 123
525 122
525 120
527 121
524 115
523 120
525 127
525 121
525 120
524 122
525 120
525 122
525 121
504 123
527 123
525 122
524 124
526 122
525 125
525 127
526 129
525 132
524 132
525 137
525 135
525 139
524 137
525 140
526 142
524 144
525 144
524 147
524 151
525 887
526 885
525 883
525 880
525 878
525 874
524 871
524 868
525 864
524 860
525 858
525 853
525 850
526 843
524 839
525 834
526 829
525 821
525 818
527 812
524 808
523 805
525 801
525 795
525 790
522 782
524 780
523 775
525 771
525 766
525 760
526 755
527 750
524 745
524 741
525 736
525 729
528 723
525 718
525 715
525 707
525 702
525 698
528 692
524 688
526 681
527 677
524 671
525 668
526 661
525 656
524 651
526 642
526 633
526 626
523 621
523 613
521 900
524 896
527 900
522 902
530 907
531 904
523 909
522 909
523 911
525 909
524 914
525 915
525 917
525 917
524 919
524 920
524 921
525 922
526 923
523 924
525 925
524 926
525 926
524 928
525 934
525 930
524 931
524 930
525 931
525 931
524 932
525 932
525 933
527 932
525 933
524 932
525 934
525 932
525 933
525 933
527 932
525 932
525 931
525 932
525 931
525 929
525 929
525 926
525 926
525 921
525 920
524 918
525 917
524 916
524 914
525 914
530 911
525 771
525 768
525 763
524 759
525 752
530 745
524 743
524 737
527 732
524 726
525 721
526 715
525 710
525 704
525 699
525 694
525 690
523 685
525 680
526 676
525 670
524 664
526 658
525 653
527 645
522 641
525 632
527 624
524 620
531 609
523 605
523 600
525 594
526 592
531 585
526 582
525 577
529 572
527 570
527 565
526 559
528 553
527 548
531 542
524 533
525 527
525 519
528 511
525 507
524 500
526 495
525 491
524 483
525 480
528 475
527 470
525 465
526 376
526 372
527 365
527 360
524 355
522 349
526 344
523 342
525 338
527 332
526 329
527 323
526 318
523 313
525 308
523 303
525 299
528 294
525 291
526 287
525 282
524 277
525 273
525 269
525 265
525 261
526 258
525 252
527 249
524 244
525 241
526 237
524 234
525 228
524 223
526 220
524 216
526 217
527 209
526 206
525 203
526 198
526 195
525 192
526 189
524 186
524 181
525 178
527 174
522 173
525 169
527 163
524 162
524 160
524 157
524 155
526 132
525 132
525 132
526 132
524 131
525 129
525 129
526 126
525 126
525 125
524 124
526 124
525 123
525 123
525 124
528 121
524 123
525 122
525 122
523 121
525 121
524 120
523 120
523 121
525 120
525 122
527 133
507 126
529 122
525 124
525 124
525 126
523 128
526 129
525 133
524 136
524 136
525 138
525 139
524 139
526 141
525 143
525 143
525 146
523 148
525 151
525 152
525 155
526 157
525 161
525 163
525 165
525 168
525 171
525 172
525 175
524 179
525 249
525 251
524 253
525 258
524 263
524 267
525 266
525 277
520 284
525 289
524 293
525 300
524 303
525 308
523 315
524 319
524 324
525 329
526 335
523 340
522 347
524 355
531 356
522 367
527 367
521 364
519 374
524 381
525 386
523 391
525 397
525 403
523 411
525 415
524 425
526 428
524 437
521 444
524 448
525 455
525 461
525 463
517 470
525 472
524 478
529 481
525 485
524 491
525 493
522 504
525 505
525 515
525 520
521 528
525 535
524 541
520 557
525 615
523 621
523 624
523 630
523 636
526 643
522 647
524 652
523 661
526 664
520 672
526 676
520 684
525 688
525 693
522 699
525 702
521 710
525 711
525 719
526 722
526 727
524 734
525 737
525 743
532 751
523 750
528 754
520 760
538 763
522 760
524 773
521 766
523 782
523 785
525 790
523 795
525 799
525 806
523 806
524 810
525 814
523 819
525 823
524 827
524 830
524 835
524 839
525 844
524 846
525 850
524 854
525 857
524 860
526 863
525 867
524 869
525 933
525 932
523 933
525 932
524 932
525 932
525 933
525 931
525 932
525 932
523 930
524 932
525 931
524 931
524 930
525 930
525 929
525 925
525 925
525 920
524 921
525 918
525 917
525 913
525 914
525 912
525 912
524 910
524 910
525 907
525 905
525 902
524 900
525 897
524 895
526 894
525 889
525 886
524 883
522 882
525 877
525 876
525 872
524 870
525 866
525 862
525 859
524 855
524 851
525 846
525 841
525 836
525 831
526 825
526 822
525 817
525 810
527 606
525 601
525 593
525 591
525 584
525 579
523 579
528 570
525 568
532 564
526 560
526 552
524 549
528 541
527 534
527 528
529 519
524 513
529 505
526 501
525 492
525 489
524 484
531 479
525 476
527 468
524 467
529 459
526 455
529 448
525 443
524 436
525 432
528 424
525 419
529 412
525 406
528 400
524 396
525 389
524 385
525 371
525 372
524 367
526 360
526 356
528 350
527 345
525 340
525 338
524 331
525 326
524 321
528 315
524 312
525 307
525 304
525 139
527 139
526 139
525 136
527 135
522 134
524 133
526 131
524 132
525 130
526 123
524 129
525 126
525 125
524 125
525 123
525 124
525 123
524 122
525 123
525 123
525 122
525 123
525 121
525 120
526 122
524 121
525 121
526 122
525 120
525 123
525 121
524 123
524 123
523 123
525 125
525 126
525 128
524 130
524 133
525 135
526 136
525 136
525 139
526 139
525 140
525 143
525 144
525 145
525 148
526 150
525 153
525 153
524 157
525 159
524 164
525 164
524 175
525 177
524 179
526 181
525 183
525 188
525 192
524 195
519 211
541 201
523 211
525 215
525 219
526 225
526 229
525 235
524 239
525 243
523 250
525 255
524 259
523 264
523 271
524 274
525 278
524 284
526 291
523 295
523 302
525 303
525 309
523 316
524 319
525 323
524 332
522 336
524 339
524 347
521 352
525 356
523 360
524 370
525 368
525 380
525 381
523 393
524 391
524 398
522 403
525 409
525 417
525 422
523 431
525 437
524 444
521 450
526 454
523 485
525 489
524 492
524 497
522 503
527 509
522 518
529 521
522 530
524 534
523 543
525 557
523 568
523 558
521 555
525 569
520 575
519 579
518 586
522 590
523 594
525 601
527 605
525 613
526 618
525 626
526 630
523 639
527 642
524 649
525 654
523 661
523 666
524 672
521 677
524 682
520 689
525 693
522 701
528 703
525 711
525 713
525 720
523 724
525 728
522 731
524 738
525 742
525 743
521 748
527 758
523 762
525 768
527 766
526 777
525 775
522 779
524 815
524 820
524 823
525 828
525 832
525 835
525 839
524 844
524 846
524 850
524 853
525 856
524 861
525 863
524 867
525 870
526 874
525 876
525 880
524 884
526 886
525 890
525 894
522 895
520 900
517 898
524 903
525 904
520 905
526 905
525 910
524 908
523 911
524 912
524 912
524 916
525 917
523 917
526 920
524 921
523 921
525 922
525 923
526 923
522 926
525 925
525 928
525 928
525 930
526 930
525 931
525 932
524 930
525 931
525 932
525 931
524 936
525 932
525 932
524 934
518 933
524 933
525 931
524 931
525 929
525 928
524 928
525 926
526 924
524 920
524 919
525 915
525 916
524 915
525 914
524 912
525 910
525 909
525 907
525 905
525 902
525 899
525 899
524 896
524 893
524 891
527 889
525 885
526 883
524 880
525 876
525 875
524 870
525 868
525 864
524 862
526 857
525 852
525 847
525 843
524 838
525 834
524 828
526 823
526 818
524 813
526 809
525 803
525 799
525 793
525 787
524 785
524 779
524 744
527 740
527 737
527 732
522 726
525 724
525 716
525 711
525 710
525 701
527 696
525 694
530 685
522 682
525 678
528 670
524 667
526 659
522 654
525 649
532 644
525 637
528 625
524 623
526 614
523 610
525 602
527 596
524 592
524 587
523 583
526 580
523 577
525 570
523 566
526 560
528 554
527 549
524 542
527 534
524 528
522 520
523 515
529 508
527 500
527 497
527 490
526 487
522 482
525 475
524 472
525 466
526 463
524 455
522 451
525 445
526 439
526 360
524 356
526 353
524 348
530 341
524 339
524 332
526 329
525 326
527 319
525 315
525 310
525 303
524 300
525 296
525 292
524 290
524 285
526 282
524 275
525 269
527 265
524 261
525 259
526 253
523 248
526 244
525 241
524 237
525 235
526 228
525 225
525 222
527 217
524 214
525 210
526 206
526 198
524 199
528 195
525 195
524 189
525 188
523 183
525 178
524 176
528 171
524 169
525 166
525 163
524 160
525 158
525 157
525 155
524 152
525 148
525 149
524 132
525 131
525 130
525 128
524 128
525 125
526 127
525 126
525 124
525 125
525 123
524 124
525 121
525 122
525 122
524 121
523 122
525 121
524 119
525 121
525 120
525 121
524 121
524 123
525 123
524 121
523 124
525 122
523 124
524 126
525 127
527 130
525 131
524 134
526 135
524 137
525 137
525 139
524 139
524 142
525 142
525 145
525 146
529 149
523 149
525 155
524 155
525 159
525 161
524 164
526 167
525 169
525 172
524 175
524 175
525 180
524 183
523 242
522 246
525 250
523 253
522 258
525 261
525 267
524 273
524 276
525 282
524 286
525 291
525 297
522 304
526 307
525 311
525 318
522 323
524 326
522 334
525 339
524 342
524 349
525 356
524 353
528 366
533 365
523 377
524 362
525 379
525 388
524 396
526 400
522 409
524 414
524 421
523 429
526 436
526 440
522 447
523 453
523 458
524 464
524 466
519 472
524 471
521 481
526 483
523 490
524 494
525 501
527 507
526 512
520 520
525 525
518 533
525 538
526 588
526 593
521 598
525 602
522 611
526 615
523 621
523 627
523 634
525 640
524 646
523 652
523 658
525 664
524 669
524 674
524 681
524 687
523 692
524 697
521 703
526 707
522 712
525 715
524 722
524 728
524 731
524 735
524 740
523 746
530 744
530 754
523 759
525 761
525 766
522 771
517 777
523 780
525 786
524 788
525 791
525 797
524 801
525 805
524 810
523 813
524 816
524 821
526 825
524 829
524 833
524 837
524 838
525 845
525 849
522 853
523 854
524 908
522 901
525 906
526 899
521 909
524 899
524 910
519 916
523 913
511 915
525 916
525 918
525 915
523 919
523 921
524 922
525 922
524 926
525 924
523 927
525 927
524 928
525 927
525 929
524 929
524 930
523 931
524 931
525 932
525 932
525 932
526 931
525 933
524 932
525 933
524 933
525 933
524 932
525 932
524 934
520 930
524 931
524 930
524 928
525 929
524 925
525 923
527 920
525 919
525 917
524 916
524 916
525 914
525 913
524 912
525 911
526 907
525 869
525 867
525 865
525 864
524 857
525 855
525 851
525 846
525 840
524 835
524 830
524 826
524 820
525 814
527 808
525 802
523 801
525 798
524 788
527 785
527 779
523 776
524 772
525 767
526 763
526 756
525 752
525 747
528 741
524 736
524 731
528 724
523 721
525 715
527 708
524 704
524 699
525 693
524 689
527 683
527 679
524 674
524 669
526 663
532 657
523 651
525 646
531 638
525 635
525 619
526 618
524 612
530 601
525 601
525 590
524 590
524 582
524 500
527 494
526 489
524 483
523 479
524 473
523 469
525 462
526 459
526 453
524 447
525 441
525 435
525 431
529 423
525 419
531 411
525 407
531 398
526 395
530 387
524 385
528 377
525 372
527 366
525 360
526 355
527 349
526 345
526 336
525 336
525 331
528 326
525 322
526 315
524 313
524 307
525 302
527 299
524 294
526 291
525 286
526 282
527 277
525 272
525 267
526 264
526 259
524 256
526 252
526 247
527 243
524 238
525 234
525 229
525 227
525 187
525 186
528 182
524 179
525 177
525 174
525 170
523 169
524 165
526 162
523 161
524 157
525 160
525 154
525 151
525 151
525 151
525 148
525 145
524 142
524 130
524 140
525 138
525 137
533 138
525 134
525 135
526 132
525 131
525 132
525 130
524 129
523 127
524 123
524 125
525 123
526 123
525 123
525 123
525 123
525 119
526 122
524 122
524 121
524 122
524 120
525 122
525 121
525 122
525 121
525 121
525 121
526 122
524 122
523 124
527 133
525 126
525 157
525 159
525 159
525 164
525 166
524 169
525 171
525 174
525 176
524 180
524 182
525 185
526 189
525 194
524 196
531 200
528 201
525 208
515 216
525 221
524 227
525 229
525 238
522 242
525 245
525 250
525 255
523 257
524 263
524 270
523 275
525 277
524 286
520 290
527 294
525 299
523 305
526 309
523 315
524 322
526 325
525 331
524 337
524 341
523 347
523 353
525 356
524 365
521 365
513 372
522 376
519 382
521 387
524 393
523 398
524 405
524 410
525 506
521 508
523 512
524 518
519 523
525 528
517 537
526 542
524 549
525 556
524 559
529 576
528 567
522 577
521 577
522 595
525 589
520 595
523 601
522 608
525 618
525 619
524 625
525 629
524 637
524 643
523 650
523 655
522 661
523 666
525 673
523 678
525 684
522 689
525 695
524 700
524 704
525 711
525 714
525 719
524 724
525 729
525 733
521 740
525 743
523 749
520 756
526 754
519 758
522 763
518 767
525 770
526 779
522 783
527 786
522 791
524 795
525 866
524 869
524 869
526 874
525 877
525 877
525 883
525 887
525 891
524 893
524 904
529 897
523 904
526 899
524 914
516 901
522 911
527 905
528 902
518 910
522 914
523 914
527 916
524 917
525 918
525 917
525 921
525 921
524 923
526 923
523 924
525 925
526 928
526 928
526 929
525 930
525 930
525 929
525 931
526 931
525 931
524 932
525 931
524 932
524 932
525 932
525 932
525 932
524 927
526 934
525 929
525 931
523 932
524 931
524 932
524 929
525 926
525 921
525 921
525 920
524 916
525 916
525 915
524 912
525 910
525 910
525 910
525 906
525 906
525 902
524 900
524 898
525 896
524 892
525 890
525 883
522 884
524 881
525 879
525 875
527 873
525 871
523 867
525 865
525 859
524 851
526 852
526 848
525 843
524 834
524 832
527 824
522 822
523 813
525 812
526 803
526 801
523 789
523 795
525 789
525 783
529 777
524 773
524 769
525 763
525 757
523 753
525 751
524 750
528 737
524 733
525 728
525 722
525 717
524 682
526 678
526 676
525 671
524 665
526 659
527 656
525 647
525 640
524 635
527 622
526 619
528 616
530 606
522 601
525 594
528 589
525 586
524 580
522 578
525 573
530 569
524 565
536 556
524 556
524 545
525 542
525 532
524 528
524 521
529 511
525 509
524 502
522 496
524 492
526 485
525 482
532 476
525 472
528 466
523 459
526 456
527 450
524 445
527 439
525 431
526 426
525 421
529 413
525 407
526 401
524 398
527 390
523 385
526 379
523 374
526 367
524 338
525 335
526 331
525 327
525 324
526 319
528 313
522 310
524 304
524 300
523 298
526 289
525 287
525 284
526 278
527 276
527 269
527 266
525 262
527 257
526 249
525 249
526 239
522 241
526 236
525 232
526 228
524 226
525 221
527 218
525 212
526 210
527 204
526 203
524 200
524 196
525 192
525 189
525 186
525 183
526 179
524 175
525 172
525 169
525 165
524 162
525 161
525 158
525 157
525 152
525 152
525 150
524 149
524 145
525 145
525 144
524 142
524 134
524 132
525 130
527 129
525 129
525 128
523 127
525 126
524 126
526 124
527 124
524 123
525 122
524 128
524 123
526 119
525 122
524 118
524 121
524 120
523 120
524 119
525 122
524 120
525 122
525 121
524 122
525 122
531 122
527 92
525 126
525 127
525 131
524 131
524 135
524 134
525 138
525 137
525 140
525 141
525 142
525 143
524 145
525 147
525 149
525 151
524 154
525 156
525 159
526 161
525 161
525 167
525 170
524 173
525 174
524 178
526 181
524 199
526 208
528 207
526 216
524 220
525 223
524 229
525 233
526 240
525 245
523 249
525 252
524 257
526 261
524 265
524 272
522 278
527 281
524 287
523 293
524 299
524 304
525 308
524 312
523 318
524 323
526 327
524 333
523 340
524 343
524 350
521 356
524 360
524 364
524 367
529 375
522 378
527 387
528 390
522 394
521 401
525 409
524 415
525 421
522 429
526 436
522 442
519 448
524 454
525 459
525 465
526 467
522 473
524 475
525 480
527 483
525 488
525 573
526 580
527 586
524 598
524 597
524 599
526 604
525 611
522 615
523 622
527 628
525 635
525 640
525 646
527 651
526 659
525 664
525 670
521 677
526 681
527 688
522 693
525 698
522 702
525 706
522 714
527 715
524 723
522 726
524 730
521 733
524 741
525 745
523 751
522 748
524 759
510 769
526 770
522 772
524 776
526 782
527 784
518 789
525 792
525 797
525 802
524 805
522 808
522 815
525 818
523 823
522 826
525 829
526 834
523 839
525 842
524 885
523 887
523 889
524 891
524 894
524 894
531 899
528 899
522 902
521 887
524 908
523 897
521 912
523 911
523 908
523 908
528 908
522 916
525 915
524 918
523 919
524 921
525 922
524 924
525 924
524 925
525 926
524 928
524 928
525 929
523 929
525 930
522 931
525 931
526 932
525 931
525 932
524 932
525 933
525 933
525 932
525 932
525 932
525 933
525 932
525 932
524 932
524 929
515 930
525 931
524 929
525 927
524 926
525 923
525 923
524 918
525 918
526 892
525 892
526 888
525 885
525 883
525 880
524 879
525 873
524 874
525 869
524 864
526 862
524 858
525 854
525 849
525 845
524 840
524 835
525 830
524 825
526 820
525 815
525 811
524 806
527 799
525 796
524 789
526 786
525 781
525 778
528 769
525 767
525 764
525 756
528 749
524 746
525 742
525 735
529 730
525 724
525 718
528 713
525 709
525 703
529 697
524 693
524 689
527 682
525 679
525 672
523 667
525 663
528 656
522 651
526 643
527 637
525 625
524 578
525 578
528 573
527 570
524 568
523 562
523 555
521 552
527 544
522 539
526 532
521 521
524 516
525 510
524 505
529 496
522 495
527 487
525 485
525 478
526 472
524 470
526 463
523 459
528 452
526 447
528 440
523 435
528 428
524 423
528 415
525 411
525 404
522 415
528 391
524 388
527 381
526 377
526 369
525 364
527 359
524 353
525 348
527 344
525 338
523 336
527 329
524 326
526 320
526 315
524 310
526 307
524 302
527 299
525 295
526 290
526 286
525 218
526 215
526 212
525 205
526 202
526 199
524 197
524 195
527 190
527 189
526 184
526 180
531 179
524 175
527 172
523 166
525 166
524 161
525 159
525 157
525 155
524 153
525 151
525 154
526 149
524 146
525 144
524 144
526 142
530 147
524 138
525 138
524 135
524 135
525 132
525 133
525 132
525 132
524 130
524 128
525 127
524 127
525 126
524 127
525 125
525 123
525 123
525 123
524 122
525 121
524 121
526 121
526 122
524 121
525 122
525 121
523 120
525 141
524 141
524 142
521 143
525 145
524 146
525 149
525 152
525 153
525 156
523 158
525 161
524 163
525 165
525 167
524 172
525 174
524 177
524 179
525 183
524 186
526 187
525 192
526 196
524 201
523 208
521 207
523 216
527 221
524 227
525 227
525 235
525 246
525 245
525 251
524 257
523 260
526 264
526 270
522 274
524 280
524 286
523 294
524 296
525 301
524 306
525 310
525 315
523 321
525 326
524 331
521 337
524 341
525 346
524 351
523 358
523 363
525 457
525 458
525 464
525 466
521 471
524 474
522 478
520 481
524 488
521 494
524 498
520 506
527 509
523 518
525 522
525 529
524 538
523 543
520 550
523 554
507 562
527 563
510 566
525 574
524 577
519 578
525 601
522 600
526 601
521 609
526 613
522 621
527 625
520 633
525 637
521 645
526 649
522 658
524 660
523 668
523 673
524 680
522 686
526 689
524 698
527 700
524 706
524 710
524 714
521 725
526 724
523 729
525 734
525 739
525 746
523 749
524 754
523 798
525 801
524 805
523 808
523 813
524 817
523 822
524 824
525 828
523 833
525 836
523 841
525 843
525 848
524 851
524 854
525 857
525 863
525 864
524 867
524 871
526 874
525 878
524 882
524 884
524 888
525 890
524 895
523 896
522 894
526 900
524 898
524 903
524 907
525 910
534 907
520 913
526 917
523 909
528 912
523 916
531 916
524 917
524 919
525 921
526 922
524 923
523 925
525 926
523 928
525 931
525 930
526 928
525 928
524 930
525 930
525 930
524 928
524 927
525 924
524 923
524 917
523 920
525 918
526 916
525 913
525 915
525 913
525 912
525 908
526 908
524 904
523 903
525 899
525 897
525 895
524 893
525 890
525 887
525 885
525 882
525 879
525 876
524 873
525 869
525 867
524 863
525 860
525 857
525 851
525 848
524 842
525 836
525 831
524 827
525 824
525 817
525 813
528 807
525 802
523 797
525 793
526 788
527 783
525 780
524 774
526 767
525 762
524 758
526 753
524 748
526 743
525 738
524 732
521 629
524 624
526 619
524 612
529 604
526 601
530 592
525 592
527 583
528 582
525 579
529 571
523 573
525 563
527 559
525 554
527 546
522 542
523 534
522 531
524 522
519 515
523 510
524 502
523 496
531 492
526 486
527 480
524 476
525 471
524 466
525 461
520 456
524 448
525 444
526 437
523 431
526 426
528 421
525 414
528 407
525 403
528 393
524 390
527 384
523 379
527 373
525 371
526 364
525 356
523 352
525 346
526 342
524 336
525 332
523 328
525 237
523 234
526 231
524 228
527 224
525 219
526 216
524 213
524 209
527 205
524 203
524 200
527 197
525 193
525 189
526 185
525 182
524 178
525 176
524 171
524 171
526 166
526 162
525 161
524 157
524 156
525 152
527 152
526 151
525 149
524 146
526 145
525 143
525 142
524 137
516 139
526 138
524 137
524 136
524 134
524 133
524 132
525 131
526 132
524 128
527 127
524 126
524 125
525 125
525 123
524 124
525 124
524 122
524 121
526 121
525 121
525 121
525 121
525 121
527 121
524 121
525 123
525 122
526 120
527 123
524 121
525 124
528 122
536 123
524 126
525 129
525 131
525 134
524 136
524 137
524 137
524 140
524 141
524 141
523 142
525 145
525 147
524 149
525 150
524 154
524 155
524 159
525 160
525 166
524 167
525 173
526 172
524 175
527 178
524 182
525 185
525 188
524 191
524 196
524 199
523 207
524 218
524 214
528 207
520 224
524 228
525 234
525 242
523 246
525 249
525 253
524 258
522 263
525 266
524 307
525 310
525 313
524 319
525 324
524 329
527 334
525 340
524 345
525 352
525 357
525 360
523 365
525 368
526 383
526 379
519 390
524 394
524 397
523 403
524 409
523 417
527 422
524 429
522 438
524 444
521 448
524 453
526 459
527 464
522 468
527 471
525 477
525 480
527 485
524 490
525 503
523 500
521 515
526 512
521 521
524 527
524 534
525 540
525 548
526 553
525 561
536 553
531 570
527 570
527 580
523 584
524 589
524 593
524 598
521 605
526 609
521 653
523 655
521 660
525 665
