524 193
526 196
524 197
524 201
525 205
524 211
525 216
524 219
525 226
524 231
525 238
524 245
525 246
523 249
525 253
524 260
524 265
525 266
524 273
525 279
524 285
521 292
525 296
525 298
527 306
524 318
525 315
524 318
524 326
524 331
526 335
524 343
525 348
524 351
524 358
525 364
524 367
525 373
524 378
525 383
525 387
525 392
524 399
524 405
523 410
528 416
524 425
524 432
525 438
524 447
525 450
525 457
525 460
526 466
524 469
524 473
524 478
525 788
525 784
525 780
525 774
525 767
523 763
524 760
524 753
525 749
525 743
525 737
524 732
525 727
525 722
524 717
525 711
525 705
524 700
524 695
524 690
524 686
524 676
524 674
524 669
525 665
524 659
528 661
524 647
524 641
524 633
525 627
525 619
525 612
525 606
524 600
524 595
526 589
525 587
526 581
524 579
525 569
525 569
524 564
526 559
525 553
526 546
526 542
527 534
525 528
524 522
526 514
523 509
526 501
523 497
525 491
524 487
524 482
524 339
524 343
524 347
525 349
525 354
524 362
525 364
525 369
524 375
523 378
524 384
524 389
525 396
524 403
523 411
525 414
534 418
525 429
524 436
524 443
523 449
524 453
523 460
525 463
525 468
524 474
526 474
522 483
525 484
524 491
527 494
524 502
522 507
524 513
521 521
526 527
524 535
525 540
524 547
524 552
524 558
524 564
525 568
525 573
524 573
523 583
523 588
524 593
522 598
523 600
524 610
525 613
525 621
524 628
525 634
524 641
525 647
414 893
409 894
440 896
441 898
467 902
441 911
410 904
452 909
469 906
465 911
431 909
442 911
454 913
472 914
446 915
443 916
469 918
469 918
466 920
437 921
470 922
483 924
454 924
482 926
482 927
461 927
466 928
477 929
468 929
486 930
486 931
477 931
475 931
502 932
494 931
477 932
473 932
513 932
506 932
496 931
491 936
500 929
514 933
498 929
504 930
520 930
504 932
513 926
503 926
521 925
522 924
526 919
526 920
524 917
524 915
526 914
524 913
525 875
524 872
524 871
525 867
525 866
523 862
520 856
527 855
522 851
527 844
521 840
526 834
522 828
521 830
523 814
526 814
522 804
519 804
524 799
525 796
525 791
525 786
524 780
525 777
525 771
524 764
525 760
525 755
525 749
524 745
524 736
524 736
524 728
524 721
525 719
524 714
525 705
525 702
524 695
524 690
524 689
524 681
526 677
525 674
524 666
525 662
524 656
526 655
524 643
525 635
525 630
526 622
525 615
525 607
525 602
523 598
526 503
528 499
525 496
524 492
528 487
525 483
529 477
524 475
528 469
524 465
526 458
524 453
530 447
525 443
527 434
523 430
526 422
523 418
526 410
523 401
526 399
524 395
525 388
524 382
526 374
526 369
524 364
526 359
526 355
525 349
524 343
525 339
527 334
525 329
525 325
526 319
525 317
525 312
525 306
525 302
526 297
525 293
525 289
525 285
524 281
526 276
524 272
524 267
530 264
643 261
649 257
671 252
690 249
649 243
686 239
687 235
632 229
656 175
647 172
653 170
648 168
637 164
666 163
624 162
608 157
604 156
618 154
616 152
596 151
631 150
596 148
584 146
573 142
580 143
618 141
604 139
612 138
583 138
585 136
604 135
557 134
586 131
585 130
624 131
576 130
586 127
606 127
575 127
567 124
561 124
568 123
594 123
563 122
552 123
563 122
563 123
586 122
546 121
532 121
591 121
553 120
563 121
545 122
532 122
559 122
541 122
525 122
531 122
548 123
523 126
530 125
525 129
527 127
525 133
525 155
524 157
524 158
524 160
524 162
524 168
524 169
524 172
525 173
525 178
524 179
525 183
525 186
524 190
524 194
524 197
525 201
524 207
525 211
524 215
526 219
525 227
524 234
524 238
522 241
525 247
525 249
525 256
525 261
524 265
524 268
525 275
524 281
524 286
524 291
524 295
525 299
525 307
524 312
526 316
525 323
524 327
525 332
525 337
524 342
525 348
524 353
525 358
524 364
525 368
525 371
525 380
524 383
525 388
525 394
524 399
524 406
524 505
526 510
525 514
525 519
525 523
522 531
525 537
524 545
524 549
527 557
525 562
523 567
521 572
523 576
525 580
522 586
523 591
525 595
525 603
526 607
528 613
518 616
526 627
525 633
527 639
525 643
524 650
525 654
525 662
524 667
525 675
524 679
525 684
523 691
524 697
524 700
525 706
525 711
524 716
525 720
525 726
524 731
525 734
523 741
526 744
523 749
525 753
525 757
524 762
526 766
524 770
523 775
532 769
522 782
522 789
447 787
394 796
424 866
391 867
363 870
389 873
397 877
410 879
407 883
393 887
412 889
445 892
432 895
413 894
404 904
444 901
477 916
432 907
460 908
415 906
470 920
435 910
453 912
441 913
458 915
475 915
444 916
472 918
455 920
489 921
432 922
481 922
468 924
468 925
425 927
455 926
493 928
475 930
460 930
467 930
484 931
486 931
504 931
446 931
507 932
497 933
482 932
497 932
479 932
526 932
493 933
484 930
515 932
500 933
515 932
463 928
514 933
506 933
522 931
526 850
526 852
528 845
527 843
526 835
527 830
526 822
519 822
523 818
527 813
525 808
524 800
525 797
524 793
524 788
524 782
524 777
524 772
525 766
524 762
525 758
525 752
525 749
525 743
525 737
524 732
525 726
525 721
524 717
524 710
525 703
525 698
525 694
525 689
525 686
524 679
525 674
525 670
525 663
525 657
525 651
523 649
524 638
526 632
525 627
525 617
524 613
524 607
525 599
524 601
524 588
524 589
525 579
524 580
524 574
523 568
525 563
524 544
524 538
525 533
525 528
527 519
524 515
527 506
523 503
528 495
524 492
525 484
524 481
527 475
525 470
523 466
525 460
524 457
528 448
524 445
527 437
524 433
527 425
525 420
525 413
527 407
525 402
526 396
525 390
525 385
525 379
527 373
524 368
527 361
524 357
527 350
524 346
526 341
524 337
523 332
524 327
526 321
525 317
523 312
525 308
525 303
526 300
525 296
524 292
524 288
526 282
525 278
523 275
524 270
528 264
647 262
653 258
646 258
647 227
644 223
678 225
670 217
678 213
652 210
623 207
668 202
654 200
642 197
638 195
642 189
677 187
638 182
650 180
651 175
641 174
661 172
641 167
627 164
649 162
629 159
626 157
587 155
604 152
630 152
585 150
603 148
581 146
622 145
586 151
581 142
592 141
606 139
631 138
558 137
588 136
596 134
608 132
581 133
578 128
607 130
583 128
577 128
576 127
588 126
592 125
560 124
563 125
556 123
610 123
553 124
540 123
580 121
553 121
554 122
562 120
538 122
546 122
516 124
537 122
546 127
524 131
516 131
524 129
525 135
526 134
524 137
523 138
525 140
525 148
525 142
526 144
525 145
525 146
525 150
524 151
524 154
524 156
525 160
522 161
524 165
525 167
525 170
526 173
525 175
524 178
525 182
524 184
525 186
523 191
524 195
524 202
525 202
524 209
524 214
524 220
525 226
524 230
524 235
524 244
522 245
525 249
525 253
525 258
520 264
525 269
525 273
525 277
524 282
525 290
525 295
524 299
525 334
525 338
525 341
525 346
525 349
525 357
524 361
524 366
525 372
525 376
524 381
529 387
525 392
524 397
524 403
524 410
523 417
518 422
513 438
524 438
525 444
525 450
525 455
524 460
523 464
525 468
524 474
525 477
525 481
524 486
526 490
523 497
524 503
527 508
523 516
525 520
522 529
525 534
522 541
525 551
527 553
525 559
526 563
524 571
529 572
524 581
526 582
525 590
527 593
525 602
525 605
523 604
522 612
524 624
522 630
526 635
523 642
524 684
522 687
522 690
522 694
524 699
523 705
524 709
525 716
525 722
524 723
525 728
525 733
523 736
523 743
525 747
525 752
525 755
524 760
523 764
525 768
524 773
524 777
527 784
522 789
508 791
447 798
421 796
367 803
400 804
388 809
349 814
376 818
375 822
393 826
397 831
371 834
374 838
379 842
413 845
393 848
408 851
401 856
432 859
390 862
374 864
421 870
403 872
410 875
391 878
389 882
428 886
407 889
405 890
433 896
420 896
457 898
399 900
411 920
459 921
456 923
487 922
460 924
443 925
492 925
442 934
473 927
484 936
472 929
501 929
464 930
486 932
484 930
481 933
492 932
475 932
503 931
501 932
495 932
476 932
484 931
508 933
503 937
467 937
518 933
497 930
525 931
505 930
520 930
521 921
523 926
524 922
524 922
524 918
524 919
529 915
524 916
525 913
525 913
525 911
525 913
524 908
524 908
525 904
525 901
524 899
524 896
524 894
524 890
525 889
524 884
525 883
524 886
527 877
525 875
524 823
528 810
523 807
524 803
525 798
525 794
525 789
525 786
524 777
525 772
523 768
525 766
524 761
524 754
525 748
524 746
525 746
525 733
525 734
525 723
525 719
524 712
525 709
525 703
524 698
524 690
525 688
524 683
525 676
525 672
525 666
524 660
524 656
527 648
526 645
524 635
525 629
524 622
525 612
523 610
524 602
523 597
524 591
527 586
525 585
525 578
524 575
524 570
525 566
525 561
530 554
525 552
525 541
524 544
524 529
523 524
526 517
524 439
525 439
523 433
527 424
524 416
527 409
524 405
528 397
523 393
526 387
524 381
525 374
523 370
525 364
524 360
524 353
527 352
525 343
526 342
523 335
525 329
524 325
525 319
526 315
528 315
525 305
525 302
525 295
525 295
525 288
525 284
525 280
525 275
525 271
525 267
569 264
666 260
672 255
673 251
644 248
669 243
679 240
659 235
660 232
676 226
679 225
662 219
660 220
654 211
680 207
647 203
642 203
636 192
650 194
645 192
638 189
657 184
606 157
591 156
611 155
600 154
593 151
604 150
597 148
611 147
597 144
618 144
571 145
612 141
564 140
604 139
626 138
585 136
585 135
543 133
612 132
573 131
592 130
586 129
584 133
587 126
560 126
565 125
576 124
605 124
561 124
560 123
574 124
586 123
554 122
544 122
547 122
566 121
542 121
534 115
562 121
577 121
549 122
561 122
531 123
590 123
527 123
551 124
525 126
527 125
525 129
525 130
526 133
525 133
524 136
525 138
525 140
525 141
524 140
520 180
524 183
524 186
525 190
525 192
524 198
524 201
526 206
524 211
525 215
524 221
524 228
524 232
525 236
525 242
516 248
524 259
524 256
525 269
524 265
524 274
526 276
524 281
524 286
525 291
524 297
525 302
523 307
524 311
524 317
525 323
525 329
524 334
528 339
525 343
525 348
524 354
524 359
525 366
524 368
525 373
525 381
524 385
526 388
524 396
525 400
524 406
524 414
525 421
526 421
526 435
524 441
524 447
524 454
525 459
525 464
524 468
524 561
524 559
525 560
519 569
525 571
524 577
526 581
524 586
524 591
524 598
526 602
524 610
524 614
530 611
528 625
523 634
524 639
524 645
525 651
524 656
525 663
523 668
525 674
522 679
526 686
524 691
524 696
523 702
523 707
525 711
524 717
525 720
524 726
521 731
525 735
523 741
525 745
524 749
523 753
525 757
525 761
522 767
525 771
525 775
511 782
516 785
526 787
416 792
411 791
409 798
382 802
359 806
387 812
376 817
378 821
387 824
393 834
397 884
411 887
424 889
410 892
436 894
403 897
453 900
406 900
432 904
472 913
469 909
453 911
420 912
469 910
468 912
471 913
447 916
462 916
479 918
454 918
429 919
455 921
482 921
469 922
466 924
446 931
475 927
460 927
480 928
471 929
473 929
488 929
492 931
467 931
489 932
505 931
478 932
484 932
501 932
493 933
481 932
485 932
511 934
505 935
511 932
477 937
530 934
485 931
521 930
467 923
515 928
522 925
525 923
523 924
523 920
524 919
525 902
524 897
527 896
524 895
524 893
525 889
525 886
524 883
524 881
524 879
526 876
525 872
524 870
524 864
525 863
524 858
512 851
526 848
527 844
528 840
524 836
514 830
526 821
525 814
525 814
530 810
524 808
512 803
526 798
525 791
524 787
525 782
524 778
524 770
525 769
524 763
524 757
525 751
525 746
525 742
525 738
525 730
524 725
525 721
519 715
524 708
525 705
525 698
524 693
525 690
524 684
525 679
525 675
525 669
525 663
525 657
525 650
525 543
524 540
524 536
525 534
529 525
525 520
526 512
523 506
524 501
530 494
525 492
530 483
525 487
529 473
524 471
525 465
525 461
526 455
526 448
525 444
526 437
524 431
527 424
525 419
525 412
524 406
526 402
524 395
526 389
525 383
526 378
527 373
524 369
527 361
525 355
526 349
523 346
525 341
526 340
524 333
529 324
524 322
525 317
525 310
524 308
524 302
525 298
524 295
526 291
526 286
524 282
525 278
525 272
525 267
525 264
569 262
653 258
667 186
642 183
663 180
673 177
636 173
627 170
642 167
651 165
587 162
612 160
636 157
634 160
620 154
585 156
591 150
600 148
611 148
613 145
629 142
599 142
584 140
572 138
588 137
607 140
601 135
572 134
589 133
603 132
575 129
581 129
563 128
586 127
574 127
580 125
582 125
602 124
570 125
562 124
560 122
548 125
585 122
551 122
555 120
557 122
570 121
534 122
552 123
537 122
552 120
584 123
525 120
536 123
544 122
551 123
535 127
522 126
525 130
526 164
524 164
524 167
524 170
524 173
525 175
525 179
524 185
527 185
524 189
524 191
525 198
525 201
525 205
523 210
524 215
524 219
525 223
525 232
524 237
524 241
526 246
522 250
525 254
525 263
525 264
525 267
525 273
525 280
524 283
523 289
525 294
524 300
524 303
525 311
523 315
524 320
524 326
524 329
524 336
524 343
524 346
525 350
523 357
525 362
524 367
524 372
524 375
525 382
525 388
525 392
525 397
524 405
524 410
524 415
523 426
524 425
525 456
525 463
524 460
525 467
525 468
524 474
523 478
524 480
522 490
524 489
524 498
526 503
524 511
524 514
524 521
523 530
528 534
522 544
526 547
523 556
525 564
524 565
524 568
525 575
524 580
524 584
524 591
525 594
522 601
525 606
523 612
525 611
523 620
510 629
525 637
525 642
524 649
525 655
525 660
524 666
524 673
524 677
525 684
524 689
524 695
524 699
522 704
525 708
523 714
524 718
525 723
523 734
526 733
525 739
523 743
526 745
523 754
525 783
521 795
487 786
402 793
402 801
385 801
390 806
359 811
370 815
403 818
404 822
366 826
362 832
378 835
385 839
390 843
373 846
405 850
407 853
403 856
390 859
409 862
420 865
406 869
414 872
405 875
403 878
397 882
415 885
402 889
416 891
402 895
414 896
433 897
459 901
462 899
413 903
456 907
449 909
485 909
421 909
449 911
458 913
470 914
457 916
444 917
471 918
478 920
441 921
423 921
484 923
475 924
468 925
467 926
484 927
474 928
474 929
487 932
489 932
489 932
473 933
510 932
512 933
477 937
493 932
492 944
527 930
495 941
512 931
506 934
521 929
514 939
520 924
528 928
526 922
524 922
524 917
524 915
523 915
524 916
524 912
525 913
525 911
521 911
524 908
525 907
525 904
525 901
525 899
525 898
524 893
524 890
523 888
524 882
524 883
524 878
525 877
525 874
524 871
525 867
524 865
525 860
525 858
523 850
524 853
531 841
524 839
526 832
523 832
528 827
522 817
526 817
521 807
526 802
525 912
524 911
525 910
525 908
524 906
524 903
524 901
524 899
524 896
525 894
524 890
525 889
525 885
524 883
525 881
525 878
521 875
527 872
525 869
525 865
524 862
524 859
526 855
524 851
528 837
521 838
526 835
522 832
522 824
521 818
526 814
524 808
522 809
524 806
526 799
526 791
523 782
525 781
524 774
524 769
526 765
525 762
523 757
525 752
525 745
524 741
524 737
525 730
524 724
524 719
525 715
525 708
525 704
524 699
524 695
524 689
525 684
524 526
524 522
525 519
526 511
524 507
525 501
526 494
524 490
527 483
524 481
527 473
525 471
526 464
523 455
527 453
521 449
527 441
522 436
528 429
524 424
528 418
524 412
527 406
527 401
527 394
526 388
524 383
527 377
525 372
526 366
524 361
526 355
524 350
525 345
523 341
525 335
525 328
526 326
524 321
525 316
526 311
525 306
524 302
525 299
525 294
525 291
525 285
525 281
524 277
525 271
528 265
572 265
651 261
659 257
648 253
673 249
682 142
614 143
597 141
603 140
593 140
584 138
560 136
597 135
606 135
583 132
577 132
586 130
576 129
597 127
553 127
597 125
606 125
551 125
564 123
570 123
557 123
586 123
541 123
554 120
578 121
538 121
578 122
533 121
568 121
574 122
534 122
571 122
546 124
580 121
533 123
545 124
532 123
551 123
530 126
526 127
524 129
525 132
528 135
525 137
526 137
524 136
525 140
524 141
525 141
524 144
524 146
524 147
524 149
525 151
524 155
524 157
523 159
525 216
521 217
525 219
525 223
525 231
525 231
525 242
524 246
524 249
525 253
525 262
524 265
525 269
525 273
525 278
524 286
524 290
524 296
525 299
524 302
524 310
525 315
524 320
528 326
525 331
525 332
524 341
525 348
525 351
524 355
525 363
525 366
526 372
525 379
525 383
523 388
524 394
525 398
524 404
525 413
524 414
524 425
523 433
523 440
524 446
524 452
524 455
523 463
525 465
524 471
526 473
525 479
524 482
524 487
525 492
525 497
524 503
525 590
520 593
521 597
525 600
525 606
524 612
524 618
523 627
524 632
522 638
524 642
523 650
524 654
520 664
524 666
521 674
525 677
522 684
524 689
525 694
524 701
524 704
521 711
525 713
525 720
526 723
525 724
522 734
524 739
523 743
524 741
525 752
525 756
524 760
524 765
524 768
526 773
524 778
524 778
518 790
474 790
403 793
384 796
375 803
393 807
411 809
370 814
371 818
383 822
401 825
355 830
366 836
393 838
389 842
395 846
387 849
406 852
400 885
421 888
428 892
408 891
423 894
434 896
421 899
449 900
439 912
441 910
444 909
442 906
452 913
482 909
426 912
447 913
474 914
456 914
435 918
462 915
471 919
483 921
473 922
440 922
452 924
483 925
471 925
454 927
471 928
485 928
480 929
449 929
466 930
510 928
497 930
495 929
474 932
512 932
490 933
496 932
473 932
506 932
484 931
513 932
446 932
520 938
480 931
518 930
478 929
506 932
525 926
500 929
524 929
524 925
525 920
524 916
524 916
525 875
525 879
525 876
525 872
525 871
524 864
524 865
523 860
525 858
522 850
526 850
529 843
526 837
534 831
523 825
526 827
522 816
523 813
525 805
528 804
524 797
525 796
525 789
525 782
525 779
524 773
524 766
524 763
525 759
524 754
526 750
525 743
526 737
525 734
525 724
525 721
524 716
524 711
525 702
525 701
524 696
525 690
524 687
525 682
525 674
525 671
526 665
524 662
524 654
526 646
524 641
525 629
524 626
525 614
520 613
525 606
525 601
526 519
525 513
524 510
524 501
526 493
525 490
523 486
525 481
525 473
524 473
527 465
524 462
525 459
524 452
528 444
525 439
530 432
526 427
526 421
526 415
526 409
527 404
525 398
527 390
525 386
527 378
525 376
527 367
521 363
528 356
524 352
525 347
527 341
524 339
526 332
524 330
524 323
525 318
524 314
525 309
524 305
524 300
525 297
525 292
526 286
523 283
525 279
525 277
524 269
525 266
533 263
650 260
654 256
656 250
667 247
673 243
656 239
624 174
657 170
639 168
621 163
628 161
646 158
640 157
597 155
593 151
624 152
637 150
617 148
593 147
594 150
599 142
578 141
595 142
601 140
615 138
570 137
592 135
577 135
606 133
581 132
570 131
598 129
601 129
601 127
577 127
573 126
594 126
554 124
580 123
557 123
565 124
562 122
576 123
564 122
561 122
556 121
582 122
546 121
552 122
549 121
570 121
534 122
536 121
569 124
525 124
561 123
520 126
537 126
524 128
526 127
525 133
526 133
525 135
525 156
524 157
524 158
525 156
523 164
525 166
525 168
525 172
525 175
525 179
524 180
525 183
524 186
525 191
525 194
525 198
527 203
524 207
524 214
524 218
526 223
525 228
525 233
525 239
525 243
524 249
525 253
523 258
524 264
525 268
524 272
525 277
524 281
525 286
525 294
525 298
524 302
525 308
525 314
524 318
524 324
525 325
525 333
524 342
524 345
524 345
524 355
525 361
523 365
524 370
525 374
524 380
524 386
525 391
524 396
525 402
525 409
524 522
522 527
525 534
526 542
525 545
523 554
527 556
522 564
526 567
525 574
526 577
522 583
524 587
523 593
525 598
523 604
525 611
526 616
524 623
523 630
537 633
524 641
525 647
524 652
525 659
528 664
525 671
525 676
525 682
522 687
524 693
522 697
524 703
524 707
524 712
524 716
524 723
525 726
524 732
523 738
526 741
524 747
524 751
524 755
524 760
524 763
524 768
523 771
526 776
523 780
525 784
523 789
414 803
420 795
377 802
389 800
405 878
420 880
432 883
431 889
374 888
419 886
435 894
437 896
444 898
407 900
436 900
458 908
462 902
460 905
447 906
437 910
453 910
448 911
440 914
467 915
493 916
432 918
448 919
475 920
469 917
462 922
486 923
448 924
472 926
481 927
449 927
463 929
477 929
497 930
455 930
457 930
519 930
476 929
482 931
467 931
492 932
509 929
514 933
462 933
500 933
519 932
486 931
501 932
494 929
511 934
503 936
486 931
530 928
503 926
519 925
518 920
523 921
524 843
524 822
528 835
522 818
529 815
524 810
528 805
523 810
530 791
523 800
525 786
525 781
525 776
524 769
524 766
524 761
525 755
520 749
522 746
524 740
525 734
524 730
524 723
525 716
524 714
524 709
524 701
524 699
525 692
525 686
524 685
525 675
525 672
524 668
525 661
524 658
524 649
525 643
525 638
525 631
528 624
524 612
524 609
524 600
526 597
524 593
526 588
525 583
525 579
525 576
526 570
525 567
526 562
526 556
522 552
526 544
523 538
526 511
523 506
525 503
528 498
525 494
527 487
525 485
527 481
525 473
524 468
525 463
527 460
529 453
525 444
527 441
525 437
526 429
525 423
524 416
525 411
526 404
525 394
525 393
525 389
525 381
523 377
526 369
525 366
525 360
526 354
524 350
526 344
524 340
526 335
527 328
524 325
525 320
525 315
525 312
526 305
526 302
524 300
526 291
524 289
525 282
526 280
524 275
524 272
525 264
531 264
642 256
668 256
669 254
637 249
671 246
674 240
649 237
655 207
617 206
662 202
644 199
647 196
657 192
634 188
633 186
657 183
638 178
653 176
636 173
670 168
621 166
620 166
627 159
630 153
645 156
598 153
597 152
615 151
608 149
598 148
576 147
616 144
614 143
591 142
580 141
