855 242
839 239
825 236
801 239
832 231
832 226
786 222
822 218
813 214
780 210
773 207
738 204
767 200
775 197
759 194
761 190
771 187
773 184
772 182
746 177
796 173
790 170
757 168
745 165
719 162
729 159
718 158
700 155
712 159
663 151
682 150
701 149
669 147
696 144
667 145
657 141
640 141
672 139
653 138
644 136
669 136
655 134
651 133
641 132
631 129
644 129
645 128
637 126
624 126
646 125
621 124
650 124
616 123
598 125
591 122
651 123
610 122
294 873
280 876
286 879
291 882
289 884
290 888
273 891
320 894
364 896
334 899
341 900
348 903
368 903
403 906
336 905
374 907
415 907
377 913
379 913
371 914
436 915
389 917
421 919
378 920
367 921
414 922
406 923
414 923
391 925
455 932
403 927
412 933
395 929
440 929
460 930
427 931
453 930
449 932
420 932
463 930
443 932
432 933
465 932
456 935
453 932
473 932
510 932
461 931
491 927
441 932
472 927
476 933
477 929
511 931
444 924
522 925
519 922
748 161
759 160
684 158
748 153
722 154
674 153
665 150
671 149
686 147
683 146
702 143
673 142
681 139
643 140
654 137
644 137
649 141
644 135
626 138
680 131
652 132
636 129
646 129
610 129
663 127
643 127
626 125
647 125
621 124
606 125
607 125
561 125
636 122
603 123
577 122
594 121
630 120
581 121
616 123
554 121
592 120
601 122
566 122
565 122
560 123
562 124
553 124
536 125
531 128
526 130
528 131
525 134
526 135
525 137
525 137
525 140
525 140
525 372
526 376
525 381
524 384
525 390
524 396
524 400
524 408
525 413
524 427
525 428
525 436
524 442
524 448
524 455
525 459
524 463
525 468
524 465
525 477
525 479
526 486
525 489
524 496
523 500
524 507
525 514
524 518
524 529
524 532
525 542
525 545
524 554
525 560
525 563
523 569
526 572
524 580
525 583
523 588
524 592
523 602
524 604
522 612
526 615
523 625
525 632
523 636
524 645
527 648
525 653
524 659
525 665
525 669
523 677
526 682
524 687
525 774
525 775
525 780
522 786
517 788
403 793
189 792
192 797
214 802
228 806
261 812
217 810
274 819
240 823
216 826
234 831
249 836
257 840
230 843
258 847
279 850
279 854
264 857
286 860
295 863
312 867
277 869
261 873
266 877
279 880
304 888
270 887
278 890
284 892
321 894
371 893
357 899
334 901
351 902
383 904
360 906
377 909
396 907
380 911
398 917
390 914
360 915
387 916
397 918
419 919
356 920
389 921
400 923
426 924
433 924
387 926
425 932
470 932
459 938
480 931
440 932
503 931
505 927
493 931
511 928
526 925
524 924
523 921
524 919
524 918
524 917
524 914
524 913
524 912
524 911
524 910
523 908
525 905
524 903
525 901
524 899
525 897
526 894
525 892
525 888
523 885
524 885
524 880
525 880
523 873
524 873
525 869
524 865
525 862
523 859
524 851
526 848
527 841
519 840
525 831
524 827
527 826
523 822
527 813
522 810
523 805
524 799
525 797
524 790
525 785
525 778
525 774
524 770
525 677
524 675
524 671
524 667
525 662
524 653
522 649
521 643
523 639
520 632
526 621
519 616
521 606
526 603
524 599
529 591
525 588
524 585
525 579
525 576
524 571
525 565
524 561
525 555
523 550
524 545
525 537
525 531
525 524
524 518
524 511
524 504
524 499
524 493
524 488
527 483
525 479
525 475
523 467
524 466
524 458
524 452
525 445
524 441
524 435
524 427
523 423
525 417
525 411
524 405
525 399
525 394
524 387
525 383
524 376
525 371
524 364
524 305
525 303
524 301
523 297
524 294
525 289
525 284
525 285
526 275
524 271
528 267
536 263
633 262
667 260
906 257
862 253
887 247
822 242
821 238
812 234
826 229
793 225
815 221
808 217
796 213
783 209
761 207
769 203
742 200
766 196
773 193
774 189
765 186
758 182
776 179
784 175
760 176
749 169
746 166
766 163
732 160
693 159
696 155
726 154
733 158
675 151
653 149
669 147
691 144
673 145
664 143
687 141
651 140
641 139
643 137
642 135
659 135
661 121
572 121
589 123
566 121
554 122
609 121
556 122
577 123
519 123
575 123
525 126
531 126
523 129
526 130
525 133
525 135
526 136
525 137
526 138
523 140
525 141
524 142
524 144
525 146
527 150
524 148
525 152
525 154
524 158
524 159
525 163
523 166
525 169
524 172
524 175
525 177
525 180
525 182
523 187
526 190
525 193
524 196
526 200
525 205
524 211
524 216
524 220
524 226
524 231
523 235
525 243
524 247
524 251
524 256
525 260
525 266
525 271
525 367
524 369
525 373
525 376
525 382
525 388
525 393
524 398
526 404
525 413
524 419
525 425
524 434
525 438
524 448
524 451
527 457
524 462
525 465
524 471
524 474
525 477
524 483
523 488
524 493
524 498
526 508
524 511
525 517
525 526
525 529
524 537
524 543
525 549
525 556
525 562
526 567
524 572
524 577
525 581
524 585
523 592
525 596
523 603
523 609
525 614
524 621
523 627
524 632
523 637
525 640
540 650
532 657
524 663
524 668
524 674
525 680
214 829
229 832
218 836
251 836
258 842
240 846
285 849
282 853
297 856
271 858
270 862
309 866
288 869
249 872
258 876
273 879
289 883
296 886
275 889
300 892
295 894
364 896
343 899
344 901
362 903
359 905
370 907
400 909
377 906
387 902
389 912
396 916
399 915
362 916
393 917
401 918
409 919
411 920
357 923
413 922
422 924
435 925
371 925
440 926
406 927
458 929
403 929
386 929
445 930
458 931
446 931
448 931
430 932
441 932
503 932
418 932
470 933
465 932
460 931
493 931
470 931
505 931
494 931
517 931
520 927
519 924
520 923
524 923
525 920
524 919
524 917
525 916
525 913
524 912
528 913
525 911
524 911
525 907
524 906
525 904
525 900
525 896
523 896
524 894
523 890
524 887
525 884
523 882
525 880
524 876
524 872
524 871
524 867
524 863
524 859
524 857
523 854
529 841
526 842
526 835
524 832
526 824
526 824
524 813
526 814
524 807
524 801
523 796
525 793
524 788
525 782
524 777
524 772
525 766
525 724
524 721
524 716
524 710
525 704
524 699
525 695
524 690
525 686
524 680
525 674
525 669
525 664
525 659
528 651
522 645
527 636
531 631
520 617
522 617
523 614
524 605
523 600
523 599
527 587
524 586
524 579
525 577
524 574
524 567
524 564
525 558
525 553
524 548
524 540
524 535
524 526
524 522
524 513
524 509
525 499
525 495
524 489
525 485
525 479
525 476
526 470
525 466
524 460
525 455
526 449
524 443
525 437
523 431
538 424
530 418
526 412
525 366
524 359
524 356
525 351
526 346
525 341
526 336
524 332
524 327
526 319
524 318
525 311
524 308
524 304
525 298
524 296
523 291
525 288
525 281
525 279
524 272
527 268
536 264
646 263
645 258
892 259
861 253
876 248
845 244
798 241
797 235
846 231
804 227
838 223
809 219
814 215
812 211
761 208
757 204
766 201
751 198
761 194
774 192
743 187
760 185
785 181
779 177
779 174
753 171
756 168
779 164
763 162
731 160
695 157
682 155
696 152
720 141
614 139
634 138
656 138
639 137
631 136
667 134
662 133
633 131
621 130
659 129
637 128
674 126
621 127
605 126
627 124
612 125
639 122
611 124
596 122
626 123
596 122
622 122
626 122
549 122
591 121
582 122
579 122
605 122
542 123
578 120
572 125
578 122
534 123
542 123
575 125
522 124
529 127
525 130
526 131
525 133
525 136
526 136
525 139
525 139
525 141
524 141
525 144
525 142
524 149
525 146
524 153
525 153
525 156
526 159
526 161
524 165
525 190
526 193
525 195
526 198
526 201
525 207
525 214
525 219
526 224
524 230
523 234
525 239
524 244
526 250
525 256
524 252
525 263
524 268
528 272
524 278
525 282
525 287
525 294
524 299
525 301
525 308
526 312
524 318
524 325
525 329
523 334
525 341
524 345
525 350
525 357
524 360
524 365
524 372
524 376
523 380
526 386
525 391
525 396
525 403
524 405
525 417
524 420
523 430
525 438
524 444
524 450
525 455
518 460
524 465
524 469
524 469
524 478
524 560
524 567
523 570
524 574
524 581
524 583
524 591
525 593
523 599
524 606
524 610
523 619
527 621
524 633
524 634
522 639
526 647
521 650
525 658
523 665
525 670
524 677
523 682
525 688
524 695
524 698
523 706
525 709
525 713
523 718
525 722
524 728
523 733
525 737
524 743
523 747
524 750
523 757
526 760
524 763
524 768
525 772
524 777
523 781
524 785
485 789
428 790
198 791
182 798
192 803
218 808
230 818
228 813
258 820
224 822
229 828
232 831
228 881
223 884
222 886
306 887
269 888
319 893
325 893
333 898
349 900
354 902
393 904
371 905
358 901
351 907
397 915
388 924
375 914
416 915
391 919
416 916
383 918
403 918
397 920
391 921
399 921
394 923
432 923
412 925
434 929
409 928
438 928
429 929
426 930
389 930
481 930
457 932
463 931
440 931
448 931
475 932
470 933
451 932
430 932
497 931
466 932
499 932
449 932
478 932
478 926
490 931
492 928
514 925
521 926
528 939
521 919
523 920
523 919
523 892
524 891
525 888
524 886
524 883
524 880
525 876
524 875
525 871
524 870
525 865
523 862
524 856
525 853
525 848
526 843
524 842
524 833
518 827
525 822
521 823
522 815
526 806
524 805
524 800
525 793
525 789
524 785
523 780
525 773
524 769
524 764
525 759
525 755
525 748
524 744
524 741
524 734
525 727
524 724
524 719
524 711
525 708
523 703
525 697
525 691
523 686
525 681
524 678
524 667
525 667
524 660
525 657
522 647
524 642
527 636
525 627
524 571
524 568
525 564
524 562
523 555
524 550
525 542
524 537
525 529
524 522
525 516
524 509
524 504
523 497
523 493
524 487
524 482
526 477
524 473
525 468
524 462
525 457
526 452
526 447
524 440
525 433
524 429
526 426
525 416
525 408
523 403
525 397
523 392
526 386
525 381
524 375
527 369
524 364
526 358
524 354
525 346
525 343
525 338
525 334
524 329
525 324
525 319
524 315
526 310
525 304
523 301
525 297
525 292
524 289
524 285
526 281
526 275
772 211
771 208
744 206
750 201
774 200
745 196
759 194
765 189
743 186
800 182
772 180
751 175
772 170
779 168
761 166
738 163
733 160
723 159
710 155
711 154
676 153
704 150
684 149
673 148
668 147
667 144
687 143
644 141
677 140
660 138
647 137
643 136
640 135
651 134
663 133
637 131
636 130
647 129
662 129
622 127
634 125
591 124
679 126
585 125
616 123
588 124
592 123
630 122
597 122
608 123
579 122
562 123
625 122
589 118
570 122
579 122
556 124
524 143
525 145
525 145
526 148
526 151
524 153
525 154
526 158
525 162
524 163
525 166
525 168
525 170
523 176
525 179
524 180
524 185
524 185
526 189
525 193
525 197
522 203
529 207
525 212
524 216
526 221
525 226
525 233
525 239
524 243
524 246
524 253
524 256
525 262
524 269
525 271
525 273
524 281
525 287
525 291
524 295
525 301
524 310
525 312
525 317
524 321
524 325
525 333
525 338
524 344
524 344
524 354
525 358
525 364
524 369
524 373
524 377
524 478
525 479
524 483
524 488
524 494
524 499
524 506
524 510
525 519
525 524
526 531
524 538
525 547
525 550
524 558
525 562
525 567
525 572
525 577
525 581
520 588
525 593
525 598
522 606
525 609
524 615
524 621
525 628
525 633
525 640
524 646
525 652
529 659
523 658
524 669
525 673
525 681
524 686
525 691
524 698
526 702
524 709
526 712
525 716
524 720
525 720
523 733
525 730
524 740
523 745
525 749
524 755
525 758
524 762
525 767
524 770
524 823
227 829
235 831
244 835
246 838
238 842
288 846
254 849
260 853
288 856
293 855
264 863
280 862
305 870
282 874
280 876
264 880
262 884
303 886
308 889
281 892
313 894
367 897
345 898
354 901
333 903
393 904
330 906
359 907
392 909
401 910
400 912
379 926
391 916
380 917
402 917
426 919
359 920
390 922
411 922
412 923
387 924
424 924
430 926
396 927
410 928
454 928
422 930
441 929
434 929
435 931
425 931
481 931
454 931
448 932
481 932
477 932
431 911
524 911
525 910
525 910
525 910
524 906
525 905
524 903
525 900
524 899
524 894
524 893
525 889
524 887
525 884
524 882
524 878
524 876
524 873
523 870
525 868
524 864
523 860
524 855
524 851
524 845
524 841
523 833
521 835
523 832
526 822
527 812
524 807
528 806
525 802
524 797
525 791
524 787
523 782
524 775
525 772
524 766
525 760
525 757
525 750
525 748
525 740
525 738
524 733
524 724
525 720
524 716
525 708
524 704
524 698
524 694
524 689
524 570
524 568
525 565
524 562
525 555
525 552
524 545
524 540
524 531
524 528
524 518
523 515
525 506
518 500
524 493
525 488
524 484
526 479
524 476
526 469
525 466
524 459
524 455
526 447
524 444
526 436
524 431
524 423
523 420
526 410
524 406
523 401
524 396
525 388
525 382
524 378
526 370
524 366
524 361
524 355
525 350
524 344
523 341
528 336
525 331
524 326
527 320
526 317
524 312
525 306
524 303
524 299
524 294
524 290
524 287
524 283
525 276
526 201
792 200
773 198
768 192
742 191
761 187
792 183
765 180
790 178
760 173
774 169
767 166
737 164
730 161
737 159
744 157
704 155
653 153
687 151
714 149
701 148
670 147
634 144
656 143
665 142
676 140
644 139
677 138
664 137
639 134
641 134
644 133
661 133
624 128
619 129
656 129
658 125
637 127
613 125
627 125
611 123
642 125
599 124
620 122
628 124
605 122
609 122
597 122
583 122
617 122
588 124
585 123
580 123
600 121
572 123
575 123
576 122
529 125
533 127
531 129
534 128
525 134
528 133
525 137
525 136
525 140
523 139
524 140
524 142
524 144
527 145
524 147
525 150
525 153
525 155
525 157
524 160
524 162
525 165
525 167
525 170
526 172
526 177
525 179
525 184
525 184
525 190
525 191
523 196
524 201
523 206
524 208
523 216
524 220
525 224
524 228
525 236
525 238
525 245
525 247
525 253
525 259
525 263
525 269
525 274
525 278
525 283
525 288
525 295
524 300
525 305
526 310
524 315
525 321
524 360
524 365
525 365
524 370
525 377
525 381
524 387
525 393
525 397
523 403
525 412
524 417
525 425
525 431
524 440
526 446
524 452
524 456
524 461
528 463
524 469
524 477
525 478
522 483
524 486
522 495
525 497
526 502
524 511
524 515
524 524
526 530
524 537
524 542
525 550
524 557
525 559
522 569
525 569
523 578
525 576
525 588
524 586
522 598
525 598
523 608
525 611
523 619
524 624
525 634
525 637
523 641
525 648
526 646
524 659
521 668
525 673
524 715
524 719
525 724
525 729
524 734
524 739
525 743
524 749
524 752
525 755
524 762
525 765
524 768
524 772
523 779
522 782
523 787
494 790
404 792
238 792
202 798
199 803
190 809
215 815
231 817
220 820
264 825
252 829
249 833
235 837
238 841
257 845
302 849
261 852
273 851
304 857
281 861
293 863
252 867
262 872
313 875
276 878
259 882
261 884
295 888
345 891
315 894
335 896
326 898
330 900
375 903
358 904
379 906
362 906
370 909
367 917
388 910
396 921
395 922
363 923
409 924
388 924
410 926
414 927
409 928
415 929
426 929
443 929
472 932
419 930
443 930
433 931
444 932
484 932
436 932
468 932
464 933
458 932
482 932
458 933
478 929
493 932
474 928
496 933
501 931
461 927
514 929
528 923
524 922
530 926
525 920
524 920
524 917
524 917
524 914
525 914
524 913
524 912
524 910
524 907
525 907
526 903
525 901
525 897
524 896
525 892
523 891
525 886
525 885
524 881
524 880
524 877
524 874
524 870
529 831
525 828
523 822
522 821
529 817
522 807
526 803
525 797
525 795
523 789
524 784
525 779
524 774
524 768
524 764
524 759
525 754
525 750
524 744
525 738
524 735
524 730
524 721
524 716
529 713
525 706
524 702
526 696
525 690
524 686
525 682
524 677
524 671
525 664
524 662
525 655
528 649
523 645
526 634
521 627
526 621
524 613
526 616
524 598
523 596
525 588
525 586
529 578
524 577
524 574
525 568
525 567
525 557
525 555
525 547
524 546
523 460
526 456
525 452
525 444
523 440
525 432
525 427
523 421
520 413
525 409
524 403
526 397
525 392
525 384
523 380
525 373
524 368
525 362
524 358
525 351
523 347
526 341
523 338
524 333
525 328
525 324
524 318
526 310
525 309
524 304
525 300
523 294
525 292
525 287
524 284
526 279
524 275
527 270
531 266
567 265
648 260
827 259
896 256
901 250
878 246
842 240
843 236
826 231
781 228
793 223
831 219
789 215
795 210
755 208
767 205
773 201
776 197
768 154
723 153
711 151
690 150
728 149
693 147
644 145
647 144
667 142
674 141
673 139
651 139
681 137
671 136
650 134
631 133
623 132
639 131
652 129
656 129
653 126
669 126
628 125
629 125
592 123
637 124
605 123
614 123
602 125
606 123
632 120
586 123
597 124
604 122
596 122
555 122
590 122
594 123
617 122
560 125
570 121
543 122
594 123
549 126
544 125
525 128
525 129
525 132
524 133
525 134
525 139
525 139
525 140
524 141
525 141
524 142
525 145
524 183
525 186
526 187
525 191
523 193
525 198
525 201
525 206
524 213
524 217
524 224
524 230
524 235
525 239
525 243
525 248
526 250
525 256
525 260
524 265
523 271
525 278
525 282
525 286
523 291
525 297
524 304
525 308
524 314
525 317
525 321
524 328
523 333
525 340
526 344
525 348
524 357
525 360
525 364
524 371
524 376
525 379
524 383
525 389
524 395
525 401
525 407
525 415
523 421
525 429
525 434
525 443
525 447
524 454
524 460
525 462
524 469
525 520
525 524
525 529
522 533
525 541
525 546
525 554
525 555
525 564
525 567
525 575
525 576
526 584
525 589
524 594
524 598
524 604
522 611
525 615
524 623
524 627
523 635
525 640
524 646
524 652
524 658
538 668
524 671
523 675
525 681
525 686
525 693
524 697
525 703
523 708
525 712
524 718
524 721
524 726
523 731
524 737
525 741
525 745
524 751
523 754
524 758
524 763
524 768
525 770
523 777
523 780
523 784
519 788
405 791
258 792
192 796
204 801
288 866
290 868
268 871
301 870
296 877
279 881
246 884
273 888
332 890
337 893
304 895
282 898
342 900
380 901
369 903
345 905
383 904
390 908
377 910
353 902
384 910
406 913
409 918
413 914
383 917
385 919
408 920
389 921
419 922
395 923
395 924
409 923
446 927
406 927
424 928
386 929
447 929
443 930
475 930
419 930
446 931
441 931
450 932
455 932
412 932
478 932
464 932
470 932
505 934
420 931
507 932
465 931
481 931
482 931
479 932
514 905
507 930
525 896
524 893
525 893
524 890
525 886
524 885
525 882
525 879
523 875
525 872
525 868
525 866
525 861
525 857
526 853
524 850
524 846
520 840
524 833
519 831
527 824
519 822
523 812
524 810
522 793
525 801
524 795
524 791
524 785
525 780
523 777
524 772
525 764
526 760
524 757
524 747
523 746
524 742
524 735
524 730
525 725
524 720
524 714
524 707
524 704
525 699
524 693
524 689
525 682
525 677
524 675
525 667
524 663
524 655
524 651
524 639
526 638
524 548
525 543
524 538
525 532
523 525
525 517
524 511
525 507
525 498
525 494
525 489
524 485
525 478
523 474
524 469
524 464
524 458
524 452
524 448
525 442
523 437
525 433
524 425
524 417
522 413
524 406
526 400
525 393
524 387
525 382
526 376
525 372
526 364
525 361
527 353
524 350
525 344
524 340
524 335
525 331
525 325
523 321
524 315
525 310
524 307
525 301
524 298
525 294
524 290
525 285
524 280
525 278
525 270
531 268
528 264
643 262
665 260
756 204
748 202
747 200
754 198
757 194
778 192
801 187
785 184
785 180
772 175
778 172
756 170
745 166
759 164
732 161
685 160
712 156
706 154
715 153
677 151
683 149
677 148
661 146
692 146
674 144
664 141
653 140
671 139
644 137
657 137
661 135
634 135
653 134
614 131
681 130
600 130
660 128
639 128
676 127
655 128
598 126
627 124
629 125
611 123
646 122
555 124
589 123
608 119
571 120
630 122
597 121
583 121
589 121
552 126
593 122
554 122
583 121
524 149
524 150
525 153
525 154
525 158
525 158
525 162
526 165
523 167
524 167
525 173
525 176
525 180
525 182
525 185
524 189
524 194
525 197
524 201
525 204
524 211
525 215
524 220
525 226
526 230
524 237
525 241
524 246
524 251
525 254
524 260
524 265
523 271
525 273
525 282
525 284
525 290
525 297
524 301
524 305
525 312
525 315
524 320
524 326
524 333
524 336
524 342
525 348
525 351
524 359
527 362
525 365
526 372
525 377
525 381
524 388
524 301
525 304
525 306
525 310
525 313
524 320
524 324
526 329
524 335
524 341
525 346
525 351
524 355
525 360
524 365
524 371
525 376
525 379
525 385
525 391
524 396
523 403
524 408
525 415
524 424
524 428
525 438
523 443
525 449
525 456
523 459
525 466
524 468
526 476
525 478
525 480
525 487
525 489
524 497
525 502
524 506
525 516
524 520
524 529
526 534
525 543
525 546
524 554
525 559
524 565
523 571
523 575
523 579
524 584
525 588
525 595
526 600
524 856
261 858
266 861
264 864
314 867
302 871
233 872
282 879
290 880
292 884
298 887
259 892
317 894
355 896
329 898
332 900
334 902
390 903
383 905
381 909
384 909
355 910
360 912
369 912
380 924
383 918
421 922
390 918
383 919
405 922
401 923
399 924
385 922
444 923
397 925
391 926
405 927
458 930
422 929
433 930
419 930
436 929
460 931
458 931
411 930
449 932
473 933
459 932
475 932
469 932
475 931
462 931
474 933
449 932
464 931
493 931
471 931
513 896
524 893
525 892
523 888
524 882
523 884
524 880
524 878
524 874
524 872
524 868
525 865
524 860
524 858
525 854
524 849
524 843
525 824
526 832
526 825
525 823
513 815
527 816
515 806
522 802
523 804
524 795
524 790
524 787
525 781
524 775
524 769
523 765
525 761
524 755
524 746
525 743
524 740
525 735
525 727
524 724
525 719
524 712
525 708
525 703
524 697
524 692
524 686
524 684
524 678
524 672
525 666
524 661
525 655
524 648
524 642
524 638
524 579
526 578
525 582
524 575
525 570
524 565
524 561
524 555
524 549
524 545
524 536
524 531
524 523
524 518
525 510
524 502
524 500
524 492
525 487
525 482
524 478
524 471
524 468
525 462
525 457
524 453
526 446
524 440
525 434
526 431
523 423
