524 698
524 695
526 691
525 688
525 684
523 676
524 674
527 668
524 666
527 658
526 652
518 647
527 639
523 633
528 619
523 618
522 606
522 604
522 593
528 593
524 593
525 584
523 584
524 576
525 573
524 571
526 563
525 559
525 554
526 548
525 542
526 534
524 530
527 520
523 517
526 507
522 504
525 495
525 491
525 486
525 480
524 477
528 472
525 468
526 465
525 458
526 449
525 445
526 440
524 434
525 426
523 421
522 416
522 409
522 411
525 398
524 401
526 462
524 465
520 471
524 472
522 479
526 483
523 486
525 491
525 495
525 497
524 508
524 515
522 520
524 527
517 534
524 539
519 547
525 550
524 561
525 560
522 569
526 572
523 579
523 582
524 587
524 593
524 597
521 604
525 609
523 616
523 621
523 627
524 633
525 639
524 646
525 652
524 659
525 662
524 670
525 675
519 683
525 687
525 693
524 699
520 703
522 708
525 711
523 717
525 722
524 727
523 732
525 736
523 743
525 746
525 751
524 756
523 760
526 443
527 441
525 436
515 427
526 428
524 423
525 414
514 403
525 404
511 398
524 384
529 381
528 376
524 373
526 365
527 359
525 355
528 349
524 345
527 339
525 335
524 330
525 325
524 320
524 315
525 309
524 302
526 302
525 297
525 293
524 290
525 285
526 279
525 275
525 270
528 265
622 265
650 260
675 257
651 250
654 248
675 244
655 241
641 236
674 234
670 228
676 224
667 219
661 213
660 212
655 208
644 204
621 201
650 198
643 195
626 192
655 188
556 122
565 122
545 122
552 121
590 121
520 122
548 122
559 123
559 122
529 123
541 122
541 119
534 122
539 122
543 124
538 125
524 132
528 127
524 127
525 131
525 136
524 136
524 138
525 139
524 141
525 141
525 145
525 144
525 145
525 149
524 149
525 154
525 155
526 158
526 163
526 162
526 165
525 169
525 170
524 173
526 178
526 181
524 183
524 185
525 190
524 191
524 197
525 199
524 206
524 211
525 216
525 221
525 225
524 230
524 238
524 244
525 247
524 446
524 447
523 453
524 457
523 464
522 468
522 473
523 473
524 480
525 484
521 490
526 492
524 502
524 503
522 510
523 517
526 523
521 531
527 537
524 544
525 551
524 556
524 560
527 566
526 571
525 575
520 582
524 584
523 591
524 595
522 601
522 607
522 613
524 618
524 625
525 631
522 636
523 643
524 649
522 655
525 661
521 667
525 672
522 679
526 684
525 691
526 695
524 702
524 706
524 710
523 716
524 724
524 724
524 730
524 735
525 740
523 821
388 823
395 828
384 831
384 840
404 843
379 844
415 847
398 850
386 854
413 857
408 860
412 863
398 867
408 870
427 873
374 876
426 879
416 884
380 886
414 889
418 889
410 894
416 896
451 899
467 900
436 903
440 904
461 905
445 907
445 908
464 911
459 911
407 912
490 915
449 916
454 917
469 919
483 912
442 922
444 917
493 922
447 924
444 924
480 925
479 926
455 927
472 928
497 927
463 930
474 928
484 930
470 930
487 930
466 931
486 932
499 932
465 916
524 916
524 914
524 913
525 912
524 911
524 909
524 908
524 904
524 902
524 900
524 899
526 895
524 893
524 889
524 888
525 884
523 884
525 878
522 876
524 872
524 870
525 865
525 863
524 860
524 855
525 852
525 844
526 841
524 836
520 831
524 824
523 822
525 813
524 812
525 802
524 801
525 798
525 792
525 788
524 784
525 779
525 771
525 765
525 760
524 758
524 754
524 747
524 741
524 738
524 732
525 724
525 723
525 716
525 709
524 704
524 698
525 619
531 613
521 607
525 604
526 598
520 595
523 590
527 584
524 582
525 575
525 574
524 568
524 564
525 558
526 553
524 549
526 540
524 535
524 528
525 520
523 515
528 507
524 503
525 495
523 490
525 486
526 481
525 475
524 472
524 466
524 461
525 455
523 451
525 444
524 438
525 432
518 424
525 421
528 418
526 409
527 402
524 398
527 391
526 395
527 381
521 375
527 365
524 367
524 356
526 351
525 346
525 341
527 333
523 332
525 327
523 323
525 317
525 229
658 229
689 225
672 221
656 217
674 213
643 209
624 205
651 203
649 200
644 196
617 193
645 190
653 187
629 183
666 180
620 175
644 173
682 171
635 168
619 164
624 162
625 159
635 157
596 155
628 152
592 154
581 150
603 148
598 147
599 145
598 144
594 144
598 141
560 139
618 139
575 137
576 135
597 138
575 133
577 132
585 131
602 130
576 123
555 128
587 127
591 126
547 125
589 125
556 125
565 123
564 124
569 123
556 123
540 122
557 122
572 122
525 141
525 142
525 144
525 145
525 147
527 149
526 153
523 155
524 158
524 161
524 164
524 165
523 167
524 170
523 174
524 175
524 178
524 182
522 183
524 189
524 190
524 196
518 200
524 203
524 209
524 212
526 218
528 222
524 229
525 235
524 241
524 245
525 250
525 254
524 259
525 262
524 267
524 272
525 278
524 285
523 289
524 294
524 298
524 304
525 313
525 314
524 320
525 324
522 331
526 335
519 338
523 347
520 352
524 355
524 362
524 367
524 371
524 503
526 509
526 513
525 523
524 527
524 534
526 541
525 547
525 553
525 557
524 564
528 569
524 575
526 579
527 584
527 589
522 594
522 599
523 606
524 612
526 616
522 623
527 629
522 634
525 639
523 648
524 652
522 659
525 663
524 670
524 676
524 683
507 687
524 693
523 698
525 703
523 709
526 711
525 718
525 723
523 729
525 732
525 737
522 743
525 747
524 752
526 756
529 760
524 766
523 770
526 773
522 778
522 783
525 786
469 788
415 793
395 798
390 811
393 815
394 819
391 822
380 826
383 830
386 834
388 841
372 843
424 845
408 850
379 852
423 855
424 860
392 862
424 865
413 868
398 871
401 878
417 878
410 881
404 885
415 887
429 891
409 895
452 895
431 899
435 899
436 902
463 902
475 904
455 906
489 908
423 910
440 910
459 912
489 913
446 915
446 916
502 917
442 919
481 917
455 921
452 922
430 923
466 924
499 925
467 924
473 928
479 928
467 929
475 929
500 929
481 930
446 930
513 931
484 931
527 931
499 932
502 930
507 931
518 926
522 928
524 927
525 923
524 920
521 923
523 922
525 916
525 915
524 915
524 913
524 913
524 910
525 910
525 906
524 906
525 903
524 901
524 899
524 896
525 893
524 891
524 888
525 886
525 882
523 882
525 877
524 873
524 870
524 868
525 866
522 861
525 858
525 852
525 849
525 844
525 838
524 832
524 828
524 825
526 818
527 808
533 808
530 808
520 799
522 798
525 788
524 784
524 780
525 774
525 769
524 764
526 759
524 716
524 712
525 705
523 702
527 695
526 690
524 686
524 682
525 676
525 671
525 668
523 661
525 654
523 648
525 641
525 631
525 630
530 617
524 614
527 606
519 604
526 596
535 586
526 588
524 582
522 579
526 574
525 570
524 565
525 561
525 556
531 547
525 545
525 535
521 531
526 523
527 518
525 510
527 503
525 501
527 493
525 487
526 482
527 478
525 474
525 469
524 463
523 458
525 453
524 446
527 441
524 435
526 426
525 424
526 417
525 410
525 352
524 356
524 354
524 348
528 342
525 339
526 334
523 329
524 323
528 319
526 313
525 309
525 305
525 300
526 296
525 292
525 287
524 282
524 279
525 274
525 269
527 266
580 264
654 260
673 255
635 251
660 246
662 243
652 238
661 235
673 231
653 226
665 223
660 219
657 214
645 211
645 208
657 205
619 201
649 198
660 194
628 191
654 188
651 185
647 184
636 181
651 174
656 171
615 168
642 165
662 162
608 161
625 159
622 156
607 154
603 152
589 151
620 136
566 135
570 134
580 130
612 131
589 131
587 130
586 129
578 128
565 127
589 126
568 125
565 124
595 124
575 123
537 122
583 122
580 123
534 122
546 122
563 122
546 121
538 121
545 121
569 121
540 123
549 122
572 124
528 122
550 124
528 124
530 125
526 128
525 129
525 131
526 134
525 135
525 140
524 138
525 140
525 141
525 141
524 144
525 144
524 147
524 148
524 152
524 156
523 155
524 158
520 160
524 163
525 166
523 168
523 171
524 175
522 178
524 244
522 247
524 252
525 258
527 263
523 267
524 273
526 275
525 281
523 288
523 292
524 296
524 303
524 308
525 312
525 316
524 324
524 329
524 334
524 338
525 344
524 348
526 355
523 362
524 365
525 369
523 377
524 380
524 384
523 389
526 393
524 401
523 407
524 414
524 422
527 427
523 436
525 441
524 448
524 453
525 459
523 464
525 468
524 474
525 475
525 479
524 483
525 489
523 495
526 500
526 506
522 513
525 519
524 526
525 531
520 538
525 544
521 638
524 640
525 646
525 649
524 656
527 661
524 667
524 674
523 680
525 682
523 689
523 696
525 701
523 706
523 712
526 716
523 721
524 725
523 731
525 736
524 738
524 746
524 750
525 755
525 758
524 762
524 766
523 771
525 776
526 778
523 785
521 789
417 791
368 796
403 801
397 804
375 808
409 812
405 816
372 821
391 824
402 828
364 832
382 836
403 839
394 846
365 848
417 851
404 853
415 860
421 861
404 863
403 867
410 870
411 874
385 877
399 880
463 913
425 913
459 916
461 916
451 917
457 917
471 919
452 921
444 922
490 924
440 924
498 925
455 926
475 926
461 927
462 929
517 929
447 931
463 929
508 932
479 931
487 931
497 932
512 930
482 931
496 932
513 933
491 932
456 932
511 932
475 931
518 932
467 930
518 933
518 931
526 930
522 929
523 927
523 923
525 921
522 920
529 924
522 914
524 918
525 912
524 913
524 911
524 911
524 908
524 906
524 904
525 902
524 900
524 898
523 895
523 892
525 890
520 848
523 845
525 842
525 837
525 832
523 826
528 819
520 815
525 811
526 807
526 801
526 796
522 790
524 787
525 781
525 776
524 769
525 766
525 761
525 755
524 752
524 747
525 740
524 735
525 729
524 724
525 719
524 713
525 708
525 703
524 699
525 692
525 687
525 684
525 677
524 673
524 668
527 661
523 657
525 651
528 644
525 638
525 629
529 620
524 616
524 615
526 602
526 599
526 594
525 591
523 583
524 580
524 576
526 572
524 569
524 563
524 557
522 451
523 447
525 443
523 437
525 431
542 428
528 414
527 414
523 406
525 395
533 392
520 394
523 381
522 378
525 370
521 368
524 369
526 356
525 350
525 344
524 340
524 336
528 330
525 326
526 320
524 316
524 310
526 307
523 303
527 297
524 294
524 290
525 285
524 282
524 276
525 272
527 265
540 264
634 262
632 257
683 253
648 249
643 245
662 241
652 238
643 234
663 227
690 224
639 221
658 218
674 212
642 208
647 205
660 202
636 199
629 194
639 192
609 145
589 145
593 143
596 142
566 141
597 139
593 138
565 136
585 136
592 134
591 134
575 133
587 131
576 131
555 129
584 129
573 127
587 127
575 125
571 125
558 124
557 124
577 123
581 123
524 123
578 122
574 122
549 122
556 122
580 121
553 122
535 122
565 121
547 122
541 123
553 123
552 122
535 124
519 125
528 126
524 129
525 130
525 130
525 134
525 136
524 137
524 139
525 140
525 141
525 142
525 145
525 146
525 148
525 150
524 153
525 154
523 158
524 216
523 222
524 226
525 230
526 234
525 241
525 246
524 251
524 255
525 260
525 263
526 270
524 275
525 280
524 285
524 288
525 294
523 300
524 306
525 309
525 315
524 321
525 327
525 332
523 336
526 341
525 348
525 351
524 356
522 366
525 366
526 374
522 379
525 381
524 388
523 395
525 400
522 406
527 411
524 420
526 424
524 433
521 440
524 445
523 452
527 456
524 461
523 465
525 470
524 474
524 479
523 482
524 487
524 495
525 498
523 504
524 585
524 587
523 590
525 594
524 600
523 606
524 610
523 618
525 624
522 630
525 636
524 642
525 648
524 654
524 662
524 665
524 672
525 677
523 684
524 691
535 694
526 699
523 706
524 710
524 715
523 719
524 722
524 729
524 734
525 739
524 744
524 748
524 752
523 758
525 761
525 766
525 769
526 772
524 779
522 782
523 787
465 789
403 794
379 798
380 803
389 806
397 811
403 814
397 816
405 823
375 826
391 831
374 835
387 839
404 859
388 846
383 849
415 907
428 909
448 910
453 911
461 912
462 913
467 915
484 916
436 918
440 919
482 921
446 920
449 926
477 924
471 924
474 925
481 927
490 928
459 928
466 929
480 929
470 930
490 930
483 931
489 927
493 931
489 932
500 932
483 935
468 932
509 932
498 932
488 933
495 931
508 934
498 931
491 931
505 930
503 927
516 929
523 927
524 926
524 922
524 928
512 919
527 917
525 913
527 905
524 913
524 911
524 911
524 909
523 907
524 904
525 905
525 900
525 897
525 819
526 818
526 814
524 824
530 810
524 801
530 799
524 792
535 789
525 784
525 782
524 775
524 771
525 762
524 760
524 753
525 747
523 743
520 739
524 732
525 727
524 723
524 717
526 710
524 705
525 700
525 693
524 690
525 684
525 680
525 675
524 670
525 661
525 659
524 654
526 647
523 640
522 626
519 628
529 619
522 612
528 605
522 595
522 596
524 584
526 585
525 581
523 579
526 573
524 570
525 564
525 559
526 554
525 548
524 542
525 535
526 529
526 411
526 403
529 398
524 397
525 391
519 388
525 387
519 374
524 379
520 363
528 365
522 353
527 345
524 342
525 337
523 332
524 328
528 322
524 319
525 312
524 307
524 304
525 300
527 295
525 292
525 287
525 283
523 279
525 274
526 270
525 265
614 264
655 259
651 255
688 250
676 246
651 241
651 239
662 234
645 229
660 227
686 225
662 218
644 214
649 210
659 207
638 204
625 200
643 197
637 193
628 191
653 188
636 184
655 180
660 177
666 174
625 171
641 162
612 162
608 158
600 156
604 154
619 152
607 151
578 149
600 147
600 146
597 143
605 143
592 142
593 140
568 138
607 137
561 136
574 135
611 133
586 133
571 132
584 130
584 130
575 129
565 127
592 126
558 126
586 125
586 125
562 125
555 123
564 123
584 123
562 123
535 122
572 122
545 122
544 122
574 122
544 123
556 122
539 122
557 122
539 123
540 123
538 123
540 125
520 126
527 126
525 129
525 132
525 134
524 136
525 137
525 140
525 138
523 142
524 159
526 161
524 162
523 163
523 167
524 170
523 171
523 174
522 177
525 181
527 180
524 187
525 189
524 195
525 198
523 203
525 207
525 211
528 217
527 224
524 228
524 234
524 239
524 243
525 247
524 253
524 258
525 262
525 266
522 272
523 277
525 283
525 286
525 291
525 298
524 305
525 305
525 312
524 319
525 324
525 328
524 336
524 341
525 343
526 350
525 356
525 362
524 365
525 369
524 375
524 380
525 384
524 392
525 396
523 402
525 409
524 415
525 468
525 475
526 476
526 484
520 486
525 488
520 494
526 500
525 506
526 512
525 520
522 527
525 533
524 539
525 546
524 552
525 558
524 563
521 570
524 573
524 577
524 583
526 586
523 593
526 597
522 605
525 613
521 619
525 620
523 628
524 635
522 641
525 645
524 653
524 655
522 664
525 671
521 676
525 679
522 687
524 692
526 696
524 702
524 708
525 713
524 717
525 722
522 725
523 732
524 737
524 742
525 746
525 751
522 756
518 759
525 763
523 768
376 806
400 809
388 814
388 817
427 821
394 826
369 829
398 833
391 837
375 841
407 849
396 851
399 852
391 855
413 858
414 862
399 864
428 868
412 870
397 874
427 878
382 881
399 884
433 888
427 889
410 893
432 895
446 897
453 900
431 900
464 903
454 904
420 906
453 907
467 909
435 911
473 911
476 913
472 915
447 919
471 917
452 918
447 918
482 919
463 925
462 916
463 924
489 925
469 926
467 928
469 928
481 928
463 929
493 929
493 929
472 931
486 930
495 932
493 931
516 930
506 931
517 929
495 930
521 930
517 929
522 927
524 926
524 923
524 921
518 931
522 916
522 915
524 915
526 910
525 912
524 909
524 909
524 908
525 906
524 904
524 901
524 900
524 896
525 894
523 891
524 892
520 886
525 883
524 881
524 877
524 875
525 871
525 869
525 865
524 862
528 857
525 852
524 849
524 844
524 840
523 838
525 828
525 826
523 818
515 825
517 811
524 799
525 802
534 793
524 793
525 786
524 780
525 773
524 686
525 684
524 683
524 677
525 673
525 667
525 661
525 656
523 650
524 643
526 636
527 629
527 621
529 615
523 610
530 602
522 595
519 596
522 587
525 584
521 580
527 574
524 572
524 566
528 561
525 557
525 549
523 546
527 536
523 533
528 524
525 519
528 512
525 506
524 501
525 493
522 488
521 483
524 480
528 474
524 470
527 464
523 460
526 453
523 449
525 443
524 438
527 430
524 425
527 420
523 411
523 403
523 402
529 388
524 389
523 387
522 379
519 297
524 294
524 293
524 290
525 286
528 280
523 278
524 272
528 267
611 263
642 259
678 256
644 252
638 248
683 243
654 240
634 236
676 231
663 227
646 223
669 213
687 216
638 212
665 208
659 206
622 202
656 198
655 195
640 192
627 189
658 185
651 182
634 179
660 175
653 172
629 168
662 167
633 163
609 161
610 158
633 157
614 155
588 153
613 150
625 149
577 147
620 145
588 145
581 144
576 142
603 140
596 139
566 138
620 136
586 135
586 134
585 133
587 123
544 125
569 122
546 123
551 126
540 121
556 122
530 122
571 123
525 123
575 124
532 125
532 124
520 128
525 127
525 132
525 132
525 136
525 137
525 137
526 140
522 140
525 142
525 142
525 144
525 147
523 147
525 151
525 152
525 156
526 158
524 160
525 164
526 167
525 167
524 173
525 174
525 177
525 180
526 181
525 189
527 192
524 194
525 198
524 202
523 207
524 210
522 215
525 223
523 227
523 232
525 237
524 243
525 247
525 251
524 256
525 260
525 320
525 322
525 327
525 330
524 339
524 343
524 348
523 354
524 360
524 364
524 368
524 374
526 379
526 385
523 389
525 393
525 399
522 406
526 413
525 420
524 427
526 433
524 441
524 447
523 453
524 460
523 464
525 466
524 471
525 474
523 479
526 483
524 489
525 493
522 500
525 503
522 512
525 516
525 525
525 530
524 537
523 544
524 551
525 554
523 560
523 567
523 570
524 575
521 580
524 585
523 591
525 596
524 601
522 607
525 614
523 619
524 623
522 732
524 736
524 739
523 745
525 748
524 753
524 758
524 761
524 765
525 771
524 774
524 779
524 784
523 786
457 789
416 794
396 798
376 802
378 808
374 812
387 816
397 820
401 822
392 829
381 833
391 836
409 840
382 843
395 835
413 855
402 853
399 856
412 860
413 863
409 865
429 870
412 872
378 876
413 880
420 883
406 887
405 889
410 891
445 894
446 896
461 896
436 900
430 902
429 904
474 905
451 907
483 908
481 910
421 911
452 913
453 914
484 915
476 931
480 931
504 932
481 932
483 932
517 932
480 932
495 931
517 932
482 931
520 932
477 931
519 930
474 930
530 928
519 930
523 926
524 925
525 921
525 920
524 922
528 917
525 917
526 914
542 912
520 911
524 912
525 908
525 908
525 905
525 905
525 901
524 897
525 896
525 892
525 890
523 887
524 885
527 882
524 879
524 877
526 873
524 870
524 866
525 863
524 859
525 856
524 851
525 846
526 841
525 836
525 827
525 825
525 821
522 817
539 812
521 805
524 718
525 714
525 709
525 705
524 698
525 695
525 691
524 683
525 678
525 674
525 669
525 663
526 658
524 653
525 645
524 639
525 632
522 624
523 618
522 612
526 607
523 601
526 593
522 588
525 586
525 582
525 576
525 571
524 568
525 564
525 557
527 558
524 547
526 541
524 534
526 530
524 522
527 512
522 508
525 500
523 498
525 488
523 488
525 480
524 477
525 471
525 466
524 461
527 455
524 449
526 444
525 438
526 432
526 425
526 420
525 417
525 406
524 338
526 339
526 332
525 327
525 321
523 316
524 312
526 307
525 303
527 298
524 295
524 290
527 287
523 282
524 277
528 272
526 267
529 264
609 262
657 258
686 254
662 250
650 246
685 241
685 236
635 231
684 227
658 225
639 220
686 217
669 214
638 209
657 207
664 203
647 200
642 196
642 192
667 190
623 190
657 183
658 180
615 177
660 173
671 171
619 167
635 164
625 162
638 159
606 158
621 155
616 153
582 152
633 150
605 149
591 147
586 145
609 144
566 120
548 123
575 122
571 122
542 122
550 122
568 122
543 122
564 122
572 122
530 122
551 122
549 122
538 124
530 123
552 125
526 125
526 128
526 129
525 133
525 132
524 136
524 135
525 139
525 138
525 141
524 142
524 144
524 144
525 148
525 149
525 154
525 153
524 157
523 156
524 162
524 165
523 166
523 169
523 170
525 175
524 177
524 181
523 184
524 188
525 188
524 195
525 199
524 203
524 207
525 212
524 219
525 224
526 231
526 237
524 240
526 346
525 350
525 354
522 357
526 363
522 369
524 372
525 377
525 380
525 385
525 392
527 398
524 407
527 409
524 418
526 423
525 430
523 439
524 443
525 451
522 456
524 460
520 466
522 468
524 474
528 477
524 481
525 487
526 490
523 498
525 501
525 510
527 514
525 522
526 524
524 535
527 544
526 547
524 555
526 559
525 567
528 568
525 574
524 578
525 585
528 587
520 594
527 598
522 607
526 610
523 616
524 622
523 629
527 634
521 641
525 646
523 653
526 782
524 782
524 787
524 794
390 792
404 797
404 802
380 806
374 810
388 816
380 819
384 821
401 826
393 831
369 834
404 834
407 843
391 843
414 851
412 849
392 856
409 858
415 861
405 864
399 868
417 871
417 876
399 878
433 882
411 885
380 887
428 891
440 893
416 896
426 897
461 900
439 902
452 903
451 906
458 907
437 908
448 909
475 911
444 914
475 913
478 916
453 916
470 916
475 919
476 919
446 921
491 922
470 922
455 926
465 925
473 927
469 928
474 936
478 931
502 927
472 933
495 931
483 931
505 933
481 931
485 931
499 932
516 932
482 933
503 932
510 932
483 926
515 931
502 931
513 931
503 930
522 928
523 928
525 925
524 922
524 922
524 920
526 924
528 913
519 917
527 911
525 915
525 911
525 910
524 909
525 906
524 905
526 902
525 899
524 896
526 893
524 892
525 888
525 885
524 883
525 881
525 878
525 874
524 871
524 867
524 865
525 860
524 858
524 853
