471 932
448 930
428 932
448 931
454 932
447 932
456 931
439 932
476 933
473 932
438 933
475 932
477 933
505 932
454 930
503 932
439 933
511 930
512 931
517 928
523 926
524 924
523 922
524 919
523 919
525 916
524 916
523 913
524 914
523 903
529 907
524 902
523 907
524 903
523 903
524 899
524 898
523 895
524 893
524 887
524 887
523 886
525 882
525 880
525 876
524 873
524 869
524 867
525 863
524 861
524 857
524 852
524 847
525 842
524 838
525 832
524 827
667 133
642 137
663 130
662 131
633 130
652 129
642 128
639 127
599 128
609 125
638 125
619 124
617 123
601 123
597 123
607 123
605 125
611 122
561 123
589 122
547 122
585 124
591 123
565 122
547 122
559 122
605 120
538 123
565 123
515 126
547 125
523 129
529 128
523 133
524 133
526 137
525 137
525 139
525 141
524 140
525 143
526 143
525 145
524 146
525 150
524 150
525 155
521 156
523 160
524 161
524 166
525 168
524 171
525 173
525 175
525 178
525 181
522 878
524 876
523 875
524 871
524 868
524 865
525 861
524 857
523 853
524 849
525 843
524 839
524 834
525 828
524 824
525 820
524 815
524 809
524 806
520 800
522 793
527 789
524 774
526 777
524 774
523 770
525 762
525 758
524 757
525 751
524 744
525 740
524 736
525 729
525 722
525 717
524 712
524 707
525 702
523 698
524 691
524 686
525 683
525 677
524 673
525 666
524 661
529 657
525 648
525 642
526 636
524 629
525 623
527 613
513 608
522 588
539 596
521 367
525 364
526 358
524 353
524 348
525 343
525 339
526 334
523 330
524 324
523 320
525 315
526 309
523 306
524 301
524 297
525 296
524 289
524 285
526 279
525 275
525 271
527 266
538 264
657 260
768 260
915 254
871 250
817 245
839 241
819 240
799 237
781 231
826 222
801 221
785 216
791 211
791 210
748 207
780 203
751 200
777 197
776 192
742 191
767 186
760 182
756 179
787 176
748 173
760 170
716 168
757 163
756 162
688 159
692 157
685 154
706 152
628 129
608 126
619 127
636 126
593 126
617 125
613 125
633 123
570 123
646 123
597 123
574 121
634 122
595 123
540 122
595 122
586 122
567 122
618 122
583 123
573 123
592 123
565 123
553 124
530 124
529 125
529 127
526 128
526 131
525 134
525 135
524 138
525 137
524 140
524 140
525 142
524 142
524 145
525 145
524 151
525 149
525 154
525 154
525 158
524 161
524 162
523 166
525 169
524 171
524 174
525 177
524 179
525 184
525 185
525 190
525 193
525 130
526 129
526 131
525 132
525 134
525 135
525 137
525 140
525 135
523 141
525 141
525 142
525 145
525 148
524 150
526 152
524 150
524 156
523 160
525 160
523 165
524 167
524 170
525 173
525 176
525 179
525 182
524 185
525 187
525 191
525 195
524 200
524 203
525 210
525 213
525 220
524 225
525 230
526 236
524 239
525 243
525 249
524 255
525 260
524 262
523 269
524 273
525 278
524 285
524 290
525 292
524 299
524 305
525 309
525 313
524 321
525 324
523 537
525 541
525 548
525 553
525 559
522 564
524 570
523 575
524 579
525 584
524 590
524 595
525 600
524 607
525 613
525 618
525 624
525 630
523 637
524 644
524 650
525 655
522 660
525 664
524 670
525 677
522 684
525 688
523 695
524 699
524 706
525 711
524 713
522 720
525 723
523 729
524 733
525 738
523 743
525 747
524 752
525 756
525 760
525 764
524 768
524 774
524 777
524 782
521 786
483 789
437 792
178 793
180 798
197 803
202 810
190 814
239 817
253 911
378 912
354 912
375 914
409 915
392 916
392 919
403 919
424 920
384 923
398 922
392 925
434 925
407 926
408 926
425 927
404 927
451 930
449 930
430 930
456 931
412 932
430 931
444 932
439 932
469 931
438 932
504 932
436 932
451 932
467 932
465 932
526 932
435 931
490 931
478 931
527 929
520 929
511 925
524 925
523 922
523 921
523 919
525 917
524 914
524 913
524 914
524 911
525 907
524 913
525 906
523 906
524 903
524 901
525 898
525 898
524 893
523 818
524 818
525 814
524 808
524 802
525 795
534 795
523 789
525 786
522 776
524 775
524 769
524 764
524 757
524 753
523 749
525 743
524 739
524 735
524 728
524 721
524 718
524 711
523 706
524 702
524 695
524 691
524 689
525 681
524 677
524 672
524 666
524 662
524 653
524 649
525 642
525 635
525 628
524 619
525 614
527 614
525 600
520 601
525 590
523 584
519 581
523 581
525 574
523 570
525 565
525 559
525 555
525 547
524 543
525 535
529 529
525 523
525 412
523 406
526 402
524 398
535 391
522 392
530 376
524 376
526 367
525 358
525 356
525 354
525 347
524 344
525 337
523 334
525 327
525 323
525 319
525 313
525 309
525 305
524 300
524 296
525 292
524 288
525 284
524 277
525 274
525 270
530 267
584 264
656 260
652 258
900 257
893 250
876 243
834 239
819 238
793 232
794 229
811 223
812 218
796 217
787 218
756 210
776 204
763 201
749 201
765 194
747 192
779 189
755 184
767 182
766 179
780 175
761 172
608 121
615 123
599 118
613 122
586 121
564 122
583 121
619 122
548 123
593 122
544 122
589 122
560 123
590 123
532 125
530 125
561 129
525 130
525 132
525 133
525 135
525 136
523 139
525 139
525 139
525 142
525 143
525 144
523 146
525 148
525 152
525 154
525 156
525 157
524 161
523 164
524 167
522 169
525 173
525 176
525 177
523 180
525 183
526 187
524 190
524 195
525 199
525 202
524 207
525 212
524 217
525 223
525 229
525 232
525 239
524 244
524 248
525 265
525 268
524 273
525 274
525 280
525 286
524 294
525 297
525 301
524 309
525 314
525 317
524 322
525 328
524 333
525 339
525 343
525 348
525 353
526 360
526 364
526 367
525 375
526 379
525 384
525 390
525 395
524 401
527 405
525 415
523 421
525 428
520 437
524 442
524 448
523 453
524 460
524 464
524 467
524 473
525 474
525 479
525 486
524 490
523 495
524 500
524 506
524 512
525 518
523 527
524 533
523 540
523 545
525 552
524 558
523 563
522 568
524 620
524 622
522 627
524 633
522 641
524 646
524 653
524 658
524 664
524 669
524 676
526 680
526 686
525 691
525 697
524 702
524 707
523 713
524 718
524 721
524 727
524 731
524 736
524 741
526 746
523 750
524 755
523 759
525 762
524 767
525 771
524 775
525 781
522 786
520 790
442 791
290 792
180 796
160 800
214 808
242 809
245 816
276 819
244 823
239 827
244 831
227 835
248 840
277 842
251 847
284 850
272 853
305 856
283 860
296 863
305 867
273 868
298 895
366 897
333 900
346 901
360 903
343 904
383 906
401 908
390 910
379 911
369 913
383 913
388 916
400 916
395 916
410 919
415 920
415 920
390 920
401 921
409 924
400 926
402 926
404 928
435 928
444 929
399 930
435 929
445 931
450 931
453 930
458 931
442 932
445 931
460 933
415 932
476 930
463 932
461 932
492 933
465 934
513 931
453 931
468 931
500 931
500 929
522 926
521 926
524 923
524 923
524 919
525 919
523 915
524 917
525 914
524 913
525 891
525 890
524 886
525 886
524 885
526 881
525 878
526 876
525 873
524 869
524 866
525 863
524 859
525 854
524 848
526 845
526 840
524 834
524 831
525 825
524 820
524 814
525 810
524 806
524 800
524 796
526 789
514 789
525 780
526 780
525 770
525 766
524 762
525 756
524 750
525 746
525 740
525 736
524 733
525 725
524 720
524 714
524 708
525 705
525 698
525 691
524 688
524 683
525 679
524 673
524 668
525 663
524 656
525 650
525 644
525 636
525 631
524 576
525 576
520 573
525 568
528 566
522 561
527 555
525 551
522 544
525 538
525 530
527 524
525 517
528 510
524 507
525 497
524 493
526 487
524 482
525 479
525 473
524 470
523 464
524 459
525 453
527 448
524 441
524 435
524 431
527 422
524 418
526 410
526 403
529 396
524 395
527 387
521 382
524 376
522 363
525 360
521 360
524 354
526 348
525 345
524 339
525 335
524 331
525 327
523 320
525 315
525 310
524 307
524 302
524 296
524 295
525 289
524 286
525 222
795 215
786 211
775 211
780 207
765 201
765 200
761 195
757 193
783 191
749 186
736 183
760 179
771 177
770 174
736 170
742 166
749 164
749 158
717 158
671 157
676 157
713 152
695 152
670 150
656 147
650 146
675 144
656 143
682 142
658 140
647 138
650 138
654 136
637 136
629 128
660 134
639 131
665 130
657 133
598 127
652 128
633 126
637 127
604 125
602 125
631 123
647 124
550 122
642 120
612 123
587 121
616 122
597 123
576 121
546 122
604 122
581 140
525 140
525 141
525 143
525 140
525 146
524 149
525 151
525 153
525 155
524 158
525 160
525 163
525 166
525 169
525 170
526 175
525 176
524 180
525 182
524 182
523 188
525 192
524 197
524 199
525 205
525 210
524 215
524 220
525 228
525 231
524 238
524 240
524 246
525 250
525 254
525 260
524 264
525 267
525 274
524 281
525 284
525 290
524 296
520 300
525 307
526 310
525 313
524 322
525 328
526 330
525 336
526 343
524 349
525 352
525 358
523 362
525 453
524 458
525 461
521 466
525 467
524 475
525 477
525 484
523 487
524 493
524 500
524 503
524 513
531 516
525 524
524 530
525 535
521 545
525 548
524 556
526 559
525 568
527 569
525 578
527 581
524 586
524 590
524 596
523 601
524 607
525 612
524 620
525 626
523 631
523 636
523 645
524 649
524 655
524 662
523 667
524 673
525 680
523 685
524 690
524 695
525 700
524 707
524 709
523 717
525 718
534 726
523 726
526 735
523 740
525 743
524 748
523 753
305 792
173 794
143 800
223 805
247 809
226 812
232 817
259 822
224 825
260 829
239 834
227 838
277 843
282 845
243 848
284 852
310 855
295 858
279 862
271 865
285 868
310 872
283 876
256 878
263 882
315 885
344 888
287 891
290 894
341 895
354 896
347 900
359 901
369 904
377 906
376 908
380 911
362 910
354 912
394 913
395 914
382 916
405 918
392 918
404 920
404 920
418 924
375 922
415 925
410 925
406 925
418 928
411 924
449 928
422 930
435 930
446 934
525 928
518 927
522 925
523 921
524 921
523 917
524 918
523 914
524 915
524 912
526 912
524 911
525 911
525 907
525 903
529 900
524 899
525 898
526 894
525 894
525 890
524 888
526 885
524 883
524 878
524 877
525 874
524 871
525 866
524 864
525 862
525 856
524 851
526 847
524 842
524 838
526 833
524 828
524 822
524 815
524 812
525 807
524 802
525 796
524 799
525 789
533 786
519 777
523 772
524 767
524 763
525 757
525 752
524 749
524 741
524 737
524 731
525 639
524 633
525 627
521 617
524 613
524 607
523 597
521 591
532 587
527 580
527 579
524 577
521 575
525 568
524 565
524 560
527 553
524 549
525 538
525 536
525 527
523 520
525 515
527 507
524 504
526 494
525 494
525 483
524 482
525 475
525 472
524 466
526 461
524 455
526 449
523 445
525 438
524 431
525 426
524 421
524 414
524 407
523 404
527 396
522 388
526 385
526 383
529 374
534 369
521 361
530 362
525 350
524 346
524 343
527 335
524 336
525 326
791 259
926 256
883 253
858 249
812 244
824 240
825 237
783 229
801 226
851 223
795 220
795 216
791 211
790 209
755 204
758 200
747 202
763 195
763 193
748 188
739 184
784 181
808 178
753 175
761 172
759 167
731 164
762 162
714 159
690 157
665 156
691 152
726 151
678 151
682 148
662 147
665 145
658 143
664 142
671 141
651 139
682 134
682 136
637 135
651 134
641 133
658 132
625 131
672 130
633 130
640 128
627 126
642 125
608 127
651 124
608 125
610 122
587 122
563 122
576 125
527 124
545 127
525 127
525 130
526 133
526 133
525 137
525 137
525 139
525 140
525 141
524 142
524 144
521 145
525 148
530 150
526 151
524 155
525 157
526 159
525 162
525 166
524 163
525 171
525 172
524 175
524 178
524 181
524 182
524 189
524 191
525 194
524 199
524 204
525 209
524 214
525 219
525 222
525 228
524 234
524 240
525 245
525 249
525 252
525 259
526 264
524 269
525 272
525 276
523 281
525 287
525 294
525 298
524 402
524 407
524 410
526 415
524 423
524 430
524 435
523 444
525 448
524 454
524 459
525 463
523 470
524 471
524 479
524 480
524 487
523 490
525 494
524 504
526 505
525 518
527 519
525 529
526 532
524 541
525 547
524 553
525 559
525 565
525 570
525 573
525 580
526 583
523 590
524 594
525 600
526 604
524 611
526 616
525 624
524 629
525 635
524 640
524 647
525 653
523 657
524 666
524 670
527 677
522 683
525 688
523 694
524 697
524 703
524 707
525 713
524 803
229 806
258 809
245 811
227 813
259 820
257 824
252 827
251 832
238 836
263 840
267 844
277 847
287 851
305 853
275 855
283 862
279 861
290 867
294 871
261 874
297 877
279 880
271 884
340 887
303 891
310 893
330 895
330 898
351 900
352 902
369 903
369 905
392 909
381 908
364 909
392 912
380 912
408 913
398 915
390 916
395 918
400 918
393 920
416 922
411 923
405 923
416 922
417 926
421 926
397 928
412 929
444 918
442 929
459 931
411 930
448 929
453 918
526 918
524 916
525 915
524 913
525 912
524 912
522 909
524 909
524 906
524 900
519 901
525 896
524 896
526 894
524 891
524 888
524 885
524 883
526 879
524 877
525 874
524 871
523 869
524 864
525 863
525 857
524 855
524 850
524 844
523 839
524 836
525 831
524 826
525 820
524 813
524 809
524 805
524 801
525 794
525 789
526 785
531 780
524 779
528 771
524 764
525 759
525 755
525 749
524 745
524 741
524 738
524 728
525 723
524 719
524 714
524 706
525 686
525 686
524 679
524 678
524 672
524 667
525 662
524 655
524 650
524 644
524 636
523 629
525 622
525 615
525 608
525 603
515 592
523 592
535 588
527 573
519 580
525 571
525 574
525 565
524 560
525 556
525 548
525 543
527 536
524 532
524 523
524 518
526 510
525 504
525 500
525 492
524 489
524 479
524 479
524 471
525 469
525 460
524 458
523 449
525 446
525 439
524 435
525 426
526 424
522 418
526 410
526 404
523 397
526 395
522 392
525 383
515 374
525 331
525 329
526 324
524 319
525 315
525 310
525 305
525 301
525 296
524 293
525 289
526 284
525 279
524 275
526 274
527 267
533 263
679 261
662 260
885 257
899 251
844 246
835 242
824 237
824 234
825 228
820 214
800 218
801 206
776 212
791 211
767 204
746 205
767 200
746 200
763 194
782 191
767 187
777 182
781 179
787 176
730 175
762 168
752 166
719 164
746 161
714 159
678 156
720 154
690 152
685 151
662 150
708 147
677 147
656 145
658 142
678 141
653 132
611 130
670 128
633 132
666 127
613 127
606 125
613 124
639 129
619 125
591 123
608 123
608 123
583 123
606 122
596 122
594 119
572 122
585 122
578 122
552 122
576 122
565 123
595 122
570 123
556 124
553 122
530 126
531 123
522 130
525 131
525 134
526 135
524 139
525 138
525 139
525 141
525 140
524 143
525 146
525 147
525 149
525 151
525 151
525 154
524 154
525 161
524 164
525 165
525 170
524 170
524 173
525 178
523 178
525 183
526 186
525 191
524 226
524 230
524 233
524 236
524 242
524 248
525 253
525 256
525 261
525 267
524 271
525 275
525 281
525 283
524 290
524 293
525 300
524 305
525 313
524 316
525 320
525 326
524 334
525 336
524 341
525 348
525 352
524 357
526 365
527 370
525 371
526 379
524 384
525 388
523 395
526 400
526 405
525 413
524 419
525 427
524 437
526 441
525 447
526 453
525 457
524 464
525 466
525 472
524 474
525 480
526 482
524 489
526 493
525 499
526 504
526 513
525 517
525 579
525 579
524 582
525 587
525 593
525 598
525 603
523 608
522 615
524 620
523 626
525 633
524 635
523 646
525 651
523 656
524 662
523 668
525 673
524 680
525 685
524 691
524 696
522 702
524 706
523 712
525 715
525 720
525 726
527 730
524 736
524 740
524 745
523 750
525 753
525 758
524 762
524 767
523 771
524 774
525 779
521 781
521 788
450 790
273 790
185 797
205 801
248 805
233 809
250 814
268 818
246 822
229 826
242 830
239 834
265 835
253 891
342 891
341 896
308 898
342 901
368 903
362 905
410 906
363 907
360 908
380 911
382 912
389 913
401 915
402 916
405 918
416 920
384 920
403 921
401 924
432 922
432 925
403 923
382 926
445 928
448 928
428 929
406 941
424 929
482 930
435 930
463 931
438 931
412 931
470 932
486 932
441 932
487 932
461 933
458 932
503 931
447 932
493 931
453 931
515 931
506 929
508 929
515 929
522 927
525 923
524 922
523 918
524 918
523 917
524 916
524 913
524 914
524 876
525 876
524 873
524 870
525 866
524 862
524 859
525 855
524 851
524 846
524 841
524 835
523 832
524 826
524 822
525 817
525 812
524 806
524 801
524 797
524 792
524 785
526 775
514 774
524 772
521 769
521 761
521 755
525 753
525 748
524 741
525 736
524 732
525 725
524 720
524 715
524 711
525 703
524 699
525 696
524 689
526 685
524 680
524 674
525 670
525 664
525 658
524 653
525 645
525 640
524 631
522 626
524 617
525 612
524 604
525 601
526 595
524 512
524 508
524 504
524 500
524 496
527 488
524 485
528 478
525 475
525 470
524 465
525 460
525 455
525 449
525 442
525 438
526 430
524 425
525 419
525 413
526 407
525 401
531 389
528 388
525 384
521 377
522 369
522 370
525 362
524 365
526 350
524 346
525 340
527 336
525 332
524 327
524 321
524 316
525 311
524 308
524 302
524 298
524 295
525 289
525 287
524 281
525 276
524 273
526 267
537 264
608 262
660 258
926 256
875 252
880 249
848 242
805 239
821 190
743 191
748 188
781 184
756 181
789 177
750 173
747 170
792 168
732 164
738 162
708 159
680 155
731 155
692 153
693 151
652 151
688 148
700 146
692 145
675 143
651 141
658 140
643 140
646 138
646 140
639 135
669 133
660 134
641 131
635 130
659 130
622 130
666 126
625 127
588 126
634 125
621 124
653 124
595 124
584 123
610 123
612 123
611 121
572 122
583 122
580 122
574 122
583 122
590 124
567 122
605 122
572 122
563 123
548 122
547 124
548 125
525 158
525 160
524 162
526 165
525 167
525 171
525 173
525 176
525 179
524 181
525 185
525 188
524 195
523 195
525 199
525 203
524 208
524 214
525 221
524 225
524 229
525 234
524 239
525 248
524 251
525 254
524 257
525 262
525 270
524 274
525 279
525 284
523 289
525 295
524 300
525 304
525 309
524 316
524 319
524 322
525 329
525 336
525 340
525 349
525 351
525 355
527 363
524 372
524 373
525 376
524 381
524 388
525 391
525 398
524 404
523 410
524 417
526 510
525 514
524 524
525 526
525 540
524 542
525 549
524 555
524 560
523 565
525 571
524 574
524 580
525 585
522 590
524 594
522 601
524 608
524 611
524 619
527 623
526 633
526 636
524 644
525 648
524 653
524 661
525 665
523 670
525 676
522 684
525 689
522 696
524 701
523 707
526 709
524 714
523 718
526 723
522 728
517 734
524 738
525 743
525 748
525 751
523 756
525 760
524 764
524 771
525 773
524 777
522 782
523 784
520 789
394 788
205 793
188 799
294 866
315 867
313 866
298 872
303 875
259 878
265 881
310 885
289 888
278 890
352 893
291 896
332 898
357 899
362 901
382 904
358 905
362 907
362 909
384 913
380 912
402 912
387 914
383 914
421 916
396 918
410 919
417 921
381 921
395 923
407 923
423 924
394 925
441 927
414 926
429 928
399 929
422 924
443 930
469 930
451 931
439 930
439 932
464 931
471 933
417 933
474 932
463 932
457 932
469 932
475 929
485 932
455 931
509 931
469 930
501 930
496 929
527 924
524 907
523 899
523 898
524 895
525 894
525 890
525 888
524 885
524 883
524 880
524 875
522 874
524 869
523 869
525 864
524 860
524 855
523 853
526 849
525 843
524 837
524 834
524 827
521 825
524 819
525 813
524 807
524 802
524 797
523 793
524 791
520 786
521 797
519 772
525 769
524 763
524 759
524 755
524 749
525 744
524 740
525 736
525 728
526 724
524 716
524 712
523 708
524 700
523 697
524 692
524 685
524 681
525 678
524 668
524 668
524 661
524 553
524 548
525 541
524 536
526 528
525 523
528 514
525 510
526 500
524 497
525 491
524 488
525 480
524 477
524 472
524 466
524 461
522 457
525 451
525 445
525 440
526 433
525 427
526 420
523 416
526 406
523 404
524 399
525 393
524 383
526 378
523 374
528 372
523 363
527 358
525 352
530 345
525 343
525 336
524 333
524 329
525 323
525 318
525 312
523 309
524 304
523 300
525 296
524 292
525 288
526 283
524 280
524 275
527 269
529 266
571 264
630 179
751 183
744 182
742 178
749 174
773 172
730 168
768 164
733 162
745 162
708 159
692 155
675 154
640 152
723 150
687 149
675 147
653 145
631 143
703 143
658 141
701 140
614 139
686 137
648 136
648 135
635 133
603 132
670 131
620 131
652 129
666 127
582 129
653 126
614 126
646 125
604 125
592 124
604 122
630 123
604 122
593 122
597 123
574 123
602 122
594 122
579 123
561 122
589 122
590 123
547 122
596 124
532 124
580 124
531 124
578 125
525 129
527 185
523 189
524 190
523 194
524 197
525 204
524 207
524 212
524 218
524 223
524 228
525 235
525 240
525 243
524 248
525 253
525 255
523 260
524 266
525 271
524 275
525 282
525 290
525 293
525 297
526 303
525 306
525 310
524 318
525 324
523 327
524 333
524 340
523 344
524 351
525 357
523 360
524 365
524 372
522 374
525 380
523 384
524 389
524 394
525 402
523 408
524 414
524 419
523 428
525 433
522 441
524 446
525 451
525 458
525 463
525 468
524 471
524 489
523 494
522 497
524 502
525 504
522 512
524 517
524 525
525 533
524 540
526 545
524 553
529 558
523 566
524 568
523 575
525 579
525 582
525 588
524 592
524 597
524 603
525 609
524 616
523 621
524 627
525 633
525 639
525 647
525 651
523 658
525 664
523 670
525 675
526 682
524 686
525 692
525 700
525 703
524 710
524 712
524 717
524 721
525 725
523 733
525 736
525 741
523 746
525 750
524 755
524 759
525 763
524 767
525 772
525 776
525 779
522 784
520 820
235 821
244 825
224 828
234 832
