525 266
525 267
524 270
523 274
525 278
525 282
525 290
528 299
523 299
525 303
525 312
525 315
525 320
524 325
525 330
525 335
523 341
525 346
525 352
525 356
525 361
524 369
524 373
524 376
525 381
525 386
525 392
525 397
525 403
525 410
525 417
525 423
525 431
524 436
524 444
524 449
524 456
524 461
525 465
525 470
525 473
524 477
525 482
524 484
525 491
524 495
525 502
525 509
525 514
525 522
525 527
524 535
525 541
524 546
525 554
525 559
524 565
524 702
524 696
525 691
524 687
524 681
524 676
524 672
524 665
525 661
524 655
524 648
524 642
524 635
524 629
525 620
524 616
524 608
524 601
524 598
523 590
525 588
524 581
524 581
525 573
524 573
524 566
524 561
514 553
524 549
530 543
524 537
525 530
525 524
524 517
525 510
524 505
524 500
524 491
524 489
524 481
524 481
524 472
524 470
526 462
523 459
524 452
525 447
525 440
525 435
524 428
524 423
525 416
525 411
524 405
524 399
524 392
524 387
525 470
525 470
524 472
525 476
525 479
525 485
524 488
524 494
524 500
525 503
524 514
525 516
524 525
525 530
525 539
525 545
524 549
526 558
525 561
523 568
524 571
524 577
525 580
525 586
525 592
524 597
524 603
525 608
524 614
525 621
524 627
524 632
524 639
525 644
524 651
525 656
523 663
525 669
524 675
525 679
525 686
525 690
525 697
525 701
524 707
524 712
524 715
524 721
524 725
525 730
524 736
525 740
524 745
524 750
524 754
524 758
524 762
357 928
381 926
382 928
371 929
364 929
414 930
404 930
409 930
425 931
415 929
398 931
449 931
417 934
427 931
412 932
438 931
487 931
442 931
479 932
427 931
449 929
476 932
455 925
512 929
471 926
514 924
519 922
522 918
521 918
524 916
523 916
524 913
522 912
524 911
524 912
524 908
524 906
524 906
524 901
525 900
523 897
524 896
523 891
524 890
526 886
525 884
524 881
525 879
524 876
525 873
525 871
525 866
524 863
523 858
525 854
525 850
524 845
525 747
525 744
524 740
524 733
528 732
525 726
525 718
524 716
524 711
525 704
524 699
524 694
525 689
524 685
524 676
524 674
524 671
525 662
525 660
525 651
525 645
524 641
525 629
524 626
525 616
523 611
524 604
524 599
525 594
524 589
524 584
525 580
524 578
524 571
524 569
524 564
525 557
524 560
523 553
516 541
524 532
525 527
524 518
524 513
524 507
524 500
525 496
525 489
524 485
525 480
524 476
525 471
525 467
525 461
523 454
524 449
524 335
524 331
524 329
524 326
525 321
524 317
524 311
524 307
525 304
525 298
524 295
525 291
524 286
525 282
524 278
525 271
530 266
582 262
655 263
784 260
882 259
964 256
1012 250
993 245
973 240
961 234
971 232
974 229
968 224
957 227
954 217
923 215
929 206
874 208
847 201
921 201
876 196
842 192
882 189
893 185
889 182
901 179
889 176
889 173
879 170
883 167
850 164
800 161
831 159
796 158
812 155
757 154
736 151
798 150
746 147
741 146
722 144
734 123
652 124
655 123
659 124
634 123
623 124
631 122
637 122
620 122
609 123
600 122
583 125
615 121
611 122
591 123
571 118
587 123
561 125
540 126
530 128
527 131
527 134
525 135
525 136
525 137
525 140
525 140
526 142
525 144
529 145
525 145
522 147
527 141
524 150
528 143
525 154
524 167
529 165
522 154
525 168
524 171
525 174
525 176
525 179
525 181
524 185
524 188
525 192
524 195
524 199
525 204
526 209
525 214
525 219
525 225
524 229
525 234
526 310
525 315
525 317
525 320
524 327
525 330
525 335
525 342
525 347
524 352
526 357
525 362
525 367
525 372
526 377
525 382
525 387
525 394
525 397
524 405
525 410
524 416
524 427
525 429
524 440
525 443
524 450
525 456
525 460
524 466
525 468
525 473
524 478
525 482
524 487
525 492
524 497
525 502
524 509
525 514
525 523
525 529
525 535
525 543
525 547
526 554
525 560
525 565
525 569
524 574
525 578
525 585
524 588
524 597
525 598
523 607
525 611
525 735
524 739
524 744
525 747
525 753
524 755
524 760
525 765
524 769
524 776
526 778
523 782
523 787
437 788
353 793
172 793
68 795
33 802
56 807
81 811
112 817
118 819
73 823
106 827
102 831
88 835
115 838
146 844
133 846
161 850
160 854
152 857
151 859
178 864
172 867
144 869
197 873
130 876
165 880
196 882
202 880
178 889
171 895
217 893
279 896
253 898
287 900
270 902
295 902
282 906
315 906
319 909
323 910
336 912
314 914
325 914
307 916
339 917
453 932
461 931
394 931
454 931
439 931
434 931
438 931
444 931
457 932
470 929
489 930
464 930
496 928
503 926
523 926
521 922
524 921
524 918
523 917
523 915
524 916
524 913
525 913
524 911
524 910
524 907
524 905
524 901
524 900
525 898
524 896
524 893
524 891
526 888
527 886
524 884
524 880
526 877
524 875
525 871
524 867
528 866
525 861
526 858
524 852
525 849
525 845
524 839
524 832
524 828
525 823
525 818
524 815
523 808
524 803
525 797
524 596
524 592
524 590
525 582
525 579
525 575
525 570
525 567
524 559
524 556
525 544
524 542
527 536
524 529
525 523
524 517
524 510
524 503
524 497
524 493
524 488
523 482
524 477
524 472
525 469
525 462
524 458
525 452
523 447
525 439
524 435
524 427
524 423
524 413
523 411
525 400
524 399
525 393
524 386
524 380
525 375
525 370
526 363
528 360
525 353
522 351
524 344
525 338
524 334
525 328
524 324
525 319
522 314
524 310
524 305
525 300
524 297
524 279
526 275
526 272
526 270
531 265
629 264
723 262
782 259
1013 258
1023 252
1006 246
1016 242
972 239
937 235
958 230
957 225
952 221
905 218
907 218
916 209
877 205
893 202
859 198
878 196
874 194
908 191
902 185
870 183
895 181
876 177
902 174
904 171
832 168
840 165
823 163
841 159
787 158
756 155
777 154
731 152
800 151
778 148
757 146
727 146
739 144
744 143
686 139
717 139
734 139
712 137
717 139
685 135
733 133
707 132
715 133
688 131
694 128
645 123
608 123
612 123
600 121
607 123
608 122
638 123
570 123
572 123
599 123
584 124
530 125
534 126
534 127
526 129
526 131
525 134
526 136
526 137
524 140
525 140
525 140
524 142
523 136
526 144
524 148
524 148
525 152
528 154
528 159
526 158
527 161
525 154
533 165
522 161
524 172
525 175
526 177
524 180
525 184
525 187
525 191
525 194
525 198
525 203
525 206
525 212
524 217
525 224
524 228
525 235
525 239
525 245
525 248
524 252
524 257
524 261
524 309
525 313
524 318
525 323
525 328
524 332
524 340
524 344
525 349
524 356
525 358
525 364
526 373
525 375
524 379
525 384
525 389
524 395
525 402
525 408
525 414
525 422
525 429
525 435
525 443
524 447
524 454
525 458
524 464
525 467
524 472
525 475
524 480
524 484
525 489
525 495
525 500
524 507
524 512
525 520
524 526
526 532
524 540
524 545
524 551
525 556
524 562
525 568
525 573
525 577
525 582
525 587
525 592
525 597
524 603
524 609
524 617
524 673
525 677
524 680
525 686
524 691
525 697
524 703
524 706
524 712
527 718
524 721
524 727
525 730
524 737
524 740
525 746
524 750
524 755
524 759
524 762
524 766
524 771
523 776
524 780
523 785
517 789
416 790
286 791
99 794
75 799
61 805
57 808
78 811
113 817
89 822
95 825
94 829
58 832
126 839
149 841
122 845
154 848
174 852
176 855
196 858
144 862
154 865
193 868
172 871
128 875
144 879
181 881
178 885
153 887
225 891
209 890
242 895
257 911
335 912
323 912
332 914
355 915
333 916
373 917
313 918
349 920
301 921
352 923
330 923
343 926
370 926
364 927
361 927
402 930
379 929
398 930
383 930
419 930
412 931
383 931
424 931
421 931
426 931
453 933
434 932
425 930
447 932
442 932
450 931
421 930
474 931
456 930
468 930
462 929
512 929
519 926
523 923
522 921
524 918
523 918
524 916
525 914
524 914
524 913
524 910
524 912
523 907
524 907
524 906
524 902
524 900
521 898
524 896
524 890
524 827
525 825
525 821
525 817
525 812
524 807
524 800
525 795
525 791
525 789
524 781
524 775
525 769
525 766
522 763
525 757
524 750
524 747
524 741
524 736
523 736
526 723
525 718
524 714
524 709
524 703
525 699
524 693
526 689
525 684
524 678
525 674
524 670
525 663
525 657
524 650
524 645
524 637
524 630
524 624
524 616
525 612
525 605
524 598
524 595
524 587
524 586
524 578
524 578
525 571
524 567
524 563
524 558
524 551
524 545
521 538
524 531
524 434
524 430
525 424
524 419
525 413
524 407
524 400
524 395
525 387
524 384
524 376
524 372
525 366
528 360
523 355
527 360
515 345
523 340
524 336
524 330
525 327
525 322
524 316
524 312
525 306
523 303
525 298
525 292
525 293
525 286
525 281
525 277
524 272
527 268
537 264
735 262
797 258
976 258
965 253
1005 249
1002 245
927 241
984 236
946 232
961 228
955 223
934 220
955 218
926 214
897 211
901 196
884 202
857 202
891 198
866 192
889 188
897 185
746 145
720 144
733 143
762 142
757 140
738 140
705 137
714 136
700 135
707 134
675 132
706 133
701 131
741 129
705 124
681 127
660 130
692 125
674 128
651 124
656 123
664 124
637 123
628 123
631 123
607 123
598 122
656 122
591 122
631 122
587 122
600 122
576 123
619 123
575 123
599 124
551 124
584 125
519 127
561 127
526 131
529 132
525 133
525 137
525 137
525 138
525 140
524 141
525 143
525 136
525 146
527 145
526 149
520 151
525 153
519 157
527 158
526 193
525 196
525 200
524 204
524 210
525 215
525 221
524 227
525 231
525 235
525 241
524 246
525 250
524 255
525 260
525 264
525 268
525 275
525 280
525 285
525 289
525 295
525 300
528 305
525 310
524 314
525 321
525 325
524 329
524 337
525 344
524 346
525 351
524 358
525 362
525 367
525 372
525 378
525 382
525 386
524 393
525 399
523 405
524 412
523 418
524 425
524 432
525 439
524 444
524 452
525 456
525 461
524 465
525 469
524 474
525 477
525 484
525 585
525 589
525 595
524 600
524 605
524 612
524 619
524 624
524 630
525 637
524 642
524 647
524 654
525 660
524 666
524 672
524 678
524 682
524 690
524 694
524 700
526 704
524 711
525 714
525 719
525 724
525 728
524 734
525 740
525 743
525 744
524 753
525 755
524 762
524 764
524 769
524 772
525 778
521 782
517 786
477 790
360 792
159 792
87 796
72 801
52 806
57 811
84 817
80 821
108 823
111 828
81 832
102 836
133 840
125 843
187 847
133 850
155 901
276 903
277 904
288 906
314 907
339 908
294 910
309 911
346 912
337 914
306 917
319 917
325 919
337 920
384 921
315 921
342 923
385 924
345 925
351 926
339 926
354 928
414 927
394 929
362 928
391 928
374 931
425 930
434 931
390 932
428 931
422 931
427 931
417 931
472 931
453 931
402 930
482 931
446 930
454 929
481 930
469 930
530 929
514 928
531 924
524 925
527 918
524 921
524 914
522 917
525 914
524 914
524 912
525 911
524 909
525 907
524 904
525 852
524 849
525 843
524 838
524 833
524 828
524 823
525 817
524 814
525 808
525 801
523 797
525 794
525 788
524 783
524 777
521 771
524 768
524 767
523 760
524 752
525 749
523 744
524 740
524 732
524 726
524 723
525 716
524 711
524 706
524 699
525 696
523 691
525 687
524 682
524 675
524 671
524 666
524 660
524 654
525 647
524 641
525 633
524 627
524 620
524 613
524 607
524 600
524 597
525 590
524 588
523 581
524 578
525 576
524 568
524 567
525 557
525 475
523 474
524 473
525 467
525 464
525 456
523 452
525 445
524 440
524 433
523 427
525 421
524 415
524 409
524 404
525 398
525 391
525 386
524 379
524 374
525 369
524 363
525 355
525 351
526 349
527 338
521 334
525 332
525 328
524 323
525 319
525 313
525 309
524 304
525 300
524 297
525 292
525 287
524 284
523 278
525 274
525 269
529 266
598 264
711 262
776 258
981 258
1017 254
1008 247
1023 242
1019 238
949 233
961 229
941 226
940 221
960 217
925 216
747 147
779 147
713 145
752 144
744 142
713 142
732 139
707 138
716 137
706 136
718 134
715 133
681 132
726 129
661 122
693 128
700 130
708 124
696 127
640 124
660 128
644 125
684 124
602 124
622 123
672 123
625 122
664 122
593 123
606 122
615 122
632 122
589 123
626 123
578 123
608 123
578 124
603 125
543 125
545 125
555 128
526 129
527 132
526 135
526 135
525 139
525 138
525 141
525 141
525 143
525 142
514 148
522 145
518 150
523 151
526 147
524 227
525 229
525 234
524 238
524 243
525 249
525 252
524 258
525 260
523 266
525 272
524 278
524 282
524 286
525 294
526 296
525 301
527 306
524 313
526 318
525 323
525 328
525 333
524 339
524 345
524 350
525 356
525 359
525 364
524 369
524 375
525 379
524 384
525 389
525 395
525 402
525 409
524 415
526 421
524 429
525 435
524 443
525 447
524 455
525 459
524 464
525 468
524 472
524 475
524 480
525 486
525 489
525 496
524 499
524 508
525 509
524 521
525 641
525 646
525 650
525 652
525 658
524 663
524 668
524 675
525 681
525 686
524 692
524 697
525 704
525 707
524 712
524 716
525 721
525 727
525 732
524 737
525 740
525 746
524 751
525 755
524 759
523 764
524 768
524 772
524 777
525 779
524 784
520 787
399 791
273 791
97 794
100 799
51 803
44 809
38 812
68 818
91 821
94 826
77 829
120 834
116 838
131 841
146 844
172 848
191 851
156 856
151 859
171 861
191 865
155 868
146 871
160 874
147 878
212 881
173 894
235 895
216 896
234 898
270 900
287 902
259 904
314 905
263 907
312 908
340 910
321 911
333 912
316 913
337 914
329 915
368 918
354 919
326 920
327 922
335 919
350 923
341 924
361 925
367 926
406 927
349 928
351 928
388 929
412 929
431 929
404 929
399 930
438 932
422 931
399 932
441 932
403 932
475 929
425 931
432 932
450 931
437 932
458 930
458 934
485 930
482 929
505 929
519 925
523 924
522 922
523 920
522 918
523 917
524 915
524 915
522 913
525 891
524 890
524 888
525 886
525 887
523 881
524 877
524 875
524 872
525 869
525 867
524 862
524 859
524 854
524 850
525 845
523 841
524 835
525 829
524 823
525 820
524 815
523 812
525 805
525 800
523 797
525 791
524 787
524 780
525 774
524 768
525 766
524 762
525 755
525 750
524 747
524 742
525 735
524 731
521 725
526 720
525 713
524 708
525 703
524 697
524 694
525 687
524 682
524 678
523 673
524 668
524 664
524 656
524 651
525 645
525 637
524 631
523 576
524 576
526 571
524 568
524 563
524 557
524 552
524 543
523 539
517 531
523 519
525 518
524 512
526 506
524 500
525 495
525 488
523 485
525 480
524 475
524 471
525 464
524 461
524 453
524 449
525 442
524 436
525 429
524 425
524 417
524 413
524 405
524 400
524 393
524 388
525 383
524 377
524 371
524 366
525 358
525 350
526 349
528 334
529 337
521 341
524 329
524 325
524 321
525 315
524 311
525 306
524 302
524 298
525 294
524 290
524 286
524 281
525 433
524 431
524 427
525 420
525 416
525 408
524 404
526 396
523 392
525 384
525 380
524 372
524 369
524 362
525 359
534 351
524 344
523 341
523 330
524 332
524 328
525 324
525 318
525 313
525 308
525 303
524 301
524 296
524 290
524 289
525 283
524 278
524 275
525 270
529 266
601 264
734 261
782 258
968 257
1023 252
1023 246
1022 241
1006 238
968 233
945 228
953 225
942 221
955 216
908 213
913 203
881 204
861 204
879 198
887 201
890 193
866 190
882 129
701 126
659 128
679 124
657 125
694 128
664 126
641 119
645 123
662 123
662 123
608 123
634 122
649 122
626 122
646 123
611 122
594 122
608 123
611 123
628 123
574 123
605 123
577 124
558 124
564 126
527 128
527 129
526 132
525 134
525 135
525 137
526 139
525 139
525 139
525 141
525 142
525 143
523 147
523 149
524 152
524 147
522 156
525 160
526 160
523 167
520 170
525 159
521 173
511 175
525 180
525 180
524 185
525 188
524 190
525 194
525 198
525 380
525 381
525 385
525 389
525 395
525 400
524 409
525 415
524 422
525 430
525 434
525 443
524 447
524 454
524 459
524 462
524 468
525 471
524 477
525 481
524 484
524 490
525 494
525 499
524 508
524 511
525 521
526 525
524 534
525 537
524 547
525 551
525 558
526 563
525 568
522 574
525 576
524 583
524 587
524 592
523 597
524 604
524 610
525 614
524 621
525 627
524 633
525 640
524 647
525 651
524 657
524 663
524 670
525 675
525 682
525 686
525 692
524 770
525 772
524 777
524 780
522 784
517 788
392 789
259 791
127 793
60 799
37 803
69 809
87 813
40 818
127 821
97 826
84 831
97 835
106 839
128 841
182 845
112 849
167 852
199 854
145 858
184 861
148 864
169 868
188 872
145 875
160 878
163 883
164 885
210 888
182 891
218 893
227 895
244 898
251 900
252 902
295 903
311 905
302 906
285 905
315 910
297 912
333 913
338 914
328 916
347 917
344 918
332 919
328 920
337 919
319 923
320 923
342 924
375 925
445 931
428 933
448 930
439 931
442 930
446 931
456 931
447 930
502 928
510 928
519 924
524 924
524 921
523 920
522 917
524 916
523 914
524 914
524 914
523 912
524 911
524 909
524 907
523 903
524 902
524 899
524 898
524 894
524 892
525 888
524 886
524 884
525 879
523 878
524 874
523 872
523 868
523 866
524 862
526 858
525 855
525 850
524 848
526 839
525 835
524 831
523 825
524 821
525 815
523 809
524 803
526 801
523 796
525 792
526 785
525 782
523 776
522 716
517 714
524 708
525 703
525 697
524 693
525 688
524 680
523 679
524 673
524 667
524 663
524 657
524 650
525 646
525 636
524 633
524 620
524 617
526 607
524 602
525 598
524 591
524 589
524 583
523 581
524 576
524 573
524 567
524 562
525 557
524 551
524 544
524 539
522 535
538 523
524 502
525 513
524 504
524 500
524 495
525 490
523 483
525 478
524 474
524 469
525 466
524 459
524 454
524 448
525 443
525 435
524 431
525 423
524 420
525 410
524 407
524 310
525 306
524 303
525 297
524 294
525 290
525 284
524 281
524 275
527 271
527 268
565 264
665 262
752 260
900 259
1022 254
1023 249
1023 244
967 238
943 236
974 231
957 226
964 224
951 218
915 214
914 212
901 221
884 202
872 199
861 197
844 197
918 193
878 186
855 184
907 181
922 178
924 175
853 171
852 168
864 166
828 163
846 160
783 158
794 155
776 155
773 152
760 151
737 149
752 147
727 145
738 144
738 143
698 140
761 135
729 139
733 137
677 123
627 122
674 123
614 120
638 122
585 122
592 122
596 123
577 122
606 123
571 124
582 124
546 125
552 127
519 128
526 130
524 132
526 134
525 136
525 137
525 138
525 141
525 141
525 143
526 143
517 146
523 149
525 150
528 153
527 150
522 158
528 159
523 165
528 165
524 170
527 170
524 170
526 176
525 178
525 182
524 185
524 189
525 192
525 196
525 199
524 204
524 210
524 215
527 220
524 226
526 231
525 236
525 243
525 246
525 249
525 253
525 260
522 358
524 363
525 369
525 372
524 377
525 384
525 389
525 393
525 399
524 406
524 412
525 419
525 426
525 432
525 440
526 445
525 451
526 458
525 461
524 466
525 469
525 475
524 479
525 482
525 488
524 491
524 497
524 504
524 509
525 515
526 524
525 529
524 537
525 543
525 550
524 556
525 559
525 566
525 571
524 576
525 579
525 585
525 590
525 595
525 601
524 606
524 614
526 618
524 626
524 631
525 637
524 644
524 649
524 656
526 661
524 667
525 671
525 746
525 750
526 753
524 757
525 761
523 765
525 769
524 774
525 779
522 781
522 786
459 789
327 791
126 791
42 798
62 801
93 806
94 810
121 816
97 820
96 823
116 829
87 831
106 836
112 841
110 845
177 847
122 851
139 852
193 857
196 860
179 863
124 867
189 870
187 874
152 876
196 880
137 883
174 887
235 890
193 891
239 894
198 896
243 901
313 901
296 902
290 904
254 906
306 908
302 908
327 911
285 911
322 914
343 915
327 916
306 916
340 918
342 919
428 932
439 930
435 931
457 931
438 931
471 931
443 931
483 931
456 931
502 929
463 929
543 926
516 927
525 921
524 922
523 918
524 917
525 916
523 916
525 912
524 913
523 909
524 910
525 907
522 905
524 903
525 900
524 899
525 896
523 893
525 890
524 886
524 885
523 881
525 879
526 877
524 875
524 870
524 868
525 864
524 860
524 855
525 853
525 848
524 842
523 836
525 832
524 826
521 821
524 816
525 811
524 806
525 802
524 800
524 796
524 790
524 679
525 676
525 673
524 669
525 665
524 659
524 652
524 647
524 640
524 632
524 628
524 617
525 614
525 607
524 601
523 595
524 591
524 587
525 581
525 577
524 573
524 571
525 564
524 560
525 556
524 547
524 543
525 534
525 533
520 520
532 514
524 511
525 502
524 499
524 492
525 487
524 480
524 479
524 471
524 469
524 462
528 458
525 451
523 447
525 440
524 435
525 427
525 423
525 414
524 409
525 403
524 397
524 390
524 386
525 379
525 375
525 368
523 207
886 204
882 203
874 208
872 198
864 197
894 189
902 192
878 184
867 180
874 176
901 174
881 170
847 167
838 165
845 162
825 160
779 157
812 155
797 153
750 152
732 150
742 148
780 146
735 146
730 144
729 142
690 141
725 140
718 138
726 136
713 135
714 129
684 132
714 132
713 132
675 133
702 127
661 127
702 128
679 128
646 132
659 123
680 126
653 123
643 122
647 124
651 123
623 123
639 122
617 123
617 122
580 123
626 123
560 122
601 123
598 123
588 125
556 125
543 126
531 128
529 130
526 133
526 134
525 136
525 136
