525 667
523 672
528 676
524 680
524 684
523 687
523 694
525 702
524 705
525 711
524 715
524 719
524 724
524 730
526 734
526 741
526 743
525 748
524 751
525 756
523 762
525 765
525 768
524 774
524 777
524 782
522 787
442 789
351 791
269 795
259 800
235 805
245 810
256 811
250 817
258 820
241 822
239 829
216 834
249 837
269 839
259 844
257 844
280 851
297 855
283 859
297 861
277 865
273 869
294 871
301 876
268 878
265 881
279 885
311 887
292 890
315 894
525 308
525 304
525 300
525 296
524 292
524 288
524 284
525 279
525 275
524 271
530 265
660 263
738 261
758 258
804 253
852 249
819 244
787 240
796 235
805 231
784 221
830 225
796 216
809 220
775 209
768 208
781 201
788 198
769 199
748 195
773 192
757 188
773 185
758 181
769 178
774 175
753 171
786 169
728 166
718 163
749 160
731 158
683 156
679 153
727 151
689 150
679 149
692 146
661 146
646 144
652 143
664 141
683 140
671 139
661 139
637 140
643 134
524 779
525 782
524 785
519 789
381 791
323 793
261 797
242 803
243 806
209 811
269 815
248 819
248 822
243 827
228 832
221 835
262 839
280 843
257 848
274 851
279 853
315 857
260 861
287 863
309 867
254 870
287 871
284 877
261 881
273 884
259 887
310 890
336 892
330 895
327 898
309 899
392 900
393 902
345 904
397 907
386 904
369 910
357 911
412 912
415 914
375 914
421 914
406 916
377 917
432 919
378 921
398 922
410 922
410 926
407 925
404 926
415 927
524 828
524 825
524 821
524 815
524 812
524 803
524 798
525 794
525 791
524 785
524 780
524 775
524 771
525 767
524 769
525 755
522 752
524 746
524 741
524 734
524 730
525 724
524 717
524 713
524 709
524 702
525 698
524 692
525 688
524 683
525 674
525 671
525 666
525 662
525 657
526 650
525 643
526 636
524 630
524 621
525 616
525 610
525 603
525 598
526 593
524 587
522 582
525 578
525 578
522 571
527 566
525 564
525 554
523 553
525 543
523 539
526 531
524 432
525 425
525 424
523 417
525 411
525 405
525 399
520 395
524 397
522 388
524 384
523 370
523 375
525 365
524 353
525 348
525 344
525 339
524 334
524 330
525 325
524 320
525 315
525 310
525 306
525 302
525 298
524 293
524 290
526 284
524 282
524 277
525 271
528 267
541 264
723 263
766 258
792 254
818 249
794 246
768 241
793 238
808 235
801 234
767 226
844 225
799 217
799 213
812 209
777 209
811 199
758 198
748 196
774 192
793 189
763 186
756 141
656 140
668 140
630 138
658 138
648 136
635 136
687 134
635 135
632 130
651 133
654 130
628 127
636 128
679 128
617 128
596 125
615 126
604 121
615 123
623 124
589 123
585 121
597 122
604 123
586 122
578 123
597 122
592 122
526 122
604 122
578 119
571 123
559 123
535 123
554 123
534 126
530 126
526 130
525 130
526 133
526 135
525 138
525 138
525 139
524 141
524 140
524 145
526 143
523 147
525 147
524 151
524 153
524 155
525 158
525 160
524 163
525 231
525 237
524 242
524 245
524 252
525 255
525 260
525 265
525 270
522 275
525 281
524 285
525 289
524 297
526 303
524 306
525 309
525 314
524 319
525 327
524 331
524 338
525 344
525 346
525 354
524 360
525 361
524 369
524 373
524 377
524 384
524 388
524 393
524 400
525 405
523 414
525 418
524 428
525 433
524 439
524 447
525 450
524 458
524 461
525 467
525 468
525 474
524 475
525 484
524 488
524 494
525 499
525 504
526 511
524 518
524 523
523 531
525 603
526 607
526 611
526 615
525 619
524 625
524 631
522 638
524 643
522 651
525 648
523 662
525 665
524 674
525 679
524 685
524 689
525 695
525 700
524 706
524 710
524 715
523 721
524 724
524 730
525 734
524 740
524 744
524 748
523 755
524 756
524 761
524 766
525 770
525 774
524 777
524 781
523 786
457 789
305 790
282 795
266 799
250 805
214 806
210 815
255 817
253 821
244 826
237 830
224 834
259 838
278 841
250 844
278 848
292 850
290 855
265 858
292 912
420 913
408 914
415 916
403 917
380 920
400 920
401 922
381 915
382 924
423 924
405 925
413 926
432 927
416 928
422 929
422 928
441 931
444 930
413 931
446 931
430 931
435 931
459 931
442 932
457 931
487 928
468 932
458 932
497 932
451 931
530 932
421 931
507 930
451 930
526 929
519 927
521 926
524 923
524 922
523 919
526 919
525 916
524 917
523 917
524 913
524 912
525 910
525 910
524 906
524 904
525 902
525 900
525 902
529 895
524 892
525 889
525 812
525 807
524 802
525 795
524 792
524 787
525 782
524 777
523 772
525 767
524 763
538 750
519 751
521 743
524 743
525 737
525 731
524 727
524 723
524 714
525 710
525 706
525 696
524 695
524 689
525 685
525 679
524 674
524 670
526 664
524 658
524 653
524 649
526 638
523 633
525 625
525 618
524 612
525 605
524 599
525 595
525 589
524 585
522 581
529 577
522 585
531 570
524 568
524 557
524 554
526 546
524 541
526 533
526 528
525 521
525 514
524 508
524 311
524 308
524 302
526 299
523 296
525 290
525 286
525 282
526 277
526 273
525 269
531 265
629 263
728 261
808 257
796 253
807 249
816 244
846 240
820 234
786 229
825 224
809 223
806 216
798 218
793 215
747 208
774 200
767 199
781 197
753 193
769 191
755 188
747 183
784 181
790 178
775 174
768 170
760 168
747 165
748 162
716 159
703 159
676 155
714 154
687 152
660 151
670 149
689 146
684 145
658 144
676 143
644 141
655 139
657 138
625 137
646 136
613 138
608 129
631 130
615 129
618 131
629 128
613 135
643 123
631 128
615 122
612 122
610 122
593 125
578 123
617 122
580 122
614 121
553 122
611 121
584 122
552 122
579 123
574 122
575 122
579 123
549 123
588 123
516 125
555 125
517 129
525 127
524 133
525 134
526 136
525 137
525 139
525 140
525 141
524 142
525 143
525 135
524 146
525 150
524 151
524 155
525 157
525 160
524 162
525 164
524 169
524 171
525 173
525 175
525 177
526 181
525 184
525 188
525 228
525 235
524 240
525 244
526 250
524 254
525 258
525 262
525 269
525 273
525 277
525 283
524 291
524 291
524 297
524 304
524 309
524 314
525 317
523 324
525 331
525 334
524 341
525 347
525 349
525 356
525 363
524 365
524 373
524 377
525 379
525 388
525 391
525 397
524 404
524 409
522 418
525 421
524 434
525 436
525 444
523 451
525 454
524 463
525 464
524 470
522 474
524 475
524 484
525 485
524 492
525 496
524 500
522 510
526 513
525 524
525 527
523 581
524 584
524 589
523 595
525 599
525 605
525 610
524 617
524 623
526 628
525 635
524 642
524 649
524 653
525 660
526 665
525 671
525 677
525 684
524 689
524 694
524 699
523 704
524 709
524 714
526 717
523 724
524 728
524 735
524 738
525 743
524 748
527 751
524 755
523 761
525 764
526 769
524 772
523 777
523 783
525 786
519 789
346 790
283 794
281 798
244 803
230 808
213 812
221 818
262 820
274 824
231 828
242 833
268 837
245 841
261 844
251 879
296 881
292 883
288 885
298 887
293 890
321 893
287 895
323 896
388 903
357 901
379 903
353 904
401 906
365 908
358 910
394 911
396 912
390 914
370 915
402 916
388 919
415 918
419 919
395 921
383 924
425 925
387 924
383 924
447 926
427 927
430 928
416 929
425 929
426 931
463 922
441 930
443 931
439 932
454 931
436 931
456 933
461 932
492 933
437 932
459 931
464 932
482 931
480 931
482 931
484 931
475 929
515 929
517 927
527 925
523 922
525 920
524 906
524 904
525 903
525 901
524 899
525 896
523 894
525 891
524 887
525 886
525 883
525 880
525 878
524 875
525 872
521 868
524 865
525 861
524 857
524 854
524 849
524 843
525 838
524 832
524 829
524 824
524 818
525 812
525 809
525 804
525 799
524 794
525 789
524 785
523 780
524 773
524 770
524 764
525 759
523 754
526 740
520 747
525 740
524 734
525 728
524 724
524 718
524 710
524 705
523 702
524 695
521 692
523 686
525 681
524 678
525 672
524 666
524 569
521 575
528 568
531 568
528 561
524 555
525 550
525 542
523 535
523 529
524 524
525 516
526 509
525 504
526 498
525 492
524 486
525 483
527 476
524 473
527 468
526 462
524 458
526 451
524 447
525 440
524 435
524 427
524 422
525 416
524 410
525 405
528 398
524 391
523 387
526 388
524 375
528 371
525 367
524 364
526 356
524 348
525 343
525 339
525 335
526 329
524 324
524 319
525 314
524 311
526 304
525 301
522 297
526 292
523 288
524 282
524 280
524 386
536 371
524 375
524 370
512 367
530 359
522 355
526 349
525 346
525 338
523 337
524 329
526 326
524 322
525 316
526 312
524 307
525 303
525 298
524 295
525 290
525 284
523 281
524 277
525 273
523 267
532 264
628 262
771 260
782 256
801 252
825 246
831 242
829 239
797 234
797 230
800 226
809 221
818 225
776 215
794 220
785 206
766 214
764 204
763 198
774 196
766 190
748 187
760 184
795 180
753 177
781 173
753 171
753 167
739 164
730 162
729 159
562 121
612 121
571 122
548 121
555 123
573 125
557 124
543 123
525 126
530 127
525 132
525 132
524 136
524 134
523 138
525 138
525 140
525 140
525 144
524 144
525 146
525 147
526 149
525 152
524 154
525 156
524 158
525 162
524 164
524 168
525 169
525 173
524 175
525 179
525 181
524 184
524 187
525 192
525 195
524 200
525 206
522 209
523 213
525 219
525 227
524 230
525 237
524 241
524 245
524 249
525 255
524 260
525 264
523 269
526 273
524 278
525 285
523 453
525 456
525 460
523 467
525 468
524 476
526 476
525 483
524 487
524 492
523 499
525 502
525 511
525 514
524 524
526 529
524 535
520 543
524 547
521 555
525 558
525 566
524 570
523 572
525 579
526 584
522 592
527 595
523 601
525 605
523 611
525 619
521 623
526 630
524 636
524 642
525 648
522 654
523 660
522 666
524 672
524 678
524 684
525 689
524 695
523 699
524 705
524 709
523 715
525 718
525 725
524 729
524 732
523 740
525 743
525 748
525 753
261 822
238 826
250 828
265 832
214 837
259 841
279 844
280 848
269 852
268 854
308 858
299 861
263 865
279 868
280 871
288 874
271 877
286 882
281 887
324 887
301 890
310 893
337 895
347 897
327 900
360 901
396 903
353 907
359 907
391 907
368 909
399 911
403 912
374 915
402 915
405 915
403 917
370 918
411 919
407 921
425 922
413 923
413 925
429 924
420 926
411 928
387 926
419 928
487 928
423 930
430 931
452 929
459 931
449 932
402 931
491 932
462 932
524 914
524 914
525 914
525 913
524 910
525 910
524 906
524 907
524 903
524 901
523 897
525 896
511 892
523 891
524 888
525 885
524 882
524 878
526 878
524 874
525 871
524 866
524 865
524 861
525 857
523 854
524 848
524 843
525 839
524 834
524 828
524 822
525 816
524 813
525 809
525 803
524 798
524 793
524 790
524 786
524 780
524 773
524 769
524 766
524 760
524 753
526 745
529 760
522 738
524 735
526 728
525 722
524 719
525 711
524 707
525 702
525 694
524 586
525 582
526 578
525 567
522 567
526 560
527 558
525 550
523 548
525 541
522 535
527 527
523 523
527 514
523 510
525 504
525 496
523 494
524 487
521 483
524 475
522 473
524 466
523 463
524 455
525 452
525 446
525 441
523 433
525 426
524 421
525 415
524 410
525 402
524 397
526 390
525 387
526 380
523 375
526 369
530 365
525 358
524 353
528 349
525 341
524 341
526 333
526 327
525 323
524 319
525 313
524 310
525 304
524 300
524 296
524 293
525 235
791 233
816 229
780 227
799 224
796 219
796 213
823 207
767 206
761 205
781 202
792 198
757 192
736 193
774 188
776 185
777 181
764 179
725 177
807 171
786 168
739 165
724 162
719 160
720 158
693 156
687 154
721 152
657 150
685 148
679 148
676 145
694 143
670 142
663 141
640 139
677 139
641 137
639 136
637 134
679 133
613 133
628 130
666 124
652 128
640 120
611 129
639 130
648 130
616 126
604 126
564 125
622 123
615 122
572 124
599 122
596 122
640 139
525 138
524 140
525 141
525 144
525 144
525 147
524 148
524 151
524 152
524 156
525 159
524 162
525 164
525 167
526 169
524 172
524 176
525 178
524 181
525 184
525 189
524 190
524 194
523 198
525 204
525 208
524 215
525 216
524 223
525 228
527 234
524 239
524 243
525 248
525 251
525 257
526 256
525 267
524 272
525 276
526 281
525 288
525 294
524 296
525 301
525 309
524 313
525 317
524 322
525 329
525 334
525 338
525 345
525 350
525 354
525 361
524 478
525 481
525 486
525 489
525 494
523 500
524 506
524 513
524 519
525 527
526 532
524 540
523 546
524 550
523 558
528 562
525 571
528 570
524 578
527 581
524 587
525 591
525 599
527 603
524 610
524 615
525 623
525 627
526 633
522 638
524 647
524 651
524 658
523 663
524 669
523 675
524 682
525 687
524 694
525 698
524 703
525 707
523 713
525 716
523 721
525 726
524 731
524 736
524 741
525 747
524 750
524 756
524 759
525 762
524 767
524 770
524 776
524 858
293 860
292 862
297 864
300 870
282 870
289 874
279 876
306 879
281 885
264 886
287 889
295 892
359 894
344 897
303 899
331 900
350 903
380 904
385 906
376 907
386 909
386 911
382 912
384 914
410 915
417 916
377 917
408 919
435 919
411 920
382 922
430 926
396 924
408 925
415 927
418 928
432 928
441 929
439 929
402 929
427 929
502 929
436 937
437 932
449 931
466 932
426 932
451 932
483 933
464 932
470 932
484 931
443 931
507 932
466 931
507 930
523 926
524 925
524 924
524 923
524 917
524 919
524 914
524 916
524 915
525 914
524 913
525 910
525 908
524 906
524 904
524 901
524 900
524 898
524 895
529 887
525 890
525 887
524 883
523 881
525 878
525 875
524 872
524 869
524 865
525 862
524 858
524 853
524 850
525 845
524 841
525 833
525 830
524 825
524 821
524 813
524 810
524 806
524 800
524 795
525 791
524 787
524 782
525 778
525 770
525 763
524 760
525 757
525 750
524 746
524 747
526 736
524 732
524 678
524 677
524 673
524 668
525 662
524 656
525 649
524 645
525 636
524 631
524 622
525 616
525 611
525 602
524 599
524 593
525 589
524 585
525 581
525 575
524 566
523 564
523 560
525 556
502 551
524 545
524 538
524 533
526 524
524 519
525 511
523 506
526 499
523 494
525 492
524 483
524 479
525 473
524 469
524 463
524 460
525 452
524 449
526 442
524 436
524 430
525 424
525 418
526 412
525 406
523 402
525 394
525 388
525 382
525 381
521 373
524 369
523 316
524 310
524 306
523 306
524 297
525 294
524 290
525 286
525 280
524 276
525 271
524 266
536 264
659 262
753 259
809 254
793 251
811 247
799 242
799 241
815 234
850 230
803 226
797 221
823 218
808 213
752 211
787 215
784 202
757 200
768 196
759 193
782 190
781 187
776 184
777 179
765 176
758 172
789 170
726 168
769 164
737 161
722 159
727 157
694 154
708 152
716 152
671 150
663 148
660 146
684 144
663 143
669 141
691 140
647 140
630 138
629 139
624 122
609 128
663 126
646 125
614 126
608 126
638 125
573 123
580 123
643 122
583 122
570 122
610 122
584 123
564 122
594 123
577 122
573 122
566 123
579 122
577 124
531 123
585 124
532 125
531 126
521 130
529 130
524 134
525 133
524 138
526 137
525 137
525 140
526 141
524 142
525 142
525 146
525 147
524 151
530 151
524 156
524 157
525 162
524 162
524 167
525 168
524 171
525 170
524 176
524 179
524 182
525 187
524 189
524 193
525 196
525 199
525 205
523 253
525 256
525 260
525 264
523 270
523 275
525 279
525 284
524 291
524 296
524 300
525 305
524 310
525 315
524 321
524 327
525 331
524 337
525 341
525 346
524 354
524 357
526 364
524 369
525 372
524 380
525 383
525 386
523 395
525 398
525 406
524 411
525 418
523 428
525 428
524 441
525 446
524 451
524 457
524 461
524 467
524 469
523 475
525 477
522 485
526 487
524 493
526 499
525 505
523 510
525 517
525 524
525 530
524 538
525 544
525 549
524 636
523 642
526 645
522 650
525 654
525 664
525 665
524 674
525 678
524 685
525 690
524 696
523 702
525 705
523 712
527 714
524 720
526 724
525 729
524 734
525 739
525 744
525 749
525 753
525 757
525 762
525 764
523 770
524 774
524 779
522 784
525 788
452 789
329 793
287 797
266 801
279 807
238 809
241 812
249 817
244 820
236 824
224 828
246 834
236 838
247 842
267 846
278 849
278 852
299 855
304 858
266 862
300 865
282 868
278 871
268 876
266 878
279 915
399 918
411 917
422 918
414 920
407 920
398 921
407 922
393 924
406 924
396 925
405 926
432 928
406 928
447 926
443 930
440 930
409 930
444 930
473 929
437 931
466 932
465 932
456 939
463 932
504 933
468 932
484 931
451 931
483 930
470 931
456 930
527 926
465 930
521 928
490 927
516 923
517 925
527 918
523 920
524 915
524 917
524 914
525 914
524 912
524 911
524 911
524 908
525 905
526 902
524 900
524 897
524 895
524 895
529 896
525 887
525 885
525 821
524 819
524 816
524 814
524 808
526 803
524 796
524 793
525 788
524 783
525 777
524 775
524 768
524 764
524 759
524 753
525 751
527 746
525 732
526 733
524 728
525 720
524 715
524 712
524 704
524 700
524 696
522 689
524 687
524 681
525 674
525 671
525 663
525 658
524 653
526 645
524 640
524 633
523 626
524 619
525 612
524 606
525 598
524 596
526 589
525 585
524 581
526 576
525 572
525 569
525 569
532 558
520 563
530 547
525 539
524 536
526 527
523 451
526 448
525 444
525 438
524 432
525 427
526 421
524 415
525 408
525 402
525 397
525 390
524 385
524 380
524 373
532 369
526 369
510 354
525 350
524 344
530 340
524 338
526 332
524 328
524 321
525 318
525 313
524 308
525 304
525 299
524 295
525 290
524 287
524 282
525 277
524 273
526 268
530 264
592 261
723 261
778 256
809 252
803 248
777 243
802 240
826 236
794 231
775 226
840 223
823 219
794 218
799 206
763 208
781 201
761 199
749 202
755 195
658 147
661 146
657 145
649 143
665 142
666 141
634 140
664 138
657 137
614 136
667 134
637 133
642 132
654 132
663 129
615 129
636 135
656 127
621 134
599 126
630 128
637 124
597 133
612 122
568 124
602 121
597 121
592 122
568 122
585 122
591 122
567 122
595 122
540 121
614 122
542 123
570 122
542 123
582 123
529 125
521 125
528 127
525 130
526 131
525 134
524 136
525 137
525 137
525 140
524 141
525 143
525 142
524 145
525 146
524 149
530 152
526 154
524 217
525 222
524 230
524 234
524 239
524 244
525 250
524 252
524 258
526 264
523 267
525 271
525 278
525 283
525 289
525 293
524 297
524 304
525 308
526 312
525 316
524 325
526 329
525 336
525 340
525 345
524 350
524 357
525 361
524 365
524 372
525 375
525 381
525 385
524 390
525 397
524 402
524 410
524 417
524 423
523 431
526 436
523 445
525 448
524 455
525 459
525 463
524 468
524 472
523 478
525 480
525 488
526 490
523 497
524 502
524 507
523 515
523 623
524 626
523 631
525 633
522 641
525 646
521 652
527 658
525 663
525 670
524 675
524 686
524 688
524 694
525 697
523 704
526 708
525 713
525 718
524 722
522 728
525 732
525 737
524 743
527 747
525 751
524 755
525 759
524 764
523 768
525 772
525 778
524 781
523 786
520 786
338 790
282 795
257 800
249 803
250 807
257 811
259 815
221 819
259 824
225 828
244 833
235 836
249 841
254 844
267 847
287 852
272 854
267 858
319 860
316 864
244 866
278 870
362 906
341 906
341 908
372 909
396 912
413 913
381 914
401 915
421 916
379 917
400 919
392 921
399 920
398 922
426 923
406 925
403 926
423 926
423 928
428 927
417 929
427 930
459 930
421 930
435 928
462 931
464 933
443 932
458 931
429 931
477 935
477 932
451 933
477 932
498 933
468 931
494 931
479 932
517 930
491 932
502 929
522 932
523 926
524 923
523 921
523 919
524 918
525 917
525 916
526 916
525 913
525 912
523 909
524 908
525 906
525 904
525 901
525 830
524 823
525 820
525 812
524 809
525 806
525 799
524 793
526 789
524 785
524 782
523 775
525 771
525 764
524 761
524 754
524 749
524 745
525 742
524 735
525 730
524 724
525 718
524 713
524 707
524 702
525 698
524 691
525 687
524 681
524 677
525 671
524 668
526 660
525 657
524 650
525 643
525 636
525 629
524 622
524 615
525 609
524 602
525 596
524 593
525 584
523 586
524 577
523 576
517 572
518 566
524 571
530 554
524 552
520 542
524 537
524 411
525 407
526 403
525 398
524 393
525 387
524 381
526 376
526 377
523 366
525 354
524 353
526 351
526 340
522 336
525 335
525 331
526 323
524 321
527 314
524 310
524 306
526 297
525 297
523 293
524 289
526 284
524 281
524 276
525 270
525 267
532 263
682 262
803 258
832 254
803 250
820 245
813 241
799 237
801 233
807 229
800 225
828 220
791 220
799 210
765 209
768 206
778 203
729 201
771 198
778 199
740 186
773 188
796 183
757 180
756 176
775 172
769 118
601 123
576 121
620 122
587 122
548 121
594 121
584 122
577 122
561 121
555 121
581 122
549 123
554 124
533 125
525 126
525 129
525 130
525 132
524 135
525 136
525 138
525 138
525 141
525 140
525 144
525 144
524 147
526 147
524 150
514 150
523 153
525 159
525 160
523 163
525 166
525 169
525 170
526 173
524 176
525 180
525 182
525 186
526 187
525 192
522 197
524 200
525 205
524 210
525 217
523 221
525 225
525 232
525 237
524 242
525 248
524 252
525 272
525 273
525 278
524 282
524 285
525 290
525 295
525 300
525 306
525 313
524 316
525 320
525 328
524 333
524 336
524 344
525 349
524 352
524 359
525 364
525 368
525 375
524 378
524 384
524 388
521 393
523 401
525 405
523 414
525 419
525 426
524 435
525 439
524 448
525 450
526 458
