524 658
525 653
524 650
526 646
525 638
525 632
525 626
525 619
524 611
524 608
524 597
523 598
524 591
524 585
524 583
524 576
523 573
525 569
524 564
523 559
528 554
525 547
524 542
525 535
525 529
526 520
524 517
526 507
526 502
526 496
524 490
523 486
526 480
524 477
524 470
520 470
527 461
524 454
526 449
523 446
526 438
525 433
524 426
523 420
525 415
524 408
526 400
524 397
525 390
525 385
524 380
524 373
524 369
524 363
526 356
526 352
526 347
525 340
525 346
525 349
524 356
524 363
525 365
524 371
524 375
525 380
524 385
524 390
526 395
525 401
526 409
525 417
525 423
523 431
524 438
525 442
524 450
524 454
526 459
525 464
525 468
524 472
524 476
517 477
526 489
522 494
526 497
513 500
523 502
518 520
525 515
529 530
529 531
523 541
525 547
526 552
525 560
527 561
527 571
526 571
525 580
525 582
525 588
524 594
525 598
524 605
524 610
525 617
525 622
524 629
524 634
524 640
524 645
525 653
525 392
525 388
525 382
525 374
525 370
526 365
524 360
525 353
524 350
524 344
525 339
524 336
526 330
524 326
523 330
526 315
525 310
524 306
523 293
526 298
524 293
525 289
526 284
525 280
524 277
524 273
526 268
531 261
531 258
770 259
785 253
716 249
895 249
882 243
874 239
838 233
812 231
839 225
815 222
817 217
814 213
806 210
771 205
752 202
763 200
750 197
738 193
736 189
770 191
773 184
763 173
749 176
781 173
800 170
741 167
718 164
742 160
519 122
547 123
543 125
518 128
534 126
529 129
527 128
526 133
525 135
526 136
525 138
526 139
524 141
524 142
524 141
522 141
527 146
523 146
526 150
523 146
526 159
531 158
525 161
525 165
526 166
525 168
524 171
524 174
525 176
526 179
524 183
524 185
525 189
526 193
524 198
525 201
525 206
524 211
524 215
525 220
525 227
525 231
524 234
526 240
525 246
525 251
524 256
523 262
525 266
524 270
525 284
522 278
526 287
528 290
529 300
523 299
530 306
525 424
525 428
524 434
524 438
524 447
526 450
525 457
524 463
525 466
524 471
525 474
525 471
526 483
528 489
524 489
524 495
518 504
525 509
522 518
528 523
522 532
522 540
522 543
525 548
523 556
525 560
525 566
526 571
525 576
524 580
524 587
524 590
524 597
524 601
524 609
525 613
524 621
525 625
519 631
524 636
525 643
525 648
526 654
524 662
525 666
524 674
527 678
525 684
526 690
526 697
524 701
525 706
527 708
526 715
524 720
525 725
525 819
185 819
231 822
272 826
248 831
223 834
269 838
257 842
288 846
282 849
280 852
325 855
305 856
274 861
275 865
309 868
290 872
278 874
259 879
265 881
314 885
341 887
285 891
293 892
337 897
340 898
366 900
353 902
358 902
353 906
382 908
366 909
382 910
375 912
392 912
435 914
387 916
392 917
386 918
408 920
409 921
389 923
410 922
426 924
417 924
443 925
415 927
396 927
419 928
447 929
448 929
409 930
427 931
462 931
470 931
438 931
438 931
469 914
525 916
524 913
527 912
525 911
524 908
524 907
524 905
524 903
525 898
524 897
525 895
524 892
524 889
523 887
526 885
524 881
525 879
524 877
524 872
525 871
525 866
525 863
523 859
524 856
523 851
525 846
525 840
524 835
524 832
525 828
524 823
525 816
524 811
525 808
525 802
525 801
525 794
525 786
525 781
526 777
524 775
524 767
525 763
525 757
524 750
525 747
524 744
522 738
524 731
524 725
524 721
524 717
522 710
525 706
524 699
525 694
525 596
524 596
524 590
524 586
524 580
525 578
525 573
526 568
525 564
524 559
524 553
524 545
525 540
524 532
524 528
525 521
524 515
524 504
524 503
528 495
524 493
527 485
525 483
526 474
527 472
524 468
525 461
525 456
525 450
525 444
525 438
525 432
524 427
525 420
524 414
525 408
525 401
525 397
524 389
524 385
525 378
523 373
525 367
523 363
525 356
527 352
525 346
525 341
525 337
526 332
525 328
525 322
527 319
522 313
524 308
524 304
524 299
526 206
767 206
756 202
757 198
743 194
766 192
776 188
744 183
739 185
768 176
762 175
770 171
727 167
755 164
731 163
703 160
699 158
725 156
718 154
666 153
683 151
677 149
687 143
672 145
675 144
684 142
626 140
669 139
699 139
627 137
643 137
634 134
636 134
644 132
648 131
637 130
664 130
623 133
643 126
627 125
580 122
627 126
653 126
604 124
617 123
573 122
626 122
577 121
611 121
609 122
594 121
590 121
576 121
582 121
595 123
560 122
588 121
525 160
525 162
524 166
525 167
523 171
525 173
526 176
524 178
524 181
524 184
525 188
525 192
525 195
525 200
525 203
523 208
525 213
525 219
524 224
526 229
525 233
525 239
524 245
525 249
526 254
525 260
526 262
525 268
524 273
524 277
525 283
523 283
523 293
525 299
527 300
518 306
524 309
529 322
526 326
525 330
524 334
525 341
524 345
524 349
525 357
525 364
525 365
524 372
524 376
524 381
524 387
524 391
524 397
524 403
524 410
525 416
525 423
525 643
524 647
524 653
524 659
524 664
523 671
524 676
523 683
524 689
523 693
525 699
524 703
525 710
523 714
522 719
525 722
526 727
525 733
525 738
524 743
525 747
524 751
524 754
526 760
524 764
525 767
525 773
523 776
525 780
522 785
518 790
383 789
319 795
354 801
265 801
158 805
159 811
189 816
219 820
238 824
242 829
260 832
239 838
251 841
277 844
280 848
292 851
283 854
299 856
293 861
289 863
287 867
279 868
299 873
267 877
306 879
292 885
297 894
327 895
346 898
359 900
345 901
364 903
393 905
387 906
375 907
393 908
370 911
385 912
368 914
376 915
423 916
448 917
383 919
397 919
408 921
397 922
403 923
396 924
410 925
401 926
430 928
438 928
421 928
406 929
462 930
443 929
479 930
434 930
421 930
487 932
461 932
429 931
447 932
465 932
460 930
458 932
484 931
479 932
449 930
505 931
488 930
488 929
511 931
517 926
519 926
520 924
523 921
523 920
523 918
524 919
525 915
523 914
523 913
524 886
524 885
524 883
524 879
524 876
524 874
524 872
524 868
525 864
525 861
526 859
524 852
524 849
524 844
525 839
525 832
525 828
525 825
524 820
524 813
523 808
524 803
524 800
524 795
524 790
524 783
524 779
525 776
526 769
525 765
525 759
524 753
524 750
524 744
526 739
525 735
522 728
523 721
525 718
525 712
525 705
524 706
524 696
524 690
524 688
524 681
524 679
524 672
525 665
524 662
525 654
524 649
525 641
525 636
525 630
524 620
524 617
523 555
523 548
525 546
523 536
523 531
525 524
525 515
524 512
526 510
524 500
527 492
524 488
524 479
523 478
525 468
525 469
523 464
526 457
524 452
524 446
525 442
526 436
524 427
524 423
526 416
524 411
525 403
524 401
525 392
524 388
526 381
524 375
525 369
524 364
525 358
525 354
526 349
524 344
525 340
528 333
525 329
524 324
525 320
526 318
529 310
525 305
525 302
524 298
524 293
525 288
524 285
523 279
525 274
525 272
527 267
527 262
535 221
797 216
784 213
757 209
772 206
774 203
755 199
750 197
763 192
774 192
775 185
779 181
740 176
770 156
800 172
766 170
727 166
736 163
741 161
749 158
692 154
710 154
682 152
679 151
689 149
661 148
684 146
639 145
663 143
641 142
656 141
670 138
644 137
689 137
627 136
635 133
630 128
674 131
627 131
617 129
650 128
638 127
648 132
614 126
664 122
610 129
599 128
629 123
651 123
568 123
581 121
598 122
598 123
562 121
616 121
574 122
565 122
561 132
525 132
525 136
526 135
525 139
526 139
525 140
525 142
525 143
525 146
530 161
520 147
528 154
524 153
529 158
523 170
524 160
525 163
524 166
525 169
526 170
524 176
526 177
524 181
524 182
524 187
525 190
525 193
525 196
526 202
526 207
522 212
525 214
526 222
526 228
524 232
525 236
524 242
525 246
525 250
524 257
524 257
525 264
525 270
525 275
527 280
526 284
528 296
529 302
521 297
527 311
520 312
527 320
523 320
525 326
527 333
524 340
524 447
525 451
524 454
524 457
523 463
524 465
524 470
519 475
524 479
524 484
529 492
528 497
524 500
528 503
526 513
519 518
525 524
524 534
525 539
520 545
527 550
525 555
526 563
524 565
521 573
525 575
522 582
525 586
523 591
526 596
528 602
525 608
524 613
524 621
525 625
524 633
524 639
526 644
524 651
525 657
523 661
525 668
524 675
524 678
522 686
524 690
524 696
525 701
526 705
524 711
513 713
524 720
525 725
525 731
524 736
525 739
524 744
523 824
248 827
214 830
249 833
267 838
262 842
245 845
297 849
290 851
301 854
265 858
286 862
323 865
262 868
290 871
265 875
279 879
320 882
278 886
313 888
268 890
315 894
386 896
329 898
329 900
346 902
386 904
350 905
351 907
377 909
383 909
403 911
392 912
391 914
397 915
395 916
394 918
407 918
385 920
392 920
428 922
437 922
413 925
418 927
392 926
425 927
404 927
446 928
426 928
455 928
467 930
423 930
457 931
420 930
429 931
466 931
448 932
523 912
526 912
525 913
527 910
524 911
524 908
524 906
524 904
525 902
525 899
525 897
524 893
524 892
524 887
524 886
525 883
524 881
524 882
524 875
523 873
524 868
523 868
522 862
524 860
522 854
523 852
525 845
524 840
524 837
524 831
523 828
524 822
525 816
526 811
526 805
525 802
525 796
524 791
526 784
525 781
525 778
523 773
524 768
525 759
525 756
524 752
523 747
526 741
524 738
526 731
526 725
525 720
524 718
525 708
524 703
523 699
528 693
525 612
523 610
525 604
525 600
525 595
523 589
523 585
523 582
525 578
526 573
523 570
525 563
525 559
525 553
524 548
524 541
524 533
525 527
529 519
525 516
524 505
525 503
523 496
522 491
524 485
525 486
524 474
523 472
525 466
523 462
525 454
525 449
525 443
524 438
524 430
523 427
526 419
524 414
525 407
524 402
524 396
525 391
525 382
525 379
524 371
524 368
527 362
523 356
525 350
526 346
525 341
525 338
525 332
525 327
524 322
525 316
525 312
822 226
808 222
801 219
817 215
795 212
780 208
757 204
767 201
762 199
745 191
740 192
780 189
750 185
780 189
784 178
757 174
763 173
759 168
759 165
714 162
694 160
744 157
688 156
679 154
679 152
710 150
672 149
663 147
654 145
664 143
683 143
679 141
679 140
641 139
639 137
645 135
645 135
652 133
636 133
633 131
677 130
657 130
603 128
607 127
639 120
622 122
655 135
583 124
585 125
612 124
612 120
606 123
601 123
568 123
592 122
603 123
585 122
524 145
523 145
531 149
525 147
522 151
525 152
524 149
524 157
542 163
525 165
524 169
525 171
525 173
524 177
524 178
525 182
525 185
523 189
525 194
524 195
525 199
528 204
526 209
524 215
524 219
525 225
525 231
524 236
525 241
524 245
524 247
526 252
526 258
525 263
524 268
525 273
525 277
522 279
522 294
516 294
522 296
525 304
525 304
525 314
523 315
526 323
524 329
525 335
525 341
525 346
525 353
524 357
525 362
524 368
525 370
525 375
525 381
528 496
527 501
524 508
523 515
519 522
525 539
520 537
525 557
526 545
523 557
524 559
522 564
526 569
524 574
525 577
525 582
522 590
524 593
519 601
524 604
522 612
525 616
522 624
524 629
524 637
525 642
524 647
524 653
525 659
525 665
525 671
523 677
526 682
525 688
525 693
524 699
524 705
523 709
524 714
524 718
525 722
523 728
525 732
525 737
524 743
525 746
525 751
524 756
525 759
525 764
524 768
525 772
525 778
523 781
523 786
520 790
395 854
306 856
273 858
267 861
289 864
267 867
296 871
311 873
250 878
295 880
258 883
315 886
315 889
293 892
332 894
292 896
339 899
394 901
356 902
410 904
355 905
396 909
329 909
377 911
411 912
400 912
409 914
386 914
408 917
395 918
408 919
389 921
393 921
403 922
411 923
450 926
388 926
397 926
428 927
423 932
434 929
432 929
446 930
442 930
447 931
481 933
426 931
441 931
446 932
472 931
508 932
450 931
488 932
484 933
495 933
469 930
466 931
472 889
525 884
524 882
524 881
524 878
524 878
523 872
524 871
524 866
525 866
524 861
525 857
524 854
529 847
525 847
524 840
523 834
523 829
525 823
523 817
524 812
525 805
526 804
525 801
525 795
524 787
525 788
525 781
526 776
523 770
523 762
525 757
524 755
525 751
524 741
524 738
525 738
525 729
525 722
523 720
524 712
525 705
524 703
523 696
527 689
524 687
524 681
525 676
524 672
524 666
524 661
526 655
524 649
524 642
523 634
524 629
524 617
525 484
526 482
524 479
525 474
524 467
524 463
524 458
525 451
525 447
526 441
522 436
527 426
524 421
527 416
524 411
526 404
522 398
525 392
525 388
524 380
527 376
524 370
526 364
524 360
524 353
526 348
525 344
524 337
523 335
523 329
524 325
525 321
526 314
516 310
524 305
525 301
525 297
524 294
525 289
524 286
524 281
524 275
525 270
526 269
528 263
534 259
766 261
789 252
757 252
903 248
864 243
864 237
804 234
861 228
811 225
781 222
826 216
780 150
673 149
650 147
689 146
649 146
656 143
682 142
679 140
647 140
630 138
656 138
637 135
664 136
644 133
640 132
641 131
638 130
652 128
603 129
632 125
639 120
653 126
593 122
596 131
624 124
568 123
627 124
592 123
600 122
590 124
547 122
609 122
586 123
580 123
553 122
596 121
576 122
575 123
560 124
568 124
538 125
536 128
532 128
524 130
526 132
525 134
526 134
525 137
525 138
524 140
524 142
525 141
525 145
524 144
525 147
512 157
525 155
527 169
524 165
527 167
523 171
526 172
522 174
525 178
524 181
524 182
524 188
523 190
524 196
525 197
525 202
524 207
525 212
525 216
525 221
524 231
525 234
524 239
524 244
524 247
523 249
525 256
525 261
525 266
525 271
525 276
524 279
524 287
525 294
528 300
523 303
526 309
523 312
520 319
522 325
523 330
525 332
524 337
525 344
524 349
525 355
524 359
525 364
525 367
525 375
524 378
525 383
524 391
525 395
524 401
525 407
526 413
525 422
525 427
527 484
521 489
526 491
524 495
522 510
529 516
522 520
523 523
521 529
519 542
527 538
518 552
524 555
525 562
526 566
524 572
525 576
524 580
523 586
525 591
523 597
525 604
523 609
524 614
522 622
525 627
524 634
526 639
523 645
525 649
523 657
525 662
524 668
524 673
525 680
526 686
524 691
524 695
523 701
522 706
524 711
524 716
523 719
525 725
525 727
524 736
524 741
526 745
524 751
524 753
524 758
523 763
525 766
525 769
524 776
525 779
523 783
233 828
224 831
227 834
238 839
231 843
278 846
281 849
281 853
293 856
289 859
287 862
280 865
280 873
305 872
268 876
278 879
304 884
294 890
287 890
268 891
328 894
353 896
323 898
391 897
354 902
357 904
347 905
390 906
406 908
371 909
386 912
395 913
401 915
366 916
400 916
387 916
416 919
410 919
400 921
418 923
393 923
457 925
408 924
407 926
388 922
424 928
488 929
419 929
418 929
463 930
456 930
448 929
446 932
417 931
476 931
463 933
443 931
525 922
523 924
522 921
523 918
523 915
523 915
523 914
524 913
523 912
524 910
525 907
522 906
524 903
524 902
523 899
524 897
524 893
525 891
525 888
524 885
526 884
525 880
523 880
524 875
526 873
526 868
525 868
524 863
525 859
523 854
525 850
524 845
521 839
524 835
524 830
524 825
524 823
524 817
524 810
525 805
527 800
524 797
526 792
525 787
524 782
525 776
525 771
525 766
525 760
524 756
525 752
524 746
524 740
525 737
524 731
525 724
524 721
524 663
524 658
524 651
523 645
525 638
523 631
525 624
524 618
526 609
525 604
525 600
524 593
523 592
524 584
524 581
526 577
526 572
525 569
525 560
523 558
524 550
524 546
525 540
524 533
524 527
525 518
524 513
524 506
525 501
527 493
523 490
525 480
523 479
524 475
524 470
524 466
524 460
523 456
525 448
526 443
524 437
525 430
525 425
526 418
523 414
527 405
524 402
525 393
524 390
527 381
524 379
524 371
525 366
524 359
525 355
524 350
525 265
528 261
536 260
580 261
783 256
740 250
906 250
893 246
887 240
846 236
820 232
821 226
817 222
844 218
776 214
796 211
795 206
743 203
753 200
760 198
762 195
781 191
756 187
749 184
782 179
785 180
756 176
761 171
732 169
755 165
709 164
735 159
712 157
718 156
703 153
654 151
677 150
656 148
683 147
675 146
637 144
666 143
662 141
700 140
615 139
644 137
656 136
645 134
685 135
620 132
651 132
627 130
632 129
641 128
628 127
642 126
610 127
636 124
561 121
556 125
509 127
522 128
522 133
525 132
525 137
526 135
524 138
526 139
527 140
527 141
525 143
526 145
525 147
524 147
526 150
526 153
525 154
525 153
527 158
535 158
523 166
525 168
525 170
525 175
525 175
525 179
526 182
525 186
525 190
526 194
525 196
525 201
524 204
525 210
524 214
524 220
525 225
525 230
525 235
524 241
524 247
525 250
525 255
524 260
525 263
524 269
526 275
525 277
524 284
527 290
529 293
527 304
528 307
526 310
527 414
524 418
525 422
525 425
523 431
524 440
524 444
524 451
524 455
524 461
524 465
520 470
525 472
525 477
524 482
525 486
523 499
528 497
525 505
527 511
522 519
526 527
526 530
524 537
527 541
524 558
528 549
523 560
525 563
524 571
525 574
524 581
525 584
524 589
525 594
525 601
525 607
524 611
522 619
527 624
522 628
524 634
522 643
525 647
524 655
526 661
524 667
524 671
525 679
525 683
525 687
524 694
524 698
520 705
525 709
524 715
524 725
529 787
519 791
517 790
247 792
311 797
335 801
196 802
190 806
205 812
221 817
225 819
254 824
257 829
224 833
225 837
257 841
263 845
281 848
270 851
313 854
275 858
284 860
330 864
258 867
284 870
315 874
279 878
269 882
287 884
295 887
309 889
316 894
347 895
330 897
341 898
350 902
365 902
385 906
387 907
366 908
367 908
385 910
358 913
382 913
416 915
402 916
396 917
443 919
415 919
375 921
416 922
369 924
404 924
404 925
416 929
453 927
403 925
517 927
522 924
523 922
523 919
525 917
524 918
525 914
524 912
525 913
523 911
523 910
526 907
523 908
524 900
524 903
526 899
525 898
525 897
524 892
525 890
524 887
525 885
524 883
525 879
525 876
525 874
526 870
524 868
524 862
524 859
524 855
524 852
524 848
522 843
525 838
524 832
523 828
525 823
525 819
523 814
525 806
525 800
524 796
526 797
525 789
524 786
528 779
525 773
525 769
525 763
526 758
525 754
524 750
525 742
524 739
524 733
524 726
523 613
523 610
524 606
524 601
524 596
525 592
526 583
525 583
525 578
525 574
523 571
526 565
525 560
524 555
526 548
524 543
525 533
522 530
524 522
525 516
526 511
525 503
525 497
523 492
524 487
525 482
524 478
525 473
524 467
524 463
525 457
524 452
528 445
525 439
525 434
524 427
525 422
524 415
525 409
525 403
525 398
524 392
527 384
524 382
525 374
523 368
525 364
522 359
525 351
525 349
525 345
526 337
524 336
528 329
525 324
524 318
525 315
830 227
805 222
810 221
820 215
772 213
781 208
760 205
763 202
749 199
750 196
753 193
767 189
773 186
745 183
767 179
788 181
757 169
766 169
750 166
745 164
725 160
709 158
694 156
707 154
675 153
681 150
672 150
680 146
682 145
654 145
650 143
646 141
687 140
661 139
678 137
656 137
620 135
661 134
624 133
637 130
636 130
639 130
645 129
639 127
663 126
617 125
600 116
611 120
639 123
591 127
580 123
597 123
626 122
604 122
572 123
588 123
606 122
525 138
526 141
524 141
525 143
524 142
525 146
526 146
525 153
523 151
526 155
513 160
527 146
529 162
528 157
528 167
525 172
524 172
526 175
529 178
523 181
525 185
526 188
525 191
525 194
525 199
524 203
525 207
524 213
523 219
525 223
524 228
525 231
524 239
525 242
525 247
524 252
525 258
525 263
525 268
525 273
525 274
525 282
525 287
524 294
528 296
524 300
524 307
523 310
524 318
524 322
519 328
526 332
524 339
525 342
524 351
525 355
525 359
525 486
524 490
523 495
523 499
520 508
523 504
525 520
522 517
525 532
522 540
525 543
523 557
525 556
525 559
525 566
522 574
525 577
526 582
522 588
525 592
523 597
526 603
524 611
525 613
523 622
524 628
525 634
525 639
524 646
525 651
525 659
524 664
524 670
524 676
525 681
524 687
524 693
524 697
524 704
525 706
522 713
524 716
525 722
524 729
525 730
524 738
525 742
524 746
523 751
524 755
524 759
524 764
526 767
525 771
523 777
526 780
524 867
307 870
287 873
277 877
331 880
282 883
282 885
296 889
319 892
299 895
322 897
360 898
368 901
351 903
362 904
387 906
391 907
354 909
411 911
403 912
352 912
423 915
414 914
408 918
385 918
423 918
386 921
404 921
397 922
406 923
435 924
435 926
448 927
401 927
408 927
436 929
448 929
462 931
423 929
451 931
446 931
444 931
463 933
432 931
458 931
470 932
449 932
483 931
452 932
456 933
478 933
500 932
490 929
478 932
515 930
518 929
523 926
521 851
524 850
520 844
524 839
524 834
527 829
525 824
525 821
523 815
525 809
525 802
524 799
525 795
525 791
525 785
524 780
523 775
523 771
523 767
523 759
524 756
524 752
525 745
525 740
524 736
524 731
525 722
524 717
524 714
525 706
525 701
526 697
524 692
524 687
524 681
525 677
523 673
525 667
524 663
525 656
524 649
527 644
527 636
525 628
525 621
524 616
524 608
526 602
524 597
525 593
524 590
524 584
524 580
525 576
527 571
524 569
527 559
525 535
527 531
524 527
525 523
528 517
