597 135
600 135
605 134
605 134
606 132
569 126
565 129
574 121
606 128
563 127
550 129
583 119
579 124
558 125
530 123
604 123
561 123
551 122
570 122
577 122
554 122
558 121
568 122
551 121
538 121
536 122
574 122
556 121
537 123
547 123
548 124
527 125
528 126
525 127
559 130
525 133
525 134
524 135
523 137
524 138
525 140
524 139
526 147
525 142
524 148
526 146
529 148
526 139
531 154
522 145
525 159
525 161
525 166
525 166
525 169
524 171
525 176
500 931
526 932
493 932
469 932
491 933
508 931
511 932
475 933
509 932
520 932
489 932
478 932
508 931
497 930
518 930
506 929
529 926
524 928
531 922
525 924
521 917
524 919
525 917
525 918
524 914
524 914
525 912
525 911
525 909
525 906
523 905
525 901
526 899
525 896
525 894
525 892
523 889
524 885
525 885
525 884
525 879
524 875
524 872
526 858
524 868
523 862
524 857
525 854
524 848
523 845
525 840
524 836
525 827
520 825
524 821
525 817
525 811
527 129
523 132
524 135
525 135
524 139
525 138
524 141
524 138
519 141
524 151
522 147
521 151
523 149
526 156
525 159
525 172
524 160
525 163
524 166
525 166
525 171
525 174
525 177
524 179
525 183
524 186
525 189
525 192
525 197
524 201
525 205
525 210
524 214
526 221
524 227
524 232
525 237
526 241
525 245
525 250
525 256
525 259
524 261
523 268
525 274
525 278
526 291
525 286
534 296
527 301
525 308
528 308
516 312
525 326
522 328
525 336
525 337
525 672
524 678
524 683
522 690
524 694
522 701
525 704
522 710
525 713
523 720
522 723
523 728
524 734
525 741
524 744
525 749
525 752
522 753
523 760
524 765
524 770
525 774
524 779
522 782
525 786
521 790
520 793
521 800
295 800
311 805
348 810
402 813
372 818
378 822
388 826
388 831
402 835
361 838
399 842
400 848
385 850
406 852
411 856
425 860
398 862
386 865
415 869
417 873
373 875
395 879
405 883
394 885
408 888
413 893
446 893
394 897
430 899
480 926
479 927
482 927
455 928
472 927
499 929
454 930
474 930
506 930
513 931
462 932
473 931
498 932
495 932
480 932
495 932
518 935
492 932
487 933
498 933
494 932
494 932
512 932
520 931
512 930
513 928
521 928
528 925
524 924
525 919
524 919
524 915
524 914
525 914
524 914
525 911
523 911
525 910
524 908
523 905
523 902
525 901
525 897
525 894
524 892
525 891
525 886
525 884
524 880
526 880
524 877
524 873
524 869
524 867
525 861
523 862
524 762
524 764
522 759
523 754
525 747
522 744
524 740
524 730
524 726
524 722
522 709
525 710
523 708
525 700
525 696
523 692
525 684
523 682
525 678
525 668
523 665
524 659
524 653
526 646
526 640
524 635
527 627
524 621
526 612
525 608
525 599
527 594
524 592
526 584
523 584
524 577
525 573
524 570
526 564
524 560
526 552
523 548
527 541
525 536
529 531
536 518
524 515
523 505
524 503
527 496
525 491
528 485
525 481
527 476
524 473
524 466
524 462
524 345
525 343
526 339
526 336
528 332
523 329
526 321
523 318
519 313
526 308
525 304
525 299
525 295
523 291
524 287
525 283
524 280
524 273
525 269
524 265
527 261
528 257
528 253
534 252
803 249
772 243
686 239
658 235
684 230
681 226
649 221
679 217
672 213
649 209
656 206
636 203
666 200
645 198
603 178
652 191
659 188
625 184
610 181
656 177
679 174
634 172
640 167
658 165
597 162
636 160
631 158
625 159
592 153
583 152
626 150
587 148
603 147
576 130
578 128
595 127
585 128
573 135
570 125
579 124
579 123
567 124
567 122
555 121
578 121
547 122
558 121
569 121
546 122
526 122
555 122
550 122
549 122
533 122
555 122
545 123
526 123
534 124
525 127
534 127
522 129
526 130
526 135
526 134
526 139
525 138
525 140
525 141
523 140
515 140
523 147
519 146
526 152
520 150
526 155
524 153
526 154
523 161
524 163
525 167
524 169
523 173
526 175
525 179
524 184
525 184
525 188
525 191
526 195
524 198
524 307
516 305
522 315
523 320
523 324
523 329
521 329
526 338
524 344
524 351
524 355
525 359
524 365
526 370
524 375
525 379
525 384
522 392
526 396
524 403
525 408
522 415
523 422
525 429
525 436
524 441
523 450
524 452
525 459
524 464
525 467
524 472
524 476
524 481
524 483
522 490
521 494
520 512
523 507
525 513
527 520
522 527
525 533
521 541
527 544
522 553
524 556
523 564
526 568
525 574
523 577
524 581
526 588
524 593
525 598
524 604
525 609
523 735
523 738
524 741
524 745
523 751
525 755
524 759
523 762
523 768
523 772
524 776
524 781
522 784
525 788
523 794
519 799
356 797
334 802
346 808
340 809
408 814
378 820
374 824
395 828
383 832
405 837
365 841
389 845
416 849
396 851
402 855
396 857
429 861
420 864
370 867
406 870
413 874
390 877
405 881
409 883
389 888
408 893
444 893
457 896
410 897
424 899
422 902
451 902
461 904
451 906
473 907
441 908
443 910
449 913
480 913
464 915
445 915
523 917
525 917
524 916
524 914
525 914
525 910
521 911
525 908
525 906
524 904
524 901
524 901
525 896
523 893
524 890
526 889
524 885
524 882
524 880
525 876
524 873
524 872
525 868
523 865
524 860
524 858
523 853
524 850
525 846
525 840
524 834
524 829
524 825
526 819
522 816
525 809
524 804
525 800
524 796
525 790
524 785
522 781
525 775
524 770
524 765
524 761
523 757
524 750
526 743
523 741
524 739
525 731
525 725
524 720
528 712
525 708
524 704
525 683
523 682
524 680
525 673
526 666
524 662
526 655
524 650
524 643
525 636
525 630
529 622
524 618
525 608
525 606
524 599
526 591
525 589
523 583
525 580
523 576
523 571
525 567
523 565
526 556
523 551
524 544
524 539
523 531
525 526
519 519
525 510
523 508
527 498
524 496
523 487
524 485
525 478
524 475
525 469
522 465
524 459
526 455
527 448
525 441
524 432
525 428
524 423
524 417
524 411
526 405
524 400
526 394
524 388
525 383
525 374
525 370
524 315
525 312
524 306
525 300
525 298
525 292
528 289
524 286
524 282
525 274
525 271
524 267
526 263
526 259
527 255
534 250
716 253
779 246
766 241
672 236
660 232
696 228
678 224
645 220
661 215
684 212
650 209
631 206
651 206
687 186
632 194
630 204
659 191
649 185
648 180
644 179
651 175
651 171
628 169
664 164
639 163
608 160
625 160
608 156
639 153
582 152
616 149
632 150
581 147
585 145
588 144
626 143
581 141
583 140
592 138
573 138
580 136
580 141
571 125
597 142
536 127
586 123
591 124
540 120
574 122
577 121
570 123
542 121
556 121
588 123
549 123
543 121
541 123
551 121
543 122
536 122
576 122
527 123
547 123
514 126
543 126
517 130
522 130
527 133
526 134
525 137
525 138
525 139
523 139
525 140
527 149
523 142
527 150
526 149
526 151
522 151
526 158
530 156
527 155
525 163
525 166
524 169
525 171
525 174
525 174
524 180
524 182
524 186
523 190
524 193
524 197
524 201
524 207
524 256
524 259
524 263
525 266
525 271
524 275
525 281
527 287
524 285
525 296
523 301
525 308
526 309
527 318
520 322
528 327
524 336
526 336
526 339
525 347
525 352
525 358
525 363
525 369
525 372
524 377
525 384
524 388
525 393
523 399
522 403
525 413
523 419
524 425
524 434
525 439
524 446
524 451
526 456
525 461
522 465
524 469
520 475
524 476
525 485
525 485
524 494
525 498
529 504
524 510
524 516
521 524
525 530
522 538
524 542
526 545
521 555
525 610
525 615
524 618
524 625
525 632
526 636
525 643
524 651
525 656
525 662
527 666
523 673
525 677
524 684
524 689
522 694
523 701
524 706
524 711
524 715
524 719
523 725
525 728
524 735
523 740
525 743
524 749
523 752
525 757
522 761
524 765
523 769
525 774
524 779
523 783
526 786
524 792
520 797
520 800
329 799
305 805
345 809
381 813
378 818
400 822
370 826
380 832
386 835
388 840
376 843
412 847
421 851
387 854
419 856
415 859
422 864
390 866
391 906
443 909
486 912
458 913
478 915
431 916
470 918
452 919
476 919
452 921
485 922
490 922
462 927
469 924
463 925
493 926
450 929
458 928
499 930
475 930
484 931
459 930
514 931
487 932
451 932
496 931
487 933
500 931
492 933
489 933
510 933
482 932
524 932
508 932
515 932
479 930
527 933
514 929
517 929
519 927
521 923
524 922
524 915
524 917
521 916
524 916
524 914
524 914
524 913
524 913
524 910
523 908
525 909
528 903
525 900
526 898
525 893
525 834
524 830
525 826
525 823
524 819
524 812
526 806
525 802
522 798
525 792
524 787
526 783
524 778
522 773
525 767
524 761
523 757
523 754
527 746
524 740
522 738
524 734
525 725
524 721
524 709
529 710
524 706
525 700
522 694
523 691
525 685
525 681
524 677
527 669
525 665
525 659
523 653
525 647
526 640
524 635
523 624
524 619
525 613
529 606
525 602
525 594
524 592
525 585
525 583
527 578
524 574
526 571
524 563
524 559
527 553
524 549
526 541
527 448
526 443
524 439
524 432
524 427
524 420
522 416
526 408
523 402
527 395
523 391
527 384
523 380
525 373
525 369
527 361
524 358
527 351
526 346
526 341
525 337
534 336
532 328
520 319
524 317
525 313
525 309
526 303
526 300
524 296
525 291
525 287
525 282
525 279
525 273
526 267
524 265
527 261
530 256
528 250
535 252
825 250
745 245
718 240
657 235
654 231
691 227
665 223
656 219
673 213
649 209
648 206
634 203
648 202
625 197
632 190
643 191
626 155
611 154
580 151
609 150
601 147
614 146
598 145
601 143
603 142
557 141
590 139
596 138
597 136
572 134
592 133
589 133
583 132
575 130
588 129
573 124
552 125
585 145
599 121
573 124
553 120
580 124
569 123
565 124
548 122
596 121
572 121
543 122
559 122
564 122
559 121
559 122
517 121
591 121
533 123
555 119
544 122
537 123
522 125
528 123
576 126
524 128
527 130
525 132
525 134
525 135
524 139
524 137
525 138
525 141
523 142
524 147
524 149
524 207
525 210
526 214
525 218
525 223
524 227
526 234
524 239
525 243
525 248
525 254
523 258
524 263
525 269
524 273
525 279
524 283
524 289
521 292
527 297
518 306
529 304
533 309
523 322
525 320
522 335
524 332
527 339
524 344
524 351
526 355
524 360
526 366
524 371
523 375
525 378
524 384
524 391
523 395
524 402
524 408
523 416
524 423
525 429
524 438
524 443
524 449
524 454
524 459
523 464
524 469
525 472
525 477
521 481
523 485
525 491
527 494
525 612
523 617
526 622
525 629
524 634
524 640
522 648
525 652
522 659
524 663
523 672
525 676
522 681
524 687
524 693
525 698
524 705
525 709
525 712
524 717
524 722
524 727
524 731
524 737
524 742
525 746
522 751
525 754
524 759
524 764
524 767
524 773
523 776
525 780
525 786
523 789
521 794
520 799
371 798
339 803
358 807
342 812
403 815
382 821
376 825
385 829
383 833
392 838
365 841
403 845
413 849
392 852
399 853
429 858
406 860
405 864
400 868
473 914
475 913
479 915
444 916
495 919
468 920
468 921
455 920
460 923
443 924
470 925
478 926
485 926
497 928
436 931
491 928
499 930
453 930
478 930
506 932
464 931
459 931
496 932
499 932
480 931
492 932
491 933
519 931
494 932
503 931
513 933
494 931
513 931
487 929
531 930
524 929
501 926
522 925
520 922
522 921
525 918
524 916
527 916
525 913
524 914
524 912
525 911
524 911
525 908
525 906
525 904
525 901
523 899
523 897
523 892
523 891
523 842
525 838
524 833
524 829
525 825
525 822
522 813
524 808
525 804
524 800
524 797
524 790
524 785
527 780
524 775
524 771
524 764
524 760
523 756
524 753
524 744
525 740
524 736
525 729
524 724
524 718
525 710
524 703
524 705
524 698
524 692
526 686
526 681
524 677
524 673
527 667
524 661
526 656
525 649
525 644
523 635
524 630
527 622
524 617
528 610
525 604
524 597
525 593
524 589
526 582
524 580
525 573
521 571
526 567
526 561
525 558
527 550
524 422
525 416
525 413
527 409
524 404
524 400
525 393
525 388
527 381
525 376
526 370
524 366
526 359
524 354
525 348
524 344
524 340
526 334
530 331
521 324
529 319
524 316
524 310
524 305
525 302
525 297
524 293
526 289
526 285
525 282
524 276
525 273
524 267
526 262
527 258
529 254
531 250
832 250
782 242
699 240
668 237
653 233
689 227
656 224
660 219
658 216
661 211
645 209
633 205
647 202
631 208
637 202
632 197
639 191
634 183
626 182
671 178
650 133
571 133
570 132
573 131
592 129
609 128
576 127
546 124
597 125
567 121
563 127
586 118
598 122
553 123
546 122
571 122
584 122
542 124
537 119
567 121
557 121
557 122
537 121
584 121
507 124
564 123
525 123
569 123
520 123
533 121
549 125
519 127
528 128
526 132
526 132
525 135
524 136
524 139
523 138
525 140
524 142
525 143
528 144
529 146
530 146
524 153
530 150
524 151
524 158
524 162
530 164
524 166
525 168
527 172
524 173
524 176
525 180
526 279
525 282
525 287
530 295
523 290
526 299
520 306
527 312
525 316
529 321
525 325
522 334
523 337
526 343
524 348
524 353
524 357
524 363
524 367
525 372
524 377
523 384
524 388
525 394
523 399
524 406
524 412
521 420
524 426
523 433
525 440
523 446
522 451
524 457
520 462
526 466
525 472
526 474
523 479
523 483
528 489
526 493
523 499
520 505
520 503
525 517
522 524
524 530
525 538
526 543
523 549
525 555
523 561
523 567
525 571
523 576
524 581
522 601
520 603
522 609
526 614
522 620
526 624
521 634
524 638
523 644
525 650
524 656
523 661
524 667
523 673
525 680
524 686
526 688
522 695
526 700
523 708
524 710
524 714
525 722
525 723
522 729
524 735
525 739
523 745
525 748
525 753
523 757
525 761
524 766
524 769
525 773
523 780
523 784
525 786
522 792
523 795
522 800
276 800
301 806
335 810
403 815
400 819
369 822
388 829
404 831
369 836
367 840
388 843
429 848
407 850
380 854
429 857
419 860
413 895
414 896
426 897
392 900
469 901
434 903
432 905
451 905
479 907
450 909
410 909
472 912
464 913
473 914
434 915
467 917
473 918
439 918
471 921
470 921
497 922
438 923
484 924
461 926
450 927
465 928
510 929
488 930
473 930
473 930
508 931
493 929
492 931
474 932
487 931
502 932
489 932
511 931
481 932
499 932
466 932
532 932
488 932
496 930
505 932
522 930
505 931
519 926
525 928
525 934
523 924
523 919
524 918
525 915
524 916
525 914
525 917
525 893
523 890
525 888
524 886
524 883
525 880
524 880
525 876
523 872
526 870
524 866
525 864
525 859
524 855
524 850
524 847
524 841
525 838
524 831
524 825
524 820
525 824
526 810
525 803
524 803
525 797
524 793
524 787
524 780
524 777
525 775
524 768
524 761
523 757
524 754
526 746
525 740
525 738
525 735
524 727
524 719
524 715
524 708
525 704
524 699
524 694
526 690
524 685
525 681
527 675
524 670
525 664
527 660
526 652
522 647
524 640
528 631
528 576
526 573
525 568
526 564
528 559
526 552
525 547
525 542
525 535
526 528
524 521
509 518
528 509
526 501
525 497
526 489
523 486
524 480
524 477
524 469
522 467
525 461
526 456
523 450
526 444
524 438
528 431
525 427
525 419
523 414
526 407
524 402
526 395
523 392
525 383
524 379
524 374
526 367
524 362
528 355
526 351
526 345
524 342
525 337
524 332
530 325
524 319
529 321
525 313
525 307
525 302
524 299
529 295
524 290
526 286
524 281
523 279
692 238
679 236
659 234
680 230
665 226
658 221
653 217
691 213
641 210
634 206
663 203
655 200
641 193
604 194
666 187
636 188
639 184
640 181
642 176
626 173
646 170
654 167
617 164
632 161
614 159
642 157
614 158
589 153
607 151
608 149
604 148
580 144
616 144
618 143
592 142
578 140
605 138
581 138
585 137
607 135
598 135
561 133
580 131
595 131
575 130
569 127
566 124
588 127
584 125
544 137
566 127
566 112
552 123
548 123
570 123
557 122
560 131
528 132
526 133
525 134
525 137
526 137
526 140
525 139
525 140
525 142
525 145
524 141
524 142
522 150
528 150
523 155
529 153
529 159
529 162
523 165
525 167
524 171
525 173
526 176
524 178
524 181
525 185
524 188
525 192
525 195
525 199
523 203
525 209
524 213
524 221
525 223
525 228
524 237
524 242
525 245
525 248
525 252
524 258
524 262
524 268
524 272
524 275
524 282
525 290
523 289
526 298
523 302
525 311
514 310
525 320
516 321
521 332
528 429
525 434
524 439
526 443
525 450
524 456
524 458
522 465
523 469
524 472
524 478
525 480
523 486
525 489
521 496
524 502
524 506
525 517
526 520
523 529
527 533
523 541
524 546
519 554
524 558
523 567
524 567
520 575
526 578
522 584
525 588
523 594
524 599
521 606
524 610
521 617
524 622
523 629
523 634
523 642
522 647
524 653
522 659
525 665
522 672
525 675
523 683
525 687
522 694
524 698
523 703
522 708
525 713
522 719
526 721
524 728
525 732
525 804
283 808
339 810
353 814
400 816
372 821
382 828
388 830
375 833
372 838
398 840
400 845
374 846
409 852
409 855
396 858
396 860
419 864
428 868
407 871
365 874
402 878
445 882
389 885
389 887
421 890
425 894
438 895
440 897
423 900
444 903
406 902
460 904
466 907
455 908
450 909
441 911
479 912
434 913
465 913
464 917
467 916
460 918
469 919
483 922
455 922
463 921
474 922
478 927
454 926
467 926
481 927
474 929
493 931
468 930
508 930
504 932
455 931
497 932
505 931
523 929
517 930
533 925
525 926
522 921
523 922
523 919
524 917
523 918
524 913
525 913
525 912
531 911
524 910
523 909
524 906
522 903
523 901
525 898
525 895
524 893
523 892
523 889
524 886
522 883
525 880
524 877
525 874
523 872
524 867
524 865
524 862
525 858
523 855
525 849
523 844
524 841
525 833
524 828
525 824
523 820
524 815
525 807
523 800
525 799
522 795
524 791
522 787
524 778
523 774
525 771
524 766
524 759
524 755
524 655
525 648
523 643
525 634
525 629
524 624
526 614
524 609
525 601
524 598
524 594
527 587
524 583
524 579
525 576
522 571
525 566
526 561
523 557
529 549
524 547
528 535
524 532
529 524
524 518
522 529
523 504
522 500
524 492
523 491
525 481
523 479
525 472
524 470
526 463
524 459
525 451
525 447
520 440
525 436
524 428
523 423
525 416
525 411
524 403
526 399
526 392
526 387
526 382
526 374
525 371
525 363
526 360
525 354
528 347
524 344
526 337
528 254
532 250
731 252
815 245
737 239
697 236
646 234
684 228
663 224
676 219
679 215
646 212
659 209
649 205
636 202
625 199
669 189
644 194
618 193
654 186
647 176
663 175
639 175
615 171
652 169
626 166
631 164
627 159
631 159
599 156
595 153
627 151
619 151
577 149
581 147
625 145
583 144
575 143
615 141
594 139
585 138
573 136
605 135
597 134
587 134
589 133
579 131
593 130
575 128
590 131
589 126
557 137
584 121
583 127
578 131
560 124
551 134
519 129
526 131
521 131
524 132
525 134
527 135
523 139
524 138
525 142
524 141
524 143
524 144
513 148
526 153
525 144
526 155
522 152
525 164
524 156
526 165
525 166
525 170
525 171
522 176
525 177
524 180
526 184
524 186
525 190
524 194
524 197
524 201
524 206
524 211
524 216
524 223
525 228
524 234
526 238
524 244
524 247
524 252
525 255
524 259
525 267
524 271
524 276
524 280
524 286
524 291
522 292
526 300
523 307
519 314
527 317
522 322
526 326
524 406
524 412
522 420
525 425
524 434
524 439
524 448
522 453
525 455
524 463
525 465
524 471
522 475
522 479
525 483
522 488
523 493
524 500
524 505
519 526
524 515
523 525
524 530
522 538
521 544
524 550
520 557
523 559
524 568
525 572
525 576
521 582
525 585
521 592
524 595
527 603
524 605
525 614
525 619
522 626
525 631
524 639
526 644
523 651
525 655
525 665
527 668
524 675
523 680
523 683
524 691
526 696
523 702
527 705
525 712
525 716
524 721
307 810
318 813
366 816
391 819
397 824
402 828
384 831
376 836
391 840
407 843
383 847
386 850
430 853
399 857
405 860
405 862
420 866
402 870
383 874
421 876
401 880
385 884
432 887
417 890
418 891
406 895
427 897
441 897
447 899
451 903
470 904
439 906
432 907
449 909
462 911
481 912
463 915
485 916
467 915
445 918
452 917
448 920
480 923
432 922
460 924
483 926
474 924
480 927
454 927
474 929
464 929
465 929
485 930
495 931
487 930
459 931
509 915
525 914
524 915
523 917
524 912
523 912
525 910
523 908
524 907
524 905
523 896
524 902
525 897
525 896
525 893
524 890
524 887
525 885
525 880
525 880
525 875
523 873
525 869
525 867
524 863
523 859
525 856
523 851
525 844
524 840
524 837
524 832
526 825
524 820
524 818
524 810
526 806
525 802
525 796
524 791
524 787
525 783
524 775
525 771
524 768
524 761
524 758
525 752
523 746
524 742
524 736
523 732
524 726
525 720
525 715
524 710
525 714
525 688
524 685
523 680
526 677
524 672
525 667
525 660
524 656
526 649
524 643
524 635
525 627
524 622
527 614
523 610
524 602
525 597
523 592
527 587
524 582
525 578
523 576
525 571
527 565
523 562
525 556
525 550
526 543
523 538
524 529
523 524
524 516
523 510
528 503
533 495
525 492
525 486
524 484
526 476
523 474
522 467
524 464
526 458
524 453
525 446
524 441
526 435
525 427
523 422
524 416
525 410
525 405
526 398
523 392
525 387
526 379
527 375
524 266
525 263
527 260
527 256
530 252
