526 725
524 721
525 717
524 714
524 708
524 703
525 699
524 694
524 688
525 684
525 679
524 675
525 669
524 664
524 655
524 652
525 645
525 638
525 631
523 624
524 616
524 611
525 603
524 600
525 594
526 588
524 586
523 580
524 576
522 572
523 566
525 564
520 557
525 552
524 545
524 539
524 534
525 524
524 521
525 511
524 510
525 500
522 496
524 490
524 485
527 479
525 476
524 470
525 465
524 461
524 454
525 450
525 443
524 438
525 430
525 425
524 419
524 418
524 424
524 431
524 438
523 444
522 451
525 455
525 463
525 465
524 469
524 475
522 477
524 481
519 485
526 492
522 496
524 506
524 511
524 516
524 519
525 530
524 535
522 543
524 547
524 555
525 559
525 565
522 571
525 575
527 578
525 584
525 588
525 594
524 599
524 606
523 611
524 618
523 624
524 630
524 636
524 643
524 648
524 654
524 659
523 667
525 670
524 678
525 683
523 689
526 692
526 701
523 697
524 710
526 706
525 718
527 714
528 726
527 492
525 488
525 494
524 483
524 476
523 474
525 467
524 463
525 459
523 451
525 446
528 440
525 434
525 428
524 422
526 415
525 409
525 403
525 399
523 392
525 385
524 381
527 374
524 368
524 362
523 359
525 352
526 347
524 343
526 337
523 334
525 330
525 324
524 318
525 314
524 308
524 304
527 296
524 295
523 292
525 287
525 282
524 279
524 274
524 268
525 263
594 263
621 260
673 254
687 252
675 250
901 248
876 242
863 236
829 233
827 229
813 224
544 124
528 124
533 125
522 126
530 126
528 129
525 132
525 134
525 135
525 136
523 138
525 140
525 140
525 141
525 144
524 145
523 145
524 149
525 152
525 152
529 156
515 159
524 159
523 168
525 166
523 169
525 171
523 174
524 176
524 180
525 184
529 187
524 191
524 194
524 198
524 202
525 206
524 212
524 217
523 221
525 227
523 233
525 237
523 242
525 249
526 252
525 257
525 263
525 266
525 271
525 277
525 281
524 287
523 291
527 300
525 306
524 306
526 421
525 425
526 429
523 435
522 445
526 447
524 455
525 460
525 463
524 470
525 470
525 477
526 479
527 483
524 476
522 499
524 506
523 509
519 514
523 520
524 527
524 534
524 540
521 548
525 550
519 560
524 559
523 570
526 571
524 578
525 583
524 588
525 593
525 598
525 602
525 610
527 615
523 621
525 623
523 634
525 639
523 646
524 652
522 657
525 663
524 669
523 674
525 681
523 687
525 691
523 697
523 702
526 708
532 714
527 716
521 720
523 808
178 815
220 819
203 822
247 827
245 831
225 836
210 840
269 844
279 848
286 850
280 854
304 857
312 860
288 864
284 867
284 871
290 872
292 877
270 884
282 883
287 887
321 889
333 892
297 894
328 897
361 899
359 900
350 902
354 904
389 907
355 907
352 909
385 910
417 912
373 913
378 914
405 916
417 917
390 915
386 919
428 920
409 922
422 923
391 923
386 925
422 926
408 928
443 928
415 928
419 929
463 929
434 931
396 930
460 931
468 929
453 932
462 916
524 913
525 913
525 913
525 912
524 910
523 909
524 907
524 905
524 901
525 899
524 897
524 894
524 893
524 887
522 886
524 883
523 885
523 879
524 875
524 871
524 869
524 865
526 861
526 859
523 853
525 849
524 845
524 841
523 836
526 830
526 828
524 820
524 817
524 811
523 807
524 801
525 797
523 794
526 788
524 780
524 775
523 772
526 768
524 762
524 755
524 752
525 747
524 741
524 736
525 731
525 723
524 718
524 715
524 709
524 702
524 698
524 866
524 864
525 858
525 856
524 852
526 845
525 841
527 837
524 831
524 827
527 823
524 817
526 811
525 806
524 804
524 797
525 792
525 789
526 783
524 777
524 771
525 767
524 763
525 760
526 754
524 747
525 742
528 740
524 733
524 726
524 721
523 716
524 710
524 705
524 699
524 695
524 690
525 686
524 682
525 676
526 670
524 665
525 658
524 655
526 648
524 642
523 634
526 624
524 620
524 610
524 606
524 599
524 594
524 591
522 584
523 581
526 576
525 339
523 335
525 331
524 328
524 323
527 315
523 313
525 308
524 303
524 300
538 293
524 292
525 287
525 284
524 278
526 273
523 269
526 265
638 263
644 259
650 255
685 251
823 251
884 247
863 242
863 236
821 232
824 227
804 223
814 218
833 213
781 211
761 208
784 203
768 202
756 198
756 195
767 191
767 187
772 186
763 183
791 178
777 173
748 171
797 167
741 172
727 162
715 160
705 158
707 155
701 153
724 152
691 152
633 149
660 146
694 145
681 144
525 137
524 137
524 135
524 137
524 141
525 139
525 144
525 142
523 145
524 147
525 149
525 151
525 154
526 157
523 162
524 160
527 169
521 165
525 169
525 175
526 175
526 178
526 180
524 184
526 188
524 192
525 194
525 200
524 203
524 207
526 214
524 220
525 223
524 228
525 235
524 238
524 245
525 250
524 253
525 258
525 263
525 268
525 272
521 276
524 283
525 289
524 292
521 297
524 307
521 308
524 314
525 318
524 324
527 329
525 334
525 338
525 345
521 569
523 571
523 574
524 576
525 582
524 588
524 593
523 599
524 604
522 611
525 615
523 624
526 628
522 635
524 638
522 648
526 652
522 659
525 663
523 671
525 676
525 682
524 688
524 694
521 699
525 702
522 712
520 710
525 718
522 721
524 730
524 734
526 737
520 741
526 744
526 751
525 754
524 759
524 765
525 767
525 772
524 777
527 781
524 785
520 789
426 791
384 796
375 801
185 802
174 807
230 811
225 813
235 819
238 823
233 827
222 832
253 837
291 851
255 853
264 855
272 858
271 862
302 865
312 867
280 870
316 874
284 878
270 881
282 884
328 887
312 890
281 893
305 900
353 898
389 900
348 902
351 903
396 905
349 907
392 908
377 910
402 910
390 913
381 914
398 915
379 917
423 917
399 919
418 920
380 922
393 921
398 923
383 924
424 926
427 926
441 928
430 928
390 930
433 929
444 930
473 930
421 931
442 931
469 933
459 931
458 931
440 932
477 932
447 932
478 932
466 932
510 932
481 932
506 931
524 915
524 914
524 914
525 913
524 914
524 911
525 910
524 908
524 906
525 904
525 902
525 899
525 897
524 893
524 892
525 888
523 886
524 883
524 880
524 877
524 874
525 872
530 869
525 865
524 863
525 860
527 855
524 849
526 845
524 840
524 835
524 830
523 824
523 822
523 816
524 809
523 805
524 800
526 796
524 791
523 783
525 781
524 776
524 771
524 764
524 758
524 757
524 752
524 744
524 733
525 736
524 732
524 723
524 718
525 715
524 707
525 702
524 641
525 638
524 629
526 622
523 617
525 608
524 603
524 597
526 589
525 588
525 584
524 580
526 574
525 572
524 564
523 561
524 556
525 549
524 547
526 537
524 532
527 524
524 518
526 510
524 505
525 498
526 493
525 488
524 480
527 479
527 473
524 469
525 465
524 458
524 453
524 447
525 441
524 436
526 429
523 424
525 417
524 412
525 404
524 400
524 392
522 389
524 380
522 376
524 371
525 367
524 360
525 354
527 349
525 344
526 341
525 334
525 275
525 273
524 270
525 266
530 264
641 261
676 257
673 253
690 249
912 246
909 242
844 237
801 233
803 230
847 225
803 222
767 218
801 213
793 211
773 207
760 203
752 201
774 196
768 193
752 190
783 186
758 183
771 179
774 176
736 173
770 170
770 166
745 164
734 160
718 157
717 156
699 154
671 153
686 151
702 149
678 149
640 146
652 143
673 144
656 141
651 140
659 136
659 137
661 135
617 135
651 133
667 133
639 131
653 131
650 129
654 129
614 128
635 121
595 122
608 123
553 122
600 122
555 121
555 121
563 122
576 121
548 124
559 125
529 125
535 126
524 128
527 131
526 133
525 135
524 136
524 138
527 138
525 141
524 140
525 143
525 144
524 146
525 147
525 150
525 152
525 155
527 158
521 160
522 162
533 166
525 167
524 171
525 173
523 177
526 180
523 182
525 187
525 189
525 193
524 196
524 201
523 205
523 210
525 215
524 221
525 225
524 230
524 238
525 243
524 246
525 250
525 254
525 259
525 264
525 363
525 366
524 368
525 372
525 379
524 382
525 386
525 395
523 399
524 406
525 412
524 421
524 427
528 434
524 440
523 447
524 452
525 458
525 463
525 467
523 473
525 474
525 481
526 483
525 477
527 497
525 501
524 505
520 513
524 525
522 526
526 530
526 539
525 544
523 551
522 556
524 560
522 568
525 571
523 578
524 582
523 587
524 591
524 597
523 603
524 609
524 614
524 618
524 626
525 632
525 638
524 644
524 650
525 656
524 664
524 666
523 674
524 761
523 764
524 768
523 770
525 775
525 779
523 784
524 788
458 791
417 793
408 798
350 802
144 804
166 810
221 814
228 819
251 821
233 826
229 830
249 835
237 839
265 842
299 846
258 849
281 852
315 856
295 859
263 862
298 865
296 868
280 872
259 877
270 879
304 881
295 885
279 888
299 892
324 894
314 898
361 899
372 900
392 902
329 904
357 905
382 906
363 909
397 911
400 915
396 913
359 914
397 917
387 916
392 918
418 916
411 920
431 921
419 922
453 932
463 931
464 931
504 932
449 931
516 931
464 930
481 929
524 928
515 927
522 924
522 922
524 918
523 918
523 915
525 916
524 914
522 915
524 912
525 911
525 908
524 909
525 904
525 902
524 900
524 896
524 895
524 891
527 890
523 885
524 886
524 882
524 879
525 876
524 873
524 870
524 867
524 863
524 860
525 854
524 853
525 847
527 842
525 837
525 834
526 827
525 822
523 819
525 814
527 808
524 801
525 798
526 794
523 790
524 786
524 778
524 773
525 702
525 697
524 694
524 689
524 685
524 681
524 673
523 670
546 664
525 658
524 654
521 644
524 639
524 633
524 625
524 620
525 611
525 605
525 599
526 592
524 590
525 583
524 579
524 578
525 572
524 569
524 563
524 556
524 551
523 548
525 540
525 535
524 527
523 522
523 514
522 507
525 500
524 495
525 493
526 484
524 481
517 475
524 472
526 466
524 461
526 455
524 450
526 444
523 439
525 431
524 424
525 419
524 413
525 406
525 401
525 397
524 390
525 288
526 282
525 281
526 277
524 274
526 268
530 263
647 261
657 258
646 254
681 250
813 251
907 245
877 241
840 235
846 232
801 227
836 222
828 218
802 214
802 210
790 206
751 204
761 201
746 197
757 195
756 192
753 188
797 184
760 182
755 177
802 175
756 171
738 168
749 178
730 165
730 159
683 158
713 155
704 153
685 151
675 150
675 147
701 147
662 146
682 145
642 143
670 141
674 140
627 139
661 138
621 137
672 136
625 135
636 133
642 133
636 132
567 122
545 122
565 123
542 122
548 124
575 125
528 125
557 128
527 129
545 129
525 135
528 136
525 138
527 138
525 140
525 142
525 142
525 142
524 145
524 148
525 149
525 152
525 154
525 158
521 162
525 163
522 165
529 169
523 170
525 173
525 175
524 178
524 181
523 184
524 188
525 191
525 196
525 200
525 205
525 207
524 214
524 219
525 225
525 229
527 235
525 241
524 244
525 249
523 254
524 260
525 262
525 267
524 273
524 277
524 282
525 288
524 293
524 396
526 399
524 402
525 410
525 417
524 423
523 432
525 440
524 444
524 451
524 455
524 460
525 465
524 469
525 474
524 477
525 481
525 485
523 493
523 486
524 502
535 504
523 515
534 523
527 529
526 535
524 541
535 549
525 552
521 560
524 563
521 572
524 573
523 580
525 583
523 590
525 594
523 600
525 605
524 611
526 617
524 624
525 629
524 636
524 641
524 649
522 653
525 659
524 664
525 671
524 677
524 682
525 688
525 694
525 698
525 702
537 778
524 782
523 786
489 790
418 792
379 796
402 800
289 802
146 806
150 812
233 817
234 821
238 824
219 828
240 836
262 838
239 841
245 845
287 848
277 852
266 855
282 858
288 862
313 865
257 868
267 871
287 875
266 879
286 881
267 885
307 888
302 891
312 893
353 896
329 897
349 899
362 902
345 904
369 907
375 907
410 908
394 910
378 911
378 912
396 912
411 915
391 916
415 917
443 918
385 920
411 920
422 923
419 922
424 923
369 924
430 926
382 927
400 928
524 926
523 926
522 922
523 921
523 920
524 917
524 916
524 915
522 913
523 914
527 911
525 909
524 908
522 905
525 905
524 900
525 899
525 894
524 894
525 890
525 888
524 884
524 882
524 881
524 877
524 873
524 870
524 868
524 863
524 861
525 856
525 853
526 848
519 843
523 837
524 832
525 828
523 822
525 819
524 812
524 809
523 802
524 799
524 796
524 788
524 783
524 780
525 777
523 770
525 764
527 758
525 754
523 750
525 744
524 740
524 734
524 602
524 599
522 595
524 592
525 586
526 584
524 580
525 573
523 572
524 564
521 562
524 552
524 549
524 543
525 536
522 530
525 523
522 517
524 509
524 503
523 502
526 492
524 487
526 482
523 478
524 476
523 468
524 462
525 457
525 452
524 446
525 442
524 432
523 429
526 422
525 415
527 410
525 405
526 397
524 393
527 388
523 381
526 375
526 370
524 364
525 359
524 352
526 347
524 344
524 338
524 334
525 328
525 323
524 319
524 313
525 310
525 305
524 213
776 210
791 208
774 205
781 202
776 197
741 195
754 192
763 189
761 186
772 181
759 179
717 175
796 169
768 169
759 165
754 141
688 157
751 158
738 156
717 154
681 153
691 150
691 149
657 147
678 146
659 143
701 142
644 141
648 140
647 140
639 137
649 137
610 136
647 135
621 133
668 132
669 131
649 131
616 129
633 128
633 127
600 127
628 124
655 125
570 124
615 124
622 123
628 122
609 122
583 119
635 124
592 124
588 122
529 121
614 121
578 122
543 122
547 123
540 123
563 124
535 126
532 126
519 130
525 131
525 134
525 134
524 137
525 138
526 139
525 141
525 141
525 142
525 145
524 146
525 148
525 151
525 153
525 156
525 158
528 160
524 164
525 167
533 165
527 169
525 174
525 178
523 179
525 183
524 187
525 190
527 194
523 197
526 202
524 207
523 212
525 216
525 221
524 226
524 230
525 238
525 244
525 247
524 251
524 257
525 260
524 264
523 272
525 274
524 281
523 287
522 292
525 296
525 298
524 360
524 364
525 369
524 373
524 380
524 384
524 389
524 397
524 400
524 407
524 414
525 419
523 430
524 434
524 440
524 450
525 454
524 459
522 464
526 468
524 470
524 477
526 479
524 486
525 487
524 493
526 498
531 504
521 515
523 518
524 525
526 533
522 539
523 540
524 552
522 558
525 561
524 568
525 571
524 578
526 581
522 587
524 592
524 598
525 603
523 609
524 615
525 621
525 627
526 633
522 639
523 645
523 652
524 656
524 662
524 668
523 675
517 727
524 733
525 738
526 741
527 746
525 749
524 751
524 755
526 762
524 766
525 771
525 775
525 780
523 785
518 787
449 792
413 795
397 798
372 801
156 798
179 810
175 815
173 815
241 824
266 827
213 831
213 835
266 840
272 844
247 846
295 849
280 854
296 858
280 860
272 863
318 866
279 870
283 874
281 879
291 877
293 883
265 887
298 889
313 893
308 895
382 897
311 899
331 901
349 902
389 905
397 907
364 904
403 909
398 912
400 911
358 913
404 915
452 927
415 928
425 927
386 929
416 929
470 930
420 931
457 931
452 931
438 932
488 933
459 933
439 931
499 932
467 932
518 933
442 932
503 931
514 933
483 931
514 929
496 930
533 927
519 928
536 922
522 922
527 919
524 923
525 916
524 915
524 916
525 913
525 913
521 909
520 910
524 905
523 906
524 901
524 901
524 896
524 895
524 892
524 889
523 886
524 883
524 881
525 877
525 876
525 872
524 870
523 863
524 864
525 857
522 855
525 853
523 846
525 841
525 778
524 775
523 770
524 766
522 763
523 755
524 751
525 748
524 740
525 735
524 732
524 727
524 719
524 715
524 709
524 702
525 699
524 694
524 688
524 679
524 678
524 673
525 669
523 662
523 657
525 650
523 646
525 636
525 631
525 623
522 615
523 613
522 604
524 601
517 594
523 588
523 584
525 580
524 576
524 572
524 566
524 562
523 558
526 550
524 547
524 538
524 532
525 525
524 517
526 512
526 507
525 501
527 494
524 490
525 484
521 480
524 373
526 367
525 364
526 359
523 357
525 349
526 345
525 339
524 335
524 331
525 326
526 320
523 318
523 311
527 307
524 304
524 295
523 294
525 294
522 285
525 283
525 276
524 273
525 268
533 264
635 262
661 257
663 252
681 249
894 249
894 245
859 239
848 234
824 231
823 226
810 222
791 217
796 212
798 210
773 207
765 203
767 199
738 197
760 193
771 191
769 187
768 183
769 182
800 177
764 173
789 169
732 167
747 164
775 154
714 160
704 157
686 155
702 130
618 130
628 128
655 128
620 130
660 127
647 126
601 124
665 124
635 123
602 123
602 121
607 122
630 116
572 121
564 122
624 121
605 120
572 121
607 121
550 121
586 121
566 123
544 122
558 123
548 124
567 126
530 126
529 130
526 130
525 132
525 134
525 136
524 137
525 139
524 139
524 141
524 143
524 144
524 147
525 148
524 148
524 152
525 155
525 158
525 162
531 161
515 163
524 141
538 172
526 172
524 177
525 179
524 182
525 185
525 188
525 193
523 284
524 286
525 289
524 296
525 300
525 304
525 305
531 311
529 318
536 332
523 332
523 333
527 341
525 346
521 352
524 356
525 362
524 368
525 371
524 377
524 383
524 387
524 393
525 398
525 402
524 411
526 419
525 426
524 432
524 440
525 445
523 451
522 456
525 461
524 467
525 468
524 475
524 478
524 482
524 488
524 493
525 497
527 506
525 509
533 520
523 519
523 531
525 530
534 544
522 548
525 554
526 560
525 567
524 570
525 575
523 580
525 585
520 669
520 672
524 678
525 684
525 689
523 695
524 699
525 706
525 709
524 716
521 719
525 724
522 731
526 734
530 749
526 741
522 751
524 748
523 756
526 760
525 768
524 770
524 774
525 777
524 781
524 787
485 789
398 793
383 797
394 802
189 802
147 807
160 813
216 818
215 822
221 826
239 829
238 834
243 838
261 842
272 846
300 849
281 852
277 855
320 859
275 862
290 865
307 868
266 872
268 875
282 877
307 882
286 886
270 888
337 890
300 893
304 896
401 923
390 925
399 926
395 927
412 928
438 928
404 930
450 928
459 930
440 931
431 931
469 932
465 932
415 932
472 932
473 932
494 932
458 932
453 932
520 932
471 934
506 931
476 931
528 930
493 928
494 927
522 927
522 924
524 922
524 919
525 919
524 916
524 915
524 914
524 913
524 912
524 912
524 909
528 906
523 905
524 904
522 899
525 898
524 895
524 893
525 891
524 887
525 885
524 881
524 880
523 877
525 873
525 870
524 868
524 863
523 860
525 857
525 753
525 749
524 745
524 740
524 732
521 728
524 723
520 716
524 712
524 707
525 699
525 695
524 691
524 686
525 681
524 675
525 670
525 664
524 663
526 652
524 648
524 641
525 634
525 627
523 621
525 612
525 607
524 601
525 594
525 592
525 588
524 582
525 578
524 573
521 568
525 565
523 559
523 554
524 548
525 541
524 534
525 529
524 523
525 515
524 508
523 503
526 495
523 493
523 483
524 482
524 475
524 473
527 468
526 462
526 456
525 450
524 446
526 333
525 329
524 326
524 322
522 319
525 314
526 307
524 303
524 300
525 295
524 291
525 293
523 282
524 278
524 275
525 270
525 266
588 265
686 259
676 254
680 250
762 250
899 248
876 241
866 236
808 232
806 228
834 223
831 219
799 215
781 211
812 207
789 204
747 201
755 199
767 195
778 191
746 188
775 187
783 181
767 178
789 175
751 171
725 168
733 166
766 172
735 181
722 158
682 156
687 154
662 152
694 149
699 149
688 147
677 146
633 144
649 143
652 124
625 124
590 125
580 123
647 123
592 123
580 121
614 114
612 119
571 121
613 121
564 121
606 121
561 123
574 122
557 122
556 122
558 122
573 124
528 125
548 126
527 127
545 129
524 132
526 133
522 136
525 137
525 138
525 142
524 140
524 142
526 143
525 146
525 146
525 151
525 151
525 157
523 156
525 159
523 162
524 173
525 168
523 161
523 172
526 175
525 177
524 181
525 185
525 187
522 193
525 195
525 199
524 203
524 208
523 211
525 217
525 222
527 334
518 341
523 344
525 348
524 357
528 359
525 363
524 371
525 374
525 380
524 385
525 390
524 396
524 400
521 408
524 415
525 421
524 429
524 435
523 443
525 448
523 454
523 460
523 463
525 469
524 472
524 476
524 482
525 485
525 491
524 497
524 502
526 503
526 514
528 523
525 529
522 537
526 537
525 544
528 554
525 559
522 563
524 569
523 577
525 577
520 584
525 586
523 593
525 598
524 604
524 610
524 616
525 619
523 629
527 633
524 642
525 760
524 765
521 766
521 772
524 777
524 781
525 781
523 789
417 791
410 795
378 800
277 801
179 806
167 811
176 816
269 819
222 823
239 829
232 832
235 837
249 841
244 844
259 842
293 851
268 854
274 860
316 861
279 865
280 867
283 870
298 874
281 877
290 894
277 884
301 887
269 890
307 893
340 896
328 897
316 899
348 901
388 903
376 899
335 908
366 908
423 909
387 911
390 911
409 914
384 914
416 915
374 917
433 917
418 919
409 920
421 921
410 922
408 920
524 919
523 917
525 916
524 915
526 918
524 912
525 911
525 910
525 908
524 908
524 903
525 902
524 897
523 897
524 894
525 891
525 888
528 886
523 883
525 882
524 877
524 874
524 871
525 868
526 865
524 861
524 858
525 853
523 848
525 848
523 841
524 836
525 829
523 825
524 819
523 813
524 810
522 802
525 800
524 793
524 791
523 785
