524 910
524 908
524 908
524 907
523 905
524 904
524 902
525 899
525 896
524 893
524 891
523 888
524 885
525 882
524 880
524 878
524 874
525 872
525 868
526 865
524 860
524 856
522 854
523 850
524 843
525 839
524 833
524 829
524 823
524 820
524 816
524 809
526 804
524 799
523 795
525 790
523 786
524 778
525 773
524 769
524 763
524 760
524 757
524 750
524 744
524 740
524 736
525 729
524 723
524 719
525 711
524 705
524 706
522 697
525 691
524 686
531 682
525 183
524 187
525 190
525 193
525 196
521 201
525 204
524 210
524 217
525 220
525 226
525 231
525 237
525 243
524 248
525 252
525 255
525 259
524 264
525 270
525 275
525 280
524 286
525 291
524 296
525 303
524 306
525 311
525 316
524 325
522 332
522 333
514 347
523 346
525 348
524 354
525 359
524 363
525 368
525 375
524 378
525 384
525 388
525 394
526 401
525 406
524 414
525 419
524 427
525 436
524 439
525 448
524 452
525 457
525 464
525 466
524 471
524 767
524 761
523 757
524 752
524 747
525 741
526 735
524 731
525 726
524 720
524 714
526 710
524 703
524 697
525 695
525 688
524 683
524 680
525 673
524 670
525 665
524 658
523 652
524 645
526 639
524 632
524 623
525 618
525 611
526 605
526 599
524 595
524 589
524 586
526 580
525 579
530 572
526 567
525 563
524 557
525 552
524 546
524 540
525 534
525 527
524 520
524 513
524 509
525 499
525 497
524 486
524 486
524 479
525 475
524 472
524 465
525 462
909 180
885 178
869 174
898 173
877 169
822 166
842 162
869 162
804 159
799 157
762 154
751 154
751 151
775 149
767 148
738 145
745 145
714 144
727 142
688 140
725 139
740 138
736 137
723 136
687 134
687 134
686 132
727 130
698 130
661 129
704 128
694 127
704 126
647 125
640 123
649 124
682 124
642 124
608 124
642 124
665 123
633 124
623 123
603 135
642 125
537 123
646 122
585 123
609 123
567 122
579 123
581 123
557 126
552 127
527 129
530 130
526 132
525 174
524 173
529 178
520 170
524 185
525 188
525 192
525 195
525 200
525 204
526 208
526 213
526 217
525 226
525 229
524 235
525 240
525 245
525 250
525 255
525 257
524 261
525 268
524 275
525 279
525 283
524 287
525 296
525 302
524 305
525 310
524 315
523 320
524 325
526 331
523 335
522 341
525 347
524 353
525 356
524 362
525 367
525 371
525 377
524 381
525 386
525 392
524 398
526 405
525 409
525 417
524 425
524 430
524 438
525 444
524 451
525 561
524 563
525 570
525 575
525 579
525 584
525 589
525 595
525 603
524 606
524 611
525 618
524 621
524 630
524 635
525 643
525 648
524 654
524 660
524 666
524 671
524 678
524 683
525 687
525 694
526 699
525 704
524 710
522 707
524 720
524 718
526 728
522 733
519 738
527 745
523 749
525 752
525 756
524 760
525 764
524 769
524 774
522 777
524 782
522 786
470 788
430 791
165 793
194 798
132 800
32 805
0 810
24 815
87 816
118 823
63 825
80 831
114 836
109 898
294 899
293 902
300 903
254 904
349 905
320 907
285 908
283 910
294 911
350 913
327 914
330 916
345 916
350 918
321 919
365 920
304 922
350 922
356 924
386 925
375 925
336 926
353 927
394 927
415 929
368 928
399 929
428 930
387 930
404 931
459 931
391 931
401 931
464 931
417 931
438 931
449 931
430 932
504 933
419 931
506 930
404 930
528 928
472 929
523 925
527 925
522 922
522 921
523 919
524 916
523 916
523 914
524 914
524 913
525 912
524 910
524 867
524 864
524 860
524 857
524 853
525 848
524 844
524 838
524 834
524 827
524 823
524 819
525 814
524 808
525 802
524 797
524 792
524 789
524 786
524 779
524 773
522 769
525 763
524 758
525 754
525 749
524 744
524 738
525 733
524 728
524 723
525 717
524 710
524 708
525 701
525 694
524 692
524 684
524 681
524 677
524 668
524 666
526 659
523 653
525 649
524 640
524 633
527 626
525 619
527 612
525 607
525 602
525 594
527 593
524 586
527 583
524 579
523 457
525 452
522 447
525 437
525 434
523 428
524 421
525 416
524 410
524 405
525 398
522 394
526 384
524 382
526 374
525 369
524 364
525 358
524 353
524 348
524 343
523 338
525 334
526 330
526 322
525 320
524 315
525 309
524 306
526 302
525 295
523 292
526 288
525 284
525 279
525 276
526 270
531 267
601 264
681 260
761 261
884 257
889 250
1023 249
1023 245
1023 239
1003 234
951 230
985 225
959 221
955 217
914 213
930 210
882 207
874 203
881 200
887 141
690 140
732 138
743 139
690 137
730 136
724 134
706 133
721 133
705 132
703 128
703 125
724 129
666 127
681 126
695 124
681 126
632 125
658 124
654 123
655 124
625 123
623 127
643 123
602 123
632 123
608 124
638 123
603 124
604 124
590 123
596 123
558 124
587 124
570 125
559 126
511 127
532 129
525 132
527 133
525 136
526 138
526 140
524 138
526 141
525 141
525 144
526 144
525 147
524 148
524 153
524 154
525 158
525 158
525 162
524 164
525 166
524 354
524 359
525 363
524 367
525 370
524 374
524 380
524 384
525 390
524 395
525 402
525 406
524 415
525 423
525 428
524 436
525 441
524 448
524 455
526 457
525 464
525 468
525 471
524 478
525 478
524 485
526 488
526 495
526 499
525 506
523 510
526 525
525 524
525 528
522 537
517 540
525 550
524 557
524 563
525 568
525 574
526 577
524 582
524 587
526 592
525 597
524 603
525 608
525 615
525 620
524 628
527 632
524 641
525 644
525 652
526 655
524 665
526 688
525 692
526 694
525 698
523 703
524 707
524 712
522 716
529 721
523 724
524 732
525 734
526 742
533 745
527 745
525 754
525 758
525 762
524 767
525 771
526 777
524 784
522 784
504 787
421 791
244 791
185 796
176 800
30 802
54 808
78 812
57 816
91 821
105 826
72 826
92 834
120 838
116 842
140 845
144 848
158 851
175 855
158 858
174 862
167 867
140 870
179 864
159 873
153 880
157 884
183 884
211 890
164 890
218 896
236 894
253 897
256 900
288 902
337 918
352 917
354 920
347 921
325 922
371 922
342 924
367 925
341 926
356 927
375 928
427 929
371 929
390 929
393 929
404 930
411 932
386 931
437 931
420 931
450 930
425 931
428 931
426 931
455 930
457 930
454 930
478 931
477 932
465 930
458 928
516 927
516 927
522 923
522 921
523 918
524 917
524 916
523 915
525 914
524 912
524 912
524 909
524 909
524 905
524 904
524 901
524 900
524 895
525 895
524 891
524 890
524 886
523 884
525 880
524 878
524 875
523 823
524 821
525 816
525 809
524 804
525 801
524 797
524 791
523 785
525 781
524 775
523 771
523 767
524 760
524 756
524 752
524 746
525 740
524 737
524 730
524 724
524 721
524 713
525 708
524 704
524 698
525 692
525 688
524 681
525 678
524 673
524 666
525 663
526 658
525 651
524 645
524 637
523 631
525 623
525 619
523 609
524 604
524 599
524 592
522 590
524 582
524 583
524 574
523 572
523 567
524 560
523 557
523 549
522 547
524 537
524 533
525 525
524 464
523 459
524 455
524 449
524 443
525 436
524 432
526 424
525 419
525 411
524 406
525 400
525 394
525 389
524 382
524 378
523 372
523 370
525 360
524 355
525 349
525 345
524 340
524 336
524 330
524 326
524 320
526 315
524 311
525 303
524 302
525 298
524 294
523 291
524 284
526 280
526 275
512 269
526 267
572 265
646 261
686 259
898 258
865 255
952 250
1023 245
1017 242
980 237
1008 233
1015 227
973 223
965 220
954 213
924 210
914 208
882 204
829 167
852 163
842 161
799 159
796 151
780 155
741 152
777 151
735 149
787 150
726 146
749 144
738 144
692 144
745 141
705 140
744 138
688 137
726 135
720 134
746 133
687 131
672 131
683 129
662 128
687 128
703 128
658 126
691 128
660 125
647 125
621 125
647 124
640 123
614 124
634 123
621 122
620 123
618 122
625 125
612 123
583 123
596 123
566 123
639 124
548 123
582 124
531 125
547 126
521 129
526 133
525 133
524 136
525 136
525 139
524 139
525 141
517 183
526 196
522 185
525 189
525 193
526 196
525 200
525 205
525 210
525 215
525 220
526 225
525 230
525 237
526 243
524 247
525 249
525 254
523 259
525 265
525 267
524 274
525 279
524 286
525 288
524 293
525 301
524 307
525 309
524 314
525 319
525 332
524 327
517 337
527 344
525 345
526 352
524 357
524 363
525 368
524 371
524 378
525 383
525 390
525 393
525 399
525 404
526 412
525 418
525 424
525 434
525 438
524 447
525 452
524 456
525 462
525 465
524 568
525 572
525 575
525 581
525 584
525 593
526 596
525 602
525 607
523 614
525 618
524 625
524 631
524 637
525 643
524 649
524 655
524 660
525 667
525 672
524 679
525 684
524 691
524 695
524 700
524 705
525 711
524 715
525 719
524 722
518 729
525 734
518 741
523 742
524 748
523 761
524 757
524 761
527 766
524 770
525 774
525 779
524 783
518 787
407 790
315 791
199 795
162 800
64 801
80 806
113 811
82 815
114 819
73 823
78 828
105 833
103 837
118 893
225 897
263 904
269 899
254 901
279 902
310 902
295 906
315 907
327 908
346 910
311 912
298 914
335 914
328 916
342 917
307 917
390 919
346 921
354 920
320 923
328 924
350 925
377 925
381 926
341 927
352 928
409 929
394 930
421 928
376 929
400 929
453 932
385 933
433 931
423 930
411 931
439 931
403 932
484 931
430 931
446 931
471 930
467 930
494 930
452 929
500 927
520 927
517 924
522 923
524 920
525 918
523 917
524 915
524 915
524 913
525 913
524 878
524 875
524 874
524 870
524 867
524 864
523 860
524 855
524 852
526 846
524 843
524 836
524 833
526 827
524 822
525 819
524 812
525 805
524 801
524 798
524 794
524 784
525 781
526 777
524 773
524 768
523 762
525 758
524 754
524 749
524 742
524 737
524 733
525 726
524 719
524 715
524 711
524 704
524 699
524 696
524 690
524 686
524 682
524 676
524 670
525 663
523 658
523 653
524 647
525 639
526 633
524 625
525 618
524 615
524 605
525 599
524 594
524 478
524 475
525 472
526 467
524 464
524 455
524 452
524 442
523 438
525 432
524 427
524 421
525 415
524 407
524 402
524 396
525 389
524 384
524 378
523 373
527 368
525 363
525 357
521 350
525 345
526 341
526 337
524 333
526 325
524 323
525 317
524 311
524 308
532 300
524 299
525 295
524 291
525 287
524 282
524 276
523 272
527 269
532 265
626 261
660 258
899 258
906 254
860 249
1023 248
1023 243
1023 238
969 233
976 228
1020 224
974 217
921 216
938 284
525 280
526 277
524 273
526 270
532 267
596 264
641 260
778 260
895 256
907 251
947 249
1023 244
1023 239
1016 236
970 231
989 225
982 222
960 217
926 214
910 208
921 206
866 206
871 201
878 200
884 193
861 191
876 187
904 184
878 182
890 178
901 173
905 171
866 168
814 165
857 162
825 160
817 158
800 157
792 153
743 153
740 150
749 149
735 148
765 144
739 140
757 142
719 144
681 141
733 138
744 137
728 137
696 137
704 133
740 132
695 131
697 132
522 158
525 159
524 163
525 168
524 168
525 171
524 173
525 176
525 180
526 180
513 192
526 188
525 193
524 197
525 201
526 206
525 211
525 216
525 222
524 227
526 231
524 236
525 242
524 247
524 254
525 257
525 260
524 264
524 272
524 276
525 280
525 286
525 291
524 296
525 301
520 306
525 313
524 316
524 320
525 325
525 335
526 341
525 343
522 367
526 354
523 358
524 366
525 369
525 373
525 381
525 383
525 389
524 395
524 400
524 409
525 411
524 423
523 610
525 613
524 622
525 625
525 634
525 637
524 645
525 650
525 657
525 662
524 668
524 674
525 679
524 687
524 691
523 698
524 700
519 708
526 711
520 715
524 718
525 725
524 732
524 734
526 739
527 744
516 750
526 757
514 758
524 762
525 768
525 771
525 773
524 780
522 784
521 786
409 791
261 790
182 796
194 801
74 803
68 806
63 812
65 816
109 820
69 825
81 829
115 833
82 837
123 839
117 844
147 848
170 851
181 855
150 858
172 860
176 864
177 872
365 917
342 918
304 918
366 918
321 921
351 920
329 924
325 923
379 925
408 926
368 927
325 927
362 928
411 929
394 930
366 929
439 930
392 930
399 931
449 928
405 934
425 932
440 931
412 931
441 931
421 931
454 930
476 930
445 930
492 932
450 930
476 929
501 928
516 925
523 926
519 922
525 919
523 918
525 917
522 916
523 914
523 914
524 912
524 912
525 908
524 908
524 904
523 902
525 900
523 897
524 897
525 892
524 891
524 886
525 884
524 881
524 780
524 775
525 770
525 767
524 762
524 755
524 753
524 747
525 740
524 736
523 732
524 725
524 719
524 717
523 710
524 702
524 698
524 694
524 689
524 683
525 679
524 674
524 670
524 663
525 657
525 652
526 645
525 639
525 632
524 623
525 619
525 611
524 605
524 599
524 594
525 592
523 585
523 582
525 577
524 572
524 568
524 564
523 558
523 555
522 545
524 540
523 532
524 526
524 520
524 514
525 507
524 500
524 495
524 489
524 485
524 480
524 476
524 343
525 342
526 337
525 334
526 330
525 327
525 321
524 316
524 311
524 307
525 303
525 300
525 297
525 291
525 285
524 281
525 277
525 272
529 267
554 266
643 262
678 258
928 257
919 253
864 249
998 248
1023 242
1013 237
953 232
984 228
987 224
950 219
924 215
925 213
893 208
886 204
859 202
889 199
869 195
856 192
864 188
868 186
905 182
884 180
856 176
893 173
871 169
880 165
828 164
831 160
817 159
783 157
754 156
786 155
790 150
741 150
757 148
720 140
718 142
746 137
683 137
700 136
704 134
712 132
720 132
702 131
680 130
681 128
678 128
668 127
675 125
696 125
688 126
603 124
664 123
677 124
629 122
640 123
638 122
642 123
619 122
609 123
633 123
580 122
639 124
577 123
612 122
571 123
615 123
560 126
535 125
550 127
531 129
532 130
527 133
524 135
525 137
526 136
525 139
523 139
524 143
524 142
524 144
526 145
525 147
525 149
525 152
525 155
526 155
525 161
523 162
524 165
525 168
524 172
525 222
523 223
524 229
524 234
526 239
525 245
525 249
526 255
525 260
525 264
525 267
521 272
525 278
524 284
525 290
524 293
524 298
524 306
524 310
524 313
525 322
525 325
525 328
522 336
524 341
523 347
526 354
525 356
524 361
524 368
525 372
525 376
524 383
525 386
525 394
525 397
525 404
524 411
526 415
524 427
522 429
523 438
525 445
525 449
525 458
525 461
524 466
524 470
525 471
524 479
524 480
524 488
525 490
525 498
523 502
524 510
524 515
525 585
525 587
521 595
524 599
521 606
526 611
523 618
525 623
525 630
525 637
524 642
522 648
524 654
524 660
525 667
524 672
524 673
523 684
525 688
524 695
524 698
526 704
526 709
525 714
525 719
525 724
522 728
524 727
526 739
522 750
523 749
519 754
527 756
520 754
525 765
524 769
525 772
524 777
525 781
521 786
458 789
414 792
186 795
175 799
137 801
45 805
60 809
85 814
78 819
81 823
106 827
62 832
105 836
118 840
113 843
145 847
170 850
156 883
187 887
170 890
189 888
228 894
262 898
255 895
286 898
293 902
281 904
261 906
293 906
312 909
317 910
326 913
307 913
333 915
325 915
330 917
360 918
313 919
333 920
365 922
362 923
366 925
341 924
341 925
362 926
347 927
368 928
409 928
402 929
363 928
401 929
413 930
413 931
388 931
410 930
435 931
456 931
410 932
479 931
446 932
437 932
479 931
416 930
494 931
444 930
473 929
490 929
478 924
525 926
517 924
523 921
523 919
524 915
522 917
524 895
524 894
525 892
523 890
524 888
524 887
523 882
524 880
524 878
524 874
523 871
524 867
524 864
524 863
524 857
524 853
524 847
525 843
525 838
524 833
525 829
524 823
525 817
524 812
524 808
523 803
524 798
525 794
523 790
524 784
524 779
525 773
525 769
524 765
524 758
524 753
524 754
524 744
524 738
523 733
525 728
522 721
524 717
524 713
524 705
524 701
525 696
524 690
525 687
525 681
524 676
525 672
525 665
523 661
525 655
525 648
524 641
524 539
523 537
524 526
525 523
524 517
525 509
525 503
525 497
525 492
524 488
524 482
524 478
525 471
525 468
525 463
524 458
525 452
524 445
524 440
526 435
524 428
526 423
524 415
524 410
527 404
525 399
525 394
524 386
525 381
525 375
525 368
524 362
525 358
525 354
525 348
524 343
523 338
524 334
524 328
524 324
525 317
524 315
525 309
525 305
524 301
525 295
524 292
525 286
525 282
523 278
526 273
526 271
527 267
603 263
658 260
803 259
916 254
887 179
873 176
866 174
869 170
845 168
871 163
848 162
841 159
806 157
777 155
781 155
772 153
818 150
688 148
755 150
754 145
745 144
722 143
724 140
728 139
714 138
732 136
704 135
700 136
722 133
722 132
703 132
683 130
667 129
711 129
698 127
685 126
655 125
662 125
650 125
662 124
645 124
668 124
614 122
621 123
651 122
647 123
612 123
608 123
617 122
633 123
605 124
596 123
603 123
585 123
588 125
579 125
537 125
535 128
526 128
548 135
524 133
525 171
526 175
526 175
525 177
525 180
526 180
523 188
535 191
521 195
525 197
524 202
524 207
525 212
525 217
524 223
525 227
524 232
524 240
525 244
524 248
525 250
525 257
524 262
525 266
525 270
526 275
525 281
524 288
525 293
524 296
525 301
524 308
525 313
525 315
525 323
525 328
524 333
525 338
523 343
530 354
526 357
527 378
525 365
524 368
525 374
524 381
525 382
525 389
525 394
524 401
525 408
525 415
525 421
524 429
525 435
525 447
525 448
537 520
523 537
539 536
523 542
523 548
528 555
527 561
525 567
525 572
524 575
525 583
525 585
524 593
525 596
524 604
525 608
525 616
525 621
525 627
525 632
524 639
525 645
524 652
525 656
525 663
525 668
524 675
524 679
523 687
525 691
524 698
525 701
524 708
525 712
524 717
524 722
523 724
527 732
527 732
522 740
528 745
523 752
528 753
523 757
525 763
525 767
525 772
525 776
524 780
526 784
518 788
425 791
273 792
191 797
168 802
57 803
49 808
146 884
200 892
207 887
162 890
209 893
250 895
260 895
237 899
294 905
304 904
296 905
276 906
294 908
310 910
332 911
315 912
327 914
318 915
347 917
348 918
337 919
346 920
347 922
330 923
356 923
334 924
353 926
394 927
375 926
363 928
352 928
433 928
389 929
393 930
393 929
383 929
447 931
367 932
429 930
468 935
390 932
422 932
453 931
491 931
450 932
463 931
434 930
446 930
462 930
475 928
513 927
519 926
524 925
522 920
524 919
524 918
524 916
524 868
524 866
525 861
523 860
524 854
524 848
525 845
524 840
524 835
524 831
525 826
528 817
525 814
524 810
525 805
524 801
524 796
524 791
525 785
524 782
528 778
524 771
529 765
524 761
525 757
525 751
524 745
524 740
524 736
524 730
525 723
525 720
524 715
524 708
525 704
524 698
525 691
524 689
526 682
525 678
524 674
524 667
524 663
524 657
524 649
524 644
525 638
524 631
525 624
523 616
524 610
523 603
524 596
523 592
524 589
525 583
523 581
525 468
524 466
525 459
525 455
524 448
524 443
525 436
529 430
524 425
525 417
522 409
525 405
524 402
526 393
525 389
523 383
524 377
524 372
525 365
524 362
525 354
524 350
526 344
524 339
523 334
525 330
524 325
523 321
524 314
524 310
524 306
526 300
524 299
525 292
525 289
524 287
526 281
526 275
525 271
527 268
535 264
652 263
690 259
910 257
911 253
988 249
1023 245
1023 241
986 236
976 231
990 228
947 223
943 215
922 214
925 211
895 208
863 157
760 154
761 153
776 152
752 152
762 149
717 150
764 146
751 144
745 143
725 142
697 140
747 139
707 138
697 138
694 137
708 130
701 134
714 133
692 132
716 129
700 128
673 128
709 127
660 126
664 125
697 124
619 123
626 123
674 122
662 124
585 122
662 124
641 122
611 123
606 123
626 122
637 122
589 123
589 125
602 122
608 123
574 123
594 124
538 124
552 126
526 128
528 132
525 133
532 135
526 136
525 137
525 139
526 140
526 140
525 142
524 144
525 217
525 218
525 223
524 226
524 231
524 237
524 239
525 246
524 249
524 254
524 259
525 265
525 268
525 274
525 278
525 284
525 291
525 297
525 300
524 303
524 311
525 315
524 320
525 326
525 332
525 336
524 345
533 335
524 349
525 357
523 365
525 368
525 371
525 378
525 383
524 388
525 394
525 399
526 406
525 412
524 420
525 426
525 431
525 440
525 444
529 453
525 456
525 461
524 467
524 470
525 475
525 478
524 483
525 486
524 494
525 496
524 505
525 645
523 649
524 653
525 656
524 661
525 666
524 672
524 679
524 684
524 690
525 695
525 701
524 705
525 710
524 715
524 719
524 725
526 729
523 732
523 736
525 743
524 750
526 752
525 753
530 761
526 766
526 769
525 776
523 780
525 781
522 788
427 790
336 790
199 797
209 799
127 802
24 803
31 811
90 816
104 819
93 824
92 828
68 832
84 836
142 840
133 843
130 846
160 851
163 854
187 857
167 861
166 864
161 867
177 870
157 871
150 877
202 880
184 881
482 931
431 931
487 932
405 932
481 931
468 930
464 934
481 929
485 928
523 926
517 926
525 922
523 921
523 918
524 917
524 916
524 915
523 913
523 912
525 910
524 910
524 908
524 905
523 904
524 900
524 898
524 896
524 892
524 890
524 887
524 885
524 882
523 879
523 878
