525 283
525 286
524 289
525 291
525 298
525 303
525 310
524 312
526 318
525 320
524 327
525 336
524 338
524 342
524 351
524 354
526 358
524 365
524 368
525 373
525 380
525 383
526 389
524 396
525 402
525 409
526 414
524 423
525 430
525 436
525 442
526 448
525 454
524 459
527 463
524 467
520 473
525 477
524 481
525 485
525 490
525 497
525 505
522 509
524 513
522 522
525 525
525 533
525 540
525 549
524 553
524 559
524 563
524 570
525 573
526 580
524 584
526 822
522 821
522 814
523 814
527 809
523 790
526 797
510 791
526 787
521 780
525 777
525 771
525 766
524 761
525 758
524 751
524 746
525 741
524 736
525 729
524 724
525 719
525 714
524 707
524 704
524 698
523 693
524 688
525 681
523 678
524 673
525 668
522 662
525 655
524 650
525 644
524 637
524 629
525 620
527 614
518 605
524 604
524 598
525 592
524 589
524 583
522 582
525 575
522 572
524 565
525 563
524 557
525 550
524 544
524 538
524 531
524 525
608 122
634 121
600 122
591 121
582 123
586 123
595 123
573 123
547 126
536 126
525 128
526 130
526 133
526 136
525 137
525 139
525 138
525 139
524 141
524 142
525 143
525 145
527 147
525 151
524 151
525 157
524 154
524 161
525 164
525 166
524 167
525 172
526 174
525 177
525 179
525 181
525 184
524 188
524 195
525 196
525 201
525 204
524 211
523 215
524 221
525 226
525 231
524 235
525 243
524 246
526 250
524 255
525 261
525 265
521 269
525 272
524 280
525 371
525 372
522 378
524 384
526 387
525 394
525 400
529 405
524 414
525 416
524 428
525 435
525 440
525 447
523 451
525 459
521 462
525 466
522 473
526 474
525 479
525 483
525 488
524 493
524 500
524 504
525 513
525 517
525 525
524 531
525 538
525 545
524 551
525 557
524 562
525 566
525 571
525 576
525 580
525 587
525 590
524 597
525 601
526 609
524 614
525 620
525 628
522 632
524 638
525 644
524 650
526 656
525 667
525 665
522 674
525 680
524 686
526 705
525 708
525 711
525 715
524 721
524 726
524 730
524 735
525 739
523 745
525 749
522 752
524 758
522 760
525 766
524 770
524 774
525 779
523 783
523 786
468 789
334 791
221 795
208 795
146 801
21 808
33 821
17 817
87 832
106 824
74 829
97 833
109 837
101 841
165 847
177 847
141 851
174 854
195 857
148 861
149 864
170 868
162 870
170 874
129 879
171 881
145 885
194 887
218 890
212 893
216 896
241 898
277 900
286 902
266 904
311 905
270 907
322 910
290 894
320 913
342 915
281 916
354 917
351 919
330 920
333 925
373 925
339 923
318 926
370 926
373 926
354 927
361 929
385 929
400 929
399 929
419 931
372 931
448 931
407 935
403 932
419 932
434 933
436 932
450 932
450 931
435 931
439 932
448 931
447 932
434 931
496 931
469 932
505 929
511 925
525 923
525 922
533 922
525 920
529 913
522 914
524 914
523 914
524 911
524 912
524 909
524 908
525 905
524 903
523 900
525 897
524 895
525 894
526 890
523 880
524 878
526 876
524 875
525 870
524 868
524 863
523 860
524 855
524 852
524 848
524 842
525 835
524 833
528 823
529 823
526 818
524 813
522 807
526 800
528 797
526 793
525 789
524 779
527 777
524 774
523 770
524 763
524 756
525 751
524 748
524 743
524 735
524 732
523 726
524 718
524 715
524 711
524 704
524 699
524 694
524 690
524 686
524 680
525 674
522 670
526 662
524 659
524 652
521 646
524 639
524 631
524 626
524 617
526 610
526 605
525 599
521 581
525 579
525 576
525 571
524 570
524 562
524 558
524 552
523 547
523 540
526 533
524 527
525 518
521 515
524 506
524 502
524 494
524 490
524 485
524 480
524 476
524 471
525 466
524 460
525 455
525 449
524 443
525 437
526 430
524 425
523 419
524 413
524 406
524 401
525 395
524 389
524 384
524 378
524 372
524 366
524 361
524 358
524 350
524 346
524 341
524 336
523 331
525 327
524 322
526 317
524 313
524 307
524 304
524 301
524 294
525 290
524 288
522 270
530 267
532 264
543 263
660 260
783 259
882 254
874 249
1023 248
1023 242
1023 237
1008 232
948 228
981 224
958 220
928 215
933 212
902 208
873 206
883 202
867 200
881 195
860 192
865 190
911 186
878 182
916 179
891 176
863 171
919 168
862 165
825 161
843 160
812 157
803 155
758 153
805 151
770 148
788 147
740 145
714 146
728 144
704 142
767 141
733 139
739 137
687 138
725 136
717 135
699 134
699 132
676 131
692 130
703 129
719 129
704 128
658 124
665 124
662 124
608 123
683 123
619 121
624 122
682 123
607 122
613 122
625 123
595 122
596 121
580 123
576 121
631 121
555 123
587 123
544 123
582 124
519 126
532 127
528 130
525 132
525 135
525 133
527 137
526 139
526 139
525 140
525 141
525 141
525 145
526 146
521 148
524 151
523 154
524 157
524 164
525 162
525 165
525 167
526 169
524 172
525 176
524 178
524 183
525 184
525 187
526 191
526 195
525 200
526 203
525 207
525 213
524 219
525 224
525 247
525 248
520 251
526 254
525 257
525 263
525 269
525 273
525 280
524 287
525 286
524 293
525 300
524 305
525 308
525 314
524 321
525 325
526 329
526 336
524 341
525 346
525 351
525 357
525 362
525 368
525 372
525 375
525 381
524 387
525 391
525 398
525 403
522 410
525 416
525 424
524 431
524 438
525 443
524 451
525 455
524 460
525 464
525 471
525 470
524 477
525 482
525 485
524 492
525 495
525 503
524 509
524 516
524 523
525 527
523 538
525 540
523 565
524 568
523 572
526 573
524 581
523 584
524 589
524 595
525 600
525 605
524 613
525 618
525 624
525 631
525 636
525 643
525 648
525 655
525 659
527 670
523 675
526 674
523 683
525 691
524 693
524 700
525 704
524 710
524 714
524 720
525 723
524 728
526 734
525 737
525 743
522 747
524 752
526 756
524 760
524 765
524 767
524 773
524 777
524 782
523 785
522 790
417 793
242 793
193 798
203 801
10 812
28 807
47 815
53 818
117 824
93 827
76 832
90 836
159 849
166 852
156 855
154 857
204 860
184 863
159 866
161 869
175 873
194 877
135 880
142 883
196 887
198 890
234 892
212 895
200 897
264 899
279 902
297 903
290 904
322 906
271 907
319 909
316 912
330 909
347 910
332 918
339 913
306 917
354 917
343 920
318 922
369 923
354 923
364 925
335 925
365 926
365 925
346 927
366 929
383 930
419 931
415 930
372 930
445 931
410 931
398 934
418 932
423 931
422 932
415 932
477 932
414 932
439 931
436 931
461 933
490 935
521 932
523 928
503 925
518 923
516 924
527 919
530 921
520 918
523 916
524 915
520 913
524 911
524 910
524 908
522 905
524 904
523 901
524 899
525 897
524 893
524 890
524 887
524 886
524 883
524 881
524 877
525 874
524 871
524 868
525 865
524 862
524 859
523 853
524 849
524 843
524 838
524 834
525 828
526 824
521 817
521 811
525 807
526 805
527 795
522 794
525 779
529 784
525 781
524 776
524 770
524 764
524 762
525 754
525 748
524 742
524 722
524 719
524 715
524 710
524 706
524 702
525 695
524 691
524 687
524 681
524 678
522 671
524 666
524 661
524 654
525 649
526 642
523 635
525 627
525 620
525 614
523 602
522 601
524 595
524 591
524 586
524 582
524 579
524 574
522 570
524 564
525 561
524 554
524 549
525 543
524 536
524 531
524 523
524 516
523 510
524 502
523 498
524 491
525 489
524 480
520 478
525 471
524 468
525 462
524 458
524 452
524 445
524 440
524 433
525 428
524 421
523 416
525 392
525 389
522 384
524 380
525 375
525 369
525 363
525 356
523 352
525 347
525 343
524 338
524 334
524 327
524 324
525 318
525 314
525 310
524 305
524 301
525 296
524 293
525 288
524 284
525 279
525 274
526 270
526 266
533 262
638 261
694 256
897 257
887 251
1023 248
1023 245
1019 239
1023 234
959 230
965 226
978 221
953 216
912 215
902 209
898 207
870 203
879 200
856 196
865 194
910 190
892 189
863 183
877 180
913 177
891 175
860 171
860 168
836 163
777 155
812 153
802 153
758 151
747 149
725 146
794 146
751 145
748 143
708 142
707 140
738 140
694 138
700 137
707 135
742 135
703 133
710 132
687 131
694 129
714 131
692 128
698 127
678 122
641 125
679 125
686 124
622 124
649 121
643 123
633 122
646 122
604 122
636 123
593 121
624 122
576 123
636 123
535 122
599 122
594 123
604 123
568 123
557 123
570 126
526 127
534 129
525 133
526 131
523 136
524 134
525 141
525 138
528 142
525 141
525 143
525 144
525 153
522 156
525 156
525 160
524 160
525 163
524 166
525 170
524 172
525 175
521 177
524 180
525 184
523 184
524 191
524 194
526 198
525 202
526 206
524 211
525 217
524 222
525 226
524 233
525 239
524 244
526 247
522 251
527 256
525 260
524 267
524 271
525 274
524 286
523 286
523 290
525 295
524 303
524 307
525 311
524 317
525 323
525 329
525 331
524 337
525 345
525 349
525 354
525 360
525 363
524 369
525 377
524 379
524 385
525 389
525 394
525 402
522 426
525 431
525 435
525 441
525 447
522 453
525 457
525 463
525 469
524 474
527 479
533 482
524 482
525 490
523 493
525 499
524 507
524 513
525 521
525 526
525 533
523 539
524 545
524 553
525 557
524 564
525 566
524 573
526 576
524 582
525 587
524 594
526 597
524 605
525 609
525 616
526 621
524 629
525 634
525 640
525 647
525 651
524 657
525 664
508 670
522 673
521 680
524 687
524 692
524 697
524 703
524 708
525 711
524 717
524 721
524 728
525 747
524 750
524 752
523 755
523 759
525 762
525 767
524 772
525 775
525 780
522 785
522 787
469 791
298 791
205 796
188 801
35 803
37 807
81 812
92 817
85 823
86 828
86 830
101 834
109 838
143 840
137 846
156 847
178 853
158 855
163 857
182 861
179 864
178 868
155 871
139 874
187 878
189 882
166 884
153 888
220 890
226 894
219 896
250 900
272 900
289 902
268 903
304 906
309 907
273 907
327 910
313 913
324 912
343 910
347 914
354 913
322 919
333 915
339 923
352 925
393 926
343 926
402 926
363 927
341 929
406 929
386 929
424 930
391 931
411 931
392 931
399 931
442 930
414 931
425 932
434 932
414 932
469 932
435 931
444 931
420 931
479 931
441 931
488 930
490 929
499 928
516 923
511 924
523 921
524 921
526 916
523 918
521 914
523 915
525 913
524 912
524 909
524 909
524 906
524 906
524 902
525 899
525 897
524 893
524 891
524 888
524 886
525 882
524 880
524 879
525 875
524 873
524 868
524 866
524 862
525 846
523 842
525 840
525 836
525 829
522 826
526 813
524 816
526 812
523 806
513 800
526 794
525 792
526 791
525 782
517 773
525 773
524 767
524 760
525 755
525 751
524 746
524 740
524 736
525 730
524 724
525 720
524 715
524 708
525 703
524 698
523 693
524 688
524 684
524 679
524 673
524 668
525 663
524 658
524 650
524 644
524 638
524 630
523 623
524 617
525 610
524 606
526 598
524 592
525 589
525 585
524 579
523 578
525 570
525 569
525 561
524 558
524 532
524 529
524 525
525 518
524 512
526 505
524 499
525 494
524 490
525 484
525 480
525 474
525 471
525 464
524 459
525 453
523 448
524 442
524 437
524 429
523 424
524 417
524 412
524 405
525 400
525 393
525 388
525 382
525 377
525 372
524 365
520 359
523 356
525 349
524 343
526 338
524 335
525 329
524 325
524 321
523 315
524 312
526 307
524 302
524 298
524 293
524 290
524 286
524 281
527 277
524 271
529 268
530 264
571 262
661 258
927 258
914 252
1015 237
965 234
981 231
977 226
970 222
969 218
935 215
903 212
909 207
885 204
865 201
863 198
868 195
866 192
877 190
897 187
850 181
890 177
938 174
851 171
850 167
863 165
857 161
818 158
802 157
786 155
766 152
750 151
734 150
787 149
736 145
752 145
741 143
720 141
714 140
712 139
738 138
726 136
720 135
709 134
728 132
742 131
696 131
689 130
656 129
714 129
684 128
684 125
700 126
627 125
645 124
690 123
658 124
632 123
592 123
658 123
652 124
609 122
618 122
622 122
589 122
565 123
582 125
615 122
596 124
565 124
528 124
549 127
526 129
530 131
526 132
524 136
525 135
525 137
526 138
525 141
527 140
524 141
524 143
525 143
530 147
525 149
525 152
525 155
525 157
525 160
525 161
525 166
525 167
523 170
525 174
524 175
525 178
523 181
525 186
523 188
524 192
522 196
524 200
525 205
525 209
524 214
525 222
524 227
525 231
525 238
524 240
524 244
524 249
526 256
525 259
525 261
524 269
525 287
526 293
525 298
525 302
525 306
525 309
522 316
524 321
524 325
524 332
524 338
525 339
525 347
525 353
525 355
524 363
525 366
524 371
525 377
524 382
523 388
525 392
525 398
524 407
525 410
524 420
524 425
525 432
523 440
524 444
525 453
524 456
525 461
524 466
525 468
525 475
525 469
525 483
524 487
524 492
524 497
525 503
523 511
525 516
524 524
525 531
524 537
522 545
521 548
522 556
524 560
525 567
525 571
524 576
524 580
526 584
524 590
525 615
525 617
524 622
526 626
525 631
525 638
525 643
525 650
525 656
525 661
542 667
524 674
526 684
521 684
524 690
524 696
525 700
525 706
525 710
524 713
524 718
524 723
523 729
525 734
525 739
525 744
524 748
524 753
524 757
525 761
524 767
525 771
525 773
524 779
524 783
524 786
517 790
409 791
209 793
171 799
169 802
88 805
50 809
69 815
136 818
50 834
80 825
118 832
101 837
103 841
126 845
151 848
166 851
176 854
160 857
195 860
186 865
174 867
161 881
150 883
182 884
193 888
151 890
231 892
238 896
216 898
257 899
292 902
295 903
273 905
309 906
317 908
316 910
310 911
314 909
319 913
303 911
367 916
350 919
327 918
353 920
326 922
357 922
317 923
356 924
349 926
369 927
392 928
373 928
358 929
370 930
431 930
418 931
408 931
394 931
391 931
408 932
444 932
401 932
434 932
415 932
434 932
491 933
425 931
481 931
421 931
506 930
491 933
481 929
501 928
519 928
521 925
520 924
519 921
523 921
523 913
524 913
525 912
525 911
524 910
525 908
524 906
523 902
524 901
524 899
523 896
524 893
524 889
524 887
525 884
525 883
525 880
524 877
525 873
524 871
524 867
523 865
523 860
523 852
524 852
524 847
525 843
524 837
523 833
524 828
524 823
526 819
526 816
525 807
524 804
526 800
520 801
525 786
514 788
524 779
523 774
522 768
524 764
525 759
525 754
524 747
524 743
525 739
524 733
525 726
524 723
526 717
524 709
524 705
524 699
525 694
524 689
527 671
524 668
523 664
524 659
524 653
525 646
524 639
524 634
524 624
524 619
524 612
524 604
525 601
525 594
524 590
524 585
524 582
525 575
527 575
524 568
525 563
524 559
524 553
523 548
525 540
524 535
524 527
524 521
524 512
524 508
526 503
525 495
524 491
525 486
526 480
524 477
525 469
524 467
525 461
524 457
525 449
524 445
527 436
524 433
526 425
524 420
525 414
525 408
524 404
525 395
524 390
525 385
524 379
525 373
525 368
525 361
526 341
525 338
524 334
524 332
524 326
524 322
524 320
525 312
525 309
524 304
525 300
524 296
524 291
525 287
525 282
524 277
522 273
526 268
533 264
573 263
640 259
814 258
908 255
884 249
1006 248
1023 243
1015 238
1005 234
970 229
982 225
941 220
981 216
918 212
884 209
908 205
875 202
887 199
890 195
873 192
849 188
873 184
929 181
863 179
868 174
911 172
821 169
887 166
843 162
849 161
799 158
762 156
805 153
782 152
772 150
767 149
710 148
743 145
709 140
701 139
708 139
760 139
712 137
688 135
689 134
691 132
739 134
704 130
692 131
709 128
694 127
680 127
669 125
670 123
658 125
629 124
656 124
650 123
610 123
643 123
639 122
560 122
653 120
588 121
642 121
631 123
577 122
621 122
556 123
602 123
546 124
596 122
542 125
547 125
533 127
530 130
525 131
526 133
525 134
524 136
525 138
525 138
524 140
526 141
525 144
525 145
528 148
525 149
525 151
522 153
525 155
525 158
525 161
525 165
525 167
525 176
524 178
524 181
525 184
524 187
525 192
524 193
524 197
524 203
525 208
524 213
524 217
525 223
526 228
526 234
524 241
522 245
525 248
524 248
524 256
523 264
525 269
524 272
525 278
525 282
524 289
523 297
524 294
524 302
524 309
526 313
525 317
524 323
525 329
525 334
525 341
525 346
525 351
525 355
525 361
524 366
524 371
524 376
524 381
525 386
524 391
524 396
525 402
524 409
524 416
524 423
524 431
525 437
524 443
525 448
524 456
525 459
525 471
525 472
531 482
524 487
525 488
525 497
524 501
524 506
522 516
524 519
525 530
525 533
524 544
524 547
524 555
525 558
524 565
525 568
522 575
525 579
523 586
525 589
524 595
525 599
524 606
525 610
524 619
524 623
525 631
525 635
523 643
524 648
524 655
525 659
522 666
521 671
521 677
526 684
525 687
523 694
525 697
526 704
524 707
525 713
525 718
524 722
524 728
524 732
525 738
525 742
524 747
525 751
523 756
524 759
525 764
525 769
524 773
518 789
479 791
435 792
210 793
199 798
221 802
112 804
43 808
37 815
87 814
109 821
55 819
106 830
105 835
98 839
131 845
138 846
136 849
174 853
189 856
151 860
162 862
168 866
193 869
196 873
140 876
152 880
189 883
202 886
182 889
171 891
236 894
234 897
256 898
293 901
298 904
308 904
274 906
303 908
333 910
301 910
359 911
298 915
341 916
335 917
364 917
359 917
337 920
363 919
319 922
392 922
330 924
357 925
360 925
373 926
405 929
354 929
434 931
416 931
371 935
421 931
404 931
431 932
453 932
396 929
439 931
479 932
439 932
467 932
417 931
480 931
452 931
485 930
495 930
483 928
510 927
522 929
521 925
523 924
524 917
526 917
524 916
526 911
523 915
529 913
525 912
524 909
525 910
525 906
524 905
524 901
525 899
525 897
524 893
524 892
525 888
524 885
524 884
524 880
523 878
523 875
524 872
525 869
524 866
524 861
524 858
524 853
524 848
525 844
524 839
525 834
525 830
523 825
525 818
524 800
523 798
523 797
526 795
530 787
521 778
521 775
523 773
523 765
524 759
524 754
523 751
524 747
524 739
524 734
525 730
524 723
524 717
524 713
525 707
525 700
524 698
524 691
524 687
524 683
524 678
524 672
524 668
525 662
525 656
523 648
524 643
524 636
524 629
523 622
525 614
525 610
524 613
524 598
522 593
524 586
524 586
524 578
524 577
525 569
524 566
524 561
524 556
525 549
524 544
524 536
524 530
525 522
528 516
524 509
524 504
525 493
524 480
525 477
524 474
523 467
524 463
524 457
524 453
526 446
524 442
519 434
524 429
525 422
524 416
525 408
524 404
524 396
523 393
523 386
524 381
524 375
524 369
525 363
525 357
525 354
526 347
524 344
524 338
524 334
524 331
525 325
524 320
525 315
524 309
526 304
525 301
525 297
525 292
524 289
524 284
525 279
525 275
525 270
528 266
534 262
630 260
669 258
922 256
900 251
965 250
1023 245
1023 240
1020 236
970 230
996 226
993 222
952 217
966 203
860 201
854 201
881 196
882 193
861 191
881 189
894 184
879 181
896 177
870 173
896 171
856 169
816 165
866 162
821 159
813 157
774 155
758 153
782 150
744 149
762 149
725 146
752 144
742 144
713 144
723 140
718 139
708 139
681 136
738 135
717 133
673 132
706 131
751 130
687 130
658 129
679 127
683 127
665 126
677 126
665 125
642 124
626 124
688 123
626 123
619 124
620 122
651 122
604 122
617 123
595 122
604 121
635 122
580 121
617 122
561 122
581 128
544 127
556 127
538 129
525 131
526 132
525 135
527 137
525 138
525 139
525 139
525 139
525 143
525 142
525 146
524 148
524 151
525 152
524 155
525 157
524 161
525 160
524 166
525 171
525 171
525 174
524 176
525 180
525 182
525 186
524 189
524 195
524 196
525 202
524 205
525 211
524 216
525 221
525 226
526 230
524 235
526 241
523 247
525 253
523 255
524 261
523 265
524 270
524 278
525 279
525 284
524 291
530 292
524 302
525 305
525 310
528 317
524 339
524 341
525 347
524 350
524 354
524 358
525 364
525 369
524 372
524 379
525 384
525 388
524 395
525 400
524 407
525 415
525 419
525 430
525 433
524 441
525 447
524 453
524 459
524 461
524 468
524 472
525 474
526 482
528 479
524 489
525 494
524 500
524 505
524 511
524 520
525 525
525 533
525 538
524 545
523 551
524 557
525 563
525 568
523 572
525 576
525 582
525 587
523 592
524 598
524 600
527 609
524 614
524 620
525 628
527 634
523 640
525 646
525 668
525 671
523 680
524 679
523 688
524 690
524 697
525 701
524 707
524 712
525 715
524 722
525 725
524 730
526 735
525 740
524 745
525 750
524 755
524 758
525 761
524 767
524 770
525 776
523 780
525 782
522 792
417 791
313 792
210 796
199 800
136 800
96 807
37 811
46 816
104 812
70 822
74 818
85 835
111 837
99 842
112 845
157 849
184 852
178 855
174 863
186 863
198 864
168 869
158 871
151 875
163 879
162 881
186 886
175 888
204 891
212 893
273 896
293 903
292 905
290 905
280 907
316 908
347 910
314 911
346 914
307 918
313 916
314 918
355 916
359 921
328 920
373 922
355 922
360 924
322 925
346 926
352 927
381 927
419 929
358 928
367 930
423 931
381 930
442 930
400 932
400 931
424 932
438 931
470 932
446 931
430 932
438 931
480 932
430 932
489 931
450 931
467 930
470 930
474 928
512 928
488 925
525 924
520 921
525 920
525 919
524 910
525 915
528 906
524 912
524 912
524 910
523 909
524 906
527 906
524 896
525 895
524 893
524 890
525 887
523 884
524 881
525 878
524 874
524 874
524 871
525 866
524 863
525 858
525 855
524 851
525 847
523 840
524 836
525 830
524 825
525 821
524 817
524 812
525 807
528 802
527 797
525 793
523 789
526 782
533 780
521 777
523 769
523 763
526 758
525 752
525 747
524 742
526 736
525 732
525 727
524 718
524 713
524 709
524 704
525 697
525 692
524 689
525 685
524 679
524 675
524 668
525 664
524 657
524 651
524 645
524 617
523 612
524 608
525 603
525 605
524 597
525 587
524 585
524 580
524 576
525 573
524 565
523 563
525 558
526 552
524 546
525 539
524 533
524 525
523 518
524 513
526 506
524 502
525 494
524 489
525 483
524 480
526 474
525 470
524 465
524 460
524 454
525 448
525 443
525 437
525 430
525 425
524 418
526 413
524 407
524 399
515 396
525 387
524 384
524 375
524 373
525 364
524 362
525 356
523 349
525 345
524 340
524 337
525 331
525 326
525 322
524 317
525 297
526 295
524 293
524 290
525 285
525 281
524 277
525 271
525 268
531 264
604 262
670 258
812 257
908 253
879 248
1022 247
1016 243
1023 238
977 233
978 228
997 224
933 219
983 215
921 211
881 208
877 205
881 201
869 198
859 195
859 191
859 190
900 185
903 183
880 179
873 176
875 172
904 168
860 166
822 162
827 160
807 157
793 155
804 154
767 151
767 150
740 149
712 145
740 145
747 142
743 142
706 140
730 139
727 138
720 137
693 135
725 136
674 134
694 129
681 129
697 129
662 127
688 126
664 125
722 125
643 124
658 124
633 123
617 124
658 122
596 122
634 121
638 121
616 122
601 122
609 122
617 121
597 122
597 122
594 121
609 123
608 124
573 123
570 124
516 125
546 128
530 130
533 132
526 134
528 136
525 138
525 138
526 140
525 140
525 141
525 143
524 144
524 148
526 150
525 152
525 154
527 157
525 160
524 163
525 163
525 168
525 172
524 173
524 177
525 178
525 182
525 185
524 188
525 192
524 193
526 212
523 216
524 220
524 225
525 230
525 236
525 240
524 245
525 251
524 255
525 257
528 262
524 270
524 273
525 277
525 284
525 289
524 293
525 303
525 305
525 310
525 315
525 319
524 326
524 330
525 335
525 342
525 347
525 350
524 359
525 361
524 365
526 374
525 374
525 379
526 389
525 392
525 399
525 404
525 411
524 419
525 424
525 433
524 438
524 443
524 452
524 456
526 463
524 464
525 471
525 474
524 478
525 477
531 484
524 491
525 498
524 503
524 528
524 534
525 538
525 544
524 549
520 556
524 559
525 567
525 570
525 576
524 579
525 584
526 589
525 596
524 600
524 607
525 613
523 619
524 626
524 631
525 637
524 643
525 650
524 655
524 662
524 667
525 672
523 684
525 682
525 694
523 694
525 700
524 705
525 709
524 715
524 719
524 723
524 729
525 733
525 739
524 744
524 747
524 754
525 756
525 760
524 766
525 769
525 773
524 778
525 782
523 786
516 789
411 792
188 794
184 799
187 802
66 805
61 820
100 828
86 829
104 832
85 837
143 841
131 844
104 848
159 851
205 853
171 860
162 860
182 864
164 867
194 870
169 874
147 877
153 881
164 884
189 886
181 889
222 892
215 894
262 898
262 900
261 901
290 904
315 905
305 907
293 908
308 909
327 910
323 913
328 914
337 924
341 920
335 914
351 915
335 920
329 918
340 921
344 923
360 923
325 926
353 931
382 927
398 928
382 929
356 929
412 930
412 929
379 930
446 931
393 932
399 932
423 932
434 932
422 932
444 932
447 932
422 931
467 932
459 930
479 931
498 931
482 928
518 927
519 925
523 922
522 924
526 912
530 918
524 919
524 918
523 913
521 915
524 912
525 910
524 907
526 906
523 904
524 901
524 896
525 896
525 893
524 891
525 889
524 885
525 882
524 879
524 878
524 875
524 871
524 868
523 864
526 860
525 856
524 852
525 850
526 842
525 838
525 832
525 829
524 823
524 818
526 811
523 807
525 802
525 794
524 789
524 787
523 784
528 781
523 772
524 753
524 751
525 749
525 744
524 739
524 732
524 728
524 723
523 717
524 712
524 706
524 700
525 696
524 691
529 686
524 681
525 675
524 671
525 666
524 659
524 655
525 648
525 640
525 634
524 626
524 618
526 613
524 606
525 600
525 596
524 590
524 585
524 582
523 578
524 574
525 569
525 565
524 559
525 554
525 548
525 540
524 536
524 529
525 521
524 515
525 507
524 502
527 497
524 491
523 485
525 481
524 477
525 472
525 467
524 461
525 456
524 451
525 427
525 424
525 421
524 413
525 408
525 401
525 396
524 391
525 385
525 378
524 374
524 368
524 362
524 357
525 352
525 347
524 342
525 337
524 333
524 328
525 323
524 318
