524 268
525 273
525 275
524 279
525 283
525 288
525 294
525 299
524 306
524 307
525 311
524 320
525 325
524 327
524 333
524 342
525 344
524 350
525 357
524 362
524 366
521 355
532 374
525 378
523 386
524 391
525 396
524 403
525 410
525 417
523 424
525 430
525 439
524 445
524 449
523 456
526 459
524 464
526 469
524 472
526 477
525 481
523 485
524 491
521 497
523 501
523 509
526 513
524 521
524 527
523 534
527 540
524 547
525 551
523 556
525 563
526 572
524 791
524 787
525 781
524 775
524 770
524 765
524 759
524 754
523 749
524 744
525 739
524 736
524 728
524 723
524 719
524 713
525 707
525 703
524 695
525 691
524 688
525 681
524 677
524 671
524 666
525 661
524 654
525 650
523 642
523 636
524 629
525 622
524 614
526 606
524 603
525 596
524 591
525 588
527 580
523 581
525 574
523 572
525 566
525 561
525 556
524 549
524 544
524 537
526 530
526 523
527 515
524 512
525 503
524 501
525 491
523 490
524 481
525 486
524 491
527 494
525 500
523 505
525 512
523 518
526 524
524 534
524 538
523 546
524 550
530 556
520 553
531 564
523 574
526 575
523 583
525 586
523 593
523 596
524 604
525 608
524 614
524 621
524 626
524 633
525 639
524 646
525 650
524 657
525 663
524 668
524 673
524 679
525 685
525 691
524 697
525 701
524 707
525 711
525 716
522 722
524 725
524 732
525 736
523 744
524 743
514 748
525 751
519 750
524 762
519 766
524 772
524 775
525 779
524 785
410 917
412 918
381 918
379 919
388 920
398 921
419 923
436 924
392 925
399 926
464 927
400 928
447 928
412 929
451 930
429 930
467 931
447 930
448 933
492 935
434 930
465 930
458 930
471 934
468 937
464 932
447 938
497 931
453 940
500 932
461 931
495 931
506 930
509 928
524 925
522 925
523 921
523 920
525 916
523 917
523 910
522 915
524 912
524 913
524 909
524 909
525 906
525 905
524 904
523 900
523 898
522 895
524 892
523 889
524 886
523 884
524 880
524 787
524 782
523 776
524 772
523 767
525 758
524 755
525 751
524 746
525 741
524 737
524 731
525 725
524 720
524 713
525 708
524 704
525 697
524 692
524 688
525 682
523 679
525 673
525 668
524 663
525 657
525 651
525 645
525 638
524 629
524 623
525 617
526 609
525 605
525 599
526 592
524 591
524 584
524 580
524 576
525 571
524 569
524 558
520 559
524 549
523 548
525 537
524 532
525 527
527 519
523 515
525 505
522 503
524 494
523 491
525 484
524 359
527 359
527 354
526 350
528 345
527 342
524 336
525 331
524 326
526 320
524 316
524 311
525 305
524 302
524 298
526 293
524 290
524 286
526 280
524 279
524 273
526 267
530 264
633 261
679 257
652 253
649 248
838 249
938 243
850 238
851 233
804 230
816 225
814 221
814 217
791 214
759 209
788 207
768 204
754 201
733 197
779 194
746 191
745 187
773 183
773 181
763 177
772 175
749 171
742 167
746 164
724 162
709 159
717 157
690 155
664 153
688 152
693 125
594 123
587 124
568 124
636 124
600 123
609 122
590 122
561 122
613 122
588 121
572 122
557 121
593 121
571 122
540 122
574 123
545 122
566 129
542 124
574 124
535 126
524 127
528 130
525 132
525 131
524 136
524 136
525 140
525 139
525 142
525 141
525 144
524 145
524 148
525 149
524 152
526 154
525 155
525 160
525 162
524 165
526 167
526 169
525 174
525 176
525 179
525 182
524 185
524 188
525 192
523 195
525 207
521 205
540 209
525 215
525 220
523 309
524 313
524 316
525 320
525 325
524 332
525 336
525 341
525 348
525 353
525 356
524 364
526 367
525 380
526 394
523 382
531 378
524 393
525 398
524 405
524 410
524 421
526 424
524 432
525 438
523 445
521 453
521 456
525 463
525 465
526 471
524 474
525 479
523 482
524 486
522 493
524 497
523 504
525 508
525 515
525 521
524 530
522 537
524 542
524 551
525 555
522 558
522 563
521 572
519 573
522 581
524 583
524 591
525 594
522 601
524 606
524 612
525 740
522 745
525 750
529 749
524 758
524 758
523 760
524 769
524 774
523 778
525 783
522 786
470 796
427 794
388 797
406 802
244 802
150 808
167 812
220 817
254 821
257 825
232 830
216 834
264 838
254 841
261 845
303 848
266 851
313 855
292 858
279 861
315 864
297 868
281 871
281 874
297 881
296 879
266 885
317 883
329 889
270 893
344 897
342 897
372 899
348 901
361 902
398 904
351 906
362 908
410 909
377 911
365 912
398 913
419 914
388 916
397 917
513 932
494 936
524 933
429 930
500 930
502 930
518 928
511 927
520 925
523 921
523 921
525 918
524 919
525 913
520 915
524 913
521 912
525 911
524 909
525 907
524 905
524 903
524 900
524 898
524 896
524 892
524 890
524 887
524 886
524 882
524 879
524 877
522 872
524 856
522 866
524 864
522 860
524 856
525 853
524 848
525 843
525 836
525 832
524 828
524 822
526 819
524 812
524 807
525 802
524 798
525 794
524 787
525 782
527 777
524 772
525 769
525 765
527 538
527 533
523 529
524 521
524 516
524 508
524 504
521 497
523 492
521 487
526 481
526 477
526 472
524 468
526 461
524 457
525 451
524 445
525 439
525 433
524 427
525 423
524 415
525 409
525 404
524 397
523 390
525 385
522 380
524 376
522 366
525 363
524 356
524 351
524 349
524 342
524 337
524 333
526 327
526 323
524 318
525 313
525 308
524 303
524 300
534 295
524 291
526 288
524 283
524 278
526 274
524 269
526 265
619 262
689 257
660 253
652 249
840 237
858 233
787 232
826 228
810 224
801 219
797 214
813 211
789 208
757 204
740 200
792 198
758 195
736 191
749 188
775 185
768 182
741 179
775 175
744 173
733 170
770 166
734 164
697 160
702 158
721 156
675 154
648 151
690 150
655 148
697 147
662 145
664 145
664 144
667 142
666 140
647 139
632 137
657 136
643 134
667 133
658 132
639 131
650 131
669 127
627 128
596 125
645 125
624 126
632 125
596 124
611 124
591 123
572 124
624 122
593 122
553 123
529 127
529 126
510 128
525 131
526 135
525 135
526 138
526 138
524 139
525 140
525 141
523 143
525 145
524 147
525 150
524 153
527 154
525 156
525 159
524 161
525 163
523 166
525 169
525 172
525 176
526 178
525 180
525 183
524 189
525 192
525 195
524 199
524 208
526 211
532 212
524 218
525 223
524 227
526 234
524 237
525 244
525 251
523 254
524 258
526 260
525 267
524 275
524 279
524 281
524 287
525 294
526 299
525 301
524 307
525 312
524 320
525 323
525 388
518 391
525 396
525 402
523 409
525 415
524 424
526 429
523 437
525 444
526 450
524 455
525 461
525 465
525 467
524 473
521 475
524 480
522 486
525 489
523 496
524 501
522 509
522 513
523 521
521 526
525 534
525 539
524 548
525 550
524 558
525 562
535 566
527 573
513 578
525 583
522 588
523 593
523 599
524 605
525 609
523 616
525 621
526 629
524 633
523 642
525 646
525 652
525 658
524 664
525 670
525 676
523 682
526 687
523 692
524 698
523 765
527 764
520 772
522 765
524 772
522 776
525 781
525 785
521 790
431 792
413 796
375 800
387 803
157 805
176 810
182 816
241 820
246 823
258 828
247 832
234 836
229 840
280 844
282 847
252 850
292 854
312 857
265 860
284 863
302 867
307 871
292 873
254 877
272 881
292 886
297 886
299 888
312 891
322 896
342 905
347 898
384 901
356 902
395 903
364 906
356 907
403 908
351 910
427 912
393 913
378 913
404 916
421 916
421 919
392 919
418 921
417 922
391 932
509 931
480 934
437 936
455 932
435 935
500 932
480 936
470 932
495 937
454 929
503 930
498 929
510 930
480 929
517 928
518 926
523 922
521 922
524 918
524 918
525 916
524 916
525 913
524 912
524 911
525 910
524 909
524 907
524 903
523 901
524 898
524 897
524 892
524 890
524 888
523 886
524 883
524 881
524 878
524 875
522 872
530 867
524 866
525 862
524 858
524 853
525 850
524 845
524 839
525 834
524 829
525 824
524 818
525 815
525 809
524 804
524 703
524 701
524 697
525 692
524 686
524 682
524 678
525 671
524 666
524 661
525 655
523 649
524 643
525 636
524 630
524 622
524 616
527 608
525 603
525 597
526 591
524 587
525 582
524 581
526 574
524 572
525 567
524 562
525 557
525 550
524 544
524 537
526 529
524 525
526 515
523 513
525 502
523 501
524 492
524 488
524 483
521 479
525 474
526 469
525 465
525 458
524 454
525 446
522 442
526 435
524 430
526 422
522 417
524 412
526 404
526 399
527 392
526 297
524 294
525 291
525 288
524 285
525 281
527 275
524 271
526 268
531 264
667 259
664 257
652 253
669 248
902 249
906 242
889 237
868 233
769 229
809 224
841 219
781 216
783 212
786 209
765 206
748 202
725 199
768 196
747 194
753 190
744 186
745 184
762 179
781 176
778 174
750 168
745 167
745 165
735 161
721 158
703 157
670 154
670 153
692 151
683 152
715 148
681 147
632 146
675 143
668 142
676 141
645 139
683 137
688 137
633 136
661 134
648 133
566 122
573 124
554 122
577 122
596 122
537 123
565 123
568 123
584 130
530 128
551 127
526 128
526 128
526 132
525 136
525 136
524 139
525 138
524 141
525 142
525 143
524 144
523 146
525 147
525 151
525 152
524 154
523 157
525 160
525 163
525 166
524 167
524 173
524 173
523 180
524 178
524 183
524 187
529 189
524 193
525 197
524 201
525 207
523 217
524 216
524 221
527 225
525 230
525 237
526 241
525 248
525 250
523 256
524 259
524 266
525 271
524 276
524 347
525 351
524 357
525 358
524 362
524 370
524 372
524 379
519 383
523 386
514 393
524 399
523 408
526 413
523 420
523 428
524 433
526 442
523 444
524 451
523 459
524 461
524 469
525 470
525 476
525 479
524 484
524 489
524 493
523 499
524 504
524 511
524 518
526 522
522 531
524 536
522 545
525 549
521 556
525 558
526 567
525 573
527 575
522 583
525 585
525 590
527 596
526 602
525 607
526 614
525 619
525 625
523 631
525 638
524 643
524 651
526 654
520 769
523 764
524 775
523 780
524 784
525 787
444 791
413 795
389 798
398 802
210 803
144 809
165 815
252 819
251 822
233 827
232 832
254 836
253 840
278 842
278 845
283 849
294 853
297 855
295 859
281 862
303 866
286 869
294 871
281 875
276 879
306 881
297 884
302 891
296 889
346 896
365 895
299 897
347 902
367 902
355 904
367 904
392 906
392 908
357 910
374 911
415 913
380 914
402 915
428 916
405 918
396 919
419 920
389 921
405 922
402 923
406 924
504 928
483 921
516 930
505 929
518 927
526 927
523 925
524 922
523 920
524 917
524 917
524 915
524 915
524 912
525 912
524 909
524 909
524 908
524 905
525 902
524 899
524 898
524 895
524 892
523 890
525 887
523 884
525 881
524 880
524 876
523 874
524 869
518 865
524 863
524 860
524 854
524 851
524 846
524 841
525 836
524 833
525 827
524 822
524 816
524 812
524 806
525 800
525 796
526 792
524 786
525 783
524 777
524 771
524 767
524 762
524 758
525 753
524 623
525 617
523 611
525 606
525 599
524 595
525 590
527 584
524 584
525 575
523 574
524 568
526 563
524 560
524 552
522 547
525 539
525 533
524 528
525 520
525 514
529 506
524 503
525 495
522 491
524 485
524 480
524 476
524 471
525 466
524 459
524 456
524 449
525 444
524 437
523 433
523 425
523 419
524 413
526 406
525 400
524 395
523 389
525 383
525 378
525 372
525 365
524 361
524 355
526 351
526 344
525 341
525 334
525 331
526 329
526 321
525 252
643 249
791 249
873 245
889 239
848 235
791 231
837 226
810 221
808 218
807 214
774 210
776 206
764 203
752 200
728 196
758 193
759 191
765 188
746 184
759 181
766 178
757 173
792 171
741 168
702 165
722 162
745 160
703 158
674 156
702 153
705 152
666 150
674 149
670 147
680 145
667 143
675 142
654 141
665 139
652 139
635 137
642 136
655 135
635 134
636 132
661 132
631 131
646 128
613 128
640 127
640 127
615 126
639 123
598 125
603 123
609 125
578 140
525 141
524 141
524 142
525 143
525 146
525 148
525 150
525 153
525 155
524 156
525 160
525 163
525 166
524 168
528 170
525 173
525 175
525 179
525 181
526 185
525 188
523 191
525 194
525 200
525 204
525 209
523 211
521 219
525 224
525 230
525 234
524 240
524 245
525 249
525 253
525 260
526 264
524 267
527 273
524 278
524 284
525 289
525 294
525 298
524 304
524 311
524 313
524 319
525 325
524 331
527 334
524 340
526 347
525 351
525 355
525 361
524 497
524 500
524 505
524 507
526 517
525 520
525 530
526 534
524 544
526 548
525 554
523 559
524 564
534 570
526 572
533 581
529 584
525 588
524 595
524 598
523 608
526 610
522 618
525 622
524 630
526 635
523 642
524 648
524 654
524 660
525 665
521 672
524 677
522 686
525 688
524 696
525 698
524 705
525 709
525 713
525 719
525 722
525 724
523 733
525 738
526 743
525 749
526 753
528 753
524 762
529 767
525 763
519 773
525 778
525 781
524 788
514 790
393 882
317 887
292 884
295 885
316 891
317 897
340 898
322 898
363 902
357 903
345 902
393 904
363 906
385 908
379 910
380 911
381 913
398 913
425 915
359 915
380 918
400 918
391 920
402 922
409 922
434 922
397 925
378 925
435 926
382 927
428 928
448 929
461 930
426 930
430 931
459 932
438 931
437 931
468 931
469 932
461 928
460 931
455 931
505 930
454 929
492 932
460 930
519 932
475 932
500 932
472 939
513 927
482 926
515 925
518 923
524 921
524 920
527 913
523 912
525 911
524 908
525 909
525 905
524 904
524 900
529 898
524 897
529 893
524 891
525 887
524 886
524 882
524 880
525 877
524 873
525 872
524 867
524 863
525 861
524 857
525 852
523 848
524 843
525 838
523 834
524 829
525 823
524 817
525 813
524 808
524 804
525 799
524 794
524 789
524 785
524 781
524 774
524 766
524 760
524 760
524 755
526 750
524 744
525 740
526 734
524 728
528 722
524 717
525 712
524 707
524 701
524 696
525 691
524 687
525 607
524 601
527 595
524 592
524 587
524 583
524 580
531 574
524 571
531 565
525 562
524 554
525 549
524 543
526 534
524 531
525 521
522 518
525 507
524 505
527 496
525 493
529 486
525 483
525 477
525 473
524 467
524 463
526 457
525 452
525 446
524 440
525 434
523 429
527 422
523 417
526 409
523 402
525 399
524 393
527 387
525 380
527 376
526 371
525 363
524 358
524 354
526 350
525 344
525 339
531 334
525 328
531 325
524 321
526 317
526 308
524 308
680 253
677 250
686 249
899 245
856 242
839 236
801 233
850 229
790 225
807 219
822 216
767 211
750 210
798 204
767 203
763 198
746 195
747 192
754 189
752 184
767 183
744 179
746 174
784 171
761 168
723 165
751 163
706 161
717 158
741 157
693 156
705 153
687 151
644 150
638 148
668 147
688 145
658 143
701 141
680 140
635 139
625 137
646 136
661 135
624 135
651 133
689 132
640 131
649 130
624 128
613 126
623 127
625 125
634 125
598 124
605 123
596 124
563 123
537 122
572 123
565 124
538 124
569 124
523 129
529 127
522 128
529 132
525 135
525 135
525 137
524 137
525 139
525 140
529 142
525 142
529 144
525 146
525 149
524 150
529 155
525 156
529 158
525 161
524 165
525 165
525 170
524 172
524 174
526 177
525 181
525 183
528 187
525 190
526 193
524 198
525 200
525 208
525 212
526 221
524 222
524 229
524 233
527 240
524 244
523 247
525 251
525 256
524 260
524 266
525 271
524 275
525 279
524 289
525 294
525 354
525 357
523 360
524 365
524 370
524 376
525 381
522 381
525 391
517 386
525 401
526 409
524 414
524 423
525 427
524 436
524 442
525 448
524 455
524 460
525 462
522 469
525 470
524 477
526 479
525 485
525 490
526 493
524 502
525 504
524 514
526 518
525 526
526 534
527 539
521 547
525 549
523 560
526 561
530 571
522 574
522 580
525 571
523 587
524 592
523 598
525 603
524 610
524 614
523 622
525 627
523 633
531 637
524 641
528 651
524 657
524 752
528 762
523 761
533 767
520 780
534 770
524 780
529 786
519 788
441 791
411 794
368 800
288 801
180 805
244 812
214 814
224 818
265 823
221 826
231 831
248 835
236 839
264 843
268 847
264 850
302 853
301 855
282 859
319 863
273 866
297 868
283 873
294 876
315 880
232 882
303 887
343 889
294 888
351 894
331 892
355 900
337 894
345 901
408 904
383 906
376 907
369 908
387 910
366 911
403 913
405 914
402 917
407 917
417 918
401 919
406 921
403 922
411 931
481 935
458 930
483 933
472 939
501 931
473 942
506 930
510 939
519 928
523 927
524 924
523 921
524 920
524 917
524 916
524 914
524 914
525 912
525 911
524 910
525 908
524 907
524 903
524 903
524 899
525 898
524 894
524 892
525 888
523 886
524 884
524 880
525 877
524 875
524 872
524 870
525 865
528 861
524 858
525 855
524 850
524 844
524 839
524 835
525 831
524 825
525 819
525 812
524 809
523 804
524 800
524 796
525 791
524 787
524 782
524 776
524 866
523 869
524 864
523 859
524 856
524 853
524 849
524 843
524 837
525 832
525 827
526 822
525 818
524 811
524 805
524 801
524 798
523 794
524 789
524 784
524 780
525 772
525 770
524 764
526 757
525 753
524 747
525 742
524 738
524 733
524 726
524 721
525 718
524 710
524 705
524 700
524 694
524 691
524 686
524 679
524 675
525 670
524 666
525 661
528 651
523 648
524 638
523 633
525 626
526 617
524 613
524 605
523 601
526 594
523 591
524 585
525 582
524 384
526 379
526 376
527 373
524 369
525 362
526 358
525 353
526 346
525 342
526 337
526 332
526 328
525 323
526 319
525 314
526 306
524 304
525 299
525 293
524 292
525 287
526 281
524 277
525 273
523 269
527 266
593 264
647 258
688 254
659 250
746 250
902 246
904 241
832 236
816 230
848 228
820 223
785 218
795 214
795 212
782 207
765 203
743 201
769 198
752 196
725 192
775 188
756 185
768 182
748 179
799 175
766 172
712 168
768 166
741 163
712 161
557 124
556 125
527 123
572 126
517 138
532 128
520 132
525 132
523 137
524 135
526 139
524 139
528 141
524 143
525 143
524 145
525 146
525 150
524 150
526 154
524 156
525 159
525 161
524 165
523 166
525 170
524 172
523 175
524 179
523 181
524 184
524 189
525 191
525 193
525 199
525 201
524 209
524 214
524 207
524 225
525 229
525 233
525 239
525 243
523 248
525 254
525 257
525 263
524 268
525 273
525 277
525 282
525 288
524 292
525 297
526 303
525 308
524 432
524 438
525 441
525 450
525 455
524 460
526 464
525 470
525 473
524 476
522 480
525 485
523 491
525 494
522 502
524 506
524 515
525 520
525 527
525 534
524 540
524 546
525 552
524 558
523 563
525 568
521 573
514 578
523 585
500 597
522 590
524 599
524 605
525 611
524 616
525 622
524 628
523 634
521 640
523 647
522 652
522 658
525 664
525 670
526 676
525 682
524 688
525 693
525 698
525 703
523 708
525 713
523 718
525 722
525 728
523 733
525 737
216 832
229 834
241 838
224 840
264 843
293 847
253 850
296 854
328 858
290 860
290 863
319 867
292 870
287 873
291 877
290 880
299 883
299 886
320 893
309 890
337 892
334 895
346 898
374 902
358 897
391 904
350 905
386 907
350 909
366 910
381 915
418 914
391 914
387 916
442 917
382 918
375 920
392 921
390 923
396 920
431 924
458 926
381 926
418 927
433 927
439 929
419 929
437 930
460 930
429 929
430 930
486 931
452 933
444 931
480 932
428 929
509 935
524 913
524 911
524 912
525 912
524 907
525 909
524 906
523 905
524 901
524 900
524 896
525 894
524 891
525 887
524 885
525 883
523 880
524 878
524 876
525 873
524 869
524 866
525 861
524 857
525 855
523 851
524 844
524 840
525 834
525 828
524 825
524 820
524 816
524 809
525 802
525 800
524 796
525 791
525 784
525 780
524 775
524 770
525 765
525 759
525 756
525 750
525 746
524 739
524 735
525 730
524 723
525 719
525 712
525 707
524 702
525 697
524 692
524 554
527 549
525 546
527 535
523 531
526 524
525 518
525 511
525 504
524 501
526 492
523 490
524 481
524 481
524 473
524 470
525 464
524 460
524 452
524 448
526 441
524 437
525 429
524 424
525 416
526 411
524 406
528 400
524 395
527 388
524 382
527 376
523 372
526 365
525 362
525 354
524 348
525 345
524 339
526 335
523 331
525 325
524 320
524 314
525 310
522 305
523 301
523 296
525 293
523 289
525 284
525 280
524 276
524 270
528 264
584 266
657 172
754 170
775 169
767 165
744 164
737 161
714 159
675 157
689 155
719 151
665 151
678 149
689 148
671 147
637 146
678 142
685 142
636 141
652 139
631 137
667 137
621 135
648 125
640 134
672 131
639 130
641 130
659 128
627 127
614 126
617 126
639 126
667 124
576 124
599 123
608 124
592 123
633 122
585 123
612 123
580 122
566 121
588 118
585 123
558 122
572 122
587 122
538 123
567 123
577 123
541 124
531 126
534 126
528 129
524 130
523 132
525 134
525 290
525 292
524 296
525 296
