524 726
524 721
524 717
523 714
524 710
525 704
524 699
524 694
525 689
525 685
525 679
525 674
524 672
525 664
524 658
524 651
525 645
524 639
524 631
523 625
522 618
527 612
514 606
527 597
525 594
528 579
530 586
525 577
523 578
524 571
524 566
518 564
524 557
524 553
525 545
525 542
525 533
523 527
525 520
525 513
525 507
525 502
525 494
525 489
526 484
525 481
527 474
525 471
525 465
524 461
526 454
524 451
526 443
524 438
525 430
524 426
524 419
525 277
524 280
526 283
524 290
525 296
524 299
524 303
524 310
524 316
524 318
525 323
525 330
525 334
524 339
525 348
525 351
525 356
523 363
524 366
525 372
525 377
525 381
525 387
525 392
525 397
524 403
525 411
524 417
525 423
522 431
526 441
524 444
524 452
524 454
525 462
526 465
524 468
525 474
525 478
525 483
526 487
524 492
525 497
525 503
524 511
525 515
524 523
526 529
525 536
524 542
523 548
524 553
524 560
524 566
525 570
525 574
523 580
524 362
524 357
524 352
524 348
526 342
524 339
525 333
524 330
524 324
525 318
525 313
524 309
524 305
526 300
525 296
525 292
525 287
526 284
525 280
525 275
526 266
527 267
578 264
730 261
781 257
805 252
808 248
965 246
1002 243
999 238
1001 234
941 230
960 226
988 221
955 218
907 213
938 209
898 206
886 203
866 203
870 196
928 193
877 190
849 187
895 183
922 179
909 177
851 173
868 169
885 167
828 164
871 161
809 158
820 157
802 155
737 154
758 129
666 128
704 127
690 126
661 126
678 125
650 125
686 124
600 123
621 124
641 124
649 123
632 122
629 122
641 123
599 122
648 122
587 124
593 123
609 122
558 123
618 123
571 122
577 124
571 124
542 125
534 128
529 128
529 130
523 135
527 136
526 137
524 138
525 139
524 140
525 142
525 142
525 145
525 147
525 148
525 152
525 152
525 156
525 157
525 161
526 163
524 166
525 169
524 171
525 175
528 177
524 181
524 182
526 186
525 189
525 193
525 195
525 217
524 221
524 224
525 228
524 233
525 239
525 243
526 247
525 252
524 256
525 261
524 265
525 270
524 275
525 281
524 286
525 291
524 298
524 302
525 308
524 313
525 318
525 323
525 328
524 335
525 338
524 344
524 350
525 355
525 359
525 366
525 369
524 373
524 380
524 384
525 390
524 394
525 401
524 407
525 415
526 422
524 427
524 437
525 441
523 448
523 453
525 458
525 465
525 465
523 473
524 475
523 480
524 484
522 491
525 493
524 502
527 509
528 534
525 539
524 544
524 547
525 551
525 559
525 562
523 570
524 572
525 578
525 582
525 587
524 593
524 598
526 603
524 610
523 616
524 622
524 629
525 633
524 641
524 646
523 652
526 657
522 665
524 667
525 677
526 680
524 687
525 692
525 698
524 703
504 710
520 714
526 716
525 721
523 726
524 730
522 737
526 740
524 745
524 750
524 754
524 759
525 762
524 767
524 771
525 775
525 780
523 784
518 787
417 790
316 793
261 797
245 802
115 803
75 807
101 827
79 829
100 831
98 835
106 838
116 842
137 846
120 848
160 863
199 856
160 858
158 862
178 865
174 869
141 872
133 875
187 879
161 881
166 887
232 888
194 890
180 894
222 897
260 900
284 900
239 902
327 904
288 906
278 907
305 909
331 910
353 912
300 912
388 914
300 915
338 917
302 918
310 919
347 921
357 912
336 921
355 923
372 923
372 925
348 926
354 927
387 928
380 928
415 929
397 930
388 930
414 929
432 931
390 931
402 931
440 931
455 931
417 932
460 931
488 929
493 932
458 931
470 930
471 930
481 930
516 927
518 926
520 923
523 922
523 920
530 917
521 918
522 916
526 916
531 913
524 912
524 910
523 909
524 907
525 906
524 900
523 900
524 896
524 894
524 891
524 889
524 887
524 884
525 881
524 878
524 876
524 872
524 869
523 866
525 862
524 858
524 854
524 851
525 846
524 841
524 834
524 830
524 825
524 821
524 817
525 809
523 806
529 800
523 797
514 791
524 784
529 781
529 781
525 772
525 750
524 748
524 746
524 741
524 736
525 733
526 724
526 718
524 714
525 708
524 704
528 697
524 693
524 687
525 684
524 679
524 673
525 667
524 664
524 656
524 650
526 645
526 636
524 631
524 621
525 614
524 610
524 600
520 598
522 595
525 588
523 574
524 581
512 581
529 574
522 569
525 559
524 560
526 550
524 546
524 539
526 531
524 525
527 515
525 514
525 503
525 503
526 493
524 491
525 484
526 479
523 475
524 469
525 464
526 459
524 453
524 447
524 423
524 418
525 415
526 410
524 406
526 399
523 394
524 387
525 384
518 374
523 372
524 365
523 361
524 355
525 349
524 345
525 340
525 335
525 330
525 326
524 329
524 316
524 312
524 307
525 303
523 297
524 293
524 290
524 286
524 281
524 276
525 267
525 267
530 263
670 262
760 259
763 254
821 251
920 250
980 246
1015 242
995 237
972 232
979 228
966 223
963 218
956 214
913 211
894 208
862 203
905 200
874 198
866 195
892 191
890 187
877 184
892 177
699 130
657 129
704 128
685 127
691 126
685 126
642 126
646 124
680 123
666 123
594 124
620 121
664 122
630 121
571 123
626 121
646 121
618 122
600 122
604 123
595 122
613 124
551 123
611 123
520 125
576 125
520 126
559 128
529 132
528 133
526 134
524 135
525 138
526 139
525 140
525 141
526 142
524 144
525 145
525 148
524 150
525 152
525 154
525 158
524 160
525 163
525 165
525 169
524 167
525 172
525 176
525 179
524 182
524 186
526 190
525 193
521 197
523 214
524 216
523 221
524 225
525 229
524 234
525 239
525 247
524 252
525 256
523 259
524 264
525 269
525 276
525 280
526 284
525 291
524 296
524 300
524 305
524 309
525 315
525 319
523 326
524 330
525 337
525 341
525 346
524 353
525 358
525 362
524 367
524 371
525 378
528 383
525 387
525 393
527 400
525 406
525 411
524 419
525 425
526 432
524 440
526 444
524 452
525 457
524 463
524 467
525 470
524 475
524 479
524 482
524 488
524 492
523 499
525 503
524 532
523 535
523 539
526 547
525 552
525 555
525 561
524 564
525 573
525 574
525 582
524 585
524 591
525 596
526 601
525 608
525 614
524 620
525 625
524 632
524 637
525 644
526 650
524 656
525 661
524 668
525 672
525 681
525 684
524 690
525 695
524 701
524 706
517 708
523 716
527 719
524 725
525 730
524 734
525 739
524 744
525 748
523 754
524 757
525 760
524 766
525 769
525 774
524 778
525 783
524 787
478 789
334 792
258 797
246 801
210 801
39 807
97 823
90 826
89 829
91 833
103 836
109 840
129 844
156 846
146 852
148 854
190 857
199 861
151 863
153 867
164 871
156 874
174 878
175 882
156 885
154 887
218 890
233 893
188 895
252 898
267 900
270 902
247 903
314 905
312 908
294 907
311 910
289 911
350 912
301 914
363 914
298 916
352 917
344 919
306 920
372 921
342 915
361 923
316 932
364 927
374 926
339 927
383 928
395 926
414 928
367 931
403 931
419 931
403 930
411 931
450 931
442 931
412 932
473 931
482 931
476 932
474 931
445 931
479 930
462 929
516 930
490 928
541 926
515 925
522 921
522 921
524 917
524 917
523 921
516 915
522 921
523 918
526 912
521 908
523 909
523 905
524 904
524 900
524 898
525 895
524 893
523 889
526 887
524 884
524 883
526 878
524 878
524 874
524 871
524 867
524 864
524 860
525 856
524 852
524 849
525 843
524 838
524 832
527 828
524 823
526 817
524 814
525 807
525 806
525 798
525 791
526 788
526 791
525 776
521 772
524 754
524 751
524 750
524 745
525 738
524 732
523 727
524 723
524 715
525 710
524 707
525 699
525 697
524 691
524 686
524 680
524 675
527 670
523 665
525 659
524 653
524 646
525 639
524 632
524 626
524 618
525 612
524 606
523 600
525 596
525 590
526 587
522 581
524 581
525 573
523 569
532 563
522 560
529 554
521 547
525 540
524 535
525 526
523 521
526 513
525 509
526 500
524 498
526 490
523 487
524 480
524 477
524 471
526 466
525 461
524 459
525 450
524 427
526 424
523 420
524 413
525 406
524 402
525 396
523 392
524 385
524 379
523 373
524 368
524 362
525 356
524 352
524 345
525 342
527 335
525 333
526 326
525 323
525 318
524 313
525 308
524 304
524 300
526 295
524 291
525 287
525 282
524 278
525 273
525 268
526 265
592 263
758 260
785 257
789 253
821 248
987 248
1023 242
1023 238
976 234
952 228
982 224
983 220
969 217
905 212
913 209
909 206
857 202
873 199
885 195
913 192
882 189
877 186
877 171
881 170
848 167
848 166
826 163
824 165
842 159
781 156
775 153
755 152
776 150
747 148
753 147
740 145
732 143
730 143
702 141
733 139
710 139
697 137
724 136
691 134
697 133
730 132
710 131
681 130
680 128
717 128
683 128
697 127
647 126
669 124
689 125
642 124
644 125
637 123
641 122
630 123
610 122
630 122
620 122
605 122
648 122
582 122
643 121
574 121
610 122
566 123
558 123
588 123
537 124
545 125
522 128
531 128
524 132
528 128
526 135
525 141
525 142
525 142
525 144
525 146
525 146
524 151
525 152
525 155
524 156
524 159
526 164
525 163
525 168
525 169
525 174
524 175
525 179
524 181
524 185
524 189
524 191
524 195
525 199
523 205
525 208
526 214
525 217
526 223
525 228
525 234
524 238
524 242
525 250
525 253
525 260
524 265
525 267
525 271
523 277
525 282
525 288
525 292
525 298
525 304
525 308
524 312
525 317
524 325
521 329
524 334
525 341
524 344
524 350
525 357
525 361
525 366
525 386
525 390
524 394
526 398
524 401
523 410
524 416
525 423
523 431
525 437
525 444
524 449
526 454
525 462
525 464
521 469
525 473
525 477
524 482
524 484
524 492
525 496
524 503
526 508
523 513
525 520
522 529
525 534
524 552
525 548
526 553
525 558
524 567
524 568
527 575
524 579
525 585
525 589
526 595
523 599
525 606
525 612
525 617
524 624
525 629
523 637
525 640
523 650
525 652
524 662
524 665
524 673
525 676
524 684
525 687
524 695
525 699
524 719
524 723
525 725
524 728
525 734
525 738
525 742
524 748
524 751
525 755
525 760
525 764
525 767
524 773
522 776
525 780
523 786
488 788
415 791
300 795
236 799
238 801
102 805
61 810
103 813
84 817
92 822
101 826
64 832
104 834
129 839
96 843
134 846
149 852
160 856
177 853
172 862
173 863
150 867
170 870
162 872
142 875
138 880
166 884
187 888
206 889
207 892
196 895
235 897
233 899
294 901
261 902
310 904
280 906
268 907
319 910
339 911
288 911
364 917
371 919
337 919
345 919
344 920
360 919
348 922
367 928
380 926
339 930
383 927
334 927
376 928
432 929
400 929
413 931
401 929
406 930
433 931
411 931
431 932
454 933
447 932
422 931
453 932
480 930
409 932
425 930
463 932
445 928
494 931
420 930
514 929
493 927
516 925
517 924
525 919
523 923
524 918
517 913
523 916
527 914
527 917
509 908
525 911
524 906
524 907
526 903
524 903
525 898
525 897
524 893
525 892
524 888
524 884
524 883
523 872
527 869
524 867
525 865
524 861
524 858
526 853
524 849
525 844
524 839
524 833
524 828
524 825
524 820
524 815
526 808
527 804
523 792
524 797
523 798
524 784
509 777
524 773
524 772
525 768
524 760
523 755
523 749
524 747
524 740
525 734
524 730
525 724
525 719
524 714
525 706
525 702
524 698
524 690
524 687
524 682
525 676
524 674
524 666
524 660
525 656
525 648
521 644
525 635
523 628
525 622
527 614
525 608
525 600
523 599
526 592
518 588
527 569
528 569
524 562
525 559
522 562
524 548
523 542
524 538
526 529
525 523
525 516
523 509
525 503
524 497
525 493
525 486
524 483
527 476
524 470
524 468
525 463
525 457
525 452
525 446
524 440
525 434
524 427
524 423
525 416
524 410
527 403
525 400
526 392
524 387
524 380
515 376
528 369
524 365
525 358
524 354
524 348
524 343
525 338
525 334
525 329
524 324
525 319
525 314
524 309
525 305
524 301
525 297
525 293
525 289
524 285
524 279
525 274
525 261
768 259
771 256
820 253
808 250
922 249
1005 246
1009 239
985 235
951 231
973 226
964 222
953 217
976 213
896 211
887 207
897 204
918 200
885 197
852 194
875 189
910 188
891 184
849 180
913 176
859 174
886 170
888 167
841 164
801 161
824 159
833 157
782 154
785 153
743 151
755 150
748 147
761 146
739 144
724 144
724 141
710 141
732 137
721 138
717 136
717 135
698 133
707 133
681 132
688 131
732 129
662 128
702 129
698 127
686 126
672 125
617 124
623 123
617 123
639 119
621 123
642 122
611 123
609 123
605 124
588 122
603 123
602 121
628 122
596 122
584 123
567 124
580 123
537 124
539 126
527 130
528 130
529 132
526 133
526 137
525 138
526 140
525 140
525 142
525 142
524 144
524 146
526 149
525 150
528 153
524 155
525 158
525 161
525 164
527 167
525 168
525 173
524 172
525 179
525 180
525 184
525 187
524 189
523 194
524 198
525 200
524 207
525 211
526 217
525 224
525 228
525 233
524 239
525 242
525 260
526 262
527 266
525 269
524 276
523 281
526 286
526 291
525 297
525 302
525 307
525 312
525 317
525 320
524 328
525 333
524 336
525 344
524 349
525 353
525 359
524 364
525 368
524 373
525 379
524 384
525 389
524 394
525 401
526 407
524 415
526 421
525 428
524 436
524 441
524 449
526 452
525 458
523 463
524 466
524 472
525 475
525 479
525 486
526 490
524 496
527 498
525 508
524 511
524 510
524 527
526 531
522 539
525 545
524 553
525 557
524 563
524 580
526 584
523 588
525 592
525 598
524 602
524 609
525 614
524 622
526 628
524 634
525 639
525 647
525 651
525 658
525 663
526 670
525 675
525 679
525 686
526 691
524 697
525 701
525 705
523 708
509 716
526 721
525 725
524 731
523 736
524 740
522 745
525 750
524 754
525 758
525 762
526 766
525 770
524 776
525 780
524 784
520 787
439 792
303 793
282 797
261 801
64 802
42 808
85 812
73 816
100 820
84 826
97 829
97 834
104 838
122 842
130 845
155 857
140 861
170 863
185 866
151 869
154 872
173 875
182 878
144 882
165 886
150 888
208 890
263 894
202 896
249 898
216 901
258 902
311 905
322 907
328 907
250 908
356 911
340 911
300 913
324 914
343 915
350 917
339 918
344 919
325 920
354 921
334 923
343 924
346 925
347 926
368 929
365 927
386 927
398 930
365 929
379 930
417 930
399 931
416 931
430 932
418 931
416 931
432 931
472 931
418 932
432 932
491 932
442 930
496 931
442 931
513 933
455 930
505 925
523 922
523 921
523 920
524 919
524 916
524 918
524 920
524 914
523 907
524 909
528 915
520 902
524 904
524 902
526 900
524 898
524 894
524 891
525 889
525 887
523 883
523 882
524 879
525 877
524 873
524 871
523 867
524 864
523 859
523 855
525 851
524 846
525 841
524 837
524 832
524 825
524 821
527 816
525 811
524 806
525 801
523 796
529 789
521 789
524 785
525 778
523 773
522 767
526 765
525 758
524 752
525 745
524 742
524 738
524 730
523 725
524 703
525 699
524 697
524 694
524 689
525 683
524 678
525 673
521 668
525 664
524 658
524 651
525 643
524 638
524 631
525 622
524 617
526 610
524 606
525 598
524 593
526 591
529 588
524 580
522 572
523 574
524 566
524 562
524 557
526 551
526 548
525 536
523 533
526 524
523 521
524 511
524 509
525 498
523 495
525 489
524 485
525 479
526 475
524 470
525 464
525 460
525 453
525 448
525 442
525 437
524 430
525 424
524 418
524 412
524 405
524 400
525 393
524 373
523 372
525 360
525 362
525 355
524 350
525 345
525 340
525 336
525 332
525 325
525 322
525 316
523 311
524 307
525 303
525 298
524 294
524 289
524 286
524 281
525 277
524 273
524 268
530 264
657 263
742 260
774 257
789 251
860 250
1023 246
1023 240
982 237
972 232
969 227
986 223
957 219
941 215
900 211
915 208
877 206
845 201
917 198
864 195
868 191
877 188
912 184
909 181
876 178
898 174
892 171
879 168
862 165
829 162
836 160
822 158
787 155
786 148
745 147
756 146
771 144
762 146
706 143
703 141
724 139
704 139
721 136
712 136
706 134
740 133
703 132
681 131
691 130
720 129
669 128
659 128
673 126
710 126
651 125
617 125
679 125
606 124
663 123
658 124
603 123
667 121
646 123
598 121
601 123
623 121
577 123
604 123
582 122
583 122
587 123
578 123
563 122
543 126
550 126
534 131
523 129
522 134
524 133
525 136
526 138
524 139
525 140
526 141
525 141
525 144
525 145
525 147
526 150
525 152
524 163
525 164
524 166
525 169
525 170
525 173
526 175
525 179
524 181
525 185
524 190
524 192
524 195
525 201
525 204
525 210
525 215
526 220
526 224
525 230
525 238
525 242
524 246
524 249
523 254
524 260
525 264
525 268
526 272
525 278
525 285
523 290
524 294
525 299
525 306
524 310
526 315
525 320
525 325
525 332
525 335
525 340
523 347
525 353
525 355
525 363
525 366
524 371
525 377
525 381
524 387
525 393
524 398
525 406
525 410
525 419
525 335
525 340
525 343
524 350
525 355
525 359
525 366
525 369
524 375
524 380
526 384
524 389
525 396
525 402
525 409
525 414
523 422
525 429
524 436
524 444
524 448
524 455
525 459
524 464
523 468
524 471
525 477
525 480
524 486
526 490
524 497
526 500
525 509
524 514
523 522
525 531
524 534
525 539
524 547
528 552
525 559
526 563
525 569
523 574
525 576
523 584
524 588
524 595
524 598
523 606
526 610
524 617
525 623
526 629
525 633
523 642
525 646
524 682
524 686
524 690
523 693
524 697
525 702
524 706
524 712
525 717
525 723
524 726
525 731
524 737
524 741
523 746
525 750
524 754
525 758
524 763
524 767
525 771
524 777
524 781
525 784
520 789
432 791
325 793
274 796
255 802
122 803
10 807
21 813
62 817
120 822
82 825
85 830
96 835
115 838
130 842
141 846
176 849
164 852
164 857
147 860
175 863
165 865
153 868
145 872
154 876
162 879
174 883
196 886
152 889
178 892
234 893
271 895
231 898
275 900
293 907
283 908
282 909
304 910
314 912
309 913
305 914
340 916
300 917
382 918
355 919
347 918
341 921
336 922
335 917
341 922
365 923
359 927
346 926
385 928
387 928
415 929
361 929
435 930
391 929
403 931
404 930
390 930
467 931
411 932
461 932
443 932
446 931
462 932
443 932
442 931
473 931
432 930
490 930
487 927
518 928
521 926
522 922
524 921
524 919
523 918
524 917
524 915
525 915
524 917
525 913
526 909
525 908
523 906
525 904
524 902
524 900
521 889
524 887
525 886
524 883
524 881
524 877
524 875
524 872
525 868
523 865
524 861
524 859
524 853
524 852
524 844
524 840
524 835
524 831
524 825
525 819
525 814
524 810
524 805
524 799
524 809
526 787
523 783
520 779
523 776
528 771
523 763
524 760
524 761
525 753
525 748
524 741
525 736
525 729
525 723
524 720
523 713
524 709
525 704
524 698
524 691
524 688
524 682
524 677
524 674
524 667
524 663
525 655
525 650
525 645
525 636
526 630
524 622
525 600
524 596
523 593
524 588
525 574
520 581
525 562
524 570
528 569
527 565
524 556
522 551
521 547
524 535
523 531
524 523
524 517
524 512
524 504
525 501
525 493
524 489
524 483
525 479
524 474
525 468
524 464
524 458
525 454
526 447
524 441
526 434
524 430
525 422
523 418
525 410
524 405
526 399
524 394
526 386
524 383
525 376
523 371
524 365
523 357
524 355
525 349
525 344
524 340
525 334
523 331
524 325
524 321
524 315
525 310
524 306
525 301
524 286
523 283
526 280
524 275
524 272
526 268
532 264
657 263
758 260
801 255
813 251
822 249
1023 248
1023 240
1023 236
973 231
959 225
968 221
964 218
920 214
896 209
880 208
897 204
875 201
866 198
864 194
898 191
883 188
867 183
904 180
877 177
910 174
891 170
855 166
864 164
825 161
823 159
823 157
775 155
780 153
768 151
759 150
745 148
759 146
718 145
720 143
763 142
720 138
711 138
728 137
695 137
729 135
698 134
701 135
722 132
715 130
706 126
695 124
712 126
680 125
698 124
659 124
624 123
630 124
657 123
625 122
622 122
649 122
614 121
652 123
614 123
623 123
596 122
567 121
625 122
586 121
575 124
573 123
594 123
547 124
530 126
529 128
527 130
525 133
527 134
527 137
525 135
526 140
523 139
524 142
524 141
525 144
525 146
525 149
525 150
525 153
525 153
525 157
525 161
525 163
525 165
525 169
524 171
525 174
525 177
525 180
523 183
525 186
525 189
523 193
525 197
525 200
525 205
524 224
524 229
525 229
525 238
525 242
525 248
525 250
524 255
524 260
525 267
524 268
525 273
525 278
524 286
525 291
525 295
525 300
525 305
524 311
524 316
525 321
524 326
525 331
525 338
524 341
525 346
524 353
525 356
524 362
525 367
526 371
524 378
524 383
524 387
526 394
525 399
524 405
524 413
525 418
525 426
525 433
524 443
524 445
524 452
523 455
523 460
523 467
525 468
525 474
524 479
524 482
526 488
524 492
526 500
524 504
526 512
523 518
525 542
525 546
524 549
525 555
524 562
525 565
524 572
524 576
524 582
524 585
525 591
523 598
524 601
523 607
525 613
524 620
524 627
525 630
525 637
525 644
524 650
524 656
527 661
524 667
522 673
523 679
525 683
524 691
525 695
525 700
524 706
525 710
523 716
525 719
525 724
525 730
525 734
524 739
525 744
525 748
524 752
524 757
524 761
525 766
524 770
524 774
525 778
524 783
522 788
455 789
357 791
304 796
272 797
166 802
58 807
30 811
55 816
84 834
80 836
76 839
115 843
108 844
175 848
150 851
168 854
186 857
137 865
164 863
156 868
158 871
182 874
141 878
158 881
151 883
207 887
211 890
188 893
230 896
247 897
254 900
288 902
257 902
322 906
252 906
275 908
303 910
338 911
322 912
298 914
382 916
311 917
345 917
344 919
359 919
322 921
351 923
336 923
327 932
388 924
358 936
386 928
363 928
380 929
392 929
389 930
432 930
428 931
393 931
421 931
429 932
397 931
464 932
397 931
427 931
486 929
457 931
423 931
406 931
477 929
501 929
504 927
512 926
521 924
524 921
522 921
524 917
524 917
524 914
524 915
524 913
523 906
526 908
519 907
530 907
526 901
527 900
524 899
524 897
523 895
525 892
525 889
524 888
524 884
524 883
524 878
524 876
524 876
526 870
524 864
526 863
525 860
524 854
524 851
524 848
524 842
525 837
524 831
524 828
524 822
524 816
525 812
524 808
524 802
524 797
525 776
525 786
524 781
525 775
523 772
525 768
518 762
521 740
524 739
525 736
524 732
524 728
524 720
524 716
524 713
524 705
525 698
525 696
524 690
525 686
524 681
524 674
524 670
525 664
523 660
524 653
525 647
524 640
525 631
522 626
524 617
524 612
525 605
525 598
524 595
525 589
526 587
526 584
524 578
522 572
524 570
528 563
525 557
526 555
524 542
527 541
523 532
523 528
525 518
523 516
524 505
523 503
524 495
524 490
524 486
526 479
524 477
527 471
524 467
524 459
524 456
525 449
524 444
526 437
524 412
525 407
524 404
524 401
525 395
524 391
526 385
524 380
525 372
526 367
524 361
524 359
524 351
525 346
524 342
526 336
524 333
524 327
525 322
526 318
524 312
524 308
525 304
523 300
524 296
524 292
525 287
523 282
525 277
525 272
523 270
528 264
650 262
775 260
758 257
790 252
803 248
971 248
1005 242
1001 238
986 233
951 230
1007 224
963 220
919 216
962 212
925 209
885 205
896 202
910 198
873 196
875 192
877 189
896 186
879 183
940 179
901 175
810 163
827 161
821 160
813 158
814 156
754 154
789 152
762 151
745 148
780 147
717 145
741 144
712 142
726 141
735 140
734 138
703 138
683 136
726 135
692 134
711 132
681 131
710 130
737 129
682 128
706 126
701 126
645 126
678 125
673 123
652 123
633 123
619 123
650 123
610 123
654 121
631 122
608 121
618 123
603 122
607 122
597 123
591 122
629 122
599 125
567 123
566 125
548 125
536 126
526 128
527 129
526 132
525 134
524 136
526 134
525 139
524 138
524 145
525 145
525 148
527 149
524 152
524 154
525 157
525 158
525 162
525 165
525 167
525 170
524 172
525 176
525 178
526 182
525 184
525 191
524 191
524 197
525 199
525 204
525 207
524 214
524 219
525 224
524 229
524 233
525 237
525 244
526 251
525 254
525 256
524 263
524 268
524 274
525 279
525 283
525 287
525 291
524 299
524 304
523 308
523 314
523 320
525 323
524 329
525 335
525 340
524 345
525 350
523 354
524 359
524 366
524 371
526 374
524 398
524 403
524 407
525 412
523 418
525 421
524 431
524 437
525 443
524 449
525 454
525 461
525 465
523 471
524 471
526 479
525 480
524 487
524 491
522 496
524 503
526 506
524 515
523 522
524 528
525 525
524 543
523 549
525 553
517 560
525 563
524 570
524 575
525 580
526 583
524 589
524 594
525 600
524 606
525 613
524 618
524 624
525 630
525 635
525 642
524 647
523 654
525 658
524 666
525 670
523 677
526 681
525 688
524 693
523 699
525 702
524 709
525 727
524 732
524 735
524 738
524 742
526 746
525 751
524 756
525 759
524 764
524 768
524 772
524 777
523 781
524 786
521 790
414 790
292 794
289 798
219 802
40 805
49 809
71 814
64 818
125 821
94 826
58 831
86 835
123 839
120 842
135 846
169 850
137 852
165 856
166 864
165 864
185 868
147 871
144 873
175 876
179 880
141 883
166 886
190 889
208 892
204 894
245 896
279 899
239 901
263 903
277 904
326 906
279 908
291 909
330 909
307 912
340 913
305 914
326 920
336 921
344 920
383 922
371 923
372 924
309 925
354 929
359 927
391 927
379 928
382 929
428 930
408 930
385 929
459 930
397 931
402 931
415 931
415 931
452 931
443 932
444 931
417 933
461 931
443 931
453 931
492 931
450 931
483 930
490 929
525 926
521 926
526 921
523 921
524 919
523 918
524 916
524 913
524 914
