513 138
514 139
513 140
514 141
513 143
514 143
514 156
513 159
509 153
513 151
513 156
513 158
513 160
513 163
514 165
514 167
514 168
513 173
513 176
513 178
513 182
513 185
514 188
514 191
512 195
514 198
514 201
513 205
513 210
514 208
512 218
515 223
514 227
514 232
513 237
514 241
514 244
513 249
515 253
513 257
514 262
513 266
513 277
512 278
512 279
513 283
512 288
514 293
513 298
513 303
513 308
513 314
514 317
513 322
514 324
513 327
513 333
514 843
514 840
514 836
513 834
515 833
512 828
513 824
513 819
514 815
513 809
514 800
513 799
513 795
514 790
513 787
510 783
514 780
514 774
513 770
514 765
513 761
514 758
512 753
514 748
514 744
513 739
513 735
513 729
513 725
513 721
513 717
514 714
513 709
513 704
512 697
514 693
514 687
513 681
514 683
513 679
513 671
514 666
516 662
510 659
514 651
513 649
514 643
515 633
512 633
513 630
513 624
514 612
516 611
512 607
514 601
513 592
517 587
514 317
513 320
514 324
514 329
514 334
513 338
514 344
514 345
513 354
513 356
514 360
514 366
513 371
512 375
515 378
514 381
514 389
513 395
512 397
514 401
514 407
513 416
510 422
516 424
514 427
513 439
512 445
512 448
513 452
513 458
512 463
513 465
514 469
512 474
513 477
513 480
513 484
512 489
512 494
514 498
515 503
513 508
514 515
511 522
513 524
514 532
514 538
512 544
514 550
514 553
514 558
513 563
514 568
513 571
515 576
511 579
514 583
432 891
428 891
436 892
459 893
425 895
420 897
456 898
472 899
488 901
421 901
410 903
467 905
459 906
438 907
432 908
459 909
485 914
460 912
453 912
474 913
414 915
465 917
481 915
478 917
430 918
459 919
453 919
489 920
441 920
439 919
468 922
493 923
499 922
470 923
448 924
479 923
481 923
492 923
481 922
460 923
481 928
498 924
491 923
468 924
479 923
487 922
494 923
489 924
489 923
480 922
503 921
508 919
512 917
513 915
513 913
512 912
514 908
513 829
513 827
513 823
513 819
513 813
510 809
514 803
514 798
513 794
514 786
513 787
513 784
514 778
512 774
512 769
513 767
514 761
513 758
514 755
513 751
513 744
513 739
514 735
513 731
513 727
514 722
514 718
513 713
514 707
513 702
513 696
513 693
515 689
514 685
516 679
513 677
513 672
513 668
515 663
515 658
514 654
514 651
513 646
514 638
518 633
512 630
514 623
515 615
514 609
512 607
513 600
514 592
518 587
511 583
513 579
513 574
516 415
515 410
513 407
516 402
514 395
515 392
513 386
514 381
515 376
512 372
513 366
515 362
515 358
514 352
514 348
514 344
514 340
513 336
512 332
513 329
513 324
514 320
515 315
514 311
514 306
513 302
513 297
513 295
513 291
512 284
512 283
508 282
514 273
515 271
514 268
515 263
517 259
517 255
520 252
818 255
782 249
704 245
692 239
673 236
684 231
679 228
638 225
625 221
630 215
657 214
667 211
646 208
635 206
619 202
626 198
658 196
641 192
656 125
589 124
585 124
584 123
559 122
543 121
559 120
582 120
582 125
541 119
556 117
550 117
586 115
563 123
537 116
540 116
555 114
573 115
544 114
545 114
550 114
539 114
567 114
551 114
526 113
531 114
552 114
558 114
528 116
525 114
529 114
533 114
542 115
525 116
518 117
515 119
517 122
513 125
514 127
513 130
514 131
514 134
514 135
515 136
514 137
514 138
513 140
513 141
513 139
501 143
513 139
513 146
512 151
515 158
521 162
514 156
515 159
514 267
513 272
513 271
513 277
511 284
513 287
513 292
514 297
514 300
518 306
514 311
513 316
513 321
513 325
514 329
513 334
513 340
513 344
514 351
513 355
514 357
514 359
514 366
514 372
511 376
514 378
513 381
514 387
512 393
513 398
515 402
513 408
513 415
512 420
513 425
513 435
512 437
514 444
512 449
515 454
513 458
514 462
513 466
513 471
512 473
514 477
514 480
513 484
513 488
512 494
512 500
513 503
514 510
513 515
511 522
513 527
514 531
513 705
513 708
513 711
509 715
513 720
514 722
512 726
512 730
513 734
513 739
513 743
513 746
513 751
513 754
513 758
515 762
513 766
513 773
513 774
511 777
510 781
282 780
306 787
346 792
354 794
358 797
347 802
351 806
363 809
396 812
402 815
372 819
358 823
370 826
368 830
394 830
408 835
394 837
368 839
395 843
408 847
403 852
397 854
399 855
409 858
372 859
435 864
409 866
383 868
389 872
372 875
402 878
416 881
438 883
398 885
405 887
390 889
493 923
472 922
473 923
469 923
504 923
498 923
473 923
462 923
493 922
507 922
503 923
480 922
474 921
494 920
508 920
512 918
514 916
513 913
516 911
513 907
514 905
513 901
513 902
513 901
513 900
513 899
514 898
512 896
514 896
513 893
512 892
513 893
513 889
515 886
513 885
513 884
513 878
514 876
514 873
514 871
513 869
513 868
513 863
513 862
513 858
516 855
511 852
514 849
514 849
513 847
513 840
513 837
513 833
513 829
513 823
511 819
513 815
512 541
512 535
514 534
513 528
513 523
516 514
515 512
511 505
514 499
515 492
516 488
512 483
514 478
514 472
516 469
512 465
513 462
514 456
515 453
513 449
512 440
517 439
513 435
514 429
515 423
514 418
513 415
514 407
513 402
513 396
513 391
513 386
514 380
513 376
514 370
514 366
514 361
514 357
515 353
513 348
513 343
514 339
514 335
515 331
514 328
513 324
514 321
514 315
513 311
513 306
514 302
514 297
514 293
513 291
513 295
512 285
517 267
680 226
666 223
624 221
624 217
640 213
652 210
635 206
628 205
603 202
598 199
643 197
656 194
623 191
626 187
631 185
677 182
630 179
668 176
606 170
624 170
674 160
627 157
659 156
607 158
628 156
592 154
605 151
607 149
625 148
607 147
582 143
583 143
566 141
602 140
586 140
551 137
583 136
604 135
588 134
556 132
588 131
603 130
586 129
572 129
575 127
571 126
543 125
580 124
575 123
574 123
551 121
565 120
596 119
581 120
514 119
537 118
582 119
517 119
515 120
514 121
515 124
514 128
514 130
514 133
514 134
513 135
515 134
513 137
514 138
514 139
514 141
514 142
513 143
508 150
510 145
513 152
512 153
514 148
520 156
516 158
512 162
513 164
513 167
514 168
513 174
512 174
513 176
512 179
513 182
514 185
514 189
514 192
513 194
513 197
515 202
514 205
517 210
513 214
514 215
513 225
514 229
513 235
513 238
513 241
513 245
513 249
514 253
513 260
514 263
515 267
514 271
513 276
517 284
513 285
515 385
520 390
512 395
509 400
515 402
513 407
513 412
515 422
511 427
515 430
513 438
514 447
511 451
514 455
515 458
513 463
512 466
515 469
513 475
514 478
513 481
513 484
513 489
513 501
507 499
513 503
514 509
513 517
511 522
512 528
513 533
514 539
513 544
513 549
514 554
513 559
513 564
514 568
513 572
514 577
515 580
512 584
516 589
514 593
514 597
508 603
512 609
513 615
512 619
514 625
512 629
515 636
514 641
514 654
513 651
514 655
514 760
513 763
513 765
514 770
514 771
513 775
510 778
507 777
255 781
310 786
355 791
374 802
361 797
316 802
333 806
349 810
391 813
394 816
359 818
366 822
370 826
368 829
394 832
389 833
387 839
382 842
392 845
399 850
384 850
395 852
389 854
406 857
407 862
382 865
400 866
412 875
399 873
358 874
404 877
410 882
433 882
398 886
379 888
382 889
476 891
432 892
434 895
404 895
436 897
433 898
438 909
432 900
431 902
408 904
439 905
444 906
445 907
423 923
495 923
473 922
489 921
493 925
492 924
467 923
464 924
494 923
510 923
505 923
482 922
487 922
503 920
508 919
516 915
514 915
513 912
513 911
515 908
513 906
513 906
513 903
512 901
513 900
514 899
514 897
513 897
512 900
513 895
513 892
512 891
514 887
512 886
515 884
513 881
514 878
512 876
513 873
513 872
513 868
513 865
514 871
513 861
514 857
514 855
514 852
513 850
514 846
514 843
513 839
513 835
513 830
513 827
513 830
513 819
513 813
513 676
513 673
514 669
514 665
514 663
514 661
514 653
513 646
514 644
513 639
513 632
515 623
501 623
508 616
516 609
516 603
512 599
513 592
514 585
515 581
512 579
513 574
513 569
514 566
514 564
512 562
516 555
514 552
512 549
514 542
516 536
510 533
513 530
514 521
515 513
514 509
513 504
514 497
516 490
513 486
513 484
514 479
515 474
513 469
514 466
514 468
513 456
515 453
515 448
515 445
515 452
513 435
514 429
513 423
514 418
512 412
515 407
514 266
512 264
516 261
517 257
519 255
519 252
715 255
791 249
723 252
698 239
691 236
691 231
667 226
646 223
628 220
644 217
651 214
659 210
659 206
625 205
612 201
625 199
639 196
659 193
626 191
623 193
632 184
643 181
640 180
634 176
630 172
621 169
626 167
622 164
674 162
614 163
632 157
613 154
608 152
616 149
604 148
564 148
563 145
573 144
602 142
591 141
571 140
556 138
589 137
599 142
574 134
529 132
576 131
555 130
572 129
528 128
558 128
538 115
531 115
534 115
519 117
517 116
513 121
514 122
514 126
514 127
513 130
514 131
513 133
513 135
514 135
514 140
513 139
515 140
514 141
513 142
514 143
523 145
511 145
518 149
510 151
515 157
516 154
515 159
512 161
513 163
513 165
513 168
513 173
514 174
514 176
514 179
514 182
512 185
514 188
514 192
514 195
513 198
514 208
513 205
514 210
513 216
513 218
515 223
514 229
513 234
513 238
514 243
514 246
513 257
513 254
513 258
511 262
513 268
513 384
513 388
507 394
511 400
515 403
513 409
514 417
511 423
514 429
513 435
514 439
514 445
514 450
514 456
511 460
514 463
514 466
515 470
513 475
511 479
515 480
513 486
514 491
512 495
513 500
512 505
512 511
512 516
515 522
513 528
513 534
514 539
512 546
511 559
514 555
513 560
512 564
514 568
514 571
514 578
513 581
512 586
512 590
513 594
513 599
512 604
513 609
514 614
513 619
514 626
513 631
513 636
512 642
513 646
513 652
513 658
514 661
356 795
380 797
339 801
327 805
364 809
410 815
411 815
360 818
384 823
375 826
367 829
402 833
383 837
383 837
384 840
377 845
423 847
390 843
400 852
380 854
370 858
403 860
389 865
416 867
392 869
405 872
357 874
408 877
430 880
429 883
436 885
434 889
431 888
448 886
447 891
467 893
415 895
441 896
449 897
467 900
416 902
423 901
457 903
477 905
430 905
458 906
436 907
438 909
425 910
430 911
442 911
445 912
430 913
453 914
491 915
459 916
432 917
513 903
513 904
513 901
513 900
513 899
513 896
513 895
514 895
513 893
513 892
513 897
512 888
512 884
513 882
513 880
514 878
514 877
513 882
513 871
516 868
513 867
513 862
513 862
513 857
513 854
514 850
514 848
513 846
513 843
513 841
513 834
513 832
513 826
514 824
513 820
514 813
513 810
512 807
513 803
513 797
514 797
513 788
513 783
513 778
513 775
513 769
514 765
514 760
515 755
513 752
513 750
513 745
514 742
512 736
514 732
513 726
513 723
513 562
514 560
514 555
513 551
513 548
513 543
516 537
515 531
514 527
512 522
514 516
513 516
513 503
513 498
514 492
514 487
514 481
513 478
515 473
512 470
512 466
514 465
513 456
514 453
515 449
513 443
514 440
515 434
514 428
513 423
515 418
513 411
514 407
513 401
513 394
514 390
515 385
515 380
514 375
513 371
513 367
514 366
513 356
513 352
515 346
514 344
514 338
513 335
513 331
514 328
513 324
514 318
514 314
515 310
515 304
514 301
513 362
515 363
514 360
514 355
514 352
514 351
514 344
514 339
514 335
515 332
514 328
514 324
514 320
513 316
513 312
513 308
514 303
516 299
513 294
514 290
514 286
515 282
514 281
512 273
514 271
514 267
515 264
518 257
518 255
520 253
750 255
775 249
729 244
715 239
668 235
649 232
657 228
646 224
655 222
656 218
623 215
637 211
648 210
616 204
640 202
644 196
628 196
623 194
630 189
652 187
619 184
654 182
643 178
617 175
656 172
615 169
641 167
622 127
514 124
514 129
514 131
514 132
514 135
514 136
512 138
512 137
513 139
513 140
513 141
514 143
514 146
513 146
513 143
512 153
516 148
518 154
515 158
513 156
513 163
513 164
516 166
513 169
514 171
514 174
514 177
513 180
514 183
514 185
513 190
513 194
513 195
514 199
514 203
514 205
513 210
513 217
513 216
512 227
513 230
513 235
513 238
515 242
514 246
514 250
514 255
514 258
514 262
514 266
513 271
514 276
512 281
514 286
516 291
512 293
513 574
512 577
512 580
514 584
515 588
514 591
513 597
515 603
512 608
514 613
512 618
513 624
514 630
513 634
514 640
513 645
513 651
514 656
512 661
511 669
512 671
512 675
514 680
513 684
510 685
514 693
513 697
513 699
512 705
512 709
513 713
513 716
512 721
514 726
514 730
513 734
513 739
513 743
512 747
511 752
514 755
513 758
514 763
512 767
511 770
511 774
511 778
510 781
289 782
270 784
297 791
327 795
369 798
383 802
383 805
358 809
361 813
376 906
432 904
457 905
447 903
450 908
447 909
416 909
437 911
454 911
466 912
428 913
455 911
452 915
437 915
458 917
443 916
453 918
469 919
453 920
480 921
468 920
477 922
458 918
478 922
499 922
459 923
445 923
486 923
486 920
498 923
489 924
461 925
473 924
501 924
500 924
472 923
467 923
494 923
509 922
507 919
499 925
497 921
506 921
515 914
514 915
512 913
514 909
513 908
512 907
513 902
513 902
513 901
513 899
513 899
514 897
513 896
513 894
514 861
513 857
513 857
513 854
507 852
515 849
516 845
513 842
513 837
513 831
514 830
513 826
514 823
513 817
515 812
513 809
513 804
511 801
513 796
513 788
514 787
513 783
513 778
514 773
514 768
509 765
513 761
514 756
513 751
514 745
514 743
514 740
513 733
513 730
513 726
513 722
513 717
513 711
513 707
514 701
513 697
513 692
513 685
513 683
513 680
512 674
514 670
514 666
513 662
513 656
514 652
514 647
512 643
514 640
513 635
514 626
516 620
514 497
516 495
518 490
514 487
514 482
514 477
514 474
512 470
515 465
513 461
513 450
514 453
516 447
513 444
513 439
510 433
517 428
512 423
515 418
514 410
514 405
515 400
513 395
514 390
513 385
513 381
513 375
513 372
514 365
515 361
514 356
514 352
513 346
514 343
513 339
513 335
513 332
515 328
514 323
514 316
514 314
513 311
514 307
513 303
513 299
514 295
513 292
514 286
514 281
514 278
516 275
515 267
504 266
516 261
517 257
518 254
521 251
647 170
629 169
624 166
603 163
634 165
640 154
628 168
625 155
590 147
618 149
628 148
621 146
561 146
564 144
599 142
627 141
594 138
538 138
574 136
624 134
582 134
543 132
549 130
588 129
566 128
551 128
578 126
576 126
544 123
527 123
586 123
562 123
568 122
557 121
579 120
593 119
569 118
539 111
562 117
571 116
582 116
562 115
544 111
542 115
553 109
578 112
558 114
534 114
542 113
556 114
556 114
562 114
534 114
520 114
534 112
560 113
544 114
515 153
513 154
517 160
516 159
514 160
514 164
514 167
514 172
514 172
515 174
517 182
514 173
514 185
514 186
515 188
514 193
514 195
514 200
513 198
513 208
515 211
514 217
514 221
513 226
514 231
514 235
514 239
513 243
513 239
513 250
512 254
513 258
513 263
514 267
513 271
514 276
513 281
513 285
513 290
514 296
513 300
513 304
513 309
513 313
513 318
514 321
514 326
513 331
513 337
514 341
513 344
513 346
514 355
513 361
513 365
513 369
514 372
513 496
512 500
512 500
509 507
511 512
513 517
513 523
514 528
510 532
512 540
514 544
514 549
513 556
513 559
513 562
514 567
512 572
512 577
513 581
512 584
512 589
514 594
513 598
516 603
512 608
515 614
512 619
513 625
515 631
510 638
512 642
513 646
514 651
513 656
513 660
514 666
513 670
513 676
512 679
511 685
513 690
513 691
514 697
514 701
513 704
512 709
513 713
513 717
512 722
513 726
513 729
514 734
514 738
517 743
513 746
513 754
512 864
384 865
362 867
382 864
407 871
423 873
389 876
351 881
424 882
416 883
416 885
405 884
387 890
430 892
468 893
409 895
429 895
441 897
449 899
429 900
442 893
481 903
475 904
441 906
453 906
478 907
473 908
464 903
443 911
465 912
472 913
458 913
447 915
471 915
454 916
475 917
480 917
469 920
447 919
452 920
483 920
467 921
439 921
464 921
457 922
512 922
499 922
451 924
468 923
503 924
477 915
470 924
470 924
487 924
477 924
497 923
492 924
467 870
514 867
514 864
515 864
514 859
514 857
513 856
513 853
512 848
513 845
514 841
514 838
513 835
512 832
514 824
513 822
513 816
514 815
514 810
512 805
516 800
506 801
513 783
513 788
514 784
513 772
512 774
513 768
514 764
514 754
513 754
513 750
514 747
512 745
513 741
513 735
513 730
512 725
514 719
513 715
513 711
514 706
513 703
514 696
510 691
513 686
515 683
513 679
513 674
513 669
516 662
512 662
513 651
513 652
513 645
516 640
513 640
514 469
515 465
513 463
512 454
514 454
515 451
513 439
516 442
514 437
512 432
515 430
515 422
512 416
515 410
513 405
513 399
514 387
515 389
515 384
514 379
514 374
513 370
514 365
515 353
515 356
514 351
514 346
514 342
514 338
512 334
513 324
515 326
514 322
515 317
514 313
514 310
515 304
514 302
513 297
513 292
514 289
513 286
514 281
515 277
512 272
510 271
514 257
517 261
518 257
518 253
522 250
832 253
783 248
702 242
671 238
643 235
648 232
662 150
606 148
600 147
592 145
553 144
596 143
599 141
585 140
558 136
571 136
578 135
583 134
579 133
578 132
578 131
586 130
587 127
598 127
587 126
549 125
554 124
553 122
594 115
550 122
562 115
568 120
577 119
558 118
568 117
550 110
546 116
574 116
561 115
552 114
557 112
554 118
547 117
564 114
554 114
538 107
542 114
558 114
546 115
528 114
530 114
530 113
541 116
559 114
541 114
531 114
529 116
536 117
518 119
515 121
512 123
514 124
514 127
514 205
513 208
513 212
514 216
514 220
513 224
513 229
514 233
514 237
514 243
514 247
515 251
513 254
514 259
513 264
513 268
514 273
514 277
514 282
513 286
514 292
514 295
513 297
514 304
513 308
514 313
514 317
513 321
513 325
513 331
513 336
513 342
513 346
513 344
514 354
513 359
509 365
512 369
513 372
514 376
513 379
513 385
514 390
513 396
514 400
513 405
514 412
513 417
512 424
512 429
512 434
513 440
513 446
515 450
514 455
513 460
511 457
512 636
513 640
515 644
513 648
512 653
513 656
514 660
514 667
514 672
513 672
512 679
512 686
513 690
514 694
514 698
514 696
513 706
513 710
512 714
512 719
513 723
512 727
514 732
511 735
514 739
513 743
514 747
513 751
513 755
512 759
512 763
514 768
512 771
509 776
510 777
509 781
272 775
315 788
331 792
347 795
375 798
381 802
386 807
388 809
365 811
357 816
374 820
401 824
383 825
379 829
399 835
376 835
386 838
402 840
399 844
416 849
364 850
455 913
478 906
446 915
454 916
470 916
472 917
473 919
462 916
490 920
467 920
480 920
462 921
462 922
467 922
468 922
466 922
468 923
482 922
459 923
490 923
496 922
481 923
455 922
480 924
505 924
500 923
479 923
465 923
475 922
500 915
509 920
506 920
509 919
513 916
513 913
513 911
513 910
516 907
513 905
508 907
513 902
513 901
513 897
513 898
513 897
513 896
513 895
514 893
513 891
512 890
512 887
513 884
514 881
513 879
514 878
514 875
512 874
512 764
514 760
514 756
513 752
513 751
513 743
513 739
513 734
513 732
514 726
514 721
513 716
513 710
513 706
513 702
512 695
514 692
513 687
514 682
513 679
513 667
514 668
515 664
512 661
513 659
513 654
513 648
516 642
514 638
513 633
513 627
513 619
509 612
519 606
513 603
514 596
515 590
513 585
514 582
513 577
514 571
513 569
513 567
513 564
513 558
514 554
513 550
513 545
514 540
514 537
515 531
513 525
516 519
513 514
513 508
513 503
513 495
513 323
514 320
513 317
514 313
514 311
514 305
514 300
515 297
513 292
513 289
513 285
513 280
514 271
514 270
516 269
516 264
512 260
518 257
519 253
524 252
839 252
753 246
706 242
691 237
665 236
657 232
662 227
672 223
661 220
656 217
668 213
645 209
642 201
610 203
637 200
657 198
623 195
619 192
615 189
645 179
655 184
651 181
621 178
604 174
660 173
633 170
620 166
610 163
612 160
625 158
625 169
596 154
581 147
614 150
602 149
613 146
595 115
553 115
558 114
558 115
557 115
528 114
528 115
550 115
544 115
545 116
521 116
519 117
514 120
514 121
514 124
513 127
514 130
514 131
516 132
514 134
514 135
514 137
514 138
514 140
513 141
514 142
513 143
506 144
513 146
514 143
514 151
514 156
514 150
514 159
512 162
508 165
513 158
513 167
513 170
516 173
514 175
513 178
513 179
513 185
513 189
513 193
514 193
514 197
513 200
513 204
514 208
513 214
513 217
521 223
513 226
513 230
513 234
514 527
513 533
510 537
511 541
514 546
513 551
513 557
511 562
514 565
514 568
514 572
513 578
514 580
514 585
513 591
513 595
513 600
514 605
513 610
514 615
513 621
514 626
514 632
514 638
513 643
513 647
512 653
515 658
513 663
514 667
513 674
514 677
513 682
513 687
512 691
512 696
511 699
514 702
514 707
514 709
514 714
513 720
513 723
516 728
513 732
513 736
514 740
514 743
513 748
512 751
513 756
514 760
514 759
513 767
512 771
511 776
510 780
366 916
457 917
460 917
466 917
