513 746
514 749
514 753
514 757
514 761
513 764
513 768
512 772
512 776
512 780
513 783
514 786
513 791
512 794
513 798
512 802
513 806
513 810
512 813
512 816
513 819
515 821
514 825
512 830
510 832
513 836
513 837
514 840
518 844
511 847
512 856
514 852
514 855
513 858
513 862
509 864
514 866
514 873
513 873
512 875
514 878
513 881
513 883
514 885
514 887
514 888
514 890
514 893
515 894
515 895
515 899
513 897
513 899
515 900
512 903
513 900
514 905
514 116
513 116
512 115
514 116
514 117
514 114
513 114
514 114
513 113
516 114
514 113
515 113
514 114
513 114
514 113
514 113
514 114
513 114
513 114
513 115
513 115
515 116
514 117
513 127
513 122
514 124
513 127
514 129
513 131
514 133
514 136
514 136
514 137
516 138
510 140
513 140
515 151
513 142
514 145
514 147
514 148
513 151
513 153
513 155
513 158
513 161
513 165
514 165
514 167
514 170
513 172
513 174
514 179
514 182
514 185
513 187
514 192
514 813
516 810
515 805
517 800
518 794
517 791
516 787
517 782
517 780
517 774
515 770
515 766
514 762
512 758
514 753
514 750
513 747
514 742
515 736
514 732
515 727
515 723
514 727
514 713
514 709
514 703
516 697
517 693
514 689
514 685
518 680
513 676
515 671
513 668
513 664
514 661
514 655
514 663
513 647
513 641
515 635
518 629
513 626
513 619
515 612
516 607
511 609
513 594
514 589
518 583
515 579
513 575
512 571
516 566
513 564
513 560
514 556
514 283
513 279
514 275
513 271
514 267
513 266
513 259
514 257
514 253
514 248
513 246
514 242
513 236
513 233
514 231
513 228
514 234
513 222
514 217
513 214
513 211
517 208
513 205
514 210
514 198
513 196
514 193
513 190
514 187
513 185
506 184
515 178
513 188
512 173
513 170
515 168
514 165
513 160
514 160
513 158
513 155
513 146
510 148
514 147
513 147
514 145
514 142
514 141
514 141
515 139
513 136
515 137
514 136
514 134
514 131
513 130
513 131
514 148
513 157
513 151
513 153
514 155
515 158
513 161
513 167
513 166
514 168
513 172
512 173
513 175
513 179
514 181
513 184
513 188
513 191
513 195
515 199
514 201
513 205
513 209
513 215
514 220
514 224
514 229
514 232
514 236
513 240
513 244
512 245
511 253
512 258
508 262
509 268
510 272
512 285
515 279
515 284
514 288
514 291
513 296
513 301
513 306
513 310
513 316
510 329
513 321
515 329
513 334
511 339
512 343
511 349
512 353
515 356
515 527
510 530
513 535
514 538
512 543
512 549
514 553
514 558
513 562
513 567
511 571
514 574
514 578
515 583
514 586
514 593
515 596
514 601
513 608
513 614
510 618
512 623
511 634
515 634
514 639
512 644
514 650
514 656
513 661
512 668
513 670
512 675
514 677
513 683
515 687
514 691
513 697
513 702
513 709
512 710
514 711
513 718
511 719
514 723
513 729
513 734
513 740
512 741
514 746
513 750
513 753
513 757
512 761
513 765
512 770
512 773
513 776
513 887
515 888
514 890
512 892
514 892
514 893
513 896
514 897
512 898
515 899
513 901
514 903
514 904
514 905
514 905
510 901
514 907
514 909
511 911
515 911
514 913
512 914
515 912
514 914
514 917
512 917
515 917
514 927
513 919
514 921
515 920
513 924
514 921
514 922
514 922
514 924
513 922
514 923
514 924
513 924
514 923
513 924
514 924
513 923
513 924
514 923
513 917
514 932
513 922
513 921
514 922
512 922
512 920
514 918
513 918
514 916
514 913
514 854
514 850
514 849
514 848
515 842
514 840
513 836
514 832
512 828
513 825
511 816
514 815
514 806
513 805
514 801
513 791
515 792
514 787
516 784
514 780
515 776
514 771
513 768
513 764
513 759
513 753
514 747
514 744
514 739
513 736
513 732
514 729
514 723
514 717
513 712
519 703
513 704
513 700
513 697
508 690
514 685
517 679
512 677
514 674
514 668
514 662
517 657
514 656
512 651
514 646
514 647
518 635
510 631
514 625
512 617
514 611
513 606
513 436
515 431
514 427
514 423
514 419
513 414
519 408
513 402
517 397
514 392
514 385
513 382
513 376
514 372
513 365
517 362
514 357
515 353
513 349
513 343
513 340
514 336
514 331
515 328
515 325
514 319
514 315
514 312
513 308
516 305
510 298
514 295
515 290
514 288
515 284
514 278
514 274
514 270
513 266
515 262
512 259
511 255
515 251
516 248
513 244
514 241
512 238
513 235
514 232
515 228
514 224
514 229
514 219
513 214
515 210
515 206
514 202
515 128
514 126
513 125
513 124
513 123
515 122
515 122
514 121
513 120
512 123
516 119
515 118
515 116
512 119
513 116
514 115
515 114
512 114
513 114
510 117
514 115
513 114
513 114
514 114
513 113
514 113
514 121
514 113
514 114
507 113
515 114
514 115
514 115
513 116
514 116
513 118
514 120
514 121
514 124
514 131
513 130
513 133
513 135
514 136
514 137
513 137
514 139
514 137
515 138
512 142
513 144
514 145
514 147
513 149
514 151
514 153
513 156
514 344
513 348
514 352
511 357
513 362
514 364
516 368
514 374
514 379
515 382
514 386
513 391
514 398
509 403
517 407
513 411
514 421
508 428
516 430
514 435
513 443
509 450
513 453
514 456
513 462
514 472
511 470
513 472
513 477
510 481
512 484
514 487
514 491
511 498
511 502
515 507
511 514
512 521
511 526
515 530
510 534
513 544
511 549
516 553
517 558
515 562
511 566
515 571
513 575
513 578
513 583
512 587
513 591
513 597
513 602
513 608
513 611
513 681
513 684
513 683
513 692
513 696
515 699
515 704
513 707
513 712
513 716
513 726
512 726
510 729
513 733
514 738
516 742
513 745
512 749
512 754
512 758
513 758
513 766
513 770
514 773
513 778
513 781
513 785
512 789
513 793
513 795
513 799
514 802
513 805
514 804
513 812
514 816
514 819
511 823
514 827
512 830
513 834
514 838
511 839
513 844
512 846
511 847
515 855
513 855
513 856
512 860
515 861
513 864
511 869
513 868
511 873
515 877
514 879
512 923
514 924
514 923
514 923
514 923
513 923
512 924
512 923
514 923
514 921
514 921
513 919
514 916
514 937
513 913
514 901
513 907
514 906
514 904
514 902
513 901
514 900
514 898
514 897
513 895
513 894
513 893
513 891
514 890
514 888
513 886
513 884
513 873
515 878
514 876
514 874
514 871
515 869
514 868
514 857
514 857
514 859
513 855
513 852
513 849
515 845
514 842
515 839
511 835
515 831
513 827
514 824
514 817
513 813
515 810
515 799
515 801
515 587
513 584
514 580
516 575
515 567
514 567
514 564
514 560
515 555
515 553
512 549
513 540
515 537
515 533
514 529
516 522
518 516
510 512
514 506
514 498
517 493
510 490
514 485
513 479
516 473
512 469
517 465
514 462
515 452
512 455
513 451
513 445
516 440
515 435
514 431
516 416
516 419
515 414
517 410
514 402
514 398
514 392
516 387
518 381
515 376
515 371
514 367
514 362
513 358
513 352
515 349
515 344
516 339
514 337
514 332
514 320
514 160
511 161
514 151
514 157
512 157
514 154
514 152
513 150
513 149
513 148
514 144
515 142
513 142
512 141
513 139
514 136
515 136
512 130
514 133
515 131
512 130
513 129
513 128
514 124
515 127
513 125
514 120
516 124
514 123
513 122
513 120
515 119
514 119
514 121
513 124
517 120
512 117
517 115
513 116
512 115
514 112
514 115
514 114
513 105
514 113
513 113
519 113
514 110
513 112
513 112
513 114
514 113
513 112
513 108
513 113
514 114
513 114
514 158
512 160
514 161
514 163
514 165
514 167
513 170
514 174
514 176
513 179
514 182
513 185
514 188
514 190
513 194
514 198
513 201
514 207
514 211
514 216
513 219
513 223
512 230
514 230
514 236
514 241
514 246
513 251
513 255
512 259
512 263
513 268
513 271
514 273
514 281
515 284
515 289
514 294
514 297
514 302
513 304
513 311
513 315
513 321
514 324
515 328
514 331
513 338
514 344
509 351
510 352
515 357
513 360
513 366
513 371
512 376
513 379
513 535
513 540
514 543
514 549
512 554
513 558
512 560
512 568
513 571
515 575
514 578
514 582
513 587
513 592
513 596
513 602
512 605
513 612
512 618
513 624
512 630
514 634
514 640
513 646
511 650
512 656
513 660
512 666
511 670
514 674
513 679
513 683
514 688
513 694
513 697
512 703
513 704
513 707
512 711
514 715
514 719
509 725
513 731
512 734
512 738
513 741
513 747
513 748
512 753
513 757
514 761
513 766
513 769
514 764
513 776
515 777
514 784
514 884
510 883
514 888
513 889
513 892
514 894
513 895
513 896
513 893
512 899
512 901
514 902
514 903
513 905
512 906
515 906
513 907
514 904
512 908
516 911
514 911
514 914
513 914
515 915
514 916
513 916
513 917
513 918
514 918
514 920
513 920
515 921
514 922
514 921
514 923
513 923
513 924
514 922
513 924
514 924
514 923
513 924
512 926
512 923
514 923
514 925
514 924
514 924
512 924
515 923
513 923
514 923
514 922
514 921
514 921
512 908
514 917
513 844
514 842
512 839
512 836
514 832
513 826
514 823
514 829
509 813
514 811
514 807
513 801
514 796
514 792
514 788
514 783
514 779
514 775
513 771
512 767
512 760
514 759
514 754
513 750
514 744
515 740
516 734
513 730
513 726
514 722
512 718
513 713
514 707
514 702
516 698
516 692
513 689
513 686
513 681
514 676
515 673
514 668
513 662
515 657
514 654
512 650
513 646
520 641
514 634
511 629
513 615
513 616
515 610
516 604
517 598
514 593
512 588
517 462
514 459
514 457
515 454
513 449
513 444
515 440
513 435
513 430
514 425
512 419
516 413
514 408
515 402
513 396
514 390
515 386
513 381
514 370
516 371
515 367
514 361
516 357
514 353
514 349
513 344
515 340
515 335
514 323
514 329
514 324
514 321
515 316
514 311
513 307
513 304
514 302
518 302
524 285
515 287
514 284
514 278
513 276
514 271
514 267
513 263
514 260
514 257
514 255
514 250
514 244
515 240
513 239
512 236
513 232
513 228
515 224
514 137
515 135
513 134
513 133
515 132
513 130
514 130
514 128
514 127
514 127
513 126
513 124
517 124
513 123
513 122
513 121
515 120
513 119
513 113
514 118
510 122
516 119
520 110
515 115
514 113
514 114
514 115
514 113
513 114
513 114
513 114
513 113
514 113
513 114
514 113
514 114
514 113
514 114
513 115
513 114
514 114
514 115
514 107
514 116
514 117
513 119
514 121
513 116
513 127
514 130
514 132
514 135
514 136
515 136
514 138
513 133
513 139
513 243
514 246
513 250
513 254
514 258
514 263
513 265
514 265
513 276
512 276
512 284
513 289
514 294
513 298
513 302
512 308
511 312
513 317
513 322
514 325
518 330
513 334
512 341
513 344
513 345
514 350
514 356
513 361
513 366
514 371
514 375
513 379
513 383
513 388
513 392
514 398
512 402
512 408
513 413
514 421
513 426
510 433
513 438
513 447
514 449
513 455
510 459
514 463
514 467
514 469
513 474
513 470
512 480
514 484
510 484
514 493
511 497
514 681
513 685
514 689
507 693
514 696
514 700
510 705
512 708
513 712
513 717
513 717
514 725
514 729
514 738
513 737
513 743
512 744
513 750
511 754
513 759
514 761
513 766
513 770
513 773
513 777
514 780
514 784
513 788
512 792
512 796
512 799
515 802
514 805
514 801
514 812
514 816
513 819
513 822
515 826
513 829
513 824
513 836
513 838
512 842
510 846
513 847
513 851
514 851
514 855
513 860
511 863
515 864
514 866
514 870
514 873
511 877
513 916
514 918
513 918
515 918
514 920
514 921
512 922
515 921
514 922
515 922
513 923
513 923
513 923
513 919
515 923
513 922
512 925
514 924
514 923
514 924
515 923
514 923
514 923
513 923
514 924
514 922
514 922
514 921
513 919
514 915
514 915
513 921
513 912
514 908
513 905
514 904
514 902
514 900
512 899
515 902
513 898
514 897
513 895
514 894
513 893
512 889
514 885
513 886
513 884
514 881
514 879
514 877
513 876
514 871
513 870
513 867
514 863
514 709
515 704
512 702
516 698
513 694
514 688
513 684
514 679
508 675
513 672
515 668
512 664
514 658
517 653
512 650
513 646
520 637
513 631
512 628
513 625
510 606
515 609
518 603
510 600
514 593
514 586
517 583
515 580
514 570
516 570
514 566
513 564
514 560
517 556
515 551
515 547
514 542
516 536
512 534
514 528
518 522
514 516
513 510
514 504
516 499
514 492
514 488
513 483
514 477
514 475
514 471
486 469
516 464
513 458
515 454
515 447
516 445
512 278
515 274
515 272
514 268
514 263
515 260
513 256
514 247
516 248
515 245
514 241
514 237
514 234
514 231
515 228
515 225
515 221
514 218
509 215
514 212
514 208
514 205
516 201
514 198
513 196
513 193
513 190
514 187
513 184
513 182
515 179
509 169
514 171
514 167
512 164
514 162
516 159
513 158
513 157
513 154
514 151
514 149
512 148
514 146
513 143
513 143
514 143
514 141
513 138
514 137
514 137
513 135
513 131
515 131
513 132
514 129
513 127
509 115
514 117
513 119
514 121
514 124
514 126
514 129
514 132
513 133
513 135
514 137
515 137
513 138
514 139
514 140
518 144
512 144
516 145
513 147
514 150
513 151
512 153
511 156
513 158
513 160
514 164
514 166
513 167
514 171
514 173
514 176
515 179
516 182
515 185
514 188
513 192
513 193
513 199
514 203
514 206
512 211
514 213
513 218
514 224
513 227
513 232
514 236
513 242
513 246
513 250
511 254
510 260
511 262
513 267
513 272
514 275
515 279
511 342
512 345
510 349
512 353
514 356
514 360
513 360
513 369
513 374
514 378
514 382
513 386
512 391
512 396
512 396
513 407
514 413
515 419
514 425
512 432
512 436
514 443
513 449
512 455
513 458
514 461
514 466
510 471
516 473
513 475
514 480
508 479
515 487
514 491
513 498
509 505
516 507
514 514
514 526
510 528
514 532
513 537
513 545
508 549
516 553
513 557
514 563
510 569
513 571
514 574
514 580
513 584
511 588
514 592
514 598
513 603
513 607
512 722
511 727
513 730
515 737
512 738
514 742
514 747
513 750
514 753
513 758
513 762
512 766
512 770
512 774
513 778
513 782
514 781
514 789
512 793
513 797
515 801
515 805
514 806
512 810
511 812
512 817
514 820
512 823
513 827
512 831
514 832
515 841
513 838
513 843
512 841
513 849
514 850
514 853
512 857
512 860
513 862
514 868
514 868
513 872
512 875
512 877
513 882
511 883
513 884
512 887
514 887
514 889
513 891
514 893
514 894
513 896
512 898
513 924
514 921
513 921
513 922
513 923
511 923
514 922
514 923
514 923
514 923
514 926
514 924
514 924
514 924
513 924
514 923
512 923
513 924
514 923
512 924
514 922
514 922
513 921
513 919
513 918
514 915
513 913
510 907
514 907
513 905
513 904
508 903
513 901
514 900
514 899
513 897
513 897
514 898
513 893
513 893
514 889
513 888
513 885
513 883
513 879
514 878
513 876
514 874
514 871
514 868
513 867
512 864
514 861
515 858
514 854
514 852
514 848
513 751
517 751
515 749
515 739
514 739
512 736
514 733
514 729
513 724
514 721
514 712
515 705
516 702
513 699
513 694
513 689
514 682
519 678
512 675
512 673
513 667
513 662
517 655
510 651
514 652
513 646
513 640
528 632
509 630
513 623
514 615
514 609
515 605
513 599
517 592
515 587
513 582
514 579
516 573
515 567
516 567
514 564
513 561
514 556
515 552
512 547
514 547
513 538
516 533
515 527
515 521
515 516
516 510
514 503
514 499
514 493
517 487
514 372
515 369
515 367
514 362
513 358
513 353
515 347
514 342
515 339
514 335
516 330
514 329
512 324
514 320
514 311
515 311
516 307
515 303
522 299
513 297
516 287
516 289
514 283
513 281
513 276
514 271
514 267
514 263
515 259
515 255
515 253
514 248
517 244
516 242
512 237
515 233
514 229
515 229
515 223
514 221
514 215
514 213
514 210
515 206
514 205
515 201
514 198
514 195
514 193
514 189
514 183
511 183
514 181
514 177
516 175
513 166
518 121
513 119
513 121
514 120
513 119
513 117
517 116
514 117
514 113
515 115
514 114
514 114
513 114
514 113
512 113
513 114
513 113
514 113
514 113
514 114
514 114
514 114
513 114
514 113
514 114
513 114
514 114
514 115
513 115
515 117
514 119
514 121
513 124
513 127
513 129
514 132
514 133
514 134
513 136
514 137
514 139
513 139
514 141
513 142
507 142
513 144
514 146
514 151
514 151
514 153
514 156
513 158
513 160
512 163
513 165
514 169
514 172
514 300
511 303
514 306
512 306
513 311
512 316
511 323
513 326
513 331
513 334
513 339
512 344
513 349
513 351
513 357
514 362
515 366
514 370
512 375
512 380
513 383
515 388
514 392
513 399
507 404
517 408
513 412
513 419
515 428
508 434
515 438
515 443
510 451
513 456
514 458
514 461
514 467
511 471
515 473
513 477
514 481
510 485
514 489
514 496
514 499
510 505
515 509
513 516
509 522
513 527
514 535
514 539
510 546
512 551
516 553
514 559
511 565
511 719
512 723
512 727
513 731
514 732
512 739
513 742
511 746
513 751
514 754
512 754
513 761
514 765
514 769
511 774
513 777
512 781
513 783
514 788
512 790
512 795
513 799
512 802
514 805
514 809
513 812
513 816
512 819
513 823
514 826
512 829
515 832
515 835
513 838
513 841
514 844
514 845
514 849
514 853
514 855
515 858
513 861
515 863
515 867
514 870
514 873
513 876
515 879
513 883
513 883
513 886
513 889
513 889
513 891
514 893
513 893
514 895
514 921
513 923
514 922
514 923
513 923
514 925
514 923
513 923
516 923
513 924
514 924
513 924
514 923
513 923
515 923
513 925
513 922
514 922
512 923
514 922
513 920
513 919
514 918
513 916
514 914
513 909
513 907
514 905
514 904
513 902
513 902
514 900
514 899
514 898
515 897
513 895
515 893
513 892
513 889
513 888
514 886
514 883
513 883
513 879
514 877
514 874
514 871
513 868
513 867
513 864
514 861
515 859
514 854
512 852
511 848
515 845
513 845
516 690
517 688
515 685
512 680
512 676
512 673
513 668
514 665
514 657
515 654
511 651
513 645
513 638
527 633
512 628
514 625
514 619
513 609
522 604
511 601
514 594
513 586
517 584
511 579
514 577
513 569
517 565
511 563
514 561
514 558
514 556
513 547
514 544
513 539
516 533
515 526
515 521
516 516
514 509
515 504
515 497
514 492
514 487
515 483
513 479
515 475
514 468
517 463
513 464
512 457
512 453
515 448
513 446
513 439
514 434
514 427
516 423
517 272
515 269
513 266
514 263
514 259
513 255
514 256
514 246
514 246
514 242
513 238
514 234
515 230
513 227
513 228
514 221
514 218
514 212
515 210
513 207
513 204
513 201
513 197
514 195
513 192
512 191
514 187
514 184
514 181
515 178
513 178
517 173
507 170
514 163
513 163
515 161
515 156
513 155
516 154
512 155
514 148
513 147
514 145
513 145
514 142
513 141
512 143
513 140
514 138
515 135
514 135
513 133
515 132
513 132
514 130
513 129
514 128
514 117
513 118
514 122
513 122
514 124
514 129
513 130
514 132
514 134
514 135
514 137
514 137
513 141
513 139
514 140
513 143
514 144
509 146
515 148
514 149
514 152
514 155
514 159
513 158
514 161
514 164
514 165
513 169
514 171
514 175
513 176
514 180
514 182
513 185
512 192
513 191
512 195
513 198
514 202
513 205
513 209
514 213
513 217
514 224
514 227
513 233
513 237
513 241
513 244
514 248
514 252
514 256
514 261
512 266
513 273
512 278
510 282
514 409
511 415
513 420
514 426
513 431
514 439
512 444
514 449
512 454
513 458
515 462
514 467
514 470
512 475
517 476
514 481
513 487
511 490
515 495
513 497
513 504
511 509
515 515
513 520
512 528
510 533
516 538
513 544
511 551
512 553
516 558
514 563
514 568
510 572
513 575
514 581
513 584
511 588
515 592
514 597
512 601
513 608
511 613
513 620
511 624
512 631
512 636
515 641
514 648
513 652
513 656
518 660
512 667
512 665
512 677
512 683
514 685
513 830
514 837
514 836
513 839
513 842
512 845
513 847
513 851
513 854
513 856
511 862
514 862
511 863
513 870
513 872
513 875
515 877
514 879
514 882
512 884
515 886
513 888
519 890
512 893
514 893
513 893
514 897
512 897
513 899
512 894
514 902
513 904
513 904
513 903
514 905
513 910
513 908
514 909
514 911
512 912
514 912
514 913
513 915
513 915
514 914
513 917
514 918
514 918
514 919
514 920
514 921
514 922
514 921
512 921
514 921
513 924
512 891
514 885
513 883
514 883
513 879
514 878
513 876
514 872
514 872
513 869
514 866
514 862
513 860
513 859
514 854
514 851
514 848
514 845
514 842
514 839
514 835
515 829
514 828
512 824
513 819
513 814
513 812
513 804
516 801
514 796
515 792
513 787
514 780
513 777
512 774
514 770
514 766
514 761
513 758
516 746
516 747
517 744
515 739
512 735
514 730
513 728
514 725
513 718
513 711
513 705
519 706
511 699
514 697
514 692
513 687
514 679
518 675
513 380
515 380
514 371
514 368
515 361
515 356
516 353
515 348
513 344
514 341
513 336
514 332
515 329
514 324
515 320
515 316
514 311
514 308
512 303
513 300
523 292
515 297
513 295
517 283
515 278
514 275
514 271
514 267
514 267
515 259
507 255
514 252
514 248
514 246
514 242
514 237
515 235
513 231
514 227
515 225
513 221
514 217
515 214
515 210
513 207
513 204
514 201
514 193
514 194
514 192
513 190
513 187
514 184
515 180
513 178
514 175
514 173
512 141
514 142
514 140
514 140
514 138
514 134
515 134
513 134
514 136
514 129
513 128
513 129
514 127
514 125
513 125
513 123
513 123
515 122
513 121
513 122
514 120
515 119
514 118
514 118
514 118
514 118
518 114
515 111
512 119
511 116
513 113
514 114
508 113
514 113
513 116
513 113
514 114
514 113
514 114
513 113
514 113
513 114
513 116
513 114
514 113
514 113
514 115
514 115
514 117
513 123
514 120
514 122
513 126
514 129
513 131
514 133
513 135
514 187
513 191
513 193
514 194
513 197
514 202
514 205
513 212
513 213
514 217
513 221
513 227
514 235
513 236
514 241
514 245
514 249
515 253
515 257
514 261
514 266
513 270
513 273
512 278
513 283
513 288
513 294
514 297
514 300
514 305
513 311
513 316
512 325
513 325
514 330
514 333
513 338
513 343
511 348
