513 136
512 137
513 139
514 140
514 139
514 142
513 142
514 144
513 141
513 148
513 150
514 152
514 155
513 157
514 159
514 161
514 163
514 166
513 169
514 171
513 176
513 174
513 180
514 182
514 185
514 188
514 192
514 195
514 196
514 204
513 208
513 214
515 217
515 223
526 221
514 223
515 232
512 237
513 242
514 246
513 250
513 256
513 260
514 265
513 269
514 271
514 278
514 282
513 286
513 290
513 294
514 300
514 304
513 308
514 312
514 317
513 322
514 849
513 846
512 844
513 842
512 838
514 835
512 830
515 826
512 820
513 817
514 807
513 806
514 804
513 798
513 795
515 790
513 786
513 782
514 777
513 773
513 769
513 765
513 760
513 752
513 752
513 747
513 741
513 737
513 733
514 729
513 724
513 720
513 714
514 710
514 706
513 701
513 696
513 691
513 686
514 681
513 677
513 671
513 670
513 664
513 659
513 654
513 652
513 649
514 642
512 635
514 630
513 625
513 620
514 612
513 607
513 602
514 594
516 387
508 391
514 397
517 397
516 406
514 413
513 420
513 425
514 430
514 437
513 442
514 449
514 453
514 458
513 461
513 465
512 470
513 473
513 476
513 479
514 484
514 489
513 492
514 496
514 502
513 508
513 513
513 519
514 526
514 532
514 537
514 542
513 548
512 553
513 557
514 562
512 566
514 570
514 576
505 576
514 584
514 588
514 591
514 597
513 601
513 607
513 611
513 616
511 622
513 627
513 634
513 639
513 645
512 650
512 655
513 660
514 664
511 774
511 777
508 780
412 782
162 783
170 787
229 791
235 795
206 798
192 802
217 806
200 807
242 812
256 816
213 820
223 823
253 828
234 831
262 834
265 837
294 841
276 842
238 845
313 845
286 851
274 854
287 857
258 860
296 863
272 866
306 869
262 871
276 874
302 878
285 880
282 883
284 884
340 886
318 889
255 890
336 892
344 894
391 895
319 896
324 897
344 899
412 900
305 900
344 903
379 904
432 906
333 907
312 909
383 909
469 910
374 911
361 912
388 916
414 918
405 917
367 918
402 919
411 920
415 920
409 921
387 920
434 922
457 918
434 922
437 922
424 922
434 923
460 923
448 918
440 923
439 923
451 924
437 923
441 923
456 924
451 923
477 923
485 922
475 923
467 922
488 922
506 921
509 918
513 916
511 914
513 911
513 908
513 906
513 907
513 904
513 902
512 901
513 899
513 899
513 898
513 895
512 894
513 892
513 891
513 890
513 887
513 885
513 880
514 880
511 877
512 874
514 873
514 870
517 924
463 923
469 923
475 923
479 923
482 923
498 920
508 918
511 916
513 913
513 910
512 909
513 906
513 904
512 903
513 902
513 902
512 900
513 899
513 897
514 896
513 895
512 894
512 891
513 889
513 888
513 885
517 882
513 880
513 877
514 876
514 873
514 869
513 867
512 864
511 861
513 858
513 858
514 853
513 849
514 843
514 842
513 840
512 835
513 834
514 829
512 825
514 823
514 815
514 811
513 806
513 800
513 797
514 790
513 788
513 784
514 778
513 678
513 675
514 673
513 668
513 662
512 656
512 654
512 650
513 645
513 640
514 632
513 627
513 623
513 616
513 611
513 605
514 599
513 591
514 588
512 583
514 576
513 574
515 570
512 564
513 564
512 561
513 556
513 552
514 549
514 543
513 537
513 532
514 528
512 521
514 514
513 508
513 504
513 499
510 492
513 487
513 483
513 480
514 475
514 470
514 465
515 460
512 458
514 454
512 449
512 444
513 439
516 435
512 430
516 426
513 418
514 412
514 407
512 383
514 379
514 375
514 370
515 366
514 362
514 358
513 353
513 349
513 343
514 339
514 336
514 331
514 328
513 324
513 320
513 316
513 312
513 307
514 302
514 299
514 295
513 291
514 287
514 282
513 278
513 275
513 271
513 267
515 262
518 259
523 256
618 254
649 253
922 250
893 246
855 242
814 239
798 233
808 231
794 227
800 222
804 220
775 216
776 213
786 209
776 206
776 203
769 200
745 198
716 194
785 193
795 188
753 186
736 183
744 180
822 177
778 164
700 162
766 159
738 157
696 154
733 151
715 150
713 148
649 146
696 145
680 143
684 142
621 141
705 139
691 137
646 134
615 135
656 133
703 133
691 130
622 129
644 129
653 128
641 126
646 125
652 124
646 123
610 123
650 121
660 121
638 117
583 117
608 119
636 118
605 117
605 116
597 115
602 115
626 115
577 114
578 114
605 119
602 113
594 114
577 114
563 112
577 113
607 113
591 113
589 113
570 111
559 113
548 115
552 114
550 114
547 117
545 115
514 122
514 123
515 126
513 129
513 131
511 133
512 132
513 135
514 137
514 137
513 138
514 139
513 142
513 143
512 145
513 146
514 148
514 150
513 153
513 155
514 158
512 161
513 162
514 166
513 168
512 169
513 173
515 176
514 178
514 181
513 185
513 189
513 191
513 194
513 198
513 201
514 206
513 209
514 214
514 218
514 222
515 227
516 234
517 247
511 242
513 246
513 250
514 255
513 260
513 264
513 268
513 273
513 275
514 280
514 282
514 287
513 292
514 475
513 477
513 480
514 481
513 486
514 489
515 492
513 499
514 505
513 509
513 515
513 522
514 530
513 533
514 538
514 544
513 551
513 555
514 559
515 564
514 569
513 572
515 577
512 582
511 586
510 590
512 595
513 599
514 603
512 608
513 614
513 619
514 625
513 632
513 637
513 643
512 647
514 654
513 657
514 661
514 666
513 672
513 677
513 681
513 686
513 690
512 693
513 697
518 703
513 705
514 709
513 713
513 718
513 722
513 727
513 730
514 735
513 753
513 754
514 762
514 763
513 767
512 772
511 774
508 778
504 780
424 782
207 783
164 788
164 792
201 796
251 799
236 802
242 807
227 810
226 814
226 818
235 821
273 825
266 829
225 831
248 834
264 837
309 841
274 842
260 846
279 847
242 852
294 854
281 857
269 861
296 863
259 865
274 868
259 872
282 873
280 878
312 879
309 883
315 885
336 887
350 889
323 890
357 892
371 893
371 895
339 896
364 898
359 899
386 903
372 902
372 903
375 905
400 905
362 911
399 911
365 912
441 914
395 914
368 916
364 915
423 917
426 918
435 918
417 919
435 919
435 920
407 921
426 921
424 921
436 922
429 922
443 922
435 923
437 922
447 923
463 923
463 925
434 923
422 924
449 923
471 923
479 923
460 923
439 923
457 923
485 923
491 922
490 921
496 921
508 918
512 915
513 913
513 909
513 908
513 906
514 905
513 903
513 901
513 899
514 899
512 899
513 897
513 895
513 894
513 893
518 892
513 888
513 885
513 882
513 880
514 868
512 869
515 866
513 865
513 860
513 858
512 854
513 851
513 848
513 844
514 841
513 838
514 837
512 831
513 825
515 822
513 817
514 812
512 809
513 805
512 800
514 798
514 792
513 788
513 784
513 779
512 775
512 771
513 767
512 762
512 758
513 755
513 749
512 746
512 740
513 734
513 729
513 725
513 723
513 718
512 712
513 707
513 701
513 695
513 694
514 692
513 686
513 679
513 672
513 671
515 669
513 665
513 658
514 652
514 650
513 649
514 620
514 613
513 610
513 604
513 599
514 592
513 586
513 582
514 578
514 575
513 570
513 569
513 563
514 560
512 558
514 553
513 548
513 542
514 540
512 536
513 526
514 521
511 515
513 510
512 503
514 497
511 495
513 489
513 482
515 480
513 474
513 469
513 462
513 462
512 459
514 456
513 450
514 444
513 439
512 429
514 428
516 423
514 419
515 412
512 407
514 400
513 397
513 392
513 385
513 379
514 375
514 370
513 367
511 362
514 357
514 352
514 346
514 327
517 325
513 323
514 319
513 315
514 310
514 305
515 302
516 298
513 293
514 290
514 285
514 282
514 280
512 274
513 271
512 265
514 262
519 259
525 256
616 253
796 253
899 250
885 245
872 240
811 237
769 234
779 229
786 226
800 223
792 218
784 214
788 212
751 207
743 205
786 203
764 198
761 196
719 194
711 191
741 188
792 185
781 181
726 179
752 177
776 173
761 170
762 167
767 165
742 161
738 159
762 153
723 154
713 154
708 150
706 148
670 146
659 139
699 139
699 137
685 136
644 135
629 133
664 132
645 131
653 130
633 128
645 128
649 127
647 125
644 125
642 123
594 124
638 122
644 121
645 118
578 121
619 118
594 118
655 117
606 117
601 118
617 116
598 116
622 115
615 115
578 118
574 115
578 114
575 113
582 113
581 113
583 113
585 114
578 114
560 113
553 113
564 114
583 114
580 115
549 116
524 115
523 116
522 117
518 119
514 121
514 121
514 127
513 130
514 132
513 138
517 139
516 135
515 139
513 143
514 144
514 145
514 148
514 148
514 151
514 153
513 155
514 158
513 161
514 164
514 167
514 168
514 171
513 174
513 175
513 179
516 181
513 185
514 190
513 193
514 196
514 200
514 202
513 207
514 209
513 215
514 220
513 224
514 227
514 237
512 236
515 241
521 245
514 250
513 254
514 258
514 262
513 266
514 273
513 276
514 281
514 285
514 288
513 293
513 297
513 302
513 306
513 312
512 318
514 321
514 326
514 332
514 335
513 339
514 343
514 348
513 368
513 372
514 376
511 378
513 382
513 389
513 394
513 403
512 402
515 408
510 419
513 422
514 426
513 433
514 440
513 445
514 448
513 455
514 462
513 465
514 466
514 470
512 476
513 479
514 480
514 485
513 493
512 495
514 498
514 503
514 511
513 518
514 522
513 530
513 536
513 541
514 545
514 550
514 555
513 559
514 564
513 567
513 572
513 578
511 580
514 584
510 582
515 592
514 600
514 603
513 609
514 615
514 620
512 625
512 631
513 635
513 642
513 667
512 668
512 672
512 678
512 684
514 686
513 690
513 693
514 698
511 703
513 706
513 710
512 714
513 714
513 723
512 727
514 731
513 735
514 740
514 745
513 748
514 752
514 756
510 759
512 763
514 767
513 772
510 775
509 780
477 780
328 780
206 784
189 789
153 793
186 798
239 801
231 805
226 808
245 811
235 816
226 820
222 823
221 826
264 831
278 832
247 836
253 841
274 842
262 845
310 846
254 849
249 853
293 856
267 861
276 862
274 865
241 866
294 879
330 881
296 884
291 886
321 888
331 889
399 892
361 893
356 895
341 896
389 897
377 899
389 900
344 901
409 905
372 905
382 905
381 906
400 908
402 909
390 910
369 911
397 912
400 914
415 914
428 916
413 915
383 917
415 919
412 918
438 920
420 919
379 920
429 921
403 924
443 921
428 922
433 923
416 923
429 923
459 927
460 923
435 924
437 923
437 924
447 924
458 924
456 927
463 924
478 924
475 920
467 924
454 924
470 923
498 922
507 922
505 920
513 909
512 907
512 907
513 904
513 903
513 901
513 900
512 899
513 898
513 897
513 896
514 893
513 892
513 889
513 888
513 885
512 883
513 880
512 878
513 876
513 874
514 871
513 868
513 866
513 862
513 860
514 857
513 855
512 851
516 848
512 844
512 843
513 839
511 835
514 828
514 825
513 820
514 816
513 813
514 806
514 803
513 797
513 793
514 789
512 785
513 782
514 776
513 773
513 768
513 764
513 759
513 755
513 751
512 747
512 745
513 740
513 735
513 715
512 711
513 708
513 702
513 697
514 690
514 684
513 680
514 678
512 674
512 668
514 663
513 660
513 657
513 652
514 646
513 642
513 637
513 632
514 626
514 619
513 613
513 608
513 601
512 596
513 590
513 585
513 580
514 576
513 573
513 569
513 566
513 562
513 557
514 554
512 551
514 547
514 540
513 535
513 532
513 526
513 518
513 509
512 507
513 503
513 496
513 489
522 486
513 482
514 476
514 472
513 467
513 465
514 463
513 455
514 453
512 430
513 426
514 421
513 416
512 410
512 406
513 400
512 395
514 389
514 384
514 378
514 374
512 371
514 366
512 359
513 356
513 351
516 345
514 343
514 337
513 333
513 331
514 326
508 320
513 319
512 315
513 309
514 306
514 301
514 297
514 292
514 289
512 286
514 281
514 276
513 274
514 270
513 266
513 263
515 259
520 255
627 252
655 253
901 251
878 245
863 239
860 237
818 232
781 230
798 225
797 222
766 218
782 214
787 210
775 210
780 206
756 201
753 189
777 183
751 179
751 182
756 178
764 176
748 173
793 169
760 167
770 165
778 162
731 159
732 156
734 153
760 152
729 150
654 148
690 148
662 144
698 143
677 141
662 140
644 139
699 137
660 136
678 134
630 132
653 131
648 131
654 130
640 128
649 128
643 125
639 124
626 124
617 124
600 122
625 121
650 121
627 121
615 134
631 119
610 118
641 118
619 116
614 116
603 116
589 115
587 114
603 114
595 118
548 113
563 112
592 113
595 113
564 113
597 113
570 113
584 113
558 114
544 114
547 113
549 115
533 119
522 117
517 119
516 121
514 125
514 127
513 130
513 132
514 133
514 134
512 142
513 137
514 137
513 139
513 141
514 142
513 143
513 145
514 147
514 148
514 150
514 154
514 156
513 159
514 161
514 163
514 166
513 168
513 170
512 173
513 177
514 179
514 182
514 186
514 189
513 192
513 195
514 199
514 205
515 207
514 210
511 217
514 221
513 226
513 230
514 236
518 236
514 244
506 243
514 251
513 255
513 278
514 279
513 282
514 287
514 289
515 295
514 300
513 303
514 307
514 311
514 317
513 322
514 328
514 331
514 335
515 339
514 345
514 350
513 358
513 362
513 364
514 366
513 372
513 378
513 383
513 386
513 389
513 394
513 398
518 408
516 412
511 416
514 423
513 430
514 435
513 441
513 447
513 453
513 457
514 461
514 466
513 470
513 471
513 474
514 479
513 485
514 487
514 491
513 495
514 503
514 507
515 514
513 520
514 526
514 531
514 536
513 542
513 563
514 563
513 570
514 573
513 578
516 584
515 586
512 588
514 598
513 599
510 605
513 611
516 616
513 622
513 630
513 633
512 640
514 644
514 648
514 654
513 659
513 664
512 669
513 674
513 677
513 683
513 687
514 691
514 695
514 699
514 701
513 707
513 711
513 716
513 719
513 724
513 729
513 730
514 737
513 740
514 744
513 749
513 753
513 756
513 761
510 764
514 768
513 774
511 776
509 780
461 782
277 781
173 785
204 790
202 794
181 798
210 802
224 818
218 823
225 822
213 824
241 830
228 833
241 836
289 838
284 841
247 844
294 847
284 850
254 852
300 856
260 858
286 862
252 864
269 870
277 869
257 874
286 878
279 880
320 881
277 883
301 886
300 888
339 889
372 890
360 892
323 892
345 893
428 899
381 899
403 899
361 900
361 903
346 904
428 905
423 906
388 907
353 909
382 909
412 911
389 911
386 915
381 913
414 914
390 918
400 917
398 916
427 918
380 919
395 921
380 920
436 920
423 921
405 922
428 923
404 923
435 923
445 924
442 923
434 923
460 924
473 925
464 924
450 925
437 924
458 925
473 925
469 923
453 923
463 922
491 922
509 919
510 918
513 916
512 913
511 910
512 908
513 906
513 904
513 902
513 901
513 900
514 899
512 899
512 898
513 896
513 895
513 892
513 890
514 890
513 886
514 883
513 881
513 878
513 878
513 873
512 871
514 870
512 865
512 864
512 860
513 860
513 854
514 851
514 848
513 844
515 841
513 837
513 837
513 829
513 826
512 807
514 801
514 796
513 794
514 789
513 785
512 786
513 776
513 771
514 767
514 763
513 759
513 754
513 750
514 748
513 741
512 737
513 736
513 728
513 723
513 719
513 715
513 710
513 704
513 699
513 694
513 691
513 686
513 685
513 677
513 671
513 667
513 665
513 663
513 654
513 649
514 645
513 643
512 637
514 629
514 622
514 616
513 614
514 607
513 598
513 595
514 591
513 584
515 578
512 575
514 573
512 566
512 563
513 561
514 561
513 553
513 548
513 527
513 523
514 517
513 511
515 511
513 500
513 494
513 491
513 483
514 479
513 475
513 470
514 468
512 462
515 458
512 454
513 450
512 446
514 441
514 435
514 429
514 425
514 420
513 415
513 409
514 405
513 398
515 392
515 386
514 382
514 377
514 372
513 368
513 363
514 359
513 354
515 350
515 347
514 339
513 336
514 333
513 330
514 325
513 321
514 317
514 313
514 308
514 304
514 300
514 296
514 295
514 289
513 284
512 280
513 275
512 272
513 254
585 253
633 251
795 253
898 249
874 247
853 240
837 235
851 231
815 228
825 225
803 221
776 218
769 215
789 210
824 208
798 203
744 201
745 198
760 195
758 193
762 191
758 192
709 183
747 186
768 179
746 175
748 172
723 169
784 165
729 163
784 161
728 158
737 156
766 154
679 151
719 152
710 148
699 146
665 145
671 143
669 143
716 140
675 139
664 138
662 136
712 135
693 133
646 132
642 131
662 129
683 129
651 127
639 127
635 124
623 124
629 124
650 120
620 122
617 116
616 118
606 117
632 116
607 116
584 116
591 115
592 114
577 114
593 114
600 115
564 114
568 114
600 114
593 113
568 114
558 114
570 113
576 114
565 111
574 114
547 112
536 116
541 115
562 116
540 117
520 119
515 120
514 123
514 124
514 128
514 130
513 132
514 134
514 133
513 133
507 137
513 139
513 140
514 141
515 144
514 144
514 146
514 147
513 149
514 153
514 155
512 157
514 159
514 162
513 164
514 167
514 169
513 172
513 175
514 189
513 191
512 193
513 196
513 200
514 204
514 208
513 213
514 217
514 224
513 227
513 232
514 237
510 241
513 244
512 244
494 251
514 256
514 261
514 265
514 269
513 273
514 276
514 282
513 286
514 292
513 297
514 301
514 306
514 311
513 313
513 315
513 320
514 326
513 331
513 338
513 341
513 348
514 351
514 354
514 360
513 365
513 369
514 373
514 376
514 381
513 387
513 391
514 395
514 401
516 408
507 413
514 417
513 422
513 432
513 438
513 443
514 465
512 466
513 469
513 471
513 476
513 479
513 484
514 487
514 493
513 499
513 503
513 507
513 513
513 521
514 526
514 531
514 538
513 545
513 548
514 553
513 558
513 564
512 568
513 571
513 573
514 580
513 584
513 586
515 591
513 596
504 600
515 608
515 613
512 619
512 625
512 629
515 635
514 641
514 645
514 650
513 656
513 661
513 665
513 670
513 674
514 679
513 683
513 687
514 692
514 697
513 701
513 703
514 708
513 712
513 717
513 721
514 725
513 743
513 746
513 750
513 754
513 757
513 762
515 764
513 769
512 775
509 777
508 780
426 782
251 782
176 786
171 790
187 794
196 797
190 803
192 809
204 810
232 813
228 816
268 820
247 822
203 826
228 830
252 832
265 835
282 840
260 841
267 844
245 848
257 850
257 853
274 856
277 858
225 861
249 865
255 868
282 871
281 873
300 876
246 879
263 881
337 884
351 886
311 888
305 889
341 891
377 893
343 894
338 896
368 897
399 897
370 900
302 902
351 898
349 908
389 908
368 910
341 910
383 912
421 912
376 913
365 914
392 915
430 916
395 917
397 918
374 918
424 919
432 920
435 920
442 921
403 921
424 923
437 923
419 922
428 923
443 923
429 923
446 924
453 925
447 924
446 923
464 923
471 923
442 924
451 924
465 924
466 923
471 923
470 922
468 918
489 921
507 920
512 917
513 915
512 912
512 910
513 907
512 905
513 905
513 902
513 901
514 900
515 900
513 898
513 897
513 898
513 893
513 892
513 890
513 887
513 879
513 876
513 873
510 871
515 867
513 862
513 863
512 860
513 858
511 853
514 852
512 849
514 845
513 843
513 837
513 834
515 830
513 824
513 823
513 817
512 813
513 808
514 804
513 799
514 792
512 788
514 786
512 782
514 778
513 774
514 768
513 763
514 756
514 755
513 747
514 747
513 742
513 737
513 734
513 729
513 724
513 719
514 712
513 707
514 704
513 699
513 698
513 692
513 687
513 679
514 676
513 674
513 671
513 664
514 659
513 656
513 652
513 626
513 623
515 617
513 611
512 607
513 602
514 594
514 587
513 584
513 579
514 575
514 570
513 567
513 565
513 560
513 560
514 554
512 548
514 544
513 539
512 534
513 529
513 522
512 517
514 511
513 507
516 499
513 493
509 490
513 483
513 479
513 476
513 472
512 466
513 464
513 456
514 454
513 449
515 445
514 439
514 435
514 428
516 424
511 421
513 415
513 407
512 401
515 397
513 395
514 386
514 379
514 376
513 372
512 366
513 362
513 360
514 352
515 334
513 332
513 328
513 324
513 319
515 316
513 311
514 307
513 302
513 296
514 295
513 292
513 287
514 282
514 278
514 274
514 271
514 268
514 263
516 260
520 255
623 254
667 252
889 251
885 247
871 243
851 238
820 234
851 230
833 225
800 222
789 220
761 215
800 212
782 208
765 205
774 203
746 200
750 199
754 194
742 192
767 189
760 186
776 183
737 183
729 181
755 176
764 170
754 169
747 166
759 163
708 160
754 158
719 155
735 152
665 150
684 144
672 140
696 141
707 140
657 136
660 138
667 134
698 134
668 133
677 132
664 131
715 128
664 128
624 128
643 126
666 124
633 124
616 123
626 122
649 121
654 121
588 120
623 120
625 120
620 119
633 117
554 119
598 116
576 116
612 115
604 114
567 113
587 115
591 115
599 115
591 113
568 114
565 117
564 114
583 114
584 113
566 115
546 115
545 115
559 115
549 115
544 116
533 117
518 118
515 121
515 123
513 125
515 128
514 129
513 132
513 133
513 136
514 141
515 140
514 143
514 143
514 145
514 147
514 148
514 151
514 153
514 157
514 159
513 161
514 161
513 165
513 167
513 170
514 176
514 176
514 179
513 183
513 185
514 188
514 190
513 194
514 198
514 201
514 206
514 210
513 215
513 218
514 223
513 227
514 232
513 237
514 241
525 243
514 247
513 255
513 256
514 260
513 264
513 268
513 273
513 278
514 282
514 288
514 291
513 295
514 299
512 303
514 307
514 312
514 317
514 323
513 330
514 334
513 338
513 359
514 361
514 365
514 369
514 373
513 378
512 381
513 390
513 392
513 393
514 400
514 408
517 418
517 423
511 423
513 430
513 437
513 443
513 448
513 453
514 460
514 462
513 464
514 468
514 473
513 476
513 480
514 483
514 489
514 492
514 497
514 504
513 509
514 514
514 520
513 526
514 532
514 538
512 543
513 550
513 554
514 557
514 562
509 567
512 572
514 575
513 578
514 582
513 588
515 595
513 599
514 599
508 612
509 613
512 619
514 624
513 631
513 654
513 658
513 661
513 666
514 671
513 675
513 679
513 684
514 688
514 693
513 697
513 702
513 705
513 709
513 713
513 717
514 722
514 725
514 730
513 733
513 738
513 743
512 748
513 750
513 755
514 759
513 763
514 768
511 771
512 774
512 780
492 780
396 779
169 783
184 787
186 791
186 795
232 799
164 804
154 809
215 812
262 815
264 819
229 822
221 824
224 828
248 833
285 834
264 837
257 840
248 843
250 846
279 848
262 851
293 854
219 857
262 861
232 872
281 876
270 877
291 880
268 882
306 885
328 886
350 888
367 891
322 892
327 892
376 894
372 897
378 897
357 899
348 900
353 901
369 903
356 904
375 905
345 906
380 909
345 909
361 909
429 911
386 910
377 912
364 913
425 916
389 913
397 916
352 917
450 917
391 919
399 919
419 920
404 920
456 921
443 921
420 922
408 923
428 918
442 922
450 923
453 923
429 924
435 923
462 923
484 923
463 924
437 923
435 923
468 923
478 923
469 923
457 922
467 921
512 914
512 913
512 911
512 909
513 906
512 904
513 902
513 901
514 900
513 899
513 898
513 898
513 897
513 894
513 891
513 891
513 888
513 888
513 884
513 881
513 880
513 877
513 875
513 872
513 869
513 866
513 863
513 862
515 861
512 857
514 853
514 849
512 846
513 842
513 840
513 835
512 832
512 828
514 823
514 819
515 814
513 811
515 807
513 801
511 799
513 792
512 789
514 784
514 780
513 775
513 772
513 768
512 763
513 759
514 756
513 751
513 745
513 726
513 724
513 720
513 714
514 709
514 704
514 698
514 694
513 690
513 690
513 682
513 677
513 673
512 666
514 664
514 660
514 654
513 651
513 646
513 641
513 635
514 629
512 627
513 618
513 612
513 606
514 599
513 593
514 589
514 585
514 580
513 576
516 570
514 569
514 565
513 560
513 557
513 554
513 548
514 544
513 539
513 535
513 529
512 522
513 517
514 510
513 505
513 499
513 494
513 488
513 483
513 479
513 475
513 470
513 466
514 461
512 460
514 439
513 435
513 429
513 423
514 419
514 413
513 409
513 401
514 397
514 389
513 385
512 380
514 374
513 371
512 366
514 361
514 356
513 353
514 346
514 343
514 337
513 335
514 331
513 328
513 323
513 319
504 312
515 309
514 305
514 302
514 298
513 294
513 289
510 285
513 282
514 277
513 273
513 269
513 265
515 262
516 258
522 254
652 254
704 253
927 250
882 245
844 240
843 237
846 232
836 229
814 226
774 223
801 219
813 215
803 213
792 208
762 205
796 192
783 191
807 187
758 186
725 183
775 177
733 179
819 173
760 171
742 168
697 164
747 161
760 160
720 157
702 155
681 152
707 150
672 148
653 147
651 147
682 144
681 143
676 138
622 140
665 138
699 137
659 136
659 135
644 133
691 133
652 131
659 129
632 128
656 128
631 127
647 125
647 124
676 124
608 123
635 122
626 123
677 120
603 120
657 127
605 116
610 119
602 117
609 117
592 116
582 118
593 115
582 114
602 114
584 111
570 114
589 114
597 114
565 114
587 114
570 114
537 115
536 115
549 116
571 117
543 116
523 118
516 119
514 122
514 125
514 127
514 130
514 131
514 132
514 133
514 135
514 143
518 136
516 139
513 140
514 141
513 142
512 146
513 146
513 149
514 150
514 153
515 156
514 158
512 161
513 163
514 163
514 167
514 170
513 173
512 176
513 178
513 181
513 185
514 187
514 191
514 194
513 196
513 201
514 205
513 209
514 214
514 216
513 222
514 226
514 230
513 237
515 244
513 245
514 263
514 267
511 272
514 277
514 280
514 284
514 289
514 292
513 296
513 299
513 309
513 311
513 315
514 321
514 325
514 329
514 333
514 339
510 344
514 349
514 353
514 357
514 361
514 365
514 370
515 374
513 378
513 385
513 389
513 393
514 395
514 402
513 409
514 421
506 417
516 425
513 431
514 440
513 445
514 448
513 455
513 459
513 463
514 466
514 471
514 474
514 476
514 480
514 484
513 489
514 493
513 497
514 505
513 510
513 515
514 522
513 528
513 553
514 556
514 559
513 562
514 567
513 571
514 576
514 580
514 583
513 587
516 591
514 596
513 604
511 607
510 615
524 619
513 624
513 630
513 635
515 640
513 645
514 650
513 656
512 660
513 666
513 670
514 675
512 679
514 684
514 688
514 693
513 698
514 701
513 705
512 709
513 713
513 717
514 721
514 725
514 730
513 732
512 738
513 742
513 750
512 752
513 755
513 759
513 763
514 764
512 773
522 774
511 778
474 780
286 780
195 780
209 787
195 791
191 811
236 813
233 816
248 817
247 822
234 824
232 829
223 832
240 835
256 838
266 840
263 844
244 847
258 850
240 852
279 855
274 857
235 861
248 864
268 868
271 870
257 873
287 876
238 878
315 880
305 884
330 886
347 885
292 891
336 892
372 894
392 895
382 896
354 898
321 898
390 900
392 902
334 903
391 905
400 905
390 907
326 909
352 909
390 911
430 911
366 912
355 912
429 913
383 915
374 915
387 914
427 917
382 918
367 919
395 919
448 920
417 918
423 922
420 924
444 923
428 923
412 923
447 923
463 923
456 923
455 924
455 924
445 923
442 924
466 924
475 924
460 922
470 923
479 924
477 918
490 921
506 919
511 917
513 915
514 913
513 912
512 908
513 906
513 903
513 903
514 900
513 900
512 900
513 898
510 897
514 895
513 894
512 892
513 890
516 884
513 885
513 883
513 882
513 878
513 876
513 873
510 871
514 868
513 865
514 863
513 860
513 857
514 855
513 851
512 848
511 845
514 844
509 838
514 835
513 816
512 814
512 810
512 805
515 801
513 797
513 792
513 788
513 783
514 778
513 776
513 770
513 762
513 763
513 759
514 756
513 751
513 746
514 741
513 736
513 734
513 728
512 723
513 717
513 713
513 708
513 702
513 698
513 694
513 690
514 687
514 680
514 675
513 672
513 668
514 664
513 659
513 652
514 648
514 644
513 640
514 633
513 627
512 622
511 617
514 611
513 605
513 599
514 594
513 586
513 583
515 579
512 574
513 571
513 567
513 564
512 560
512 542
513 539
513 535
514 528
513 522
514 514
515 511
514 501
514 497
513 492
513 488
513 483
514 478
523 473
513 470
512 467
513 462
514 457
513 454
513 449
515 445
512 439
514 434
514 428
514 423
513 419
513 416
514 407
513 401
515 395
514 391
513 384
514 379
514 375
513 371
513 367
513 361
513 355
515 351
514 347
512 341
513 337
513 335
512 331
512 327
514 323
513 318
513 313
513 309
514 306
513 295
513 298
514 294
513 289
514 286
514 281
513 278
516 260
518 257
524 255
645 255
642 253
931 251
875 245
864 241
885 236
863 232
840 228
810 224
776 220
783 218
795 214
802 211
789 207
742 204
745 201
779 198
777 196
740 193
745 191
741 190
761 185
770 182
732 178
768 174
747 173
743 170
760 168
718 164
733 161
729 155
781 155
697 155
676 152
704 149
702 148
716 146
678 145
656 143
682 142
686 140
681 139
673 138
667 137
669 135
674 131
674 132
673 130
691 131
697 128
641 123
639 127
642 125
658 125
513 127
514 128
516 130
