514 636
514 643
513 644
513 648
513 655
510 658
513 662
514 667
513 672
514 675
512 682
512 687
512 692
513 695
512 699
514 702
514 706
513 710
513 714
512 719
512 724
512 729
513 732
514 736
513 740
513 744
513 748
513 752
514 755
513 760
513 763
513 768
513 772
513 775
512 779
420 781
397 784
386 788
363 793
362 800
356 800
351 804
382 807
401 810
376 813
366 817
357 820
358 825
384 827
386 831
397 833
372 836
375 839
377 843
382 845
422 848
393 851
514 289
514 286
514 283
514 280
514 276
514 272
513 269
512 265
513 261
514 257
571 255
620 254
637 248
657 244
669 241
654 236
641 232
652 229
656 225
627 220
666 220
659 216
639 212
642 209
626 205
644 203
641 200
621 197
625 194
605 191
628 188
637 184
653 183
636 180
629 179
649 173
627 170
676 168
651 165
653 161
629 158
636 156
623 155
626 152
609 150
602 148
606 146
593 145
560 143
593 141
624 140
597 139
554 138
564 136
604 134
606 137
599 134
356 863
375 866
379 868
414 872
397 875
418 877
387 881
390 883
395 885
437 887
426 889
430 890
399 892
430 893
411 895
453 896
465 898
441 898
437 901
447 902
468 903
473 904
473 905
453 906
462 908
447 909
485 910
458 912
470 912
436 910
471 914
429 915
462 916
444 916
489 917
459 918
451 919
457 920
479 920
473 921
474 923
459 917
443 923
472 923
481 921
487 923
493 923
461 923
463 923
473 921
488 925
488 923
486 920
473 924
475 923
492 925
501 923
513 879
514 878
513 875
513 877
513 871
513 867
513 863
512 862
515 860
515 855
513 853
514 850
513 846
513 845
512 840
513 837
514 832
514 829
513 824
514 821
515 816
514 812
514 807
512 803
513 796
513 792
513 788
513 784
512 780
513 775
512 771
513 766
513 763
513 757
512 754
513 750
513 744
513 741
513 737
513 733
513 728
513 723
513 717
514 707
514 708
513 704
513 700
513 695
513 689
514 684
514 679
513 675
512 673
513 669
512 663
514 658
514 654
513 632
514 628
512 626
513 617
514 612
514 605
515 599
514 592
513 589
514 583
513 579
513 575
511 570
514 567
513 550
513 562
513 555
516 551
511 549
514 545
513 538
518 532
513 530
512 524
514 516
516 510
514 510
513 500
513 493
515 485
513 484
513 479
515 476
515 469
513 467
512 463
513 458
513 454
514 450
514 444
515 441
515 435
513 430
513 422
513 421
512 414
515 408
513 404
513 397
514 392
516 387
514 382
514 377
514 373
510 372
514 364
512 341
513 339
512 337
513 333
513 333
513 325
514 321
514 314
514 312
514 308
514 303
513 299
513 295
514 291
514 288
513 283
513 280
512 276
514 272
514 268
514 264
515 260
517 256
588 254
629 251
629 247
656 244
647 241
672 236
681 231
669 232
658 225
656 223
652 219
654 216
645 212
681 209
657 209
636 203
626 200
618 195
667 195
653 191
619 189
628 187
607 183
644 180
655 177
658 173
599 171
621 168
647 165
629 162
661 159
621 157
651 155
594 152
618 144
567 143
575 141
603 142
603 140
597 138
611 136
620 131
602 135
588 133
583 137
617 129
626 129
561 129
550 127
581 125
612 125
578 123
581 124
572 122
597 120
541 120
594 119
591 119
594 118
533 117
552 117
559 119
570 116
573 115
541 114
547 114
552 114
552 114
571 110
552 114
529 114
538 111
550 114
540 113
554 113
553 113
529 114
529 114
537 118
544 113
541 112
513 115
528 116
518 117
515 118
513 121
514 122
514 125
515 128
513 130
514 132
514 138
513 140
513 144
513 141
513 142
513 144
514 145
513 148
513 150
514 152
513 155
514 158
513 160
513 162
513 164
513 167
514 169
512 172
514 175
514 178
517 179
518 183
513 187
513 188
510 186
514 197
513 200
514 207
513 207
514 212
513 216
514 222
514 226
512 230
513 236
513 239
514 243
513 246
513 252
514 256
513 261
514 264
513 269
513 273
513 281
513 282
513 287
513 290
513 297
513 301
513 306
513 309
514 312
514 318
514 323
513 329
513 334
515 350
508 360
514 370
514 366
516 368
513 374
513 381
512 386
513 387
513 390
513 395
513 404
512 409
515 413
514 419
513 428
511 434
513 438
513 443
514 451
512 456
515 458
513 461
514 468
513 472
512 473
513 476
513 483
513 486
514 489
514 494
513 498
512 505
513 510
513 518
512 522
513 527
514 532
513 537
513 543
512 549
512 554
514 559
513 563
512 567
513 572
514 575
514 579
513 583
513 588
513 592
514 597
513 602
512 608
511 614
514 618
512 624
511 648
513 651
514 656
511 661
512 666
513 670
513 674
513 678
514 684
514 688
514 693
513 695
512 701
512 705
513 708
513 712
513 716
513 720
514 725
513 729
512 734
513 738
513 742
513 746
513 749
513 753
514 757
513 764
513 765
513 769
514 774
514 777
512 780
444 782
413 785
378 789
382 793
375 796
354 801
364 804
374 806
398 811
411 814
377 817
382 821
397 825
368 828
386 831
405 834
395 836
401 839
388 843
396 845
406 848
403 851
380 854
369 856
487 920
473 922
452 920
463 922
482 922
474 921
468 922
472 923
479 923
495 921
490 921
478 922
481 925
473 923
480 923
496 923
488 922
496 923
496 922
490 922
476 924
487 923
500 921
510 922
512 920
512 915
512 916
512 913
513 911
513 908
513 906
513 904
513 900
513 902
513 900
513 900
513 898
516 897
513 895
513 893
513 892
513 892
514 888
513 887
514 884
513 881
514 879
515 877
514 874
514 873
513 873
515 866
513 862
513 862
514 859
513 855
514 852
514 838
513 836
513 832
514 828
513 824
512 820
513 815
513 811
513 806
513 805
515 798
513 793
513 788
516 784
513 780
513 777
514 772
511 769
514 764
513 760
513 754
514 749
513 747
513 740
513 737
514 733
513 731
513 725
513 720
513 716
513 708
513 703
514 698
514 696
514 692
513 688
513 681
513 676
514 672
512 669
513 664
513 660
513 653
514 649
513 646
513 639
514 636
513 629
513 624
514 618
512 612
513 607
513 600
516 594
513 590
514 584
514 576
512 560
511 561
513 558
513 555
513 548
518 542
512 539
514 536
513 529
516 522
512 516
513 511
513 504
517 499
506 494
513 489
513 484
516 478
513 476
513 471
514 466
515 461
516 458
514 457
513 449
513 444
513 440
513 436
513 429
515 424
514 418
513 414
513 407
516 401
513 396
514 391
514 386
513 381
512 376
515 372
513 363
515 362
514 357
514 353
513 348
512 344
513 340
514 336
515 332
514 328
514 324
514 320
514 316
513 310
513 307
513 303
513 299
514 282
513 279
514 275
514 271
514 267
514 264
515 259
521 256
644 253
651 253
639 246
673 242
671 240
628 235
650 233
668 229
630 226
668 222
671 218
660 218
664 214
646 210
657 206
676 203
635 199
659 195
628 195
625 191
630 188
651 186
659 183
626 180
622 175
640 174
624 171
624 168
636 164
627 162
646 159
596 157
616 155
628 153
589 151
618 149
579 145
582 146
587 145
631 143
581 142
610 140
576 138
596 137
563 136
602 136
600 133
589 133
558 128
575 124
574 125
577 125
560 123
577 123
596 122
598 121
561 121
572 119
565 119
577 118
580 117
572 117
538 116
547 116
566 115
561 115
551 115
544 114
538 115
537 114
547 114
548 114
549 114
545 113
540 114
534 114
534 114
544 114
562 114
537 119
513 110
519 116
519 117
519 117
516 119
513 120
514 124
514 127
514 129
514 131
515 132
514 135
513 135
513 137
514 138
514 139
514 140
514 141
514 142
513 145
514 147
514 149
513 151
514 153
513 156
513 165
514 168
514 168
513 172
514 175
513 178
512 180
513 183
511 185
514 192
514 198
513 198
513 201
514 205
513 208
514 213
513 218
513 222
514 226
513 231
514 238
514 241
512 245
514 249
513 252
514 256
513 263
514 266
514 269
514 277
513 278
515 281
514 287
514 294
514 295
514 300
516 304
513 310
514 315
513 319
513 323
514 326
513 332
513 338
514 344
510 353
512 358
514 356
502 359
516 367
513 370
513 373
514 376
514 381
514 387
511 394
513 393
514 425
513 431
512 435
512 437
513 443
514 447
513 453
514 460
513 463
514 465
513 466
513 476
513 478
513 481
513 485
513 490
513 494
513 498
514 504
511 510
515 515
513 520
513 527
512 537
513 542
512 544
514 549
513 554
513 558
512 563
512 567
513 571
513 576
513 580
513 584
514 588
514 593
513 598
513 603
513 607
513 613
515 620
512 624
511 630
514 637
513 641
515 646
513 651
514 656
514 660
513 667
514 671
511 676
511 680
513 685
513 689
513 693
513 709
512 716
513 719
513 720
513 726
513 730
513 734
514 739
514 743
514 748
514 751
512 754
512 758
513 762
513 767
512 771
512 776
512 779
466 781
421 784
395 787
369 790
376 794
375 796
360 801
382 806
375 810
356 813
383 816
363 820
383 823
378 826
378 829
388 832
371 835
392 839
417 839
393 844
398 847
377 849
384 852
409 855
399 858
397 861
377 864
370 868
398 870
382 873
407 876
407 878
398 880
419 882
398 885
426 890
458 889
445 891
444 893
424 897
460 899
422 900
426 902
462 903
465 905
453 908
462 907
467 908
469 909
438 910
465 911
476 912
481 913
454 914
440 915
480 915
461 917
472 918
451 918
469 919
470 920
465 921
456 921
450 920
498 918
475 922
439 921
477 922
490 923
488 923
493 923
484 924
457 924
466 923
492 922
494 923
494 924
482 923
490 923
501 922
494 923
500 922
502 921
498 920
509 918
512 917
513 914
513 912
515 909
514 907
513 905
514 903
513 902
513 901
509 899
513 898
513 892
513 892
514 890
513 888
513 885
514 882
514 878
513 878
513 876
513 874
514 871
512 869
514 867
513 862
514 858
514 858
513 854
513 853
513 849
514 845
514 845
513 841
514 835
513 837
513 827
514 824
514 820
514 815
513 810
513 807
513 804
514 797
513 792
513 788
513 783
513 778
514 775
515 770
513 767
514 762
513 760
513 755
513 750
513 747
513 743
514 735
513 732
512 727
514 723
513 718
513 714
512 709
514 705
513 700
513 695
513 688
513 685
514 665
514 663
515 658
513 656
513 652
514 647
515 641
514 635
513 630
514 624
514 618
514 611
513 606
513 599
513 593
512 588
514 584
514 579
514 574
515 572
513 569
514 565
513 559
514 556
515 553
516 548
512 543
515 538
516 534
512 529
516 523
513 516
513 511
513 505
514 498
515 493
514 488
512 486
513 478
516 474
513 469
513 465
514 462
514 458
516 453
513 448
513 444
514 439
515 434
514 429
514 423
514 419
513 413
514 411
513 401
513 396
514 391
515 367
526 366
511 363
514 355
513 352
514 348
513 343
515 339
514 335
514 332
513 328
514 323
514 320
515 315
515 308
514 305
514 302
514 298
514 294
515 290
514 286
514 282
513 278
513 275
513 272
513 266
514 262
515 258
529 255
646 254
637 248
634 246
668 243
650 241
664 236
666 231
665 227
669 230
642 221
640 219
649 211
633 210
668 207
663 204
628 202
627 196
619 196
617 193
649 191
637 187
633 185
620 181
619 179
630 174
645 173
638 170
616 167
621 155
614 154
613 152
587 151
591 148
602 146
633 146
603 145
605 142
579 141
576 139
586 138
608 136
613 135
565 135
559 131
592 130
610 131
578 130
570 128
599 127
582 126
552 125
563 125
609 123
589 123
554 122
550 120
581 120
588 119
600 118
552 117
561 117
564 117
555 116
546 116
548 114
555 114
555 115
543 114
536 115
561 113
556 114
534 113
542 115
538 114
534 113
547 114
548 114
523 112
519 114
524 115
536 115
539 95
538 117
517 118
516 120
512 128
513 132
513 133
514 134
514 136
514 137
513 139
513 140
514 140
513 142
513 145
515 145
513 147
513 150
513 152
514 154
514 157
513 160
513 161
514 163
513 165
514 167
514 170
514 174
514 175
513 180
513 184
516 184
514 186
515 193
514 195
515 195
513 201
513 205
514 210
513 213
514 218
513 225
513 228
512 233
513 236
514 241
513 245
514 249
514 254
514 258
513 262
513 266
514 270
514 274
513 278
515 282
514 287
513 293
513 297
515 301
513 323
513 324
513 327
513 332
514 338
514 342
514 350
514 351
515 353
524 362
514 365
517 370
514 375
513 379
514 382
513 386
513 391
513 397
515 402
513 406
513 412
514 419
514 425
512 431
513 437
513 443
513 449
514 452
513 457
514 462
515 466
513 469
514 471
513 475
513 481
513 484
514 488
513 493
514 498
512 504
513 509
514 514
513 520
514 527
513 532
516 538
514 543
512 549
513 553
513 558
513 563
513 567
513 571
514 575
511 580
514 582
513 588
513 611
513 615
513 619
512 625
513 630
512 636
514 640
512 646
513 654
511 657
512 662
513 665
514 672
513 675
513 680
514 685
514 690
512 694
513 698
513 701
513 706
513 709
513 714
513 718
514 722
514 726
514 731
512 735
513 740
514 744
513 748
513 752
514 756
514 759
513 764
513 768
514 771
513 775
513 779
457 781
388 784
369 789
392 792
392 795
360 799
372 803
356 807
368 811
398 813
393 817
374 821
366 824
358 827
377 831
392 834
396 837
402 839
386 853
410 855
382 857
399 859
415 861
353 866
337 867
391 872
413 874
406 877
369 880
366 882
388 884
448 888
429 889
404 890
421 892
437 893
455 895
413 896
428 897
458 893
438 900
400 902
422 904
447 904
458 906
411 907
430 908
462 909
448 911
446 911
469 911
442 912
445 911
427 914
469 915
444 916
460 917
457 918
461 919
442 919
485 919
474 920
483 922
481 922
451 922
473 922
470 923
482 922
480 922
465 923
464 924
488 923
498 924
493 924
476 925
482 924
501 922
500 923
490 923
504 925
510 920
511 920
512 917
513 915
512 913
513 909
513 907
513 905
513 903
511 901
513 901
513 899
514 899
513 898
513 897
513 895
514 893
515 891
512 889
513 887
513 885
513 883
512 878
513 878
514 876
514 874
514 871
514 868
513 865
513 862
513 860
513 857
513 855
513 853
515 848
515 844
514 842
513 838
513 834
513 831
513 828
514 823
514 817
513 814
515 810
515 805
513 801
513 797
513 792
513 790
514 783
513 776
515 757
513 753
513 751
516 747
513 744
513 741
513 737
514 733
514 726
514 720
513 714
513 710
513 706
513 704
513 700
513 694
515 688
513 683
513 681
513 677
513 672
515 666
514 662
513 659
513 655
514 648
514 643
513 641
514 635
513 628
515 622
514 617
513 613
513 604
516 597
515 592
513 589
512 583
514 579
512 573
514 571
514 566
514 564
513 560
511 556
514 550
513 547
514 544
508 539
516 532
514 528
513 523
514 515
514 509
513 505
513 498
516 491
513 472
513 469
513 466
512 463
514 458
515 453
515 452
514 444
513 445
515 434
512 430
514 424
514 419
513 413
515 407
515 404
513 396
515 390
515 386
514 377
514 377
513 372
514 367
515 365
515 360
514 352
514 348
514 339
514 339
513 335
513 331
515 327
515 328
515 321
514 316
513 310
514 307
514 302
514 300
513 295
513 291
514 287
514 283
515 279
515 275
514 268
514 266
514 263
515 258
521 256
658 254
642 250
624 247
636 242
675 237
678 235
662 230
655 217
642 220
653 212
653 207
636 201
634 202
622 199
631 196
665 194
634 191
620 188
632 183
638 182
663 179
632 176
653 173
652 170
638 167
626 164
627 161
647 158
627 156
622 154
601 152
603 150
637 147
613 146
584 145
538 143
610 141
600 140
582 140
535 137
609 136
591 135
554 134
528 132
602 131
613 132
566 129
535 128
570 126
565 125
541 125
563 123
569 120
567 122
535 121
558 120
570 116
564 119
565 117
558 117
559 116
574 115
575 116
556 115
551 113
539 114
559 114
546 114
536 114
535 114
554 113
557 115
532 113
532 113
532 114
536 113
542 112
541 116
516 117
519 116
515 118
513 120
514 122
514 124
514 126
512 129
514 131
513 133
515 134
513 136
514 137
513 138
514 140
513 140
514 142
513 143
513 146
515 148
513 150
514 152
513 154
514 156
513 158
513 161
514 163
514 166
513 169
514 171
514 173
513 176
514 179
513 182
514 185
513 187
513 190
507 196
513 198
513 202
514 208
513 207
514 215
513 235
514 238
514 242
513 245
513 250
512 253
508 257
513 262
513 267
514 272
514 277
513 281
513 287
513 291
513 295
513 299
515 302
514 307
514 312
513 316
513 321
513 327
514 330
513 335
513 340
515 342
513 349
511 352
510 360
516 354
510 364
515 369
514 373
513 379
513 383
513 387
514 392
514 398
513 404
513 410
513 416
514 422
514 427
513 432
513 440
513 446
513 449
514 453
514 458
512 463
513 465
514 469
515 473
512 478
515 475
513 484
513 507
513 512
511 517
514 521
514 527
513 534
512 538
514 544
513 549
511 555
513 559
515 562
514 567
513 572
511 576
513 580
514 584
512 589
512 593
513 598
513 603
513 609
512 614
514 619
513 624
513 632
511 636
513 641
513 647
512 651
513 657
513 661
514 665
514 670
512 675
513 683
512 685
513 689
513 693
513 697
515 701
514 704
513 705
513 713
512 717
512 722
513 726
515 732
513 735
513 739
513 742
514 746
514 750
514 755
514 759
513 758
513 765
514 781
433 784
387 787
390 790
355 794
338 799
357 802
375 805
377 808
385 812
384 815
338 820
336 818
370 827
395 828
407 832
384 836
352 838
377 841
384 844
408 847
376 851
389 854
390 856
379 859
427 862
399 865
383 867
406 865
418 872
385 877
388 879
424 881
431 884
403 886
398 884
394 889
451 891
437 893
441 895
422 896
444 897
444 899
423 902
435 901
436 902
449 903
434 904
406 907
434 908
469 908
454 909
446 911
427 911
436 912
439 915
462 914
441 918
447 919
462 919
467 920
480 921
455 915
457 921
482 923
476 921
488 923
484 922
456 925
478 921
482 923
479 924
493 923
499 925
476 924
473 924
477 924
485 924
490 923
498 923
481 922
490 924
507 923
509 922
512 919
512 917
512 915
513 913
513 909
512 908
513 906
513 905
513 903
513 902
513 901
514 903
513 898
513 898
513 896
513 894
514 892
513 890
516 888
513 886
513 883
512 880
512 878
514 876
513 874
512 872
513 869
514 867
513 863
513 859
513 846
515 844
514 842
514 838
514 834
512 834
513 827
514 821
513 818
513 812
516 807
512 804
513 800
514 796
514 792
513 788
513 783
514 779
512 775
514 769
514 764
514 760
514 755
513 752
514 749
513 747
518 741
513 736
513 730
514 725
514 720
514 716
513 712
516 708
512 703
513 693
513 692
513 687
514 684
513 681
515 676
513 670
515 663
512 663
514 659
514 653
515 645
514 643
512 640
513 634
514 624
515 619
513 616
514 612
514 604
514 598
513 591
514 572
513 569
513 560
514 562
513 559
513 558
511 551
514 547
514 543
513 537
513 532
514 526
514 515
514 514
513 509
514 502
514 497
515 492
513 488
513 477
515 476
515 473
513 469
513 469
515 460
514 456
515 452
511 449
514 444
513 438
515 434
516 428
514 424
514 417
514 411
513 407
512 400
515 396
514 390
513 385
515 381
514 375
515 370
514 365
513 361
511 356
514 352
514 347
515 342
513 339
514 335
514 331
514 328
514 323
514 319
514 315
515 310
514 292
514 289
514 286
516 280
514 278
513 269
513 270
513 266
512 263
514 258
519 255
614 254
643 250
636 247
661 242
672 238
649 235
626 232
624 228
646 225
659 221
643 217
686 217
647 211
618 208
631 204
619 202
651 198
654 196
604 193
617 190
599 187
646 185
650 181
620 180
623 178
603 173
639 170
669 167
675 164
631 162
637 160
622 158
627 154
636 151
629 150
624 148
600 146
594 145
587 143
577 141
615 141
589 139
573 139
572 136
582 129
603 134
572 128
552 128
561 127
577 126
563 126
559 125
550 123
559 123
577 121
568 121
588 120
550 119
562 118
577 118
576 116
578 116
567 116
562 116
537 115
554 115
581 115
547 115
526 115
539 115
536 114
552 114
567 114
543 113
521 108
531 114
543 114
550 114
540 115
525 116
537 113
528 118
517 117
510 120
514 120
514 123
516 126
514 128
514 131
514 133
514 134
513 136
513 136
513 138
514 139
514 140
513 141
513 142
514 143
514 146
513 147
513 149
513 151
513 159
512 165
514 167
514 169
513 172
515 174
513 177
513 180
514 183
514 186
513 189
510 193
514 197
513 200
514 202
513 208
514 212
513 217
514 220
514 226
513 229
513 233
514 237
515 241
514 244
514 243
513 254
515 258
513 263
514 268
515 274
513 279
513 283
513 286
512 290
514 295
514 298
514 303
513 307
514 311
513 317
513 320
513 326
513 331
513 336
514 341
513 345
513 349
513 352
514 357
516 361
516 366
513 372
508 374
513 378
514 383
513 389
513 407
513 418
512 422
511 426
513 431
514 438
512 445
514 450
513 454
513 461
512 463
514 467
513 470
514 474
509 478
514 481
513 484
515 489
511 495
513 498
515 505
513 510
513 515
513 521
514 527
510 534
515 539
512 544
514 544
514 554
511 560
514 563
513 567
514 572
511 576
514 580
514 584
515 588
513 593
513 599
513 603
512 609
511 614
512 619
512 625
512 630
512 636
513 641
515 646
513 651
512 656
513 661
511 667
514 671
513 674
513 674
513 703
513 703
513 705
513 704
513 713
513 717
513 722
513 726
513 730
513 735
512 739
513 743
513 747
513 751
513 755
513 759
514 762
513 766
513 770
513 774
513 777
488 780
416 783
371 787
349 791
361 794
346 793
387 802
408 804
387 808
370 811
351 815
365 819
393 817
372 827
397 828
372 832
362 835
386 838
373 841
389 844
400 847
375 850
373 852
359 856
394 859
398 861
404 865
378 868
367 870
362 873
414 876
425 879
410 880
404 884
405 885
424 888
416 894
369 897
404 892
420 899
483 899
456 901
427 906
395 903
447 905
459 906
447 907
450 908
473 909
442 911
437 911
438 912
469 913
445 914
450 915
426 916
449 917
431 917
485 916
476 919
464 919
449 921
462 916
483 921
473 923
492 922
463 923
449 923
479 921
485 923
491 923
503 923
475 923
462 925
488 923
508 926
491 922
477 922
469 924
495 922
507 924
504 921
501 922
512 920
512 918
510 915
513 914
513 912
513 909
513 906
513 905
513 903
514 903
514 898
511 895
514 894
513 892
513 890
514 888
511 887
513 885
514 882
513 880
512 878
514 875
513 873
513 864
514 868
515 865
513 861
513 857
515 857
514 855
514 850
513 847
515 843
514 841
515 838
513 834
514 832
514 826
514 822
514 817
513 814
514 807
514 803
513 799
513 796
514 792
513 788
513 785
513 779
513 775
514 772
514 766
514 761
514 756
514 752
513 749
514 743
514 740
514 735
514 731
514 727
513 722
521 717
513 713
516 713
514 701
513 697
514 676
513 672
514 665
514 667
513 662
513 659
513 655
513 647
515 643
513 640
513 635
513 629
513 620
515 615
513 611
513 606
514 598
514 591
515 586
513 584
513 579
515 573
514 571
513 568
513 563
514 557
514 557
514 553
514 548
515 541
514 537
512 533
513 527
515 521
515 516
513 509
515 500
515 497
513 492
513 488
513 482
513 477
514 474
512 465
513 465
515 461
513 457
515 452
512 449
513 443
514 438
513 434
515 429
512 423
514 417
513 413
515 402
515 383
514 379
513 376
514 365
515 366
515 361
515 356
515 351
514 347
513 343
513 339
514 335
514 330
515 327
515 323
514 319
514 314
514 309
513 306
513 302
514 298
513 294
514 290
515 285
513 282
515 277
514 273
514 269
513 266
513 262
516 259
521 256
640 254
668 245
673 245
650 242
629 238
647 237
651 232
659 229
659 225
670 222
663 218
645 214
656 206
663 209
654 205
671 201
650 198
633 196
616 192
628 191
645 187
641 184
651 182
608 179
652 178
648 163
632 159
608 159
618 157
619 154
640 152
607 146
596 149
566 147
599 146
593 144
592 143
548 140
603 133
559 140
586 137
568 135
608 134
570 133
552 132
555 126
610 129
578 128
566 127
584 126
559 125
548 125
532 123
574 123
593 121
559 121
543 119
565 119
574 118
590 117
573 117
554 116
559 116
558 115
553 115
550 115
572 115
550 115
548 114
541 115
543 114
559 113
555 115
542 114
525 114
530 113
544 114
559 115
543 114
527 115
518 115
520 114
514 120
514 124
514 128
513 130
514 132
513 134
514 137
513 137
513 137
513 139
514 139
514 141
514 142
514 144
514 146
514 148
513 150
513 152
513 154
513 158
513 160
512 162
514 164
513 167
516 169
514 168
514 172
514 177
513 180
513 182
514 186
514 190
514 187
510 195
512 200
512 203
513 208
513 211
514 215
513 222
513 227
513 231
513 235
513 238
514 243
513 249
513 250
515 254
516 258
513 263
513 267
513 272
514 276
514 280
514 286
513 288
514 292
514 314
513 319
513 321
513 324
514 329
513 334
513 341
513 346
513 350
514 353
515 354
513 369
512 370
512 370
515 374
514 379
513 386
512 392
515 393
514 396
513 403
513 410
513 416
514 420
513 428
513 434
513 439
513 445
513 449
512 452
513 459
514 462
514 466
513 471
514 474
512 477
513 480
513 484
515 490
512 494
514 498
513 504
515 509
513 516
513 522
515 528
513 534
511 540
509 544
515 547
513 554
513 560
511 563
515 566
512 570
514 576
511 580
514 599
514 603
513 608
514 614
513 616
514 625
512 631
513 636
512 642
513 647
512 658
513 656
514 661
514 666
513 670
512 675
513 680
513 685
513 690
513 692
513 697
514 701
514 705
513 709
512 713
512 718
510 722
513 727
513 731
514 735
513 739
512 742
513 747
513 751
513 755
512 759
511 761
512 767
512 771
512 774
513 778
479 780
403 783
369 783
362 791
366 795
382 798
394 802
391 805
356 808
366 811
369 815
380 819
397 823
385 826
369 829
370 844
396 846
412 847
386 850
399 854
378 856
387 859
404 861
385 865
379 868
350 871
392 873
421 876
419 879
382 882
376 884
404 886
476 888
401 889
443 891
435 893
443 894
425 896
455 897
448 898
470 900
411 901
440 904
453 904
467 905
436 906
446 907
456 907
468 909
454 911
456 911
487 912
459 914
459 913
446 915
446 916
479 917
456 917
479 918
467 919
453 920
447 920
473 920
500 919
470 921
447 922
469 922
480 923
478 922
500 925
484 924
468 923
463 923
480 923
478 922
476 923
495 923
505 924
504 922
498 919
497 918
509 918
515 915
514 913
513 911
513 908
512 902
514 904
513 903
513 900
514 900
513 899
515 897
513 897
514 896
513 895
513 894
512 892
513 889
513 883
513 884
514 882
514 879
514 879
515 875
513 873
513 869
513 867
513 866
513 861
514 859
512 857
514 854
514 850
513 849
513 846
514 840
513 839
513 834
513 830
513 825
513 822
513 817
513 814
513 808
514 804
513 799
514 795
513 792
512 771
513 766
514 766
514 762
512 756
514 753
514 748
514 744
512 739
512 735
513 732
512 726
513 721
514 714
513 710
514 707
513 703
513 696
514 692
513 687
513 682
513 680
513 677
513 672
514 666
514 661
514 659
513 655
514 650
514 642
515 638
513 636
513 629
513 618
515 614
512 611
514 606
513 598
515 590
513 587
513 584
514 577
515 572
513 571
514 568
514 563
514 559
512 555
513 551
513 546
515 542
513 539
514 533
515 527
513 520
513 516
513 509
517 483
513 481
514 477
514 473
512 471
514 465
514 461
514 457
514 453
514 448
514 444
515 438
514 433
515 428
513 424
515 418
514 411
514 407
513 400
515 395
515 391
515 384
514 380
511 376
513 371
514 366
514 361
514 355
511 353
514 346
514 343
514 339
511 335
513 332
513 328
513 323
515 318
513 315
513 310
514 306
514 302
514 298
512 294
513 290
512 285
513 282
514 277
515 274
515 270
514 267
514 262
514 258
519 256
658 254
685 249
673 245
643 241
668 227
665 225
637 222
640 218
639 214
667 210
654 205
652 205
652 202
620 198
635 196
661 193
612 190
662 187
650 184
644 182
620 179
628 176
643 173
642 170
642 167
623 163
615 162
613 158
646 156
626 154
600 152
573 146
605 148
613 147
590 143
600 143
587 142
582 140
605 140
570 138
630 137
590 133
603 134
574 133
589 131
580 128
612 129
594 128
576 126
586 127
590 124
595 124
563 124
583 122
568 121
576 120
561 120
569 119
569 117
572 118
566 117
553 115
551 114
541 114
548 114
564 117
573 114
555 113
559 111
545 113
540 114
537 108
541 114
540 114
527 114
534 114
524 115
524 119
528 117
522 115
517 118
513 121
514 123
514 125
514 128
514 131
514 132
516 134
514 134
513 136
514 138
513 139
513 140
512 140
514 141
513 141
513 145
514 148
514 148
512 152
514 155
514 157
513 158
513 161
514 164
514 166
514 168
513 172
513 175
513 178
515 181
514 183
513 186
514 189
513 192
511 194
511 203
522 201
513 221
513 225
512 229
513 233
513 238
514 243
514 246
514 250
514 251
513 258
513 261
514 267
513 272
514 276
513 281
514 286
513 290
513 296
513 300
513 305
513 308
513 314
513 317
513 320
513 324
514 329
514 335
514 341
514 346
514 348
513 352
514 359
513 365
515 368
513 376
514 369
515 377
513 382
514 390
512 394
514 398
514 396
513 410
515 418
512 423
515 428
512 432
513 439
513 446
514 449
513 454
513 460
512 463
513 466
513 468
514 473
514 479
513 670
514 676
