513 878
514 877
514 874
513 873
513 869
513 868
514 865
513 862
513 860
513 852
513 853
514 851
513 845
513 844
513 840
514 836
513 832
513 828
513 824
513 819
513 815
514 811
513 808
513 803
513 799
512 794
513 787
514 785
513 781
513 777
513 772
512 768
514 764
513 760
514 756
513 750
513 746
514 740
513 736
513 731
513 728
513 725
513 721
513 717
514 711
513 704
514 696
513 694
513 691
513 687
513 682
513 677
514 672
514 668
512 666
513 661
514 656
514 141
514 144
513 141
513 147
513 148
514 153
514 153
515 155
514 158
514 161
514 163
514 165
514 168
513 170
513 173
514 176
513 179
513 181
513 184
514 188
514 193
514 194
514 198
514 201
514 205
514 208
514 213
513 215
512 215
512 225
515 230
515 234
515 240
514 243
514 248
514 251
514 256
514 260
513 265
514 268
514 274
513 279
513 282
513 286
513 290
514 295
514 300
513 305
513 309
513 313
513 317
514 322
514 325
515 331
513 336
513 343
514 349
513 651
513 646
513 644
513 639
513 635
514 629
513 624
513 619
513 613
514 605
514 595
513 596
513 590
514 583
514 578
513 574
514 571
513 568
513 564
513 561
513 558
514 553
513 548
514 545
514 540
514 535
513 529
514 523
513 517
512 512
514 505
514 499
515 493
513 487
514 483
517 477
514 473
513 472
513 467
513 462
514 459
514 455
513 450
514 443
515 440
514 435
514 430
514 425
513 419
515 413
513 406
513 403
513 397
515 392
515 388
513 381
514 376
515 263
515 260
517 256
520 253
557 253
618 253
883 251
884 247
865 243
833 238
805 234
819 230
809 227
816 223
801 220
774 217
814 213
796 210
782 201
777 203
755 201
756 198
720 194
736 192
712 188
740 187
772 184
726 181
771 178
755 174
754 171
751 168
734 165
699 163
730 161
747 157
718 156
729 154
681 148
710 149
661 147
699 146
667 145
688 143
620 141
674 140
698 139
723 138
652 136
617 135
685 133
676 131
663 131
623 131
683 128
690 126
652 127
623 122
623 122
652 120
666 119
642 119
582 118
648 118
620 117
613 117
562 116
595 115
609 115
604 110
602 115
559 114
554 114
602 114
600 114
566 113
564 114
587 114
580 114
564 114
540 114
547 114
563 114
575 114
566 114
543 114
534 116
526 117
517 120
516 118
521 124
513 126
515 128
514 131
513 133
514 134
514 135
514 139
514 138
514 140
513 141
513 141
514 143
514 145
515 145
513 143
514 151
513 154
514 156
514 159
514 160
512 164
513 165
513 180
513 181
514 184
514 185
514 188
513 192
513 194
513 199
513 201
514 209
513 211
514 214
514 224
515 217
513 228
514 232
513 236
513 241
514 244
514 249
514 253
513 257
514 262
514 266
514 271
514 275
514 281
513 286
514 290
512 297
513 298
514 302
514 307
514 310
517 315
514 320
514 326
514 330
513 335
513 340
513 340
514 348
514 352
513 356
514 359
514 365
513 369
514 375
513 378
514 382
514 387
513 395
511 400
514 403
513 408
513 415
514 421
513 447
513 452
517 453
514 459
514 464
513 466
514 470
513 473
512 477
513 480
514 485
511 489
514 494
514 498
513 504
512 510
513 516
513 521
513 527
512 533
514 539
514 544
512 550
513 555
513 558
513 563
512 568
512 571
520 573
514 578
514 583
514 588
513 593
513 598
513 603
512 608
512 614
512 620
512 625
515 630
510 635
513 641
515 646
513 651
513 656
512 661
513 666
512 671
513 675
513 679
514 683
514 688
513 693
513 697
512 701
513 705
513 708
515 729
513 732
515 735
511 738
509 743
521 747
513 751
513 754
513 758
513 762
514 769
515 771
514 774
511 777
509 781
351 779
238 782
203 787
201 791
181 795
238 798
254 803
238 807
255 807
229 814
207 817
233 820
247 824
230 828
248 831
272 835
286 837
279 839
270 843
242 846
258 847
271 850
294 854
253 857
243 860
271 862
285 864
324 875
214 872
270 874
312 877
324 879
282 882
279 884
338 886
349 888
372 887
296 892
317 894
363 895
369 897
349 898
384 906
356 905
413 906
388 907
351 907
388 908
412 909
406 911
371 911
375 916
372 913
401 911
384 915
431 916
381 918
425 918
420 919
418 918
408 921
413 917
428 920
431 921
442 923
418 920
429 922
452 923
446 922
454 923
451 922
435 923
451 923
479 923
464 924
452 923
460 923
475 923
469 923
462 923
455 922
478 922
501 921
506 920
512 917
512 916
512 914
513 910
512 907
514 905
514 902
512 901
513 901
513 900
513 899
513 898
513 897
513 895
511 894
511 885
513 883
513 881
514 879
513 876
513 874
513 871
513 869
513 866
514 863
512 861
514 858
513 855
514 852
513 849
514 845
514 841
513 838
513 835
513 831
513 827
513 823
513 820
514 815
513 811
513 806
512 801
513 795
514 790
513 786
514 783
513 780
513 776
513 771
513 767
512 763
513 759
513 755
514 749
513 744
513 738
514 733
513 730
513 726
513 723
513 718
513 710
513 709
512 703
514 698
513 694
513 689
514 686
513 680
514 675
512 672
513 669
514 479
514 475
512 472
514 469
514 465
514 462
513 457
513 455
514 448
515 443
513 440
515 434
512 429
515 423
512 419
513 413
514 409
514 401
515 395
513 390
515 386
514 380
513 376
513 370
514 366
513 363
513 355
513 350
514 347
512 343
511 340
513 335
513 334
512 328
514 324
516 319
515 313
513 311
513 306
513 302
511 299
512 295
513 290
513 277
513 282
512 278
513 274
515 270
514 266
518 261
517 258
522 255
579 253
646 253
899 251
872 247
867 241
784 225
810 222
775 220
742 216
787 212
807 209
774 206
746 203
735 201
744 197
774 194
784 191
711 189
735 186
755 183
750 181
791 177
773 173
779 171
726 170
794 166
752 162
735 163
721 157
695 155
698 152
706 150
688 149
645 147
664 147
656 144
688 143
613 141
667 139
633 138
658 136
668 135
664 134
656 133
630 132
631 132
655 130
670 129
653 127
642 127
619 126
633 125
626 126
643 122
595 122
636 121
613 119
636 119
607 123
619 118
578 117
576 118
586 115
562 114
603 113
600 114
562 115
555 114
576 114
590 115
580 114
578 116
567 114
560 113
567 113
559 115
553 113
552 116
550 116
541 116
523 117
516 120
514 122
516 145
515 127
513 131
513 131
514 133
514 134
514 136
514 137
514 139
514 141
514 140
513 141
513 144
513 144
514 147
513 149
514 150
512 153
514 155
514 159
514 161
514 163
513 165
515 169
514 169
513 174
512 177
514 179
514 182
512 185
513 189
513 192
513 195
514 199
513 203
513 207
511 222
520 229
513 234
513 235
513 242
513 246
513 250
515 254
513 258
514 263
513 266
514 269
514 275
514 280
514 286
513 290
514 295
514 297
513 302
513 308
513 312
513 318
514 322
513 327
513 330
514 332
514 337
513 345
513 351
513 357
513 358
514 361
514 366
513 369
512 377
513 381
514 385
514 388
516 392
515 402
513 405
513 410
513 415
514 421
513 428
513 434
513 440
516 446
514 450
514 455
513 459
513 464
512 469
512 473
514 474
514 478
514 498
514 501
513 506
514 510
514 516
513 523
512 529
513 534
513 542
513 546
512 552
514 556
514 560
513 566
512 569
514 572
514 576
515 581
514 585
513 589
513 599
513 600
510 606
513 610
513 615
514 620
512 626
514 634
513 638
513 642
514 648
513 654
513 658
513 663
513 667
513 673
514 679
514 681
513 686
515 690
513 695
513 699
513 703
513 706
514 709
514 714
513 718
514 724
513 727
512 732
513 742
513 742
516 745
495 746
513 751
513 754
513 758
513 777
509 781
508 783
297 781
249 784
205 788
199 794
217 799
226 801
248 805
247 806
267 811
257 814
239 818
269 822
261 825
243 828
257 832
261 834
303 836
285 840
298 843
275 846
252 847
314 853
288 854
257 857
290 857
250 864
259 866
273 874
268 872
250 874
292 877
249 880
303 883
277 885
317 887
321 889
352 891
323 893
355 894
339 895
384 897
357 897
354 899
375 900
401 902
388 903
373 905
347 909
416 908
400 908
377 909
355 910
417 912
424 912
424 916
388 916
389 917
416 917
400 920
392 925
425 922
441 926
425 922
398 922
410 922
436 921
450 921
452 923
454 922
442 923
462 922
455 929
437 923
442 924
470 924
469 923
461 923
482 923
469 922
469 919
479 922
487 921
500 920
504 918
510 918
512 914
513 911
513 909
513 906
513 904
513 903
512 904
513 901
513 899
513 899
513 898
513 896
515 894
514 891
514 892
513 889
513 888
514 886
514 884
513 881
514 878
512 875
514 872
513 871
514 868
514 866
513 853
514 849
513 848
513 845
513 841
513 838
513 835
513 831
513 827
514 823
512 819
513 821
512 810
513 805
513 800
515 796
514 790
514 786
514 781
513 777
513 769
513 768
513 764
513 761
513 757
514 752
513 747
513 743
513 739
513 735
513 731
513 726
513 721
513 715
514 710
513 705
514 702
513 698
513 693
513 688
514 681
513 678
513 674
513 671
515 666
514 661
514 657
514 653
514 650
513 644
513 637
514 632
514 626
513 623
513 615
513 609
514 602
513 581
513 578
513 574
513 570
515 565
513 564
513 560
513 555
514 550
513 546
513 544
513 537
515 531
513 526
513 520
513 515
514 507
515 502
512 497
513 490
514 485
515 481
513 477
513 472
513 469
514 464
514 459
514 455
514 451
516 446
512 442
512 437
514 432
514 426
513 421
513 415
514 410
514 404
513 396
514 393
513 389
513 384
515 379
513 374
514 369
515 363
513 360
515 355
512 350
513 347
513 342
513 339
516 333
513 330
514 326
515 322
513 317
516 298
513 297
513 292
514 291
514 285
515 280
513 277
513 274
513 270
515 265
515 260
518 257
527 254
652 251
850 252
889 247
865 243
830 241
790 237
771 233
774 229
817 225
806 223
797 219
808 215
765 211
795 209
789 206
738 202
750 199
742 196
735 193
758 191
762 188
744 185
737 183
766 179
745 176
745 174
752 171
776 170
770 165
756 162
722 159
737 158
742 155
724 153
716 149
654 148
677 147
713 145
710 144
654 142
679 147
616 140
673 138
635 137
668 131
633 130
615 130
586 123
641 127
633 126
633 125
576 125
650 121
638 122
632 122
598 122
631 120
572 119
650 118
606 118
613 118
622 117
605 117
605 115
566 118
600 115
598 115
578 114
591 114
598 115
602 114
600 114
566 114
544 114
555 114
582 114
583 114
579 115
558 113
554 115
567 116
551 115
531 116
521 119
514 120
513 122
514 124
518 127
514 129
513 132
514 133
514 141
513 137
514 141
514 138
514 139
514 140
514 141
513 147
513 145
514 148
513 158
513 159
515 161
514 164
513 168
512 169
515 172
512 175
514 178
514 180
514 182
513 186
514 189
514 193
514 195
514 199
514 203
513 207
515 212
513 216
513 220
513 236
514 226
513 237
514 239
513 244
514 248
513 252
514 257
514 260
513 265
513 268
514 270
513 275
514 280
514 286
513 290
514 296
513 300
514 305
514 308
513 312
513 317
514 321
514 323
513 332
513 336
514 341
514 345
514 352
514 355
514 361
513 364
514 368
513 371
514 375
513 382
517 401
510 406
513 410
514 415
513 423
512 432
513 435
514 439
513 446
514 453
512 458
513 459
513 463
514 469
513 471
514 474
514 478
514 488
513 488
515 490
513 495
514 501
512 507
514 512
514 517
514 525
512 530
515 536
514 541
514 547
512 552
512 557
514 561
514 571
514 569
511 574
514 577
513 589
513 587
513 590
512 596
513 601
513 606
514 611
513 616
514 621
514 628
514 633
513 640
513 644
512 656
513 655
514 659
513 664
513 669
513 673
514 692
514 696
515 700
514 703
514 708
514 711
513 715
513 720
513 725
513 729
514 733
513 738
512 741
513 748
517 752
520 752
515 756
514 761
514 764
512 768
513 772
511 777
510 780
385 779
292 785
239 786
250 790
221 794
211 797
208 803
182 807
217 810
256 814
239 816
240 820
246 823
231 826
249 830
264 833
292 835
282 838
262 840
263 844
294 847
319 851
254 853
299 856
281 858
300 867
287 861
266 870
280 870
270 874
302 877
281 879
343 881
296 884
348 892
349 894
302 894
358 895
372 897
391 899
357 900
332 901
361 904
399 904
381 905
363 906
419 908
377 909
377 909
371 910
412 910
383 912
378 913
378 914
442 915
396 918
406 918
404 917
439 918
380 918
414 922
381 920
432 925
460 915
428 921
465 922
440 922
441 923
441 922
439 923
456 922
454 923
448 924
448 930
470 923
460 923
444 925
435 923
460 923
491 923
493 922
488 922
492 921
500 919
509 918
512 915
512 913
512 910
513 914
512 905
513 904
513 899
513 898
515 897
512 896
513 894
511 892
510 891
513 888
512 887
513 884
514 882
513 878
513 876
513 874
513 872
513 870
512 867
513 865
513 868
512 860
513 857
513 853
513 850
514 847
513 844
513 840
513 838
513 834
513 830
513 826
513 822
513 822
514 813
513 808
514 804
514 800
513 795
513 791
513 786
513 780
514 776
513 771
513 767
514 763
514 758
513 755
513 751
513 747
512 743
513 740
513 737
513 731
513 726
514 720
514 714
513 712
513 705
513 684
513 682
513 679
514 673
513 669
513 664
513 661
513 657
513 652
514 652
514 642
513 637
513 632
514 626
514 619
512 614
513 607
513 601
513 596
513 591
513 585
514 585
514 576
513 575
514 568
513 563
515 561
513 559
513 560
513 548
513 545
514 543
514 535
513 528
516 524
513 520
513 513
515 505
514 501
513 496
513 491
514 484
513 480
513 476
513 471
514 468
513 463
514 459
513 460
514 451
513 446
513 442
513 437
514 431
513 426
513 421
515 414
514 392
514 393
513 383
514 376
514 372
514 367
515 363
513 358
513 354
514 350
513 345
513 339
514 337
514 333
514 329
513 324
514 321
513 317
512 312
513 310
514 305
515 301
513 298
515 291
514 289
513 282
514 280
513 275
513 271
515 268
514 264
517 261
520 257
527 253
632 252
893 253
895 248
844 244
858 240
833 242
840 231
837 229
815 224
807 222
778 218
773 214
792 210
775 207
818 204
795 201
736 198
737 195
749 193
756 191
749 188
749 185
749 181
757 168
783 171
756 164
740 160
755 158
738 156
749 153
709 151
685 149
720 147
698 145
661 144
646 144
682 142
647 141
670 138
670 137
685 136
664 135
674 134
639 132
649 131
652 129
656 129
634 129
660 126
659 125
633 124
613 120
628 123
607 122
632 122
618 119
647 119
617 118
649 117
627 118
583 117
611 117
597 116
596 116
608 115
588 112
585 115
599 113
610 114
578 114
554 115
567 114
590 114
584 114
588 113
578 113
564 113
559 113
575 114
553 115
520 119
514 120
515 123
515 125
514 134
514 131
513 133
514 136
514 140
513 136
514 137
514 138
515 140
514 141
513 143
514 144
514 146
514 148
514 150
514 153
514 155
513 157
513 160
515 163
514 165
514 169
512 170
514 174
513 176
518 177
513 181
514 184
513 188
514 191
514 194
513 198
515 201
514 207
515 209
513 212
513 217
514 222
513 227
514 229
512 236
514 240
514 245
514 249
514 253
514 257
514 262
513 265
514 271
512 274
513 279
513 284
513 288
514 306
513 309
514 313
513 317
513 322
513 328
513 335
513 340
513 342
514 345
514 349
513 357
514 363
513 366
515 367
514 368
514 375
513 383
512 387
514 390
515 395
514 406
513 408
514 412
515 418
513 424
513 431
513 435
514 440
514 447
513 453
514 462
513 459
514 465
513 468
514 471
515 475
513 480
512 483
513 487
514 491
514 497
514 501
515 507
513 513
514 518
514 525
513 532
513 538
512 542
514 547
512 553
514 557
514 561
514 565
514 569
512 575
513 592
514 595
513 600
513 606
513 612
512 617
514 622
514 627
514 634
512 642
513 645
513 650
512 655
513 659
513 664
514 669
514 673
513 678
512 683
512 687
514 692
513 702
513 700
515 703
513 707
514 710
513 715
512 721
512 725
513 729
513 734
513 737
513 742
511 747
514 751
512 739
513 757
514 760
514 766
512 769
513 773
510 776
510 780
504 781
250 782
215 785
221 789
194 794
182 798
207 802
206 806
245 810
279 814
248 816
246 824
222 823
213 835
268 840
255 842
281 844
286 847
264 851
246 853
268 857
278 858
289 863
274 864
281 867
293 872
305 872
311 877
282 880
341 882
284 884
340 887
319 887
394 890
339 891
369 894
316 895
368 896
360 897
355 898
355 900
356 902
371 903
414 904
402 905
329 906
333 908
370 910
406 910
412 911
363 912
363 913
420 914
399 914
396 915
340 912
391 919
417 919
421 920
417 918
442 920
407 922
436 928
444 916
419 922
433 922
446 922
474 923
441 923
449 929
454 923
462 927
439 924
456 923
473 924
485 922
478 922
464 922
474 922
500 920
505 920
513 918
511 919
511 913
513 911
513 908
513 906
513 905
514 904
513 902
512 900
513 899
514 898
513 897
513 895
513 895
517 893
512 890
515 888
513 886
514 884
513 881
513 879
513 877
514 875
513 872
513 870
511 867
513 864
514 861
513 859
513 855
513 852
514 854
513 846
514 843
513 839
513 836
514 831
514 828
513 824
513 820
513 815
513 812
514 808
513 806
513 797
513 776
513 774
513 772
513 767
513 763
513 759
513 754
514 750
512 746
514 742
513 737
514 733
513 728
513 725
513 718
514 712
513 707
513 702
513 699
514 701
513 691
514 685
513 681
514 674
514 672
513 669
513 666
513 659
513 653
514 648
513 647
514 643
513 635
514 629
513 624
513 619
514 612
514 605
514 599
513 595
513 588
515 583
513 578
513 575
514 572
513 567
514 564
513 561
514 558
513 553
515 549
512 544
514 540
513 534
518 526
513 523
514 517
513 491
512 486
514 482
513 479
515 475
513 470
514 465
513 462
514 458
513 454
514 453
514 445
513 442
513 437
513 431
514 425
515 419
514 414
514 408
514 403
514 398
513 392
513 386
513 383
514 377
516 372
516 367
513 364
513 358
512 354
512 350
514 345
513 341
514 337
516 331
514 329
514 324
513 321
513 317
514 314
513 307
514 303
514 300
515 296
514 291
514 286
515 283
513 279
513 275
514 277
514 268
514 263
516 259
517 257
525 254
619 253
781 254
825 235
840 231
822 228
777 224
776 219
768 217
790 214
778 210
758 207
785 203
755 202
726 199
760 196
750 193
770 190
761 187
743 183
776 181
800 178
747 176
749 173
745 170
775 167
765 164
777 162
751 157
710 156
771 155
697 151
689 150
649 148
696 147
668 145
684 144
652 142
685 140
651 139
673 138
639 136
704 135
652 133
636 132
660 131
685 130
663 129
602 126
607 126
648 123
671 125
586 124
660 121
653 125
644 121
581 119
639 119
623 119
625 119
566 115
567 116
585 115
555 115
601 116
603 114
567 114
578 114
590 113
581 115
570 114
567 109
577 114
576 114
580 114
569 114
553 116
545 115
538 116
539 113
521 117
519 119
514 121
514 123
514 127
514 129
514 131
514 134
515 134
515 136
512 138
514 138
514 142
514 140
514 141
514 143
514 144
514 147
514 149
514 150
513 153
514 155
514 156
513 161
513 163
514 166
514 171
514 171
514 173
513 175
513 178
514 182
513 185
513 187
514 193
514 196
513 198
511 215
514 218
514 220
514 228
513 230
513 238
513 240
513 247
514 248
514 253
513 257
514 261
514 265
513 269
514 273
514 281
513 285
512 288
514 293
514 297
513 301
514 304
513 308
514 314
513 319
514 324
513 329
513 334
513 338
513 341
514 347
513 352
514 357
513 362
514 366
513 369
513 372
514 378
513 384
514 388
513 390
514 395
513 404
511 409
511 411
514 418
514 426
512 433
513 437
514 442
514 447
513 455
513 459
514 461
514 465
513 470
514 474
514 489
514 492
514 497
513 503
513 508
514 513
514 519
512 527
511 532
513 539
511 544
514 549
512 553
514 558
513 562
514 567
513 571
515 575
512 580
509 585
514 591
511 592
515 597
513 602
513 607
514 613
514 617
512 624
513 630
513 636
514 641
514 646
513 652
514 656
513 661
514 665
514 671
513 676
515 681
513 684
513 689
514 693
513 697
513 701
514 704
514 708
513 712
512 717
513 723
513 726
513 730
513 734
514 737
514 742
516 747
513 753
515 753
513 770
512 773
510 777
510 781
371 779
267 782
203 787
201 790
208 794
225 799
226 802
209 806
236 810
264 814
254 816
257 820
226 823
250 826
273 829
268 833
282 835
284 839
269 841
273 844
268 847
253 850
242 853
275 856
283 858
296 864
277 865
211 866
260 870
299 873
278 880
251 879
267 882
322 885
373 886
337 888
332 890
320 891
386 893
363 894
368 896
378 896
414 899
380 900
389 901
388 903
395 904
390 905
352 907
405 907
391 908
419 908
374 914
378 914
427 915
387 916
455 918
417 918
441 918
393 919
430 920
413 919
407 921
417 922
388 924
449 923
456 922
444 922
444 923
428 923
424 922
438 922
467 923
458 923
441 924
459 924
469 923
456 924
435 923
448 923
482 923
491 922
501 917
504 921
507 918
512 915
512 914
513 912
513 904
513 907
514 905
513 903
513 902
514 900
513 898
513 898
513 895
512 896
513 894
514 893
517 889
513 889
513 887
514 884
514 882
513 879
513 876
513 875
513 873
514 858
513 857
513 855
513 852
513 849
513 846
514 841
513 839
513 836
513 831
513 827
512 823
513 819
512 812
513 811
513 807
513 802
514 797
513 793
513 788
512 785
514 781
513 777
513 772
512 767
513 762
514 753
514 750
513 745
514 744
514 739
513 736
513 733
513 728
514 723
514 717
513 711
513 706
513 702
513 698
513 694
513 688
514 683
513 679
512 674
513 672
512 668
513 663
512 659
515 655
513 650
514 643
514 639
513 635
513 631
513 621
514 611
514 589
514 585
513 580
513 579
514 574
513 571
513 566
517 564
513 561
514 557
514 552
514 547
512 545
513 539
513 532
515 527
512 525
513 518
513 511
515 504
512 498
513 495
514 487
515 482
514 481
514 475
514 470
514 468
512 464
513 459
514 454
514 450
514 445
513 441
513 435
515 430
514 425
511 419
514 414
514 409
513 402
514 397
512 392
514 386
514 381
514 377
514 372
513 368
513 364
514 359
512 354
515 349
513 343
516 341
514 337
513 333
512 327
512 309
513 308
514 303
513 299
515 293
513 292
513 290
513 282
513 280
513 276
512 264
513 267
514 263
515 260
518 256
529 252
666 253
890 251
862 247
844 243
820 238
808 231
841 231
823 227
794 223
800 220
801 217
788 213
764 209
763 204
777 204
740 200
759 198
753 196
719 191
742 189
744 188
733 183
761 181
747 177
715 174
741 171
785 168
768 163
733 162
704 159
749 157
728 155
738 152
670 151
691 148
727 149
727 146
697 142
642 142
673 141
656 142
602 133
620 133
626 132
694 130
700 127
629 128
587 128
635 126
657 125
658 124
611 123
637 123
626 122
642 121
621 120
644 120
624 120
633 118
595 116
622 116
616 116
567 115
588 114
571 114
581 115
605 115
594 114
570 115
581 114
583 113
566 115
553 114
565 114
575 114
585 114
576 114
553 114
548 115
551 115
546 116
533 114
519 118
514 120
513 122
515 124
514 129
515 131
514 129
513 134
513 134
514 136
515 136
513 138
513 138
513 141
514 142
514 145
514 153
512 155
513 156
514 159
513 161
514 164
514 165
513 168
513 170
513 172
514 176
514 179
512 182
514 185
513 188
514 192
512 194
513 198
513 201
513 205
514 209
513 214
514 218
513 222
514 228
513 232
513 238
518 241
513 245
513 250
513 249
514 257
514 261
511 264
513 270
512 276
514 280
513 285
513 289
513 295
514 298
514 303
512 306
513 311
514 314
514 319
514 323
513 329
514 335
514 338
513 342
514 346
513 352
514 358
514 364
514 367
514 368
514 388
514 392
513 397
513 403
509 409
520 413
513 421
513 427
514 432
513 438
512 444
513 451
514 454
513 458
513 462
512 469
514 469
513 472
512 478
513 482
515 484
514 488
514 494
513 500
513 504
514 510
512 516
513 522
514 528
514 534
512 539
514 545
514 549
514 547
513 560
511 564
513 568
513 572
514 576
513 575
510 583
512 588
513 594
514 597
514 603
513 609
513 614
513 620
514 626
513 630
513 631
514 641
513 646
513 652
513 654
512 662
513 664
512 686
514 690
514 694
513 698
513 701
514 702
513 710
512 713
512 717
514 722
514 724
514 731
513 735
513 739
513 743
518 747
514 752
514 747
517 761
514 762
513 766
514 769
514 773
511 777
510 780
344 779
232 782
217 783
230 791
226 795
205 793
219 803
226 805
244 810
278 813
262 817
244 820
241 823
237 827
266 831
294 834
266 836
269 839
269 841
275 843
297 848
257 850
261 853
290 856
237 859
289 862
228 865
238 870
277 869
269 874
286 875
262 879
336 889
342 890
362 892
381 893
390 895
348 896
385 898
397 899
367 900
367 901
363 903
391 904
407 905
366 908
367 908
373 909
424 910
357 911
377 912
399 912
429 919
382 915
429 917
408 915
431 917
385 918
387 917
383 920
441 920
419 918
405 923
418 921
438 920
445 920
429 923
451 921
426 924
445 923
465 923
462 923
451 921
449 925
456 924
452 923
456 923
446 923
447 924
476 921
486 922
489 922
484 921
503 920
506 918
513 917
513 913
512 910
513 901
514 900
513 900
513 900
513 899
513 898
510 896
513 893
516 892
515 889
508 886
514 886
513 882
513 881
513 878
512 876
514 874
513 872
514 869
513 866
513 863
513 861
513 857
513 855
513 851
513 848
513 844
510 841
514 837
516 834
513 830
513 827
513 822
513 818
513 813
513 809
514 803
513 798
511 794
512 790
513 786
513 783
513 778
514 774
513 770
513 765
513 761
513 756
513 753
513 747
513 745
513 740
513 736
513 732
513 727
513 720
513 715
513 693
514 690
513 688
513 684
513 680
514 676
514 671
512 667
513 663
514 658
514 654
514 647
514 644
512 640
513 634
513 627
513 622
510 617
513 612
513 607
514 597
514 592
514 588
513 583
513 577
512 573
513 570
514 567
513 563
514 560
513 556
514 552
513 548
513 544
513 534
512 534
512 528
514 522
513 515
514 510
513 503
515 498
513 492
514 488
513 483
513 479
514 474
514 469
513 466
512 461
514 457
514 453
513 449
513 444
514 440
513 435
512 430
513 403
512 398
514 396
513 390
513 385
513 380
512 375
514 370
515 365
513 361
516 355
514 352
512 345
514 342
513 339
512 335
514 332
511 328
515 324
514 319
513 315
515 310
513 306
513 301
512 293
513 292
513 289
513 286
516 283
515 278
514 273
513 269
516 266
515 262
517 258
522 255
533 253
650 253
895 255
914 246
882 241
871 237
819 232
796 229
809 226
791 222
785 219
808 216
787 212
759 209
784 206
779 202
756 199
771 197
743 194
737 191
725 189
765 175
751 172
764 170
776 167
745 166
728 161
707 160
749 157
743 154
709 152
709 149
664 148
700 148
696 145
710 145
618 142
663 141
655 140
671 139
662 137
628 135
657 134
674 133
628 131
647 130
647 129
633 129
612 128
645 126
612 125
617 125
581 124
616 123
660 122
623 122
603 120
629 123
639 119
651 119
605 118
590 116
585 116
604 115
603 116
597 116
595 115
574 114
595 115
585 115
569 113
580 114
574 114
562 114
570 113
564 114
576 109
581 114
535 111
527 116
529 118
520 120
515 121
513 124
514 128
514 129
514 130
515 128
512 134
514 132
514 137
514 138
514 138
513 139
514 141
512 142
514 144
514 146
514 149
513 152
514 153
514 156
514 158
513 160
514 162
514 163
513 168
513 171
514 174
513 175
514 180
513 181
514 183
514 188
514 191
515 195
518 197
514 202
513 203
514 210
514 214
514 219
513 224
513 228
514 231
514 235
514 245
513 245
514 249
513 253
514 258
514 262
514 267
513 271
514 276
514 296
514 299
514 303
514 306
514 310
514 316
514 322
514 324
514 331
513 335
513 339
513 345
513 350
513 355
513 360
513 363
513 368
514 372
513 376
514 380
513 384
513 384
513 395
513 400
514 406
513 411
504 425
510 421
514 423
513 434
512 441
512 447
514 450
514 455
514 460
513 465
513 469
512 471
513 475
513 478
513 482
512 484
513 491
512 495
515 500
514 506
513 512
513 518
514 524
513 528
514 536
511 542
512 546
514 551
513 556
515 561
513 565
514 583
518 581
509 589
511 596
513 600
513 605
512 610
514 615
513 620
513 626
514 631
512 639
512 643
514 648
513 653
513 658
513 663
514 667
514 672
513 677
513 681
512 687
514 690
513 697
514 699
514 702
514 706
514 709
513 714
513 718
513 722
513 727
514 731
513 735
514 740
514 743
514 748
522 751
515 759
513 767
514 763
513 767
512 771
512 774
511 779
507 782
256 781
223 786
222 789
217 793
240 797
225 795
221 804
241 807
241 811
250 814
251 818
216 832
291 835
272 837
247 841
260 843
292 846
302 849
308 851
252 854
266 857
271 860
274 863
299 866
255 869
270 866
284 876
336 876
320 879
302 882
269 885
339 887
373 889
351 891
363 893
360 894
393 895
350 896
347 897
368 894
378 901
332 902
355 904
391 904
399 906
340 907
320 908
373 911
399 911
367 912
346 912
426 913
409 914
410 905
377 916
436 917
377 918
393 918
412 919
428 919
430 920
408 920
434 922
450 920
451 919
432 924
414 925
436 923
512 878
513 876
513 876
513 873
513 871
