513 252
675 249
660 245
638 244
631 239
642 234
658 234
660 230
658 226
654 222
649 219
652 216
657 212
631 209
615 206
644 202
663 199
655 196
650 194
630 190
620 189
646 186
641 183
620 180
625 177
651 173
649 169
659 168
616 165
606 161
627 159
616 156
595 154
608 152
600 151
611 149
622 147
594 145
584 143
579 142
570 141
604 142
610 139
602 138
599 134
594 134
593 133
558 132
570 131
577 130
575 129
576 128
592 126
602 125
570 124
545 125
571 123
513 757
513 759
513 762
513 765
513 769
514 772
513 777
511 780
422 782
391 785
372 789
377 793
371 796
347 803
381 804
395 817
385 815
408 813
398 818
359 822
361 825
386 828
380 831
407 834
398 837
408 840
406 843
376 846
395 847
371 851
377 855
361 858
373 860
404 863
398 867
393 870
378 873
403 875
405 877
377 880
383 883
406 885
467 887
448 890
402 891
422 893
430 893
465 895
410 898
415 899
452 902
496 905
436 909
428 903
438 905
462 906
421 906
561 122
562 122
561 120
559 120
577 119
583 118
582 117
568 117
560 115
538 116
560 115
570 114
552 115
566 114
554 114
542 111
552 114
542 113
528 113
541 113
558 113
565 114
548 113
550 113
537 114
520 118
516 113
517 115
524 115
529 116
520 118
516 119
519 121
514 124
514 127
513 130
514 131
513 133
513 134
515 134
514 137
513 139
513 139
513 140
513 142
513 144
513 145
513 147
513 149
514 151
513 153
514 157
514 157
513 164
512 162
514 165
514 168
513 271
513 273
513 276
513 281
514 285
513 290
529 292
507 298
519 302
512 308
513 312
513 318
513 323
513 327
513 331
514 335
513 340
513 344
513 350
512 355
512 357
515 361
514 365
513 372
511 375
513 379
514 383
513 389
513 394
514 399
510 404
513 410
513 416
513 422
514 427
513 432
514 441
510 447
510 450
515 454
513 459
511 465
512 471
513 470
510 472
515 477
513 481
513 484
514 489
511 491
513 499
513 503
513 510
512 516
511 523
515 529
514 534
513 557
513 560
513 563
511 567
514 572
514 575
512 579
514 584
513 588
515 592
514 598
510 604
512 609
514 614
513 619
513 625
513 630
514 635
513 641
513 647
511 659
514 657
515 658
511 666
512 671
513 675
514 680
514 685
512 688
512 695
512 700
514 702
513 706
512 708
514 712
513 717
513 722
512 726
513 730
513 735
513 736
513 744
513 747
513 751
513 755
513 759
512 763
514 767
513 771
514 772
513 778
510 780
418 783
396 787
389 790
381 794
369 815
401 818
399 813
395 819
390 824
376 826
366 830
385 831
400 835
426 838
415 842
411 845
421 847
408 850
420 853
387 856
367 858
396 862
405 864
395 868
399 871
402 873
393 875
420 879
388 882
383 884
399 886
424 888
440 889
441 892
443 893
429 894
423 897
432 897
444 897
439 900
448 899
464 902
458 899
448 905
436 906
454 908
440 908
443 910
455 911
468 912
471 916
478 913
472 914
474 915
435 916
439 917
477 918
485 918
474 919
455 919
476 920
466 924
478 922
472 922
486 923
491 923
482 922
474 923
477 922
476 922
477 923
495 923
501 917
498 923
486 922
498 923
504 920
495 922
495 918
503 920
509 918
512 916
513 914
514 911
514 908
514 906
513 904
513 902
513 900
513 900
513 900
513 898
512 898
513 896
513 894
513 894
512 892
514 889
513 887
514 885
513 883
513 880
513 877
513 875
513 873
513 870
514 868
513 865
513 863
513 861
513 857
514 851
513 852
513 847
513 843
513 841
514 838
513 834
513 814
513 810
514 808
514 804
513 798
514 794
513 790
517 786
513 782
513 778
513 774
512 767
514 766
513 760
513 755
513 751
513 747
513 745
514 740
513 735
513 730
514 725
514 718
514 712
514 708
514 706
513 702
513 698
513 693
513 687
515 682
514 680
512 677
513 672
514 666
517 660
511 656
514 653
513 649
514 642
516 636
513 632
514 626
515 620
511 613
513 610
512 607
515 593
514 593
515 587
512 582
513 574
515 573
517 571
512 559
513 562
513 560
511 540
513 536
516 531
514 527
514 521
516 514
514 508
513 501
529 497
512 491
514 486
512 483
513 477
515 473
515 469
513 465
513 461
515 457
513 452
513 448
513 442
514 438
514 433
514 428
514 423
515 416
514 410
514 404
514 400
512 395
514 389
514 385
515 378
515 373
514 369
513 364
514 360
513 356
515 350
514 346
514 342
515 336
513 333
513 330
514 326
514 323
513 319
514 315
513 309
514 306
514 301
515 297
514 292
513 289
515 285
513 281
513 278
510 260
518 258
517 255
638 254
658 249
663 246
671 242
650 238
619 235
624 230
645 227
647 225
648 220
646 213
639 212
639 210
647 208
621 203
606 202
602 199
612 197
650 193
643 190
640 187
604 184
626 181
647 177
611 175
621 172
620 169
667 167
680 164
635 162
616 159
625 156
635 154
626 153
595 151
589 149
608 146
622 145
600 143
604 142
591 140
577 139
583 138
563 136
582 136
604 133
591 131
606 133
594 132
553 129
554 128
567 126
573 126
557 126
515 131
514 132
514 133
513 134
514 136
513 137
514 138
514 138
514 135
513 142
513 144
513 145
514 146
514 148
514 147
513 152
514 155
513 150
514 160
512 165
515 166
517 167
513 170
514 171
513 175
514 178
513 181
513 181
513 187
514 189
514 192
513 196
515 199
514 202
513 203
512 210
512 216
513 221
514 226
515 230
512 235
512 239
513 243
513 247
513 251
514 255
514 258
514 264
513 266
514 270
513 276
513 279
514 287
514 292
513 298
515 306
503 303
508 324
513 328
513 333
514 336
513 336
513 344
513 349
513 355
513 356
514 361
513 365
514 371
515 377
511 381
515 383
513 387
514 394
513 402
510 406
515 410
513 417
514 425
508 430
514 434
513 439
514 448
508 453
516 454
513 459
514 466
509 467
520 471
513 475
512 480
510 482
515 482
514 489
514 497
509 502
515 505
513 511
512 519
512 524
515 529
513 528
512 540
513 546
513 551
513 556
510 560
514 558
513 568
516 572
511 577
513 581
514 585
514 589
513 612
513 616
513 620
513 626
514 632
514 638
513 644
513 649
512 655
511 661
504 665
512 667
514 672
512 677
514 682
513 686
513 691
513 696
513 699
512 703
513 705
513 710
510 715
515 719
513 723
513 728
513 732
513 734
513 741
513 745
512 749
513 752
512 756
512 760
513 761
514 768
514 771
514 775
512 778
457 781
421 784
406 788
372 792
378 796
395 800
392 804
387 807
371 808
361 814
376 814
404 821
381 824
396 828
389 830
413 833
416 836
382 839
394 851
392 853
427 855
416 858
417 862
387 863
356 868
383 871
411 874
407 876
406 878
398 880
434 883
389 888
400 880
405 889
431 891
440 885
426 894
456 896
464 898
451 898
425 899
444 895
441 899
445 904
443 905
463 906
484 908
467 908
454 909
455 911
451 912
437 912
464 914
478 914
465 915
464 915
470 910
477 917
456 918
433 920
444 919
488 920
476 921
472 920
473 921
477 921
490 922
477 922
466 923
484 922
497 923
485 922
485 923
491 923
490 926
492 923
492 921
507 922
507 921
506 914
512 919
513 917
513 916
513 913
513 911
513 907
513 905
513 904
513 902
514 901
513 900
514 899
514 898
514 897
511 895
514 894
514 892
514 891
513 887
513 885
513 884
513 882
512 879
513 876
513 874
512 872
514 870
514 866
514 864
514 862
514 859
514 856
514 853
516 849
513 846
514 843
513 840
513 837
513 833
512 823
514 825
513 821
513 813
513 811
512 806
513 800
514 797
514 793
514 789
514 785
513 782
512 761
514 757
514 754
514 750
513 746
513 743
513 739
512 734
513 728
513 723
515 717
514 713
513 710
513 706
512 701
513 695
509 689
513 685
513 682
514 680
513 675
514 665
516 664
514 661
512 657
515 651
516 645
512 641
514 631
513 632
514 625
515 619
514 615
514 606
511 602
514 597
515 589
516 584
512 581
512 578
511 572
516 568
511 566
513 563
514 557
518 553
512 551
513 547
513 541
517 535
511 531
513 526
513 518
516 511
512 507
513 501
514 496
515 475
513 471
516 468
513 465
514 458
514 456
512 449
510 447
513 442
514 437
514 431
514 425
514 420
516 415
515 410
513 398
513 399
514 393
514 388
513 382
516 378
515 373
512 364
514 364
513 359
513 355
513 348
513 345
513 342
514 337
514 333
514 329
513 325
514 322
513 318
513 307
515 308
513 304
514 300
514 296
514 293
513 288
514 285
514 281
513 277
514 272
513 269
512 265
514 262
514 258
521 255
629 252
647 248
662 245
658 241
639 237
643 235
663 218
667 216
659 214
636 211
664 208
649 204
642 202
642 198
621 189
628 193
619 190
617 187
612 185
624 181
657 179
632 175
641 175
634 170
639 163
613 164
633 162
612 159
635 156
643 153
647 151
617 151
606 148
593 147
603 146
576 142
589 143
586 141
604 140
595 139
601 137
583 135
593 130
564 133
576 131
582 131
603 129
587 128
599 127
585 125
583 126
533 115
567 124
582 123
584 122
583 120
568 120
601 119
572 113
555 117
547 117
550 117
560 116
538 114
560 114
532 115
546 115
539 114
533 114
549 114
551 115
547 114
541 114
530 114
530 115
527 114
536 115
541 116
545 117
522 118
516 119
515 115
514 124
514 126
514 128
514 132
514 133
514 134
514 130
514 137
513 138
513 139
514 143
514 142
513 144
514 145
514 147
513 148
514 151
514 152
513 156
513 158
513 154
513 162
514 160
516 164
514 170
514 174
514 176
512 179
514 181
513 185
513 188
513 191
512 188
512 196
514 199
514 204
515 208
512 213
514 233
513 234
512 240
511 245
513 248
513 248
513 256
513 260
513 266
513 269
513 274
513 277
514 282
514 287
512 290
513 289
514 302
508 306
514 310
513 314
513 319
514 323
513 328
513 332
514 337
514 341
514 349
513 353
512 357
513 360
514 364
514 368
511 373
512 378
513 380
514 384
514 391
512 396
512 401
514 406
514 412
511 419
512 424
515 428
513 436
512 443
510 448
514 451
513 455
514 460
511 465
515 466
517 473
512 470
512 481
514 482
513 487
511 509
513 513
510 518
512 524
514 529
513 535
511 534
512 547
512 552
512 556
514 560
513 565
515 569
513 573
514 577
512 578
514 585
513 589
513 589
512 600
512 606
514 611
514 617
514 622
513 627
513 625
514 637
512 643
512 649
512 655
512 657
513 666
514 671
513 672
513 677
513 682
512 688
513 692
513 695
513 699
514 703
513 706
514 710
513 714
513 719
513 724
513 727
514 732
512 737
512 741
513 744
514 748
514 752
514 756
514 760
513 763
513 769
423 783
381 786
374 789
374 793
375 796
371 800
374 805
385 807
376 812
403 815
390 808
371 821
378 824
349 828
357 830
405 834
389 836
396 839
397 843
394 845
416 848
398 851
397 850
373 857
389 859
414 864
409 865
390 868
398 871
425 874
421 877
401 880
397 882
405 884
415 886
440 886
446 890
443 891
454 893
443 887
414 896
444 897
414 898
452 900
431 902
471 905
431 900
427 905
423 906
458 907
439 908
427 910
438 910
460 911
463 912
439 913
453 912
438 919
454 919
465 919
472 919
471 920
483 921
475 921
461 921
467 921
483 922
489 922
491 926
481 922
483 922
489 923
476 916
465 924
473 923
498 923
505 922
502 922
497 923
494 922
489 924
483 921
497 920
507 919
511 917
513 914
513 912
513 909
513 907
513 905
513 903
513 902
513 902
513 900
513 897
513 897
513 896
514 895
515 894
513 892
513 890
513 888
514 886
513 884
513 880
513 879
513 876
513 874
513 872
513 866
514 867
513 864
513 861
514 848
512 845
513 843
513 840
514 836
513 833
513 827
513 825
513 819
513 815
513 812
513 807
514 802
514 796
513 792
514 788
514 785
514 780
514 775
515 771
513 766
513 761
513 758
513 754
513 750
515 745
514 741
514 737
514 732
514 728
514 722
514 718
514 714
514 709
513 705
513 700
513 694
516 689
515 685
512 683
513 680
513 674
513 667
516 662
512 660
514 657
512 653
514 645
516 641
515 636
514 631
515 624
514 618
513 613
515 608
513 600
516 593
515 574
513 569
513 569
515 565
512 561
514 558
511 550
513 549
515 544
515 540
512 535
514 530
513 524
515 518
515 510
513 507
513 501
509 495
515 489
513 486
513 480
515 476
514 472
513 468
514 463
515 460
514 455
514 451
513 447
516 441
516 436
514 431
513 426
514 421
516 415
513 410
513 402
514 398
515 393
515 386
514 383
513 378
513 374
514 369
514 364
513 358
514 353
513 348
514 343
514 339
513 338
513 334
513 329
513 325
514 321
514 316
514 313
515 293
512 286
513 288
513 284
515 285
516 276
507 270
514 267
514 263
515 260
515 256
545 255
661 253
652 248
651 244
662 241
650 238
627 234
633 230
646 227
645 223
649 219
641 217
654 212
668 209
646 206
640 204
609 200
598 198
647 195
646 198
620 189
620 187
643 184
662 182
627 178
612 175
622 171
637 170
634 166
600 163
613 161
647 158
626 158
618 154
548 148
582 150
598 148
587 147
547 147
590 144
604 142
614 141
564 140
556 138
574 137
594 136
583 130
584 129
565 129
557 128
557 127
548 125
597 125
568 122
564 122
574 122
580 121
557 119
534 120
544 119
569 118
576 118
543 117
557 116
583 116
563 115
541 115
545 116
535 115
526 115
557 115
560 111
564 111
549 115
531 115
529 114
527 114
535 114
541 115
548 115
542 115
540 116
527 116
517 116
514 119
514 122
514 125
514 127
514 130
512 132
514 133
514 136
513 133
514 138
513 139
514 140
513 141
513 142
513 144
513 140
513 148
514 150
513 151
513 163
513 163
513 151
515 178
519 171
513 174
513 177
514 180
513 182
514 185
514 188
514 191
513 196
512 198
514 202
513 207
513 211
514 214
514 219
515 224
513 227
513 232
513 237
513 241
514 245
514 248
514 253
513 257
513 260
514 265
515 269
514 273
513 279
513 284
513 288
512 293
514 296
514 301
514 304
523 304
515 314
514 319
513 324
513 328
513 333
514 337
513 341
514 346
514 349
513 354
513 358
513 365
513 369
511 374
513 377
514 381
514 386
510 410
512 416
510 419
513 423
513 427
513 435
510 443
513 446
513 449
514 458
514 463
514 463
513 467
513 474
508 476
515 478
515 475
513 488
510 493
514 495
513 499
513 507
510 513
514 512
514 523
513 530
509 536
514 542
514 547
509 552
513 557
514 561
514 565
511 570
513 575
512 577
513 578
512 587
513 592
513 596
514 602
513 605
513 611
513 616
512 622
513 629
512 635
512 639
513 645
513 649
514 654
514 659
513 665
504 665
515 673
513 679
513 683
513 701
512 704
513 707
512 716
514 715
512 721
513 725
513 729
514 733
514 737
513 737
513 744
513 750
513 753
513 758
512 761
513 765
513 770
513 773
512 777
511 780
429 782
370 785
374 790
375 794
361 797
374 801
386 803
393 805
397 811
373 814
355 816
352 820
361 825
377 827
364 831
381 834
417 837
381 839
397 842
408 846
360 850
397 851
377 854
397 857
376 859
393 859
412 865
410 868
398 871
350 875
371 877
397 880
391 882
397 885
417 887
427 887
439 895
429 896
426 897
426 898
465 899
475 901
441 904
444 908
451 905
479 906
430 908
438 908
478 909
479 910
476 911
455 912
463 913
448 913
457 915
451 916
444 917
469 917
471 918
482 919
480 920
436 920
456 920
456 921
479 922
488 921
474 922
483 925
487 922
472 922
465 922
471 922
476 923
487 920
499 923
490 923
489 922
485 922
485 923
485 921
495 922
502 922
496 921
510 919
513 917
513 914
513 912
513 910
513 908
513 905
514 904
514 902
512 900
513 896
513 896
513 894
513 892
514 890
514 888
513 886
513 883
513 881
513 879
514 877
512 874
513 871
513 868
513 866
513 863
513 857
512 858
513 855
513 852
513 850
512 846
514 843
514 839
513 835
514 831
514 827
513 824
514 820
513 817
513 812
513 807
514 803
513 798
513 792
514 789
513 784
514 779
513 775
514 771
515 766
513 762
513 758
513 754
513 751
513 744
513 738
514 733
515 729
513 727
513 723
511 720
513 715
513 710
513 701
514 695
515 680
512 676
514 671
512 667
513 665
513 660
513 654
513 647
513 646
513 640
516 635
514 624
514 623
514 618
514 611
516 606
513 600
514 595
513 590
512 583
515 579
513 577
513 570
514 568
514 564
516 561
512 558
514 550
514 550
512 544
512 540
513 536
513 529
516 522
513 518
513 512
514 505
519 497
512 494
513 490
513 483
515 478
514 475
513 472
513 466
516 462
513 459
513 450
514 449
515 445
513 438
513 436
513 431
516 425
514 419
512 414
515 408
515 382
514 379
513 377
514 372
514 367
514 362
515 358
514 355
513 349
514 345
513 340
515 336
511 332
514 328
514 325
513 320
514 318
514 312
514 307
513 303
514 298
514 296
513 291
514 287
515 281
514 279
513 275
514 273
511 266
514 263
495 260
516 256
561 254
654 251
671 248
671 243
637 241
628 239
643 234
634 230
656 227
683 218
662 218
669 215
673 212
636 209
637 205
634 203
641 200
640 197
610 194
641 191
641 185
637 185
651 182
604 178
651 177
608 163
615 161
636 160
637 157
614 153
615 153
611 151
576 149
607 147
599 145
611 144
603 149
597 141
581 139
592 139
563 137
587 135
588 134
604 133
582 131
588 132
585 129
575 130
566 127
554 126
569 125
585 125
578 124
584 123
566 122
574 116
559 120
546 116
558 118
577 118
563 117
580 116
560 119
560 115
540 115
546 115
548 116
528 114
545 114
561 115
556 113
542 112
542 114
538 113
524 113
537 113
546 114
548 114
543 114
544 115
537 114
522 115
517 124
514 126
512 127
514 129
514 132
513 134
514 136
513 136
514 134
514 138
514 139
514 140
514 141
514 144
514 145
513 147
514 149
513 150
514 151
513 155
513 158
514 161
514 164
513 165
515 173
513 174
514 174
513 177
513 180
514 182
514 186
513 190
515 193
513 196
513 199
513 202
514 210
514 211
513 214
513 218
513 223
512 228
513 232
513 236
513 241
513 247
513 251
514 256
513 259
513 263
513 267
514 272
513 275
514 280
513 284
514 289
513 294
513 322
517 313
513 320
514 324
513 329
513 335
513 341
513 344
514 348
514 351
513 355
513 361
511 367
513 371
514 374
513 377
514 384
512 389
511 394
514 397
514 404
510 410
513 415
514 422
514 424
514 433
511 439
514 444
514 448
513 454
512 459
512 462
513 465
514 469
513 474
513 483
516 492
520 483
512 486
515 492
513 497
514 504
512 509
511 515
514 522
512 528
511 533
513 537
512 543
513 548
514 554
512 558
513 564
512 568
513 571
512 575
513 580
513 600
513 603
514 608
513 613
511 619
512 624
511 630
514 635
513 642
512 646
515 650
513 657
513 661
509 665
512 668
512 670
513 679
514 684
513 688
513 693
515 697
512 701
512 705
512 709
513 714
508 717
513 721
514 726
515 730
512 735
513 738
513 742
513 747
513 750
513 754
512 758
512 762
512 766
513 769
514 773
514 777
512 781
442 783
368 786
355 790
371 794
395 799
400 801
393 804
378 820
384 812
375 814
385 816
367 831
353 834
369 829
388 833
423 844
410 846
394 848
378 851
376 856
413 857
378 861
401 864
394 867
405 869
377 873
393 876
388 878
403 881
431 883
424 880
427 888
462 889
455 890
432 892
416 894
420 895
446 897
448 898
446 899
445 902
449 902
438 904
431 903
463 911
443 907
438 909
438 909
467 912
472 912
444 912
449 913
462 913
438 915
430 916
450 916
471 917
486 919
438 920
470 919
472 920
476 921
455 923
453 922
492 923
478 922
478 923
496 923
476 923
481 922
480 924
472 924
493 923
502 923
494 924
487 923
475 923
483 922
499 922
510 921
508 922
514 918
513 916
513 914
514 911
514 908
513 906
513 903
513 903
513 901
513 899
512 899
513 899
514 897
513 896
513 897
514 892
513 890
514 888
513 886
514 883
513 880
513 879
513 876
513 874
513 870
514 869
513 866
515 866
513 861
513 856
512 854
514 852
513 850
513 844
513 840
513 836
513 834
513 830
513 827
514 822
513 818
514 814
513 810
513 805
514 800
514 795
514 790
514 784
513 768
514 764
513 760
513 756
513 752
513 748
514 743
514 739
514 736
513 731
513 726
513 721
513 716
514 711
513 705
514 701
514 695
512 693
513 688
514 685
513 679
513 673
514 670
513 663
513 661
514 658
513 652
516 647
513 644
512 639
512 634
517 627
513 623
512 616
514 610
516 604
515 598
511 595
513 588
515 581
514 578
513 575
515 570
516 566
515 563
512 560
513 556
514 552
513 549
512 544
513 538
514 533
515 527
514 522
513 515
514 509
514 483
514 481
514 478
513 475
514 470
513 465
515 461
512 458
514 454
513 450
515 444
513 439
513 435
513 429
513 423
515 417
515 413
515 406
514 401
514 395
513 390
512 386
513 381
515 375
514 371
516 365
514 360
513 357
514 352
512 342
513 342
514 339
514 334
514 331
515 327
514 323
514 318
513 314
513 310
513 306
513 302
515 297
512 294
514 291
513 285
514 283
514 278
514 274
514 270
514 264
513 261
514 258
517 254
590 253
654 249
667 246
650 243
632 226
630 224
637 220
632 218
661 216
678 210
658 208
636 203
624 200
620 198
647 195
647 194
633 192
615 189
656 187
657 182
619 179
648 175
607 179
635 170
654 167
649 164
623 161
631 158
643 156
584 153
598 151
577 149
597 151
588 146
586 145
596 143
617 144
592 141
567 140
551 138
605 137
599 136
600 134
582 133
604 131
608 130
592 129
578 128
575 128
568 127
570 125
593 125
574 124
588 123
577 121
585 121
555 121
553 119
559 118
591 117
587 117
553 115
562 115
542 115
533 115
558 115
570 115
544 114
560 114
541 105
524 114
523 114
530 114
541 115
556 115
549 115
548 115
535 116
519 117
513 118
515 119
513 122
514 123
513 126
513 130
514 129
514 133
513 136
514 140
513 137
513 138
513 139
514 140
513 142
513 142
513 144
513 147
514 148
514 150
513 152
514 155
514 158
513 160
512 163
513 165
514 168
513 165
514 171
511 181
514 177
514 180
513 183
513 187
513 190
513 193
513 196
513 201
513 204
514 224
514 227
513 229
513 233
514 237
515 242
514 246
513 249
513 253
514 258
514 262
514 266
514 270
514 274
514 281
513 286
513 291
513 296
513 300
513 303
514 307
512 319
519 317
515 321
513 328
513 332
513 336
514 340
514 344
513 348
514 353
513 358
513 363
514 367
514 370
512 376
512 381
514 384
518 389
511 396
513 399
515 404
513 408
513 416
512 423
513 427
512 433
511 440
511 446
515 450
515 455
512 462
511 464
514 467
513 473
512 476
512 478
513 497
513 500
514 506
510 513
512 517
514 522
514 528
511 535
513 541
514 545
514 551
511 556
513 561
512 565
512 569
510 574
513 577
514 581
513 584
513 590
512 594
514 598
513 604
511 610
511 616
512 624
512 626
511 633
513 638
512 643
516 648
513 652
513 658
512 665
509 669
512 676
514 671
511 682
513 685
513 690
513 694
513 699
512 702
513 706
513 710
513 714
513 718
513 723
514 728
514 731
513 736
513 739
513 743
514 747
513 751
513 755
513 760
512 777
511 782
510 782
395 784
362 787
377 790
353 795
366 799
397 802
402 807
397 808
390 813
373 812
355 816
381 824
366 825
400 829
396 832
397 835
402 838
389 841
391 844
378 847
376 850
374 853
381 856
401 859
379 861
410 864
411 867
386 870
362 875
377 874
394 879
403 881
375 885
403 885
432 887
458 889
436 891
380 892
409 894
462 895
435 897
421 898
443 899
459 900
449 902
408 903
414 906
467 905
403 906
426 908
456 909
489 910
458 910
447 912
457 916
459 916
480 918
470 919
464 919
474 920
472 920
466 920
458 923
457 922
470 922
480 922
488 922
490 923
471 921
467 923
483 924
481 923
475 923
492 923
489 923
483 923
487 923
490 922
483 922
485 922
495 922
500 921
508 919
512 919
513 917
513 914
514 911
513 908
513 906
513 904
513 903
513 901
513 901
514 899
513 898
512 897
513 896
513 894
514 893
513 891
513 889
513 887
514 885
512 883
513 878
514 876
512 874
513 872
514 870
513 867
514 865
513 853
513 852
513 847
513 843
513 840
513 837
513 833
514 830
514 826
513 822
514 817
513 813
513 809
512 803
513 799
513 794
515 788
513 786
513 782
512 779
513 774
513 770
513 766
513 762
513 757
513 753
512 746
514 741
514 736
514 732
513 728
513 723
513 721
513 717
514 712
514 704
514 699
514 695
514 696
513 690
513 685
514 678
514 673
514 670
512 667
513 663
513 656
516 651
512 649
513 647
516 638
516 632
514 627
513 621
513 615
517 607
512 605
514 580
516 578
513 573
515 569
515 567
512 564
513 561
514 556
516 553
513 548
513 541
513 537
514 531
514 525
515 520
513 515
514 509
515 502
514 497
512 493
513 485
514 482
515 478
513 473
514 469
516 464
513 460
512 457
514 453
514 447
515 444
513 439
519 434
514 427
515 423
514 417
515 412
513 406
515 399
515 395
513 390
514 385
514 378
515 375
514 368
513 364
514 360
514 355
515 351
513 346
514 342
515 340
514 334
513 330
514 325
515 322
513 302
514 299
513 298
514 292
513 288
514 285
514 280
514 277
515 273
513 269
514 265
513 261
514 257
517 253
619 250
664 249
654 246
654 241
656 237
640 233
634 230
641 228
637 224
641 221
645 217
660 213
661 210
628 205
648 204
614 201
621 198
629 196
622 192
636 189
648 187
654 185
634 181
661 178
629 175
624 171
645 170
646 166
654 162
622 160
642 159
622 156
646 154
593 152
582 149
578 150
617 149
606 145
599 125
573 141
609 141
580 140
584 140
559 134
611 130
619 133
587 128
560 128
544 126
575 126
569 126
558 125
565 124
589 123
587 122
566 120
571 121
549 118
563 119
551 117
548 117
588 115
561 116
556 115
553 115
546 115
545 115
543 115
540 114
543 115
556 114
547 114
531 117
528 113
541 114
541 113
535 114
537 114
540 113
541 115
530 115
518 115
516 117
514 118
515 116
514 122
514 127
513 128
513 131
514 133
513 134
515 135
515 136
513 137
513 138
513 139
513 142
513 144
513 144
512 146
513 156
514 158
514 161
513 162
513 165
512 167
514 170
513 172
511 178
514 177
514 181
512 184
513 187
514 191
512 194
514 197
512 200
514 204
513 209
513 214
514 216
514 222
513 227
512 231
514 235
514 239
514 242
515 247
514 251
513 258
513 260
513 264
513 272
513 274
513 279
513 283
512 288
512 293
513 297
514 303
514 303
514 308
514 312
513 312
513 324
513 329
513 333
514 336
514 340
514 345
514 350
513 356
513 360
512 364
511 368
514 372
514 376
513 399
512 403
512 408
512 413
513 417
513 423
513 429
512 436
512 441
515 446
514 450
514 456
512 460
513 464
511 468
515 471
514 475
513 479
511 482
512 485
510 490
513 496
511 500
514 506
511 512
514 518
512 524
513 530
512 535
514 541
512 547
514 551
513 553
512 561
512 566
511 569
514 574
514 577
513 581
513 586
513 590
512 594
515 600
513 606
512 611
513 617
513 622
513 627
513 633
513 640
514 642
513 648
513 652
513 658
513 664
510 670
512 671
514 692
512 694
512 698
512 703
513 706
513 710
513 714
513 720
514 723
513 728
513 732
512 735
512 741
512 744
513 748
513 752
513 757
513 760
514 763
514 768
514 772
513 776
513 779
510 782
409 785
385 788
375 792
375 796
372 800
379 804
387 807
407 810
412 812
399 817
384 819
348 824
365 831
392 830
401 834
422 837
392 844
406 843
412 845
394 848
396 851
359 853
393 857
392 859
391 863
402 866
375 868
409 872
383 873
408 877
380 879
383 881
412 884
442 892
435 894
439 895
440 896
437 898
477 898
453 900
468 903
445 903
456 904
460 904
434 908
419 904
440 908
479 910
476 911
452 912
436 912
494 913
450 918
437 916
438 917
482 915
487 918
471 919
457 918
487 920
479 921
465 922
447 922
451 921
479 922
483 922
491 923
498 923
492 923
485 923
475 923
470 923
483 926
502 923
496 923
489 923
496 922
497 922
492 922
480 922
488 921
503 921
509 920
512 918
512 916
513 913
513 911
512 908
513 906
513 902
513 897
513 897
513 896
513 896
514 894
514 892
512 890
515 888
513 886
513 884
513 882
513 879
513 877
515 878
512 872
513 869
513 867
513 864
513 861
514 859
513 856
513 852
513 850
513 846
512 843
513 840
513 837
513 833
513 829
513 825
513 821
513 817
513 812
514 806
514 802
513 798
513 793
513 789
513 785
513 781
514 777
514 773
514 768
513 764
513 759
514 754
512 752
513 746
513 743
513 741
513 735
513 729
514 726
513 720
516 714
513 709
513 705
513 685
514 680
514 676
515 673
513 670
513 665
514 660
514 656
516 651
514 647
513 640
517 635
515 630
511 624
512 621
513 615
514 607
514 601
515 599
514 590
513 585
515 580
513 575
513 572
514 569
511 565
514 562
514 559
518 553
514 550
514 540
513 540
513 534
513 530
512 525
513 519
515 512
514 506
514 500
513 494
514 490
513 486
514 480
513 476
514 472
514 466
