532 124
515 126
514 128
516 129
514 131
515 132
516 134
514 137
513 135
514 138
514 139
513 139
513 142
514 143
515 147
514 148
514 149
514 155
512 156
514 157
514 159
514 162
514 164
514 167
513 170
514 173
513 175
514 179
513 180
514 183
514 186
514 190
513 193
514 197
514 200
513 205
513 209
513 214
514 217
512 221
513 225
514 231
513 236
513 240
513 245
514 248
514 252
513 257
513 261
514 265
514 270
515 274
510 279
513 284
514 287
514 292
514 297
433 923
450 923
459 922
447 922
456 921
493 920
513 918
514 916
511 917
512 910
512 909
512 906
513 904
513 904
512 901
513 901
513 899
512 898
513 897
513 895
513 894
513 894
513 890
515 887
513 886
511 885
513 882
513 879
513 876
513 874
513 871
513 870
513 867
513 865
513 862
513 858
514 856
513 853
513 850
513 847
513 843
513 839
514 837
513 833
513 827
513 823
513 820
512 816
514 811
513 806
513 802
513 798
514 794
513 790
513 787
512 783
513 778
514 306
513 310
513 316
514 320
515 325
514 328
514 331
514 337
513 344
513 351
512 353
514 355
514 353
514 364
513 370
514 376
513 379
514 381
513 387
513 409
513 398
513 401
513 406
514 414
514 421
513 426
514 431
513 436
514 445
513 448
514 453
513 458
513 462
513 464
513 469
514 474
513 478
513 480
513 484
514 489
513 493
514 499
514 503
513 509
514 515
514 520
514 528
512 533
513 538
514 544
513 550
512 554
514 558
513 564
514 568
514 571
514 574
513 708
514 710
513 713
513 717
513 723
513 726
514 732
513 736
513 739
514 744
513 748
514 752
514 756
514 760
513 761
516 767
513 771
512 775
511 779
506 781
403 781
193 783
111 786
71 791
59 795
43 799
38 803
75 807
79 810
93 814
85 817
67 822
103 822
124 828
132 831
144 834
111 836
183 839
156 842
149 845
169 849
142 851
171 854
175 857
169 860
137 862
148 865
127 869
159 871
182 874
123 877
157 880
147 887
215 886
205 886
256 889
199 890
244 892
336 898
307 901
297 900
265 904
317 903
316 905
300 906
286 906
348 909
355 912
318 910
320 911
314 912
362 913
305 914
348 914
350 915
390 916
331 917
340 919
309 918
393 919
344 920
350 921
381 921
366 922
398 923
408 925
417 921
421 923
408 923
393 923
393 924
430 923
444 923
430 923
406 923
401 923
434 924
430 923
452 922
457 923
455 923
466 922
473 922
497 919
509 914
509 916
511 912
512 909
513 908
514 906
513 904
513 903
513 902
513 902
513 895
513 893
513 888
513 891
514 892
512 884
515 888
504 884
513 878
513 876
513 874
513 871
512 868
513 865
513 864
513 861
513 857
513 856
513 852
513 849
512 845
513 842
513 839
513 834
513 831
513 828
513 823
512 819
514 815
513 811
513 806
513 800
512 796
513 793
513 790
514 786
513 782
514 777
513 771
513 765
513 757
515 754
513 753
512 747
510 747
514 741
513 736
513 732
513 727
513 720
513 717
513 712
513 709
513 704
514 699
513 694
513 687
513 669
513 663
513 661
513 657
513 653
512 650
513 645
513 637
514 633
513 628
513 622
513 615
514 608
513 603
512 599
513 592
513 586
513 582
508 578
512 572
515 567
509 563
511 560
513 556
513 554
513 550
513 547
513 543
513 538
513 532
513 526
513 520
513 516
513 507
513 502
513 497
514 491
514 486
515 481
513 477
512 473
513 467
513 462
513 461
513 456
514 452
513 447
512 444
513 437
514 432
513 428
513 422
513 415
513 411
514 405
513 400
513 393
510 371
513 370
513 365
515 359
514 355
514 351
514 347
513 343
514 339
513 335
513 331
513 327
513 323
513 319
513 314
514 310
514 305
513 299
513 298
514 294
513 290
513 285
514 279
514 277
514 274
514 270
513 266
513 261
515 259
523 255
648 255
703 252
857 252
969 250
1023 245
1023 240
1020 234
993 231
929 227
892 224
960 220
926 220
935 214
935 209
910 208
893 204
852 201
878 198
877 195
864 193
880 190
867 187
900 184
875 181
866 177
877 175
867 172
870 159
859 158
870 156
867 153
785 152
771 148
763 146
796 146
753 145
728 143
707 140
712 139
739 138
678 137
691 135
723 134
703 133
658 132
684 129
723 129
723 128
638 127
681 126
695 125
721 124
623 123
726 122
673 121
678 121
632 120
675 119
695 118
669 118
654 117
653 116
662 115
660 116
674 115
610 115
599 115
618 115
625 112
626 114
628 114
634 113
607 112
584 113
578 113
597 113
619 114
607 113
592 113
561 113
570 114
578 115
563 117
527 118
516 130
515 129
514 132
514 133
514 135
514 135
513 137
513 137
514 137
514 138
515 141
513 143
513 144
514 148
514 147
514 151
511 155
514 156
517 158
514 160
513 163
514 164
513 168
514 171
514 174
513 177
513 180
513 183
514 185
514 188
514 192
514 196
513 198
514 204
515 206
513 210
514 214
514 219
514 224
511 228
513 233
514 238
513 240
514 245
513 250
514 253
514 257
513 261
514 267
514 271
514 275
513 281
513 287
512 292
514 295
514 299
514 300
513 480
514 482
514 486
514 491
513 496
514 501
514 507
513 513
514 516
514 524
513 530
511 535
514 541
514 547
513 551
513 557
513 559
513 565
514 570
513 573
514 578
513 583
514 586
514 594
514 595
513 600
513 606
513 611
514 616
513 622
513 627
513 633
515 639
514 643
513 650
510 654
513 657
514 664
512 668
513 671
513 677
513 682
513 686
513 691
514 695
513 700
514 704
513 707
514 711
515 715
514 719
514 723
514 728
513 732
513 737
513 740
513 758
514 761
512 764
514 767
516 772
511 775
512 778
490 781
366 782
172 783
139 787
67 791
66 794
84 799
57 802
81 807
106 810
73 814
98 817
149 821
106 824
123 828
121 830
142 834
180 836
176 836
159 843
135 845
157 848
153 851
158 851
145 857
149 859
132 862
150 867
170 869
83 872
140 872
179 877
221 880
125 883
197 885
208 885
250 889
270 891
211 892
287 893
330 895
310 897
258 898
309 900
341 900
291 902
276 903
295 905
348 907
356 907
314 908
335 913
347 914
354 914
337 913
332 916
377 917
361 917
357 919
332 919
373 918
368 920
370 918
386 920
361 921
410 921
400 922
390 923
410 923
413 923
431 921
424 923
412 924
428 922
416 924
410 924
412 924
429 924
437 923
453 924
460 919
462 923
486 921
483 921
490 921
504 918
511 916
512 911
512 910
512 908
513 906
513 904
513 901
513 902
513 899
513 899
514 898
513 897
513 896
513 893
513 893
513 890
511 888
513 886
513 885
506 878
513 878
513 874
514 863
513 863
513 861
513 856
513 854
512 852
513 848
513 844
514 841
513 838
513 835
513 830
513 824
513 822
513 818
513 814
513 808
514 805
513 799
513 793
513 789
513 783
512 781
514 776
513 772
513 768
513 764
513 760
515 753
515 755
518 747
515 745
514 738
513 733
513 728
514 723
513 719
513 715
513 708
513 704
511 701
513 695
513 691
513 687
513 684
513 679
513 673
514 669
513 665
513 660
513 655
514 651
514 648
513 642
513 636
514 630
513 625
513 601
513 597
513 592
514 583
514 579
514 575
513 573
512 565
512 566
513 566
515 557
513 552
514 549
513 545
513 542
513 535
513 530
512 525
513 518
513 511
513 506
513 500
513 495
514 489
512 485
513 480
514 475
513 471
513 467
513 463
513 459
514 455
513 450
513 446
514 442
513 436
512 432
513 427
514 420
513 415
514 410
513 404
513 397
513 392
520 387
514 382
513 377
513 373
513 368
513 363
513 359
514 354
513 350
513 345
514 342
513 338
513 333
513 316
514 312
513 308
513 304
514 300
513 296
514 293
513 289
513 284
513 281
513 276
514 273
514 269
512 264
516 261
521 257
567 255
657 252
754 252
969 250
1008 245
970 242
967 239
920 234
916 228
984 227
966 223
912 220
932 216
918 212
908 209
927 206
876 203
888 200
864 197
844 194
875 191
871 189
878 186
873 183
868 180
884 177
887 175
862 170
893 168
885 165
858 162
870 159
855 157
835 154
824 152
810 150
761 148
767 145
707 145
798 144
742 142
693 137
683 137
691 134
765 133
752 131
746 130
700 129
692 128
717 127
673 127
665 125
643 125
707 118
680 123
715 121
627 120
721 120
621 121
657 118
669 118
658 114
667 116
617 116
638 116
652 115
650 115
644 115
605 114
604 114
628 114
619 114
604 114
598 114
621 114
574 113
561 114
573 115
604 114
609 114
585 114
556 112
540 115
538 117
523 118
513 121
516 123
515 125
516 127
515 129
514 130
515 132
516 135
513 135
514 138
514 139
514 139
515 142
516 144
513 150
513 152
513 154
514 157
513 160
513 162
514 164
514 166
513 170
514 172
514 175
515 177
515 179
514 183
514 185
514 190
514 193
514 196
514 199
513 203
514 207
513 212
514 215
513 219
513 224
515 227
513 233
515 238
513 242
514 247
514 252
512 255
514 261
515 265
514 271
514 272
513 276
514 281
513 286
514 290
515 295
514 301
514 305
512 309
514 313
513 318
513 321
514 328
513 333
513 338
513 341
514 345
514 349
514 355
513 360
514 378
514 381
512 384
513 388
514 393
513 402
513 409
513 413
514 417
514 423
514 432
514 438
513 443
514 449
514 453
515 457
513 460
514 464
514 469
514 473
513 476
515 478
514 485
514 488
513 491
514 498
513 503
514 508
514 515
514 521
514 525
514 532
513 538
514 543
514 548
514 554
514 560
512 563
513 568
514 571
513 576
514 580
514 583
514 586
517 592
513 597
513 603
516 607
513 614
534 619
514 623
514 628
514 635
514 640
515 645
513 651
513 656
515 678
513 680
516 684
513 685
515 692
513 698
513 700
513 705
513 709
513 713
514 717
514 720
514 724
514 730
513 734
514 738
513 742
513 746
514 748
514 755
513 759
514 762
514 765
514 770
514 774
512 777
507 780
435 780
275 781
172 784
109 788
86 791
58 796
15 801
41 804
49 808
98 812
126 816
93 819
100 821
115 825
116 829
129 833
137 835
140 837
125 841
165 843
175 846
123 848
126 852
133 855
139 858
161 861
133 864
127 867
115 871
145 873
155 875
171 886
201 890
206 889
318 891
284 892
292 896
272 895
270 896
320 898
308 899
282 900
306 902
316 903
303 904
307 904
315 906
315 907
323 908
308 910
293 912
357 911
337 912
382 914
330 911
368 915
324 915
350 917
345 917
380 918
325 918
362 920
334 920
340 921
409 922
369 922
356 922
392 932
345 924
408 925
452 923
419 924
386 924
410 924
448 924
438 923
413 923
432 926
443 923
447 924
459 922
474 921
485 921
501 921
510 919
510 916
512 915
512 909
513 904
513 902
513 901
513 901
513 899
513 897
514 897
513 895
512 893
513 890
513 889
513 888
510 886
515 885
512 882
513 875
512 875
513 873
513 869
513 868
513 864
513 861
513 859
513 858
513 853
513 854
513 847
513 844
514 840
513 837
513 835
513 829
513 824
513 821
513 814
514 811
513 806
513 802
513 798
513 793
514 789
513 785
514 782
513 777
514 772
513 767
513 762
513 758
514 744
510 742
509 746
519 744
513 739
513 732
513 728
513 724
514 720
513 698
514 695
513 690
514 685
513 681
514 677
513 672
513 668
513 665
513 661
513 657
514 652
513 645
514 642
513 638
513 631
513 623
513 617
513 612
513 608
513 601
514 593
513 588
513 584
513 579
513 574
513 571
513 568
516 562
509 553
522 556
512 554
513 549
513 545
513 539
512 535
516 529
513 522
512 517
514 511
513 506
513 499
514 492
513 488
513 485
513 479
513 473
514 470
514 466
513 463
513 458
514 454
513 449
513 444
513 440
513 434
513 430
513 405
513 401
513 396
514 392
513 386
522 381
517 377
513 372
514 367
513 362
514 356
513 352
514 347
513 344
513 339
513 333
512 332
513 328
513 325
513 320
514 315
514 311
513 306
513 303
514 299
513 295
514 291
513 287
512 283
513 280
513 275
514 271
513 267
514 262
518 259
523 257
589 253
677 253
789 252
996 251
1000 246
1002 242
1021 237
1016 232
998 228
979 225
933 221
925 220
955 214
952 212
914 208
875 204
866 202
875 199
865 196
849 194
844 180
885 178
882 176
857 174
873 171
881 167
857 164
841 161
857 158
861 156
784 154
785 153
805 150
788 148
760 146
710 145
727 144
771 143
755 141
726 141
705 138
753 136
758 136
703 133
730 137
765 132
732 130
701 129
713 129
745 127
693 126
715 126
701 124
717 124
662 123
672 122
694 122
701 120
655 119
659 119
641 118
662 118
656 117
664 116
642 114
618 116
631 115
628 115
614 115
615 115
617 114
606 114
621 115
610 114
603 115
591 114
571 115
591 116
554 116
547 116
533 116
523 121
517 122
516 124
514 127
514 130
515 131
514 134
515 134
514 136
515 138
514 137
513 139
514 141
514 142
514 142
514 145
513 147
513 148
513 151
514 154
513 155
514 159
514 161
515 162
514 165
514 167
514 170
514 173
514 176
515 178
514 182
514 185
514 187
513 191
515 194
514 197
514 201
513 205
513 210
514 214
514 218
514 223
514 227
514 233
519 237
514 240
514 244
514 248
514 252
513 256
515 260
515 265
513 269
514 288
514 293
513 296
514 300
513 305
514 309
514 314
514 319
514 323
514 327
513 332
512 337
514 342
514 347
513 352
513 356
513 360
513 366
513 370
513 373
515 377
514 382
514 386
513 392
514 399
513 400
515 405
514 412
513 419
514 425
518 430
513 436
514 443
513 450
514 453
514 457
514 463
515 467
514 469
514 473
513 478
513 481
514 483
514 489
513 494
514 499
514 503
512 509
513 515
515 523
512 527
514 532
514 539
514 546
514 549
514 553
514 558
513 578
514 580
514 584
514 588
514 593
516 598
513 604
514 608
514 614
513 620
514 627
513 631
514 636
514 642
514 647
513 652
515 657
513 663
513 667
513 673
514 676
514 681
514 686
513 690
513 694
513 698
514 702
513 706
514 710
513 713
514 718
513 723
514 727
513 731
513 735
513 739
513 743
514 747
514 751
515 754
514 759
513 763
513 767
513 771
505 771
512 778
484 780
374 781
182 782
107 786
104 789
89 794
21 797
17 802
54 806
70 809
107 813
116 829
143 832
125 834
154 836
117 839
126 842
140 845
150 848
145 850
123 853
156 856
127 859
167 861
163 865
124 868
172 871
145 874
159 877
157 879
236 882
189 884
212 887
254 888
198 887
280 893
251 893
290 895
299 896
336 897
259 898
283 899
296 901
317 902
282 903
285 905
305 906
342 909
296 909
320 910
340 910
318 912
301 912
325 913
354 914
350 915
375 915
350 916
327 918
338 919
352 919
379 919
372 919
366 920
373 921
379 921
414 922
418 922
396 923
419 922
415 923
447 923
447 923
416 923
396 923
423 924
460 922
467 925
450 922
450 922
479 920
505 919
512 918
512 914
512 913
510 910
512 907
513 905
513 903
513 902
513 899
512 899
513 899
513 897
513 896
514 895
513 894
513 892
513 889
513 887
513 885
514 883
510 883
513 872
510 882
513 874
513 871
513 868
513 865
514 863
514 860
508 857
514 854
513 851
509 848
513 846
513 843
513 840
513 835
513 832
513 828
513 823
512 819
513 813
513 809
513 790
513 785
513 782
514 778
514 774
513 768
513 764
514 760
513 757
513 752
512 749
513 754
513 741
510 738
513 732
513 727
514 721
514 716
513 712
514 709
513 705
513 699
513 693
514 687
514 683
514 681
514 679
513 674
513 668
514 663
513 659
513 657
513 652
514 646
513 640
513 636
513 630
514 624
514 618
513 611
513 605
513 599
513 594
513 588
513 583
513 579
513 577
513 571
519 564
509 565
515 561
512 560
511 554
512 548
513 544
513 537
513 533
513 508
513 504
513 499
513 493
514 485
513 483
514 478
514 473
514 469
513 465
513 462
513 457
513 453
513 448
513 443
513 439
514 433
514 428
512 424
514 418
513 412
513 407
513 400
514 394
514 389
514 385
515 378
518 373
514 370
513 365
513 360
513 355
514 353
514 346
514 342
514 338
513 334
513 331
513 327
513 323
513 319
513 314
514 310
513 304
514 301
513 297
513 294
514 289
513 285
514 281
513 278
513 273
513 270
513 266
516 263
517 258
550 256
983 247
997 243
1014 239
1017 236
997 230
980 227
948 223
896 220
899 215
946 212
940 210
906 207
877 204
851 201
861 198
849 196
856 192
881 190
830 187
861 183
860 181
869 178
916 175
848 172
907 170
891 166
855 163
873 161
868 158
855 155
815 153
820 151
777 150
811 148
769 146
728 147
708 142
740 143
752 140
748 139
743 138
739 136
695 135
707 133
734 132
737 131
711 130
702 129
720 129
715 127
663 126
649 126
674 124
692 123
661 123
643 123
685 122
649 118
668 117
680 118
667 118
640 117
633 116
635 115
621 116
606 114
630 115
623 116
592 115
603 115
626 115
611 115
575 115
583 116
593 115
591 116
574 115
568 116
571 117
551 117
526 119
518 121
515 123
514 126
515 129
514 132
516 133
514 129
515 137
514 137
515 136
515 139
514 142
513 141
514 145
514 145
514 146
514 148
514 150
516 153
513 155
513 153
514 159
512 163
516 164
514 166
513 169
513 172
513 174
514 177
513 180
513 183
513 186
514 201
514 205
514 208
514 209
514 215
514 220
513 224
515 229
513 234
513 240
514 244
514 246
513 250
514 254
514 258
513 263
514 268
514 271
514 276
513 281
514 285
514 290
514 294
514 298
514 304
513 305
514 311
513 316
513 322
513 327
514 331
513 335
514 338
514 342
513 348
514 353
514 357
514 360
514 363
514 368
513 376
514 381
513 382
514 386
514 393
513 401
514 404
514 407
514 412
514 421
513 427
514 431
513 437
514 446
513 451
513 454
514 457
514 475
514 478
512 480
512 483
514 489
514 494
514 500
512 503
515 512
513 516
513 523
514 528
514 535
513 539
512 545
513 551
514 555
513 559
514 564
514 568
514 573
513 576
514 582
513 586
515 589
515 593
513 598
514 603
513 608
523 613
513 619
513 625
513 631
514 637
514 642
514 647
514 653
513 657
514 662
513 667
513 671
513 677
513 682
513 685
514 690
514 694
514 698
514 701
513 707
513 710
513 714
514 719
513 724
514 727
514 730
514 737
514 739
515 758
515 761
513 764
514 768
513 772
512 776
509 779
455 779
278 780
153 783
97 786
68 791
43 793
26 799
56 803
93 806
79 809
93 814
88 818
66 821
79 824
110 828
148 832
152 834
152 836
161 840
167 843
170 845
128 850
133 851
156 854
193 857
185 861
151 863
165 866
169 870
165 872
142 874
185 877
141 880
212 883
213 885
227 887
224 888
254 893
245 895
261 893
298 895
328 896
305 897
314 898
326 900
340 902
312 904
315 904
328 906
338 906
323 907
387 912
331 913
342 914
343 914
323 915
391 916
365 917
363 918
356 917
360 918
361 920
368 920
353 921
376 921
412 921
395 922
395 922
420 922
407 907
399 923
412 922
415 924
407 923
412 923
445 923
442 923
410 923
419 923
451 923
458 922
456 922
461 923
481 920
500 919
511 917
512 916
512 912
512 910
512 908
513 905
512 905
512 901
513 900
514 899
512 898
514 897
513 897
513 896
513 892
513 892
514 892
513 887
513 885
513 883
515 877
513 878
513 875
514 864
513 861
513 859
514 856
514 854
512 852
513 848
513 845
512 841
514 838
513 835
513 832
513 827
513 823
513 819
513 814
514 808
513 805
513 799
513 794
513 790
513 787
513 783
514 779
513 774
513 769
513 764
514 761
513 755
513 753
513 744
513 742
524 735
515 737
509 731
513 725
513 719
513 715
513 711
514 707
513 704
513 698
513 692
513 688
514 682
513 680
513 676
513 671
514 666
514 662
512 657
513 653
513 648
513 644
513 639
513 633
513 627
514 603
514 598
514 591
513 585
513 581
513 578
513 573
513 569
513 566
516 563
513 566
515 556
516 552
513 546
513 543
513 535
514 530
513 528
514 522
514 513
513 508
513 504
513 497
513 491
512 486
513 482
513 477
514 473
513 468
513 465
513 461
513 456
514 452
513 448
513 443
514 438
514 433
514 430
513 422
514 416
513 410
513 406
513 400
513 395
514 388
514 384
514 379
505 375
512 371
513 365
513 360
513 356
513 351
513 346
513 343
513 337
514 334
513 316
513 313
513 310
513 306
514 301
514 297
513 293
514 290
513 285
514 281
514 277
513 274
513 270
513 266
514 262
516 258
526 255
636 253
731 252
964 252
1023 247
1000 242
1006 238
982 234
945 231
940 226
961 222
937 220
915 217
881 213
906 209
925 206
874 203
859 200
854 198
842 195
854 192
878 189
860 187
859 183
883 181
850 178
919 174
922 171
898 168
870 166
880 163
866 160
870 158
871 154
807 152
816 150
791 148
806 147
752 146
741 144
721 137
727 136
754 135
738 134
726 133
731 132
700 130
712 129
674 127
714 127
679 126
712 127
644 124
672 118
674 123
721 122
625 121
682 120
665 119
721 119
654 118
698 118
639 117
623 116
667 116
634 116
624 115
630 115
627 114
608 114
614 114
607 115
613 114
607 110
602 114
606 114
604 114
603 114
594 114
586 115
564 115
547 115
542 115
542 117
530 118
519 120
515 123
515 124
515 127
515 131
515 133
513 134
515 133
513 136
514 137
514 138
514 140
514 147
514 150
513 149
514 152
514 155
513 157
513 160
513 162
513 166
514 167
514 168
514 174
514 175
514 177
516 180
514 183
513 186
514 189
513 193
513 196
514 199
514 203
515 206
514 211
513 216
514 222
514 226
513 231
514 235
514 239
533 242
515 247
513 251
515 255
514 258
514 263
513 268
514 276
513 279
513 284
513 288
513 293
514 296
513 299
514 302
514 306
515 311
513 317
513 323
513 327
513 332
514 336
514 339
514 344
514 350
513 357
513 360
513 379
513 381
514 384
513 389
514 395
514 400
514 405
514 410
513 418
513 422
514 429
513 434
514 440
513 445
514 451
513 455
513 460
513 464
513 466
513 470
514 474
514 480
513 482
514 486
514 490
514 496
513 502
514 506
514 511
514 518
514 523
513 530
514 534
513 540
514 546
513 551
513 556
514 560
514 565
513 570
513 573
513 578
514 580
514 587
513 590
515 594
514 599
513 605
514 610
515 614
513 621
513 623
513 632
513 638
514 642
514 646
514 653
513 675
514 678
514 682
514 687
516 691
513 694
514 699
514 702
512 707
513 711
513 714
512 719
513 723
513 727
513 731
514 736
514 740
513 744
513 747
513 752
513 756
513 759
514 764
514 764
513 772
510 776
509 780
462 781
311 780
148 783
83 787
61 792
70 795
60 799
61 803
84 807
89 810
80 814
61 817
75 821
92 824
97 827
116 831
94 835
110 837
179 840
147 843
162 846
117 848
146 852
147 855
107 857
203 861
143 864
124 867
158 869
172 872
147 875
174 889
198 889
208 889
235 885
249 890
268 894
222 895
294 897
307 898
321 900
267 902
312 903
336 904
376 905
270 907
312 907
325 908
367 910
311 911
334 911
353 913
382 914
330 914
348 915
338 916
342 917
352 918
357 918
382 918
375 919
344 920
375 921
369 921
391 922
389 923
387 922
406 921
409 923
406 924
414 923
381 920
415 923
422 923
413 923
419 924
432 923
448 923
437 923
429 923
430 923
459 922
477 923
497 922
504 920
510 917
511 915
512 912
513 903
515 902
513 901
514 899
513 899
513 898
513 897
513 895
513 894
513 892
513 889
514 888
513 884
513 882
508 883
510 878
515 875
512 871
512 871
513 868
512 865
513 862
514 859
513 856
510 854
513 850
513 848
513 845
512 841
513 837
513 833
513 830
513 825
513 820
513 815
513 812
513 807
513 803
512 797
513 794
513 792
513 788
514 784
514 779
513 775
513 769
513 763
512 759
513 754
514 749
513 745
512 743
512 736
517 733
513 730
512 724
513 719
512 696
513 692
513 689
513 686
513 681
513 675
514 672
513 668
513 665
513 661
514 656
513 652
512 647
513 642
513 638
514 633
513 625
513 618
514 614
513 608
513 601
513 593
513 590
513 586
513 581
513 575
513 574
513 571
513 562
518 559
514 556
512 553
513 554
509 541
513 540
513 535
513 529
514 524
513 518
514 513
512 506
513 500
513 496
513 490
512 484
514 482
513 476
513 471
513 468
513 464
513 460
514 455
513 451
513 446
513 441
513 436
514 430
514 405
513 401
513 397
513 392
513 387
513 382
513 378
513 368
515 367
513 365
513 360
513 355
513 350
513 346
514 341
513 337
513 333
513 330
512 325
513 322
513 317
514 312
514 308
513 304
513 301
513 296
514 292
513 289
513 286
513 281
513 277
513 273
513 269
514 264
516 260
521 256
531 255
629 252
734 251
946 251
980 247
1018 243
994 241
967 235
975 232
969 227
949 223
965 219
969 216
923 212
929 209
909 207
878 202
888 200
843 198
842 194
862 193
907 179
893 177
861 174
901 171
846 167
920 165
845 162
847 159
821 157
850 155
803 152
785 150
787 146
781 147
806 146
749 144
753 142
764 141
727 138
731 138
713 137
756 136
761 134
711 133
709 131
755 130
718 129
675 128
731 127
714 127
717 125
665 124
724 121
709 122
695 122
643 121
692 119
688 119
711 118
637 117
641 117
684 117
657 116
626 116
614 115
608 115
619 115
655 114
637 114
595 114
600 114
626 114
630 114
592 113
598 114
609 115
603 113
546 115
544 115
535 116
525 118
515 120
515 123
515 126
516 129
513 131
514 133
514 134
514 134
514 135
514 136
514 140
515 139
512 139
514 144
515 143
512 145
513 147
516 149
513 152
515 154
513 157
513 159
513 161
512 163
514 167
514 169
514 172
514 174
514 178
513 181
514 185
514 187
514 189
514 194
512 197
518 200
513 204
513 208
513 212
512 216
513 222
513 227
513 232
514 236
514 240
514 244
513 248
514 252
513 256
513 261
514 266
514 271
514 274
513 293
514 295
514 301
514 305
514 311
514 314
513 320
513 323
513 327
514 331
514 338
513 343
514 348
513 350
513 356
514 360
513 366
514 371
514 373
514 375
514 382
513 388
514 392
514 394
513 400
513 407
514 413
514 418
514 424
514 431
514 437
514 442
515 447
513 453
513 456
514 462
514 465
512 469
513 472
514 476
513 480
513 484
514 487
514 492
514 497
514 501
513 509
513 513
514 520
514 525
513 530
514 537
514 543
514 548
514 552
514 558
514 563
514 580
513 582
513 586
513 591
513 595
513 602
513 606
513 612
513 618
514 623
513 628
511 634
513 639
514 644
514 650
513 655
514 660
513 665
514 669
514 674
514 678
514 683
513 688
514 691
513 696
513 700
513 704
514 707
514 710
513 716
514 719
514 723
515 729
514 732
513 737
514 740
513 745
513 749
511 752
514 756
514 760
513 764
514 767
514 772
513 776
509 780
417 781
233 781
165 784
123 788
97 791
71 795
76 796
66 802
55 806
91 810
86 813
65 830
110 832
139 835
110 837
97 839
166 844
190 845
190 849
134 851
108 854
178 857
148 860
162 863
83 866
119 869
137 872
197 874
159 877
143 880
182 882
249 884
219 886
193 889
282 890
277 891
316 893
271 894
279 895
301 897
277 897
230 900
257 900
315 903
293 903
267 905
253 907
329 908
315 908
321 910
323 911
337 911
309 912
360 913
341 914
359 915
348 916
317 917
365 917
351 918
369 919
367 920
375 916
394 921
373 922
368 921
383 922
387 922
405 921
448 923
446 923
419 923
446 921
386 923
417 923
462 922
468 922
442 922
443 921
472 921
493 919
506 918
514 917
512 914
512 912
512 909
512 907
512 904
513 903
513 901
513 903
513 899
513 899
513 898
513 896
513 895
512 893
513 891
513 889
513 887
514 885
513 882
513 879
514 875
514 874
513 876
512 870
513 868
513 865
514 863
513 859
513 857
513 853
513 851
513 847
512 842
513 840
513 837
513 833
513 830
513 826
513 821
514 817
514 810
513 807
513 785
513 785
513 782
514 778
513 772
513 767
513 762
514 757
513 754
513 749
513 745
513 741
515 737
512 732
513 730
513 724
510 719
513 713
513 709
513 704
514 700
513 696
513 691
513 686
513 682
513 678
514 673
513 669
513 665
513 660
513 657
513 652
513 646
513 639
513 635
513 632
513 624
513 617
513 611
513 609
513 601
513 593
514 588
513 586
513 581
513 576
513 571
513 570
513 565
514 559
514 556
514 556
510 550
513 547
514 538
513 536
513 529
513 502
512 498
514 493
515 489
513 483
513 479
512 475
513 471
513 466
513 462
513 458
513 453
514 449
510 446
513 440
514 436
514 430
514 425
513 420
513 414
513 408
514 402
513 397
513 391
513 387
513 381
513 377
513 369
513 363
515 364
514 358
514 353
513 349
514 344
513 341
513 336
514 332
513 328
514 325
514 320
514 316
513 312
513 308
513 303
512 300
513 296
513 291
513 288
514 284
513 280
513 276
513 272
514 267
515 263
516 259
519 256
616 254
699 243
961 240
977 237
979 233
950 230
964 226
926 222
928 218
950 215
929 212
926 209
878 205
841 202
887 199
836 197
876 194
871 191
833 187
867 185
912 181
919 177
861 176
871 173
866 170
908 167
863 165
869 161
857 158
838 156
851 154
804 152
802 150
780 149
801 146
724 145
713 142
728 143
728 139
