512 470
511 471
514 464
513 462
512 458
514 454
513 448
514 444
513 440
514 435
518 428
514 424
513 418
514 414
513 407
515 401
511 396
514 392
515 386
515 381
514 374
514 372
514 367
514 363
513 357
514 352
514 346
515 343
514 338
515 334
513 332
513 328
513 325
513 321
512 315
514 312
514 304
515 304
512 296
512 293
515 288
513 285
514 284
513 279
513 275
517 272
514 267
513 264
514 260
514 256
515 254
516 248
517 244
519 241
736 243
789 238
747 233
515 536
513 539
514 544
510 550
514 554
513 558
514 565
511 568
512 571
515 573
513 580
512 584
512 588
513 593
514 597
514 603
511 609
514 613
512 619
512 624
513 631
513 634
513 641
513 646
513 653
514 655
513 660
512 666
512 671
512 675
513 681
515 683
514 688
512 694
512 698
512 702
513 706
514 710
513 711
513 717
512 721
513 725
513 725
513 734
513 739
513 744
513 748
513 751
513 756
513 760
513 763
513 767
512 770
513 773
513 778
513 782
512 785
664 217
694 215
644 212
657 214
630 202
634 203
627 200
642 196
663 195
634 192
626 189
618 187
635 184
632 181
622 177
631 175
634 175
638 168
653 165
602 163
598 160
628 158
614 154
640 153
585 150
613 149
591 147
588 145
559 143
618 143
611 141
580 140
565 138
565 135
590 138
576 134
550 132
597 131
590 130
565 129
538 127
571 125
555 127
543 124
556 123
601 122
589 122
537 122
544 120
576 120
582 119
581 117
543 117
563 116
578 116
548 116
534 115
514 133
513 133
513 135
514 136
514 137
513 139
513 138
513 141
514 142
513 145
513 147
513 150
513 150
513 153
514 156
514 158
513 160
514 163
513 166
514 168
514 171
512 173
514 176
513 179
513 182
514 185
514 188
512 192
513 194
514 199
513 204
514 207
517 212
514 217
514 222
514 227
513 230
513 235
513 238
514 241
513 245
513 250
513 254
514 260
513 263
513 268
514 273
513 278
513 283
514 287
513 291
513 292
514 299
512 304
514 308
512 314
513 318
514 338
515 342
513 345
513 351
513 349
514 359
513 363
513 369
514 373
512 376
515 381
514 381
514 388
508 397
512 400
514 405
513 411
513 419
510 426
515 430
514 433
512 441
511 448
513 451
514 455
512 460
513 465
515 469
515 472
513 475
512 479
515 482
513 487
515 493
510 498
515 501
514 506
513 513
512 520
514 525
515 530
513 537
510 543
514 550
512 553
513 558
513 561
514 565
514 569
512 575
514 579
513 582
514 586
512 590
513 596
514 600
512 625
513 633
513 634
511 639
512 645
512 650
512 654
515 659
514 663
514 668
513 672
512 679
513 683
513 687
512 692
513 697
513 699
515 702
514 706
513 710
513 714
513 720
513 724
513 729
513 734
513 737
514 740
514 744
513 748
513 752
512 757
513 760
513 764
513 768
512 772
512 775
513 779
511 782
512 787
512 792
508 794
435 793
254 797
307 802
340 807
376 810
381 813
360 817
359 821
349 824
373 828
394 830
406 835
399 837
369 839
373 843
393 846
423 858
380 861
406 862
360 866
380 870
402 872
411 875
395 879
383 880
412 882
408 885
447 887
417 889
433 891
452 892
468 894
439 895
433 898
428 898
454 900
454 901
430 903
444 904
446 904
408 907
413 907
460 908
472 909
457 912
439 912
452 913
438 914
455 911
448 916
460 916
482 917
490 918
447 918
463 919
441 920
483 920
479 923
481 923
470 921
462 923
488 923
457 923
471 924
495 924
479 923
475 924
480 924
481 923
465 924
474 926
490 925
498 924
499 923
487 923
494 921
509 921
510 920
515 918
514 916
513 913
514 910
514 908
513 905
513 908
513 908
512 902
512 900
513 899
512 898
513 897
513 896
514 894
514 893
513 890
512 889
514 886
514 883
515 880
513 883
515 876
513 875
513 871
513 870
513 866
514 864
513 860
513 857
513 854
513 853
515 848
513 845
513 841
513 837
513 833
512 828
514 825
515 822
516 812
514 801
512 808
513 803
513 798
513 794
513 791
513 787
513 782
513 778
512 772
513 769
514 749
513 747
513 742
512 739
513 735
514 731
513 726
513 719
513 713
515 708
513 703
513 701
513 697
513 691
513 684
517 679
513 676
513 673
514 670
513 663
515 658
520 654
523 657
510 648
512 641
515 635
513 631
513 624
514 618
515 612
513 606
515 601
514 594
513 589
513 586
513 581
516 574
514 571
512 569
513 564
515 560
511 558
513 554
513 550
514 543
513 540
513 534
515 528
516 522
510 517
514 512
514 507
515 499
511 495
513 493
514 483
516 481
516 460
512 459
513 455
514 449
515 445
513 441
514 436
515 431
515 424
513 419
513 414
514 409
515 403
513 397
514 393
514 386
514 383
514 377
515 373
513 368
513 363
513 359
514 354
513 348
514 346
513 340
514 336
514 332
513 331
513 326
513 322
514 316
514 312
515 307
515 303
517 303
513 296
515 292
514 290
511 277
511 277
514 275
514 271
513 267
513 264
514 260
515 257
514 255
515 249
515 246
518 243
521 239
707 242
780 236
726 231
686 226
665 223
579 132
588 131
581 129
565 128
597 127
565 127
555 125
574 124
585 124
578 122
558 121
552 122
564 124
559 119
561 119
564 118
589 117
579 116
544 118
549 117
541 115
559 114
549 114
563 114
557 113
539 114
547 113
544 115
537 113
549 112
546 113
562 115
547 112
527 113
523 114
530 114
539 114
554 113
539 114
517 115
517 117
515 119
514 120
514 119
514 125
514 128
513 130
513 132
517 134
513 135
514 136
514 137
515 141
512 139
513 141
513 142
514 143
513 155
514 154
512 157
513 159
514 161
514 164
514 166
512 169
513 172
512 174
513 179
513 180
514 184
513 187
513 192
513 191
514 196
513 200
513 204
513 208
513 213
513 217
513 222
513 226
513 230
512 236
512 241
513 245
512 251
513 253
514 257
511 261
514 266
513 270
512 273
514 279
514 282
514 287
514 290
514 294
513 299
513 306
514 309
513 314
515 319
512 325
516 327
514 334
514 337
514 340
512 348
514 353
514 355
513 360
515 365
514 371
515 373
514 395
512 397
514 401
513 411
513 413
512 420
512 426
514 440
515 438
514 444
512 450
511 456
511 459
515 462
514 466
514 470
513 475
513 478
515 481
513 485
512 489
513 494
513 500
511 504
513 511
512 516
512 521
512 527
512 534
512 539
515 545
513 550
513 556
513 560
514 562
513 569
511 573
513 576
514 579
512 583
513 588
512 593
516 597
513 603
512 609
512 616
511 620
513 625
513 630
512 636
514 642
513 647
514 651
513 658
512 662
512 667
512 673
513 689
514 695
514 698
514 701
513 706
513 709
513 709
513 717
513 723
515 727
514 731
513 737
514 739
512 743
513 749
512 750
513 755
513 759
514 763
514 768
512 769
513 776
513 778
512 783
514 786
512 789
512 792
508 794
233 795
268 797
347 804
351 808
399 810
384 817
352 819
358 822
361 826
377 828
408 833
370 835
410 840
403 841
384 844
399 846
372 850
403 852
412 855
397 859
414 859
373 864
378 868
375 870
415 874
429 877
401 880
379 882
413 891
442 893
443 894
466 894
428 896
392 897
412 899
442 900
422 902
451 902
436 904
454 905
424 908
415 907
425 909
475 910
453 910
466 912
464 911
473 913
432 914
444 915
465 917
462 917
461 918
444 918
472 919
455 920
447 916
477 923
452 921
495 921
500 923
446 922
458 923
450 923
465 923
489 923
489 924
494 924
490 924
473 924
478 926
493 925
488 924
499 924
496 924
485 923
476 923
489 922
504 921
517 920
515 922
512 916
513 914
512 913
513 909
513 901
514 901
513 903
513 899
513 899
513 900
513 895
513 892
513 891
514 887
513 886
514 884
515 882
513 880
513 878
514 875
513 873
513 869
513 863
513 865
513 862
512 859
513 856
513 853
513 850
513 847
513 842
513 839
514 836
512 832
513 829
513 824
512 821
513 819
512 802
507 806
514 801
514 797
513 793
514 788
512 784
513 780
513 778
513 768
514 765
513 761
513 757
513 753
513 749
513 746
512 740
513 736
513 731
513 727
513 722
514 717
513 712
513 689
514 688
513 684
513 680
514 676
513 672
514 667
513 664
512 659
513 650
512 648
519 645
513 638
513 634
515 627
516 618
513 615
513 611
513 605
514 598
513 590
515 593
512 583
514 578
514 574
516 570
512 566
513 565
513 559
514 555
513 550
515 547
513 543
515 537
513 532
516 527
514 521
516 515
513 508
513 502
515 497
514 490
516 486
512 482
515 476
512 473
513 469
512 468
513 459
511 454
516 453
514 447
515 446
514 438
516 433
513 427
513 423
514 396
514 392
513 388
514 385
512 379
513 374
517 368
513 365
514 360
514 356
514 350
514 346
513 341
514 338
512 336
513 331
513 327
514 323
515 318
514 314
514 309
514 305
514 301
513 292
515 293
515 286
515 285
513 281
511 279
514 274
515 268
515 264
513 261
513 257
514 253
516 250
517 246
517 244
519 240
609 242
826 238
745 232
706 227
673 224
649 220
650 217
649 213
677 210
667 206
628 204
630 200
615 196
619 195
644 192
631 190
643 186
621 184
668 172
625 168
692 168
640 167
617 160
582 158
602 155
634 152
631 150
613 148
573 147
619 145
589 144
554 143
572 141
600 139
625 138
590 137
559 135
587 134
609 133
580 132
573 130
604 129
610 127
582 127
571 126
567 125
577 124
569 123
595 123
597 122
567 121
556 123
560 119
573 118
562 117
562 117
567 118
569 115
558 116
524 115
533 114
556 115
570 114
567 114
537 114
554 113
541 110
530 111
530 112
555 114
566 114
542 113
516 113
520 114
529 115
517 117
512 119
512 120
513 120
514 125
514 128
514 131
514 132
513 133
513 133
513 135
518 137
513 137
513 139
515 141
513 135
514 143
514 145
513 146
514 150
514 151
515 152
513 156
512 160
515 161
513 163
513 166
515 167
513 171
513 174
514 176
508 179
513 182
514 186
513 189
513 192
514 195
513 199
514 202
513 207
519 211
513 215
514 221
514 225
513 229
513 236
514 241
513 243
513 248
513 252
514 255
513 254
513 264
513 266
513 270
514 276
514 281
513 300
514 303
513 305
514 311
513 316
512 322
513 325
513 332
513 336
513 341
511 346
515 349
513 354
512 359
514 363
512 367
511 372
513 377
514 380
515 383
514 388
514 394
509 399
513 402
513 409
513 415
514 425
510 430
517 432
513 438
513 446
512 454
513 456
514 458
514 464
510 469
515 471
514 473
514 478
511 482
515 486
513 489
513 499
512 502
515 505
514 510
513 517
511 524
515 529
513 536
512 541
513 545
513 551
513 556
512 561
507 565
512 569
513 586
514 590
514 593
513 598
511 603
512 611
512 615
512 621
513 625
512 633
513 639
515 642
513 647
511 653
512 658
512 664
513 669
511 672
513 677
514 681
515 685
514 690
513 695
513 699
513 703
513 708
512 710
512 715
513 719
514 722
515 727
513 731
513 736
513 739
511 744
513 747
514 751
514 756
513 759
513 764
511 765
513 771
513 775
515 779
513 783
512 787
511 790
510 793
361 792
302 797
329 801
313 806
360 810
399 813
367 814
383 820
392 823
370 838
375 840
371 841
384 845
389 847
409 851
379 853
363 855
403 857
397 863
417 867
378 869
349 874
403 874
363 877
389 881
407 882
412 884
441 887
415 890
401 891
412 892
444 894
448 895
452 897
441 897
442 901
433 901
419 902
458 903
446 905
464 905
432 907
451 907
451 909
407 909
445 911
459 911
483 913
440 914
433 915
456 915
469 916
432 917
468 917
480 918
480 919
477 920
443 920
457 921
465 921
462 921
484 922
474 922
468 923
475 923
465 923
490 924
493 923
485 923
461 923
472 922
495 920
497 922
501 922
508 922
505 922
507 920
503 919
511 917
515 915
513 910
513 910
512 906
514 904
513 902
512 905
506 907
512 900
513 898
513 897
513 896
513 895
513 893
513 891
513 889
513 887
513 885
513 882
512 880
514 878
514 876
514 873
513 868
513 868
515 865
511 861
513 860
513 857
514 856
514 853
514 848
513 844
513 842
513 838
514 834
514 830
513 826
513 822
512 820
513 814
516 810
513 807
518 784
513 778
514 777
513 774
513 769
512 764
515 763
514 757
513 751
514 747
517 744
513 741
514 737
513 733
513 728
510 722
514 716
514 710
513 707
513 703
513 699
513 692
514 688
516 681
515 678
512 677
513 672
513 665
515 660
516 658
514 655
511 657
521 652
519 633
512 633
513 628
514 621
514 614
515 607
514 603
513 598
512 592
513 586
515 581
514 576
515 574
512 571
514 562
513 561
515 559
512 554
517 551
513 547
512 545
514 536
515 530
516 526
513 497
516 492
514 489
515 485
515 483
512 478
512 472
517 469
510 460
512 458
511 457
508 451
516 447
514 444
513 437
515 433
513 428
513 422
513 417
514 410
513 405
513 399
515 393
514 389
515 383
513 379
513 375
514 370
511 365
514 359
515 355
515 350
509 345
513 341
513 335
513 334
513 330
513 327
514 322
514 318
514 313
514 309
514 305
514 300
513 297
512 296
505 284
513 287
512 281
517 287
513 272
515 267
515 263
513 259
515 256
513 253
515 251
517 240
778 234
738 232
716 228
687 224
661 220
656 216
635 212
638 209
631 206
637 203
664 200
626 196
604 194
628 191
620 189
645 188
656 184
626 180
644 177
653 174
635 172
610 169
629 168
643 154
642 159
619 158
633 154
600 154
601 151
583 149
583 147
607 146
612 144
578 143
559 142
560 140
580 139
563 138
605 136
570 134
599 133
577 131
575 135
560 129
579 130
566 126
584 126
560 125
557 126
554 125
578 124
565 122
602 123
550 121
569 120
566 119
562 116
588 116
556 116
558 115
540 117
531 115
546 114
562 115
552 114
536 114
541 114
554 114
526 114
524 114
539 113
553 114
542 114
531 115
529 114
520 115
519 116
518 116
518 119
516 121
514 122
513 125
514 128
514 130
513 132
514 134
519 136
514 137
514 138
514 139
513 140
512 142
513 142
513 145
514 146
514 147
514 149
512 151
513 154
513 156
514 159
514 162
514 163
513 166
513 170
513 172
514 175
514 176
515 180
513 182
513 186
513 189
515 192
513 210
514 211
516 215
513 218
513 223
514 227
514 233
514 237
513 243
514 249
514 251
513 257
513 261
513 265
514 269
514 274
514 278
514 282
512 287
514 289
513 295
513 299
512 303
512 309
513 313
513 317
512 322
514 326
512 331
516 339
514 342
512 346
514 349
513 354
513 359
511 364
512 371
514 371
513 377
514 380
511 385
516 387
514 391
513 400
511 407
511 411
513 414
514 423
513 431
510 435
516 440
514 445
512 452
513 457
514 459
513 463
512 469
514 482
515 486
513 489
513 494
512 502
511 506
515 511
513 518
511 525
512 529
515 532
513 541
512 546
513 553
512 556
513 564
510 565
515 570
510 573
515 576
515 580
512 585
511 590
514 596
511 600
512 605
512 610
513 615
511 622
514 626
513 632
514 638
514 644
512 649
513 653
511 659
511 664
513 668
514 672
514 669
513 681
513 685
512 692
512 696
519 702
513 704
513 707
513 711
514 715
513 719
513 724
511 728
513 733
512 737
513 741
512 744
512 749
512 767
513 768
508 772
513 776
514 779
511 784
511 788
512 793
509 795
313 793
320 799
344 803
356 807
378 809
374 814
363 817
377 820
404 825
395 828
375 831
390 834
405 837
399 840
407 842
398 846
413 849
413 852
407 855
382 857
369 860
395 864
361 867
409 870
393 871
394 875
410 877
363 880
396 883
398 884
433 887
428 888
425 891
411 892
425 894
443 895
436 898
448 898
459 899
480 901
448 903
423 903
432 904
459 906
466 907
466 909
454 909
465 909
430 913
446 914
469 905
456 918
459 917
480 918
428 919
444 919
471 920
480 920
489 921
445 921
439 921
447 922
476 922
503 922
494 922
493 922
483 923
459 924
476 925
502 923
501 924
486 924
495 924
496 923
486 924
480 922
491 922
507 922
509 920
513 920
509 918
513 916
512 914
512 912
513 909
513 906
513 904
513 904
501 900
509 899
513 900
513 898
513 897
513 896
513 894
513 893
513 891
513 889
513 887
513 885
513 883
513 881
513 878
512 876
514 863
514 860
514 860
513 856
513 853
514 851
513 847
513 844
514 841
516 837
513 834
514 830
513 826
513 822
514 819
512 812
514 807
510 786
513 799
510 793
513 788
514 786
513 782
512 778
513 773
513 769
514 764
513 760
514 754
513 749
513 744
513 742
512 737
515 735
512 731
514 726
513 721
514 714
514 708
515 704
513 701
515 697
513 692
513 687
514 681
514 681
512 673
513 670
513 665
514 661
514 656
514 652
513 648
515 642
528 637
508 633
516 625
514 597
512 594
517 590
508 585
515 580
513 577
514 573
513 568
514 564
514 562
511 559
514 554
514 549
513 545
513 542
514 536
516 529
513 521
513 518
513 511
516 505
513 501
513 496
512 490
516 484
514 481
510 477
513 473
513 467
517 462
518 460
516 449
514 450
516 445
512 441
513 437
514 432
513 428
514 421
513 416
515 410
514 403
515 397
515 394
517 388
513 383
513 379
514 374
514 369
516 363
515 360
514 355
513 350
514 345
515 341
513 337
513 333
514 313
513 311
513 308
513 305
513 300
513 297
513 302
513 290
515 278
516 283
515 275
514 271
514 268
513 264
513 261
513 257
513 253
517 249
518 246
518 242
522 240
699 241
756 236
730 231
719 227
653 224
660 220
686 216
661 212
658 208
666 205
623 203
626 200
648 197
634 195
650 192
630 189
618 187
618 184
625 180
648 179
650 175
632 172
663 169
629 165
624 161
617 159
630 157
642 155
617 152
600 150
593 150
583 147
585 146
584 144
577 142
622 141
575 135
564 135
573 133
586 131
575 130
564 130
556 128
557 127
563 127
586 125
579 124
566 123
544 122
559 122
550 120
580 120
548 119
582 118
583 117
594 117
535 116
538 115
560 115
557 114
573 115
560 115
534 114
536 114
538 114
554 114
558 113
545 113
538 114
534 113
536 113
534 114
535 113
529 114
537 114
547 114
535 115
521 115
516 117
511 118
514 121
513 122
514 125
513 127
514 130
513 132
514 134
513 137
513 137
513 137
514 137
514 139
514 140
514 149
513 149
513 152
513 154
513 157
513 157
513 161
514 163
514 166
514 169
513 172
514 176
513 177
513 180
513 183
513 187
514 189
514 193
513 197
514 200
513 205
513 209
514 212
513 216
514 221
513 226
512 230
513 236
513 239
512 244
512 247
514 252
514 255
514 258
514 263
513 268
514 268
513 279
513 282
513 286
513 291
513 296
513 300
514 304
514 308
515 314
514 318
513 324
514 328
512 335
512 336
513 342
513 345
514 347
514 355
513 362
513 364
514 383
514 387
511 391
516 395
513 402
513 406
513 412
511 417
512 423
513 428
513 434
511 441
513 447
513 452
510 456
512 460
515 464
514 466
514 471
513 476
512 479
514 483
511 487
513 492
512 495
515 502
512 505
515 513
512 518
514 525
512 531
514 536
511 543
515 547
512 554
513 558
511 561
514 564
513 568
514 574
512 579
513 583
512 586
512 591
513 596
514 601
512 605
513 611
512 617
515 621
513 628
514 633
512 639
513 645
513 649
513 654
515 659
511 680
512 683
512 689
513 692
513 697
513 701
514 704
515 708
513 712
514 717
512 721
513 725
511 729
515 733
514 737
513 741
512 746
514 749
513 754
513 757
511 762
513 766
514 771
516 773
513 778
513 782
510 785
510 789
510 793
508 796
256 795
277 800
331 804
363 808
380 812
373 815
358 818
375 822
364 826
363 828
372 833
380 835
397 839
408 841
384 850
381 847
389 850
383 852
419 855
415 858
395 861
401 864
388 868
406 871
409 874
378 876
410 879
444 889
460 890
461 892
443 894
415 895
433 895
472 897
409 898
401 900
415 901
460 904
456 904
415 905
436 907
463 907
407 909
423 910
474 911
484 911
442 913
437 913
446 914
459 916
410 923
432 911
478 917
476 919
441 919
424 920
451 920
479 921
475 923
473 922
474 922
492 923
479 923
474 923
477 924
489 923
493 924
495 924
485 923
490 923
478 924
481 924
492 923
494 924
500 924
490 923
508 923
505 922
499 922
500 920
513 918
513 916
513 913
513 915
513 902
511 911
514 899
514 905
512 900
513 898
513 896
514 894
514 894
515 891
513 889
513 889
514 885
514 882
512 879
515 876
512 875
514 872
513 870
513 868
513 865
513 862
514 860
514 856
512 853
513 850
514 847
513 843
514 839
514 836
512 832
513 827
513 824
515 820
513 814
514 811
513 806
517 804
513 797
517 792
513 789
514 784
513 780
513 777
513 768
513 767
513 764
514 760
512 756
513 752
514 746
513 742
513 737
514 731
514 727
513 722
513 703
513 698
514 694
514 689
513 686
513 683
514 677
515 672
513 669
513 666
513 662
512 654
516 648
514 645
515 641
512 647
513 626
519 624
511 619
513 612
515 605
515 600
511 593
514 590
513 583
515 579
513 575
513 572
513 567
514 565
512 561
515 556
514 551
513 549
513 544
513 539
515 534
513 529
513 523
514 517
515 510
513 505
515 499
514 493
513 490
513 482
513 479
516 474
513 471
513 467
513 462
523 456
513 454
513 452
514 444
514 441
514 435
514 410
513 408
512 402
516 397
514 393
512 388
514 383
514 378
517 372
514 368
515 362
513 360
514 354
513 350
513 346
513 341
512 338
514 333
515 329
514 325
514 321
514 317
514 312
512 308
513 304
514 300
514 296
515 291
515 287
514 280
501 279
512 276
511 270
511 268
514 264
513 261
513 256
515 253
516 250
518 245
519 241
659 243
799 239
737 234
714 229
686 226
664 223
658 218
646 217
652 211
660 208
665 205
667 202
644 199
622 196
631 194
647 191
649 176
605 174
633 173
610 170
642 166
644 164
653 161
609 162
641 159
578 153
607 151
617 149
616 147
606 145
583 144
585 140
584 140
585 140
568 139
582 136
619 135
628 134
562 130
573 131
568 130
588 129
574 129
602 127
596 124
571 123
542 124
562 124
565 123
588 121
544 121
610 119
591 120
574 115
540 118
557 116
590 116
578 117
562 116
543 114
546 115
556 113
556 113
549 114
552 113
560 113
557 113
541 113
524 117
531 113
532 113
533 111
546 113
542 114
520 115
515 115
518 116
517 116
514 121
513 125
516 127
513 127
514 131
513 134
514 134
514 137
514 135
514 137
513 138
514 140
514 140
513 139
514 145
513 146
513 149
514 150
512 152
514 155
513 157
513 161
513 164
513 166
512 167
511 170
512 173
514 175
514 178
513 181
515 185
514 188
514 191
513 195
513 198
509 202
513 206
515 209
517 214
514 218
513 221
513 229
513 233
514 237
513 241
513 246
513 250
513 255
513 259
514 263
513 266
513 271
513 289
513 292
514 298
513 302
513 306
512 311
514 315
515 319
516 323
515 328
513 334
512 342
512 344
514 348
514 352
513 357
516 362
515 365
514 367
512 372
510 380
514 382
514 385
512 390
514 397
508 409
514 408
513 413
513 420
513 426
510 432
515 438
513 444
512 450
513 454
513 458
513 461
513 467
512 470
515 473
513 477
512 480
513 484
513 488
512 493
513 497
514 502
513 510
513 521
510 522
515 527
514 528
513 539
511 546
513 548
515 553
512 559
515 576
513 577
513 582
512 588
513 594
512 599
513 603
513 608
514 614
512 619
515 624
515 629
513 635
511 642
510 647
512 649
516 657
514 662
514 666
513 669
515 676
513 679
513 685
513 691
513 694
513 697
513 702
513 705
514 708
514 713
513 718
513 722
512 726
513 732
512 735
514 739
513 743
513 746
514 750
514 754
514 758
514 764
513 767
513 771
513 775
513 778
512 781
513 786
511 788
509 793
508 791
273 795
307 799
340 805
364 809
373 812
346 815
378 828
375 833
375 836
389 839
374 840
407 845
423 850
406 850
403 853
383 856
401 858
384 861
398 865
389 868
394 869
425 870
416 876
357 878
390 881
431 883
458 886
409 888
403 889
423 890
448 892
457 894
400 895
430 897
451 898
463 899
412 902
421 902
408 904
440 904
435 906
446 907
478 907
456 910
418 910
426 910
455 911
462 913
451 913
457 914
465 915
453 927
441 916
435 917
452 919
470 919
471 920
465 921
466 921
459 921
468 922
489 922
484 922
490 921
496 925
490 923
496 924
511 924
496 924
488 924
479 924
473 922
485 922
504 923
506 924
507 921
511 921
514 918
510 916
514 911
513 910
511 907
513 907
513 904
515 903
513 901
513 901
511 899
517 899
514 897
514 896
513 894
514 892
514 891
512 887
514 887
513 884
513 881
513 874
513 877
513 875
514 877
514 869
513 867
513 863
513 862
513 861
514 856
513 852
513 849
515 847
513 841
514 840
513 836
513 831
514 827
513 823
513 818
514 813
513 809
468 916
441 916
448 911
474 921
492 919
448 919
444 919
475 920
459 920
473 921
471 922
484 923
476 924
464 923
472 924
480 924
486 924
497 924
487 925
480 927
489 924
485 924
478 924
487 924
497 924
503 924
499 923
497 923
494 923
496 922
507 920
514 916
512 914
513 911
513 909
513 907
514 906
513 904
513 905
513 903
513 901
515 898
514 867
513 897
512 895
512 894
513 893
513 892
513 889
512 885
513 883
513 881
514 878
513 876
513 874
513 871
513 792
509 793
486 802
516 785
515 784
514 780
513 774
514 769
514 764
513 759
513 755
513 752
515 748
513 745
513 740
513 735
513 729
513 725
514 720
513 715
513 712
513 708
513 705
513 698
513 691
514 686
515 682
515 679
511 674
514 671
516 664
515 661
513 657
513 653
514 648
516 642
512 639
513 628
515 624
510 619
508 615
512 611
514 604
515 596
514 590
516 587
514 581
513 577
515 572
515 570
512 566
512 563
513 558
514 554
513 549
515 546
513 541
514 516
514 512
513 507
513 503
515 496
515 491
515 487
513 483
513 477
516 471
516 468
514 464
513 460
515 454
517 451
514 446
517 444
504 434
513 432
515 427
513 421
515 417
514 410
513 405
513 402
514 393
513 389
514 383
514 379
513 373
515 369
515 364
514 360
512 356
513 353
513 347
514 341
515 338
514 333
514 328
514 326
514 322
514 318
513 315
513 309
513 305
514 301
513 297
514 293
514 289
514 284
515 281
511 275
516 272
516 272
514 269
511 262
513 244
517 241
520 240
702 243
800 236
734 232
707 227
679 224
646 219
636 217
637 213
622 210
645 206
643 203
641 200
622 198
597 194
657 192
659 189
623 187
628 184
652 182
672 178
640 174
623 171
606 170
651 165
673 162
652 160
610 157
637 156
634 151
619 151
586 147
574 146
633 146
589 144
598 143
575 141
582 140
578 138
575 138
582 136
619 133
577 133
570 132
562 127
579 130
564 129
555 128
589 127
587 125
554 125
547 125
568 123
591 122
567 122
551 118
556 117
568 117
577 113
576 116
573 115
567 114
553 114
545 116
554 114
557 113
552 114
534 113
521 112
560 113
551 113
538 113
531 113
544 114
541 113
533 114
527 114
521 116
516 115
515 116
514 118
516 119
516 126
514 125
515 128
514 131
514 133
514 134
513 136
514 137
513 135
514 138
513 139
513 141
515 142
513 144
513 146
514 148
514 150
513 151
513 154
514 156
514 159
513 162
513 164
514 166
513 167
514 167
514 174
513 176
515 180
513 183
514 198
514 200
513 203
514 206
513 212
512 215
513 221
511 226
513 232
513 236
514 240
513 244
514 247
513 252
513 256
514 259
520 264
515 268
514 272
514 277
513 282
513 287
514 291
513 296
513 300
513 304
513 309
513 314
518 318
512 322
515 326
513 331
514 338
513 343
515 347
514 350
513 356
510 359
513 364
513 368
513 371
514 379
512 382
511 386
513 390
514 394
513 401
512 409
514 410
513 416
515 424
509 430
514 439
511 439
514 448
511 454
515 455
513 473
514 479
514 478
511 484
516 485
513 490
513 495
510 502
515 506
514 512
513 520
509 526
515 531
513 535
514 542
510 547
515 551
514 556
511 561
513 565
514 568
513 574
513 578
510 582
511 587
514 589
513 594
513 602
513 605
512 611
514 616
514 621
513 627
511 633
511 640
513 644
516 649
513 654
513 658
514 664
513 670
513 675
512 678
516 683
512 688
512 692
514 695
514 699
514 704
513 707
513 711
512 715
513 720
513 725
513 728
513 732
514 736
513 754
512 757
513 761
512 765
514 769
514 773
513 776
514 780
513 784
512 787
510 791
509 794
377 793
272 798
308 804
336 809
383 811
377 814
349 818
389 822
404 824
369 829
384 830
401 835
411 837
405 840
355 842
395 847
410 849
402 859
418 855
367 858
403 861
378 863
403 867
387 870
385 873
394 875
387 878
411 880
378 883
417 886
421 888
424 890
439 892
439 891
468 895
454 895
420 897
435 898
483 900
474 901
445 902
443 903
455 904
438 906
444 906
476 909
483 909
463 913
453 913
473 914
459 915
484 916
454 919
471 919
464 916
478 920
462 921
493 922
488 921
477 923
460 922
459 923
454 924
451 923
493 926
501 925
478 924
