513 706
513 710
513 712
512 716
513 721
515 725
514 729
514 733
514 737
513 741
514 742
512 749
513 753
514 757
516 761
512 765
512 770
511 774
511 775
511 781
308 777
290 785
292 788
331 793
282 793
187 796
155 801
167 806
205 809
228 814
264 817
263 820
237 824
253 828
264 829
283 833
264 836
277 839
301 841
273 844
302 851
275 849
317 852
272 857
270 858
284 861
238 865
297 866
271 870
271 873
252 875
276 879
290 881
314 889
292 887
338 888
365 890
513 369
503 360
513 353
513 349
515 344
514 339
513 335
513 332
517 330
514 326
512 321
513 316
513 311
513 308
514 303
514 299
515 295
514 291
514 288
513 283
513 278
513 275
514 271
518 269
513 264
515 259
518 256
521 251
786 254
761 248
724 245
705 239
813 241
937 236
890 229
845 219
792 226
782 219
814 216
788 212
763 207
772 205
732 204
756 201
726 197
733 195
775 192
738 190
733 187
731 184
770 181
715 177
744 175
755 172
755 169
790 166
721 163
296 892
349 896
371 893
400 894
362 896
343 897
354 899
376 899
343 900
340 902
384 903
392 904
368 905
343 907
369 908
409 909
399 911
381 911
415 912
365 913
400 915
371 915
388 916
389 916
419 917
407 918
420 919
414 919
419 919
401 921
448 921
446 922
412 922
427 922
419 923
421 923
450 923
463 924
461 922
461 923
455 925
452 923
455 923
441 923
429 923
462 923
487 923
491 922
471 922
481 921
498 920
510 917
512 917
513 914
513 911
513 909
513 905
513 850
513 844
513 841
511 838
513 836
513 833
513 828
514 823
513 822
513 816
513 812
513 807
513 802
513 797
513 792
515 788
513 783
514 780
512 775
514 770
513 765
514 763
514 759
513 754
513 749
515 745
514 741
513 738
512 732
513 728
514 723
514 718
521 713
513 709
513 704
513 699
513 694
513 688
513 685
514 680
513 677
512 672
514 669
513 663
513 659
514 654
513 649
513 646
513 639
512 634
513 629
513 623
514 616
513 611
513 607
513 600
513 592
514 573
514 569
513 567
514 563
514 561
512 557
513 544
509 544
515 544
513 540
513 535
513 528
513 523
514 517
513 511
514 505
513 499
515 493
514 489
513 484
513 481
512 474
515 471
513 467
513 462
514 457
514 453
514 450
514 444
514 440
513 434
512 430
515 425
512 420
513 415
515 408
515 402
514 397
514 391
514 387
513 382
513 378
513 374
509 365
512 360
513 367
514 353
514 349
513 344
514 339
513 337
513 332
513 328
514 323
513 322
516 315
514 296
513 292
512 290
517 286
514 282
515 279
514 274
514 271
514 266
517 261
510 258
516 253
523 252
820 253
764 240
735 243
716 239
866 240
892 235
871 230
827 236
805 224
788 218
787 214
798 212
764 209
778 205
781 202
737 200
737 196
731 194
752 192
760 189
728 186
741 182
784 183
762 177
752 175
731 171
768 168
793 165
733 162
749 161
710 157
715 155
715 153
706 152
665 149
687 147
670 144
645 144
610 142
632 140
678 140
660 139
626 138
643 136
674 129
601 129
610 126
634 127
653 126
653 126
589 124
607 121
626 124
636 121
612 120
601 120
635 120
598 118
612 118
584 117
619 116
608 116
614 116
603 115
572 115
576 115
591 113
584 114
600 115
597 115
575 110
564 113
585 112
587 114
551 113
546 114
575 113
592 114
578 114
544 115
534 111
536 115
541 117
527 119
513 120
515 123
514 126
514 129
514 130
514 132
514 134
514 135
513 137
514 138
517 140
514 140
514 141
513 142
516 144
514 147
515 149
514 161
514 162
513 163
514 165
514 168
513 172
513 175
514 177
514 180
513 182
513 185
515 189
514 192
514 193
514 199
514 203
512 206
513 211
514 216
513 219
513 223
514 227
514 233
513 239
513 243
513 248
513 251
513 255
514 259
514 263
513 267
513 272
514 275
514 279
513 283
514 288
513 293
513 297
514 303
513 307
514 311
514 316
514 321
514 326
513 330
513 334
514 341
513 345
514 350
515 354
514 358
513 362
511 366
517 371
514 376
513 380
514 384
514 409
513 413
513 418
513 423
514 429
513 432
514 437
513 445
512 452
513 455
513 457
514 464
512 467
513 472
513 473
514 477
512 480
514 486
512 489
513 495
512 499
514 503
514 509
513 515
513 522
514 527
515 533
514 539
514 546
513 549
515 554
512 559
514 563
514 562
514 569
512 575
513 580
514 585
515 588
515 594
513 598
512 603
515 608
512 613
514 620
514 624
512 629
516 637
515 643
511 647
515 651
512 656
512 660
514 665
511 672
514 676
515 681
513 700
513 702
512 706
514 709
514 714
513 719
514 722
513 727
513 731
514 736
515 740
513 744
513 748
514 751
513 755
515 759
514 763
514 767
515 770
514 774
511 778
511 782
325 782
319 785
328 792
344 796
167 795
169 800
206 805
225 807
253 811
227 816
221 818
238 822
217 825
259 823
289 832
286 834
267 838
263 841
282 844
298 846
311 849
287 852
275 855
285 858
290 860
305 865
246 866
257 868
265 873
320 876
303 877
260 880
298 883
297 884
330 888
465 922
448 923
439 924
461 923
449 922
442 923
451 923
460 923
477 924
480 922
464 923
451 924
466 922
473 917
498 920
508 919
511 918
512 915
513 912
513 908
513 904
515 904
513 903
513 902
513 901
512 900
513 898
514 898
513 896
513 896
512 893
513 892
513 890
513 887
515 887
513 882
513 881
514 878
513 875
514 874
512 870
520 869
510 859
516 863
513 861
514 857
514 855
513 852
514 848
514 845
514 842
514 839
515 835
513 830
514 827
515 822
514 818
513 797
513 795
514 792
513 788
514 783
514 780
514 774
513 771
513 766
513 761
513 756
514 752
513 747
514 744
513 740
514 735
513 733
513 727
513 721
513 711
507 710
524 707
513 703
514 698
513 692
514 686
513 682
514 679
513 677
514 671
513 664
515 660
514 658
513 656
512 649
513 641
513 637
514 635
514 629
513 619
515 613
513 611
513 605
514 598
514 591
513 586
513 581
513 577
513 572
513 570
513 567
514 561
513 560
514 556
513 553
502 552
516 543
512 518
514 514
513 508
515 503
512 498
514 492
513 487
512 482
513 478
514 473
514 469
513 465
514 462
515 456
516 452
513 448
513 443
513 439
513 434
514 429
512 424
514 418
514 413
514 407
514 402
514 396
514 391
513 387
512 381
514 376
514 371
514 366
512 365
516 354
519 352
513 348
513 348
514 340
513 335
513 331
514 326
514 323
514 320
513 315
513 310
514 306
513 302
514 298
514 295
514 289
514 285
514 280
514 277
515 273
513 269
515 265
517 262
827 251
771 246
721 242
713 240
892 241
871 234
893 230
840 226
796 224
811 215
803 214
797 212
813 208
796 206
748 201
743 200
750 196
757 194
753 191
747 190
748 186
757 183
772 180
743 177
740 174
740 170
729 167
788 165
754 161
696 160
736 157
699 154
695 153
693 151
743 148
695 147
699 145
653 144
663 143
698 141
701 139
636 139
644 137
686 136
678 135
642 133
630 128
650 128
653 130
649 128
657 127
609 127
625 126
616 124
653 124
647 123
643 119
640 118
608 117
627 116
641 117
608 117
573 116
571 116
585 114
607 115
617 115
592 112
560 114
574 114
600 114
586 114
567 114
574 113
575 113
568 114
557 113
535 113
539 114
550 114
565 115
542 119
526 118
516 119
515 121
514 123
515 127
513 129
514 134
514 134
514 135
514 136
514 138
514 137
514 139
514 139
514 141
514 143
514 147
514 146
515 149
513 151
514 151
515 155
514 159
513 161
514 164
514 166
514 168
514 172
514 174
515 176
514 180
514 194
513 196
514 199
515 202
514 207
515 211
513 217
514 222
513 227
515 230
513 234
513 238
514 242
513 248
514 250
513 255
513 258
514 262
512 266
513 272
514 277
515 280
514 284
513 289
514 294
513 299
514 304
514 309
513 314
514 318
513 322
514 326
514 331
513 337
513 342
514 346
515 350
512 354
513 357
513 362
514 367
514 372
513 376
513 381
513 384
514 390
513 394
513 399
514 404
514 409
518 416
514 424
514 429
513 433
513 439
514 447
512 452
514 472
513 473
514 475
513 480
513 482
515 484
514 488
514 496
513 500
515 503
514 510
513 518
510 524
515 528
514 534
512 541
512 546
515 551
514 555
513 561
512 565
513 566
514 572
513 576
514 580
513 585
512 589
513 594
514 602
513 601
513 609
513 614
513 620
511 625
514 631
511 639
511 643
513 647
513 651
515 658
514 661
512 667
513 671
510 677
514 680
513 686
513 692
513 695
514 699
513 702
513 706
511 711
513 715
513 719
514 724
514 728
513 733
513 751
514 754
512 758
514 760
513 764
513 768
512 772
512 776
508 779
507 780
285 784
306 788
315 793
338 794
210 796
192 802
190 804
213 808
250 812
227 815
210 815
263 823
272 827
236 830
239 833
266 835
258 838
291 841
286 843
291 847
306 850
265 852
267 855
270 857
282 861
256 864
232 867
302 871
294 873
286 875
266 879
279 880
329 884
336 886
320 888
323 889
385 891
378 892
388 894
343 895
390 897
399 897
396 899
359 900
377 901
390 902
370 904
386 911
382 909
383 913
385 912
379 912
415 912
406 913
425 916
391 917
405 917
406 918
436 919
419 919
403 920
457 921
440 921
402 921
415 923
446 922
443 922
455 925
446 923
444 924
439 923
435 923
446 923
463 924
457 924
450 923
487 923
505 923
470 923
441 923
467 922
487 922
499 922
503 919
511 917
512 915
514 912
513 909
513 907
514 906
513 903
513 902
512 901
513 900
514 898
513 896
513 897
513 895
512 893
513 891
513 889
513 887
513 886
513 883
512 872
513 870
513 868
511 866
515 862
516 860
513 856
511 854
513 851
512 848
513 845
513 842
514 836
513 834
511 831
513 827
513 820
514 816
514 810
513 806
513 802
515 797
513 793
513 789
513 786
513 781
513 778
514 772
511 768
515 764
513 759
513 755
514 750
513 747
514 743
514 740
513 736
513 730
512 724
514 717
513 713
513 705
517 703
514 702
514 698
514 689
513 684
513 680
513 680
515 676
514 670
514 663
514 660
512 658
513 652
513 646
514 641
513 617
513 613
513 608
513 601
514 595
513 591
515 587
512 581
514 576
513 572
512 570
513 566
514 561
514 557
513 555
513 551
528 545
511 540
515 536
513 531
514 522
514 519
515 513
513 509
513 503
513 498
514 489
513 487
513 483
512 477
514 472
514 468
511 466
513 462
515 456
515 453
513 448
513 444
513 438
515 433
514 428
514 423
514 417
515 411
512 407
513 400
513 396
513 390
514 384
514 379
514 375
513 369
511 371
514 363
513 345
516 351
513 347
514 329
513 326
513 324
514 318
514 314
514 310
514 304
514 301
514 297
514 293
514 289
513 285
513 281
513 278
514 274
513 269
513 265
513 261
515 258
517 253
523 251
844 252
755 246
684 242
679 236
886 239
896 234
878 230
820 225
774 222
809 221
822 211
806 213
768 208
746 205
755 202
744 198
740 196
743 193
732 191
723 188
736 186
720 182
747 180
778 177
730 174
781 171
727 168
781 164
757 162
762 159
725 156
707 154
758 153
712 150
731 149
669 148
664 140
681 140
655 138
691 137
667 136
635 134
647 133
675 130
642 131
628 135
646 128
622 123
635 127
597 125
646 124
649 123
613 123
576 121
634 121
624 120
636 119
617 119
615 118
617 116
641 116
608 115
573 115
593 115
603 118
592 114
578 114
596 118
568 114
567 113
592 115
579 114
558 114
562 114
576 114
569 114
569 116
545 115
538 115
546 114
558 116
544 115
522 118
516 120
514 122
517 125
514 128
514 131
514 132
514 132
514 135
513 136
513 141
513 143
514 144
514 145
514 148
512 149
513 151
514 154
513 156
514 159
514 162
514 164
513 166
514 169
512 172
514 174
514 177
514 177
512 182
513 186
513 190
514 192
514 196
514 200
513 203
514 207
513 212
514 215
513 220
513 225
513 230
513 235
514 239
513 246
513 247
515 251
514 255
513 260
514 265
513 269
513 275
513 280
514 286
513 288
513 292
514 295
513 299
513 305
513 309
513 315
513 319
513 323
515 326
514 330
513 335
513 341
514 346
514 366
516 370
514 374
514 377
514 380
513 385
514 390
514 396
514 401
514 406
514 411
513 418
514 425
514 430
517 436
515 441
514 446
514 450
513 457
512 462
514 464
513 468
516 471
513 476
512 479
514 482
513 486
514 491
512 496
513 502
513 507
513 513
512 519
514 524
513 529
514 536
512 541
513 546
514 550
514 556
512 560
512 565
513 569
513 573
513 578
514 581
514 586
514 590
514 596
514 600
514 602
511 611
511 616
513 621
512 626
513 631
514 638
512 661
513 664
514 667
514 673
513 679
513 682
514 686
513 691
513 695
514 699
512 703
514 708
513 712
513 715
513 720
514 724
514 728
513 732
513 737
513 741
513 745
513 749
513 753
514 756
513 761
514 764
519 768
512 772
510 777
511 780
354 779
266 784
338 789
325 793
342 795
195 796
203 800
198 805
203 808
211 812
221 816
214 820
252 821
262 826
258 830
240 832
225 835
269 838
278 841
280 843
263 848
263 850
284 852
265 855
285 855
228 861
258 865
295 877
293 882
320 881
344 883
329 886
339 887
327 889
339 890
330 892
362 893
364 893
360 896
370 898
342 898
342 900
357 901
368 902
364 904
370 905
380 906
419 908
370 910
358 910
358 910
454 913
395 913
387 914
389 915
435 915
378 914
387 917
386 918
428 919
445 921
442 920
405 920
422 920
418 921
412 918
442 922
445 921
438 922
435 922
445 922
454 924
461 925
455 923
448 920
460 923
471 923
456 920
437 923
453 923
467 922
485 924
494 921
498 920
513 911
512 908
512 907
513 905
513 903
513 901
511 901
513 899
514 899
513 898
513 896
513 894
513 893
513 891
513 888
514 887
513 885
514 881
513 881
510 877
513 875
514 872
511 871
513 868
519 865
513 863
513 859
514 857
513 854
514 851
513 847
513 846
513 842
513 837
515 833
513 829
513 825
514 820
513 817
513 813
513 808
513 803
513 797
516 794
514 789
513 785
513 783
515 776
513 773
513 767
513 763
514 760
513 755
513 750
513 746
513 741
513 738
514 718
512 715
513 712
512 716
526 701
513 695
512 690
512 687
512 678
513 679
513 671
513 668
513 664
513 659
513 655
512 651
513 647
513 639
513 634
514 631
513 624
513 619
512 612
514 606
513 601
515 596
514 590
515 584
513 580
512 575
513 571
512 568
511 565
513 561
515 556
513 553
512 550
513 548
512 540
517 534
508 530
513 524
514 518
513 512
513 507
514 500
515 495
513 488
513 485
512 480
514 475
512 471
515 469
514 463
514 459
514 453
513 450
513 429
513 426
513 421
512 416
514 408
515 404
513 398
514 393
513 388
513 383
512 378
509 374
514 369
513 363
526 357
514 354
518 347
513 344
512 341
513 337
513 334
513 330
514 324
514 321
513 314
513 313
512 308
513 304
514 300
513 296
513 292
514 286
514 283
514 280
514 277
513 272
513 267
514 263
516 259
517 256
522 253
526 255
813 251
732 245
713 240
681 240
919 239
882 232
848 229
823 224
817 220
847 213
840 217
821 209
768 206
729 204
776 201
738 189
785 186
736 185
719 182
722 178
764 175
791 173
734 169
766 166
703 163
744 161
723 156
725 156
690 154
726 152
727 150
662 148
656 146
653 141
713 143
667 143
652 140
637 140
660 138
682 137
594 137
622 134
655 131
644 132
628 128
645 137
638 134
609 129
587 126
617 124
659 124
615 124
596 122
592 122
635 121
631 119
629 119
616 118
626 117
627 117
585 117
618 115
564 114
586 116
601 115
596 114
587 114
575 114
569 116
584 115
582 114
583 115
564 114
570 114
565 118
559 115
561 115
556 115
530 120
514 119
512 122
513 122
513 132
506 126
510 132
515 132
514 134
512 136
514 137
513 138
513 139
513 140
514 141
514 142
514 145
514 147
513 148
514 151
514 153
514 155
519 158
512 160
513 163
513 164
512 168
514 171
513 170
514 175
514 178
511 181
514 184
513 186
513 189
514 192
513 197
514 200
513 205
513 207
514 212
514 217
514 221
514 225
514 229
514 234
513 238
514 243
514 247
512 252
514 271
514 276
513 282
513 286
514 290
513 292
513 296
513 299
514 304
512 309
514 315
514 320
513 325
513 329
514 331
514 339
513 342
514 348
513 351
514 355
512 358
514 363
514 369
512 374
514 377
514 380
514 386
513 393
512 395
514 402
514 408
513 416
513 419
513 424
513 431
513 437
513 444
515 447
514 452
513 456
512 463
514 464
513 469
514 474
513 478
514 480
513 485
511 490
513 493
513 496
514 502
513 509
513 513
514 518
514 526
512 534
513 538
513 562
513 565
514 567
513 571
513 574
514 578
513 581
514 585
512 592
513 597
512 602
516 607
514 612
513 617
515 622
513 628
512 636
511 638
512 646
513 650
512 655
512 659
516 664
513 673
515 673
513 679
512 684
512 688
511 692
513 697
516 701
514 704
514 708
513 712
512 717
512 720
513 725
514 730
513 734
513 738
511 742
514 745
514 750
514 754
513 758
513 762
513 766
514 770
512 773
511 778
510 782
340 780
255 785
304 790
335 795
271 794
160 797
188 814
224 818
215 821
243 821
251 828
260 831
214 834
266 837
292 838
308 843
284 845
244 849
262 850
274 853
297 856
277 859
263 863
239 865
312 869
303 871
284 874
307 874
275 878
348 882
314 884
375 885
357 888
346 890
324 890
396 892
372 894
400 895
333 896
405 897
402 899
392 898
359 902
382 903
377 904
406 906
357 906
351 907
398 911
353 910
383 911
411 910
411 912
364 914
380 914
383 915
466 917
378 917
423 918
414 919
438 919
435 920
406 920
417 923
464 924
467 923
447 923
455 923
452 923
458 923
452 923
445 922
458 924
485 923
479 926
462 921
452 923
478 921
491 921
495 921
496 919
509 918
508 917
512 916
512 909
513 908
513 906
513 905
513 903
514 902
513 901
513 898
513 896
512 896
512 895
512 895
513 894
512 893
514 888
514 886
513 884
513 882
514 879
514 877
513 874
513 872
513 870
513 867
514 865
512 862
514 858
513 856
513 853
514 853
513 847
514 846
513 840
513 837
513 832
513 829
513 810
513 806
513 802
513 797
514 793
513 789
513 787
513 781
513 775
515 770
513 766
513 761
514 756
513 753
512 751
513 745
513 741
513 735
513 731
513 726
513 723
513 719
512 716
514 711
513 704
492 701
513 693
513 690
513 686
509 682
514 676
514 670
513 665
513 665
512 660
513 653
518 648
513 646
512 640
514 635
514 627
513 622
513 618
513 612
512 604
513 598
513 592
512 588
513 584
513 579
514 574
514 570
513 567
512 563
513 559
513 555
514 552
517 530
510 530
513 521
515 515
513 510
513 505
513 498
514 493
511 489
514 483
515 478
514 476
512 471
513 466
513 461
513 459
512 455
513 450
513 446
514 440
514 434
514 429
514 423
514 418
513 414
513 409
513 402
513 397
513 391
514 386
513 381
513 376
515 372
512 367
513 363
512 360
514 354
514 347
516 348
514 339
514 336
514 332
513 328
513 325
516 320
513 315
514 311
514 306
514 302
514 297
512 294
513 290
514 286
514 283
515 279
512 275
513 271
518 255
522 253
714 255
806 250
722 244
703 238
847 239
871 236
869 230
841 227
764 224
824 220
836 215
790 216
790 210
750 208
736 203
769 201
744 197
749 195
734 192
745 189
724 187
727 184
763 180
726 178
736 175
778 172
758 170
710 167
716 163
721 160
751 158
727 155
719 153
701 151
727 150
671 146
666 148
642 145
693 143
736 142
635 141
631 139
632 138
676 136
675 135
637 132
672 135
675 131
681 127
629 132
636 125
631 124
618 122
641 126
665 124
616 121
650 120
663 118
619 118
641 120
587 117
598 118
570 118
581 115
618 115
603 115
574 115
588 115
563 114
573 114
598 113
579 114
549 114
556 114
582 114
587 114
544 115
541 115
548 115
566 116
577 116
548 117
522 118
510 121
516 122
511 124
516 131
513 130
515 133
513 131
513 133
513 134
513 137
513 138
514 139
514 140
514 142
514 143
514 145
514 146
513 148
513 150
514 153
514 155
514 158
514 161
513 163
512 165
514 167
513 171
514 173
513 176
513 190
513 192
507 194
513 197
513 202
514 206
513 205
514 214
514 217
514 222
514 227
514 232
512 237
514 239
514 245
513 249
512 253
515 257
514 262
519 266
513 271
514 276
514 281
510 285
514 289
513 294
513 297
514 301
514 306
514 310
512 315
513 320
513 325
514 329
514 334
513 339
514 343
513 348
513 353
513 357
514 361
514 366
514 371
513 375
514 378
513 383
514 388
514 393
514 397
513 400
514 408
514 417
513 421
513 424
514 430
513 439
514 460
513 463
513 465
513 468
514 475
511 478
515 479
514 483
514 490
512 494
515 498
513 503
513 510
514 515
514 521
513 526
513 534
512 538
514 543
513 548
513 555
512 559
514 562
513 564
512 577
513 575
514 579
513 582
513 588
513 591
513 597
512 603
510 608
510 615
514 619
514 626
515 628
514 636
513 640
514 644
512 651
512 656
513 662
511 668
515 670
513 677
513 680
515 682
513 689
514 694
514 697
512 702
513 706
513 709
513 714
514 718
513 722
513 742
513 745
513 748
513 752
514 756
513 760
514 764
519 768
514 771
500 775
510 779
510 782
284 781
305 786
324 791
309 795
200 795
220 800
178 804
212 808
254 811
223 814
251 819
247 822
250 825
271 828
240 832
243 834
272 838
275 841
281 843
307 847
266 849
252 850
286 856
288 857
284 861
263 863
262 866
274 869
272 872
260 875
259 878
307 881
279 883
371 884
303 886
326 888
354 891
360 890
342 893
409 894
381 895
384 896
389 898
351 900
375 901
369 908
355 907
396 909
368 910
356 909
397 911
420 912
412 914
403 913
394 914
409 917
403 917
446 917
395 918
415 919
407 918
461 922
413 920
411 920
432 921
413 922
439 923
460 923
434 922
439 922
439 923
444 923
461 922
462 920
459 923
468 923
470 923
455 924
448 922
462 922
478 922
493 921
498 920
503 919
506 917
512 914
512 913
516 910
512 907
514 905
513 903
513 901
513 901
513 901
513 900
514 898
514 897
513 895
513 893
513 891
514 889
512 888
512 878
513 875
513 872
515 872
514 868
513 866
512 864
512 861
512 858
513 855
513 851
513 848
513 843
513 842
513 838
513 836
513 830
513 826
513 822
513 818
514 813
513 809
513 805
513 799
513 795
513 792
513 788
513 785
512 780
513 776
513 771
512 765
513 761
514 758
513 753
513 749
513 745
514 740
513 736
513 730
512 725
514 721
512 717
512 714
513 707
513 702
511 704
515 691
513 687
513 684
513 681
513 675
514 669
514 665
513 662
513 659
513 654
513 630
513 626
513 620
513 615
513 611
513 606
514 597
514 591
513 588
513 582
513 577
513 573
513 570
514 566
514 561
515 560
513 555
514 552
513 546
513 541
515 534
514 538
520 525
513 520
513 515
514 510
514 503
514 496
513 492
513 487
513 482
515 477
514 473
513 470
513 466
512 461
514 456
513 453
513 448
514 444
514 439
514 434
513 429
512 424
513 419
514 411
514 405
515 400
514 394
514 390
512 385
513 381
514 376
514 372
513 367
512 361
514 356
513 337
514 335
513 331
512 326
513 322
512 318
513 315
512 310
513 307
513 302
514 298
514 295
514 289
515 286
514 282
513 276
514 273
513 271
513 265
515 260
517 258
518 254
524 253
838 253
749 247
727 241
716 239
898 238
870 229
867 231
803 226
796 226
831 219
806 216
802 223
777 211
767 206
767 205
741 200
764 197
786 194
721 191
723 188
741 186
725 183
762 179
746 177
755 173
747 170
732 168
769 165
761 163
739 161
702 158
745 154
736 153
726 150
647 143
645 143
671 141
684 139
637 139
657 137
632 137
670 134
645 133
665 132
634 131
660 133
619 128
607 127
621 131
616 125
619 124
622 124
598 122
625 122
590 121
620 120
637 119
628 119
624 118
616 117
606 117
609 116
596 116
587 116
581 114
596 115
619 114
582 114
544 115
569 114
615 114
571 108
569 114
578 114
569 115
561 114
561 116
560 114
558 115
556 115
545 116
550 117
522 118
509 121
513 120
514 124
513 127
515 129
514 132
514 132
514 135
513 140
513 140
514 141
514 143
511 145
514 147
514 151
513 152
513 154
514 156
513 158
513 161
514 163
514 167
514 169
514 173
513 174
513 177
513 180
514 182
513 185
512 189
514 193
512 195
513 198
513 203
514 207
513 212
514 216
515 221
513 229
514 231
513 235
513 238
512 243
514 247
514 251
514 255
514 259
514 263
514 268
515 272
514 276
514 281
514 284
514 288
513 295
513 298
514 303
513 308
514 313
514 317
514 320
514 324
514 330
514 334
513 342
513 362
513 365
513 367
513 372
514 375
513 379
515 384
512 390
514 394
514 397
509 403
513 410
513 417
513 422
513 428
514 432
513 440
515 446
514 451
513 455
513 460
512 463
514 467
513 470
513 474
513 478
513 481
514 484
513 489
513 495
513 499
513 505
513 511
513 516
514 522
513 528
513 535
512 541
513 545
513 550
512 555
512 561
512 562
513 567
514 571
514 577
512 580
513 584
513 588
512 593
513 598
513 603
513 610
513 613
514 620
511 627
513 650
512 655
512 658
514 663
514 668
513 673
513 677
515 681
512 688
514 689
512 692
513 699
514 702
514 706
513 710
513 714
512 719
512 724
513 728
513 733
514 737
514 740
513 742
514 748
514 752
513 757
514 761
513 762
514 768
512 773
512 776
509 780
509 781
282 782
315 788
315 792
310 795
150 797
197 801
203 804
211 808
244 816
215 816
207 821
264 823
264 825
237 828
250 833
235 836
280 839
289 842
268 843
283 847
264 851
261 852
274 856
264 861
289 872
300 874
284 876
283 878
324 881
288 884
364 885
368 887
344 888
345 891
342 886
386 894
367 896
386 895
383 897
359 903
311 902
366 902
380 902
382 905
336 906
373 907
400 908
376 903
357 910
351 911
429 910
367 913
400 913
386 914
421 916
373 916
386 917
423 911
474 919
406 919
417 920
415 920
439 920
449 921
418 921
438 923
445 924
438 922
454 923
435 923
418 923
446 923
471 924
460 923
440 925
458 922
486 923
480 923
466 924
451 923
476 922
496 915
512 915
512 912
513 909
513 908
513 903
512 903
513 903
512 900
513 900
514 898
512 896
513 896
513 895
513 893
512 892
513 889
513 888
512 885
514 883
512 881
512 878
513 876
513 875
514 870
511 869
513 865
514 866
514 860
512 860
514 854
513 852
512 848
513 843
513 841
513 838
512 834
513 830
513 824
512 820
513 816
514 813
512 807
515 802
514 798
513 794
513 792
513 788
513 783
513 779
513 774
514 770
513 766
512 762
512 757
513 752
513 748
516 726
514 723
513 719
515 714
513 710
514 706
513 702
513 695
521 692
513 686
513 682
513 678
513 674
513 669
513 665
512 660
512 657
512 653
514 647
513 640
514 637
513 633
512 628
515 620
513 612
513 609
513 604
513 594
513 588
515 584
513 583
513 576
514 571
513 569
513 565
513 561
514 557
513 555
513 551
512 546
514 541
514 537
513 528
524 525
503 517
513 514
514 507
515 500
515 496
513 491
513 487
514 480
514 476
513 473
513 468
513 466
513 459
514 441
515 437
513 431
513 427
514 421
513 415
514 412
513 408
513 401
513 396
513 389
515 383
515 380
514 374
514 370
513 365
514 361
513 356
513 357
514 348
516 343
513 335
513 334
513 330
514 326
513 323
510 318
513 314
514 309
514 304
514 300
514 297
514 292
514 288
515 284
515 282
513 277
513 274
512 269
513 265
514 261
516 257
519 254
522 250
840 252
774 247
713 241
702 240
913 237
867 232
861 231
806 225
786 222
813 218
809 214
789 206
741 210
739 194
739 192
756 190
743 188
745 186
732 182
739 179
794 176
745 172
758 170
732 167
759 164
761 162
753 159
721 156
712 154
763 151
707 150
682 148
670 146
676 145
681 144
672 142
630 141
651 139
645 138
653 137
635 136
668 133
652 133
624 131
650 130
658 130
654 129
601 132
623 123
635 121
651 124
626 123
624 122
582 121
629 121
613 120
652 119
599 118
638 118
603 116
638 118
632 116
563 116
579 114
595 115
594 114
612 114
596 115
577 115
562 114
566 115
560 114
571 113
570 114
555 114
547 114
544 115
554 115
535 122
519 119
515 120
512 128
515 127
514 128
515 131
514 132
514 134
515 135
514 134
513 138
514 138
513 139
514 141
514 145
514 143
513 146
514 148
514 150
514 152
514 154
514 159
514 159
516 161
514 165
513 167
514 169
513 171
513 175
512 178
513 180
513 185
513 187
513 190
513 193
513 197
513 201
514 202
514 209
515 213
514 218
513 224
514 228
514 232
514 234
512 238
513 241
514 243
514 265
514 271
514 276
513 281
514 283
513 286
514 291
514 293
514 297
513 302
513 310
513 315
514 319
512 323
514 326
514 330
513 336
514 342
512 348
513 350
513 354
514 358
512 364
513 370
514 373
512 374
513 379
513 385
514 393
514 396
514 400
513 406
514 413
514 418
514 424
514 429
513 436
513 441
512 446
514 453
513 457
514 460
514 463
513 469
513 472
514 474
514 479
513 484
511 487
514 491
514 496
514 502
512 507
514 512
513 517
513 524
512 530
513 710
513 713
514 716
514 719
514 723
