514 616
514 610
512 610
514 602
514 597
513 593
513 585
513 579
514 578
513 569
513 568
513 564
514 562
513 559
514 555
513 550
512 547
513 543
513 536
513 530
514 526
513 519
514 513
513 506
513 501
515 497
513 489
513 484
513 480
513 477
513 472
514 468
514 463
513 459
512 455
513 451
513 447
513 441
513 437
516 432
514 426
513 422
513 416
514 411
512 404
514 400
514 394
515 388
513 373
518 379
513 375
513 369
513 364
514 359
514 354
513 350
513 346
512 370
513 372
513 376
512 381
515 384
514 388
515 393
513 400
514 406
514 411
514 415
514 422
511 429
513 434
515 440
514 447
513 452
513 457
514 459
513 463
514 468
513 473
513 474
513 478
514 484
518 487
513 491
514 496
514 500
514 506
512 510
513 511
513 525
513 530
514 535
516 540
514 546
513 552
513 556
513 560
514 566
513 569
513 573
514 576
513 581
514 586
514 590
514 595
515 600
511 606
513 611
514 616
514 621
513 626
514 632
513 638
513 644
513 358
514 355
513 350
513 347
514 341
514 337
514 333
513 330
513 326
512 322
513 318
513 313
516 309
514 305
513 301
513 296
513 292
513 289
514 285
513 281
513 277
513 274
513 269
513 266
515 260
518 257
580 257
638 253
861 253
887 248
875 244
868 240
916 240
979 237
1011 233
998 228
997 223
963 220
928 216
929 212
917 209
921 206
923 203
861 200
821 199
868 194
833 192
847 189
882 186
833 183
871 181
905 177
880 174
898 172
870 167
919 165
855 163
707 124
697 124
719 122
659 122
670 120
667 118
679 119
707 118
643 118
669 118
658 120
658 115
637 116
623 115
609 115
602 115
624 115
603 115
614 114
630 113
623 115
588 115
579 116
589 115
597 117
599 117
582 115
577 114
557 116
530 115
525 117
524 119
521 121
516 123
515 126
514 128
515 131
514 132
514 134
515 133
514 136
514 138
514 139
513 140
514 141
515 143
513 144
514 146
513 149
514 151
513 153
514 156
513 157
514 161
514 163
513 165
514 179
514 183
514 185
511 186
513 187
511 190
514 194
513 198
514 201
514 204
514 208
515 213
514 216
513 222
514 226
513 231
515 236
514 239
514 244
512 248
514 253
512 257
514 260
514 264
514 269
513 273
513 278
514 284
514 288
513 294
514 296
516 301
514 305
514 310
514 313
514 318
514 324
514 328
512 335
512 336
510 340
513 345
513 348
511 353
513 359
514 365
514 368
514 371
514 376
514 382
514 387
513 390
512 393
514 400
514 410
513 412
514 415
514 447
514 451
513 453
513 459
513 461
513 463
514 469
514 473
514 474
514 477
513 484
514 487
514 491
513 497
513 503
514 507
514 515
513 518
513 526
514 531
513 536
514 541
514 547
514 552
513 556
513 561
513 565
513 570
513 573
514 578
514 582
514 586
514 591
514 595
513 600
513 605
513 611
513 616
513 622
513 627
513 633
514 639
514 643
514 648
513 655
513 659
512 665
513 670
514 674
513 678
514 682
509 687
514 691
514 695
515 699
513 703
513 707
513 728
513 731
513 734
513 737
513 740
513 745
513 750
514 753
513 756
513 760
513 764
513 768
513 772
512 776
508 779
454 780
235 782
145 786
194 790
209 793
142 794
83 798
59 802
23 806
64 811
83 814
57 818
90 821
68 826
96 829
132 831
128 834
155 837
125 840
116 844
180 846
188 849
177 852
116 854
142 857
141 860
151 864
151 867
117 869
129 873
166 875
136 878
175 881
174 882
209 884
260 888
193 888
272 891
265 893
319 893
276 895
271 896
272 898
344 904
275 905
309 905
309 907
357 909
321 909
335 910
296 911
360 912
327 912
348 913
341 914
369 914
350 916
350 917
328 918
372 918
361 919
393 920
371 918
372 922
360 920
359 923
406 921
409 919
392 921
422 922
435 922
420 924
424 922
413 923
417 923
428 922
442 923
441 923
431 922
431 922
439 924
455 922
485 921
500 920
506 918
513 917
512 914
512 911
512 909
513 906
513 904
514 901
512 900
513 900
513 899
514 899
512 897
512 896
513 896
513 893
513 884
513 882
513 881
514 876
512 875
513 872
514 869
513 867
513 866
513 863
514 859
514 857
514 853
514 850
513 848
512 844
514 839
513 836
513 832
514 830
514 824
514 822
513 817
513 811
513 807
514 802
513 798
514 791
513 788
512 786
513 781
512 777
513 771
514 769
513 764
512 761
519 755
513 749
513 743
513 739
514 736
513 732
513 729
513 725
513 721
513 715
513 708
513 703
513 699
513 696
514 692
513 687
514 681
514 676
513 672
513 671
513 665
513 643
514 639
513 635
513 630
513 625
513 619
513 612
514 607
513 600
513 595
512 591
514 585
513 580
513 574
513 572
513 578
513 564
514 560
513 557
513 554
512 549
514 545
514 541
514 535
513 529
513 522
514 518
513 513
514 504
513 499
514 495
513 490
513 483
514 480
513 476
514 474
513 467
513 462
512 459
513 456
514 450
513 445
514 441
514 437
513 431
513 426
512 421
513 416
513 409
513 403
513 397
514 392
514 388
513 383
514 368
515 373
513 368
991 231
957 224
966 220
991 216
937 212
960 209
882 206
885 202
917 200
842 196
875 193
884 190
832 188
852 185
863 183
873 180
857 177
880 174
867 171
889 168
872 166
854 160
887 159
855 157
859 155
841 153
799 150
766 149
815 147
776 145
752 144
698 142
717 141
763 139
746 138
684 137
691 136
711 133
737 133
725 132
698 130
714 129
688 129
643 128
676 126
708 125
673 125
682 123
656 122
680 122
692 121
667 119
672 119
707 119
658 118
694 117
622 116
637 115
577 115
581 114
627 114
641 114
609 114
592 114
600 115
582 113
622 114
614 112
588 127
575 116
578 110
595 115
587 114
564 116
541 117
522 119
514 120
515 123
515 125
515 128
515 131
514 133
514 135
514 135
515 137
514 138
513 139
514 139
514 141
514 143
513 145
513 148
514 148
514 150
514 152
514 155
514 157
514 159
513 163
513 165
514 167
513 171
513 173
514 176
516 179
514 185
513 185
514 187
514 191
513 194
514 198
512 202
513 206
514 209
514 228
514 231
514 236
513 241
513 245
514 250
516 255
514 258
514 262
514 264
514 269
515 272
514 276
514 282
514 286
513 292
514 298
513 302
513 306
513 310
514 314
514 318
514 323
513 328
513 331
511 337
512 343
516 348
514 354
514 357
514 359
514 364
513 369
514 373
514 377
516 380
514 386
514 390
515 396
514 402
514 409
515 413
514 420
513 423
513 432
514 437
513 442
514 447
514 452
513 457
514 462
514 465
513 469
514 472
514 476
514 480
514 501
513 505
514 509
514 513
515 519
514 529
513 533
514 542
514 543
512 548
514 553
514 559
514 566
514 567
514 571
513 575
513 579
513 584
512 587
513 592
513 598
513 602
513 606
514 611
513 618
513 623
513 629
513 634
514 640
513 645
513 651
514 656
512 660
513 665
513 670
513 674
514 679
513 684
513 689
513 693
514 697
514 700
515 704
513 708
514 712
514 716
512 721
513 726
514 730
513 734
513 739
514 741
513 745
514 749
513 753
513 757
513 762
513 780
507 781
427 782
184 783
132 788
181 791
230 795
131 795
43 799
31 803
14 807
80 812
73 816
75 818
131 822
78 827
58 830
135 833
136 836
180 838
162 841
137 844
146 847
156 849
173 854
173 855
157 858
138 861
158 864
146 867
180 869
124 873
175 876
208 878
182 881
202 883
238 885
243 887
275 890
282 892
206 892
292 891
281 895
357 897
252 898
306 900
290 900
330 901
280 903
291 904
312 905
342 906
297 908
296 909
323 910
383 911
322 912
318 907
312 916
340 917
382 917
356 918
364 919
379 919
385 921
402 920
362 921
386 921
415 922
383 922
440 921
435 921
403 923
408 923
432 923
426 924
428 922
423 924
445 921
435 924
440 923
458 922
460 923
450 920
451 921
486 920
509 918
509 916
512 913
513 910
513 908
512 906
513 903
513 902
513 901
511 900
513 898
512 898
513 897
513 895
514 894
513 892
514 890
512 888
513 885
512 883
513 881
513 877
514 874
513 873
513 873
513 869
512 867
513 865
514 861
514 848
513 847
513 843
513 840
514 836
514 832
513 828
513 825
513 820
514 816
512 811
515 807
513 803
513 797
513 792
512 787
514 783
514 779
514 774
513 770
514 766
509 763
513 759
513 760
510 750
513 745
513 742
514 736
513 731
513 727
513 723
513 718
513 714
513 710
512 705
513 700
513 695
512 690
513 686
513 681
513 677
513 672
513 668
513 664
514 660
514 655
514 651
513 646
512 640
513 636
512 630
514 624
513 619
513 613
514 606
513 600
514 594
513 574
513 570
513 567
512 564
514 561
513 557
512 552
508 548
512 544
513 541
513 533
514 527
514 523
513 517
514 511
513 504
513 500
513 494
513 489
513 484
515 479
513 474
513 471
513 466
513 461
513 459
513 454
514 450
514 445
512 441
512 434
514 429
514 424
513 419
514 414
514 407
513 403
513 397
513 391
515 385
512 380
514 376
514 373
514 366
513 362
513 357
513 354
514 348
512 344
513 339
515 335
513 332
513 328
513 324
514 320
514 316
513 311
513 293
514 290
513 287
513 283
512 280
513 273
513 271
513 267
513 263
515 259
521 257
606 254
640 253
900 251
921 247
865 242
818 239
977 239
980 235
999 220
1023 225
965 222
976 218
932 215
876 212
928 207
934 204
887 202
837 199
854 196
857 193
841 191
857 188
869 186
853 183
870 179
881 176
875 173
888 175
872 167
888 164
871 161
816 159
885 156
842 154
839 152
757 150
784 149
707 147
799 145
751 144
716 143
709 141
687 141
728 137
724 133
741 136
666 131
725 130
693 129
720 128
685 126
693 129
700 125
672 123
671 124
676 122
677 122
684 120
660 120
675 119
673 119
703 119
646 118
624 118
642 116
643 116
629 116
609 116
600 116
587 114
589 116
620 115
640 114
620 115
570 115
573 116
595 115
618 116
571 120
561 117
546 115
557 116
542 114
531 119
519 120
518 122
515 125
514 127
514 130
514 132
514 134
514 135
513 136
514 138
514 140
513 141
514 142
514 144
515 144
514 146
514 147
514 150
514 161
514 162
513 163
513 166
513 168
515 171
513 174
514 178
514 184
508 180
513 186
513 188
511 192
513 196
514 198
514 202
514 206
514 210
513 215
511 218
514 224
513 227
513 232
513 237
513 243
513 246
514 250
514 254
513 259
514 263
513 265
513 270
513 274
514 276
514 282
515 289
514 292
513 296
514 301
514 305
512 310
514 314
514 318
514 322
513 328
514 333
514 339
516 353
516 349
508 352
515 358
512 362
513 366
513 370
513 373
514 378
514 383
513 405
513 410
513 413
514 418
514 425
514 432
513 436
514 443
513 450
514 454
514 457
513 462
514 468
513 471
513 473
514 476
514 482
514 485
514 488
513 493
513 500
513 504
513 509
514 515
514 524
518 526
513 532
513 539
515 545
513 551
513 555
514 561
514 563
512 568
513 572
515 575
514 579
514 585
512 586
513 592
515 597
513 603
514 608
514 613
513 618
513 624
514 630
513 635
515 641
514 645
514 650
513 656
514 661
513 667
513 671
513 675
515 680
513 700
513 703
514 705
513 710
513 713
515 717
513 721
514 727
513 730
513 734
514 738
514 742
513 747
513 751
513 756
513 760
513 762
513 766
508 769
512 773
511 777
471 780
307 780
160 784
176 788
173 792
196 794
83 796
59 800
64 804
70 809
71 812
83 816
73 820
96 822
102 827
97 830
122 832
124 836
131 838
133 841
118 845
156 847
131 850
179 852
176 856
147 858
143 862
128 864
150 868
179 871
134 872
141 876
204 879
193 881
222 883
199 885
215 887
250 896
250 896
309 897
260 898
286 899
306 900
308 901
260 903
270 904
312 906
303 906
322 907
319 909
354 909
319 910
332 912
318 911
336 911
316 915
356 915
345 915
386 916
313 917
368 917
360 919
398 918
373 920
357 921
375 925
383 922
402 921
404 921
382 922
404 922
440 921
438 923
425 922
411 922
402 923
420 922
433 923
445 921
450 922
445 921
444 922
459 920
495 920
502 918
505 917
512 915
512 912
513 909
512 907
512 905
512 903
513 900
513 900
512 896
513 894
512 895
514 891
509 889
512 887
515 885
513 883
513 881
513 878
513 876
515 874
512 871
513 868
512 866
514 864
513 862
512 858
513 856
512 852
513 850
514 845
513 842
513 839
513 835
513 833
513 829
511 824
513 820
513 815
514 810
513 805
512 801
513 796
513 791
513 787
513 783
513 778
513 774
513 771
508 766
512 762
513 759
514 755
513 751
513 747
513 740
515 737
513 732
513 727
513 722
513 717
510 713
513 708
514 704
513 699
514 694
513 675
514 674
513 667
514 664
513 660
513 654
513 649
513 647
513 643
513 636
515 628
514 623
513 619
513 613
513 605
512 599
513 594
513 588
513 582
512 581
513 577
510 571
513 565
516 534
513 562
514 557
513 551
514 548
516 544
514 538
514 532
508 527
513 523
513 516
509 509
513 504
513 501
513 493
513 486
513 483
513 479
515 474
513 470
513 466
514 461
514 457
513 454
514 448
512 444
514 439
514 434
514 429
513 425
514 419
510 413
513 406
515 401
514 378
513 375
511 371
516 366
514 361
513 356
513 351
513 347
513 344
513 339
512 335
513 331
513 328
512 323
513 319
514 314
514 311
510 306
513 303
513 299
513 295
513 290
513 286
513 283
514 280
513 276
514 270
514 266
515 262
517 259
539 256
644 255
677 255
904 251
897 245
859 241
904 240
1014 238
1022 233
1004 230
969 225
934 220
966 217
960 215
935 211
944 207
889 204
842 202
843 198
873 196
871 192
867 190
864 188
852 185
892 181
883 179
857 166
848 163
845 159
838 159
836 157
825 154
808 153
793 152
771 148
742 147
739 145
748 144
712 143
690 141
709 140
739 139
723 138
727 136
648 144
720 133
748 132
680 133
682 130
698 128
681 128
688 127
658 125
715 125
692 125
679 123
653 122
684 121
667 121
693 119
639 119
668 117
684 118
652 118
645 117
642 117
628 116
610 112
629 116
632 115
620 115
622 115
625 114
608 114
589 115
577 117
597 115
624 116
605 114
571 113
556 115
546 110
569 117
578 125
515 126
513 128
515 130
513 132
515 135
514 136
514 137
514 137
514 139
515 139
513 141
515 142
514 144
514 146
514 147
514 150
514 149
514 154
513 156
514 160
514 161
511 163
515 166
514 169
514 172
514 173
513 177
513 180
512 181
511 185
520 187
517 192
514 195
513 199
513 201
515 205
514 209
515 213
514 218
514 222
514 226
514 233
514 237
514 241
513 246
514 249
513 255
513 259
514 262
515 268
514 270
513 275
514 280
514 284
513 289
513 295
513 314
514 318
514 323
513 327
513 332
514 336
514 338
514 344
512 351
513 357
503 359
515 361
514 362
514 367
514 373
513 382
513 383
514 385
510 390
514 398
513 405
514 408
514 412
514 421
513 428
515 431
514 436
513 444
513 450
514 453
514 456
514 461
515 467
513 470
513 472
514 476
513 481
514 485
514 489
513 494
513 498
513 504
513 509
514 515
513 525
513 528
514 532
514 538
514 543
514 549
513 554
513 558
514 562
514 568
513 572
515 576
514 579
514 599
513 603
515 608
514 614
514 617
510 624
513 630
513 636
513 642
513 646
514 651
514 657
513 660
514 666
513 670
513 675
513 680
513 684
513 689
514 693
514 698
514 701
514 704
513 709
514 713
513 717
514 722
514 726
513 731
514 734
514 738
514 742
510 746
514 750
513 754
513 758
510 762
513 766
514 770
512 775
508 778
475 781
307 780
186 782
168 789
151 792
121 794
101 796
52 800
59 804
99 808
64 812
59 815
103 820
89 823
90 826
103 830
102 832
161 846
166 848
131 851
173 853
152 856
171 859
129 862
137 865
101 867
162 871
171 873
128 877
204 879
180 882
198 884
196 886
286 888
297 890
244 891
272 893
275 895
329 896
288 897
277 898
282 899
318 901
266 902
293 903
285 904
321 906
325 907
306 907
334 907
305 910
320 911
352 912
366 913
334 914
334 914
334 916
337 916
368 917
339 917
393 918
371 921
397 916
400 920
363 921
383 920
399 922
383 922
411 922
411 922
396 922
396 922
424 923
445 921
447 922
450 922
426 923
447 921
466 922
480 920
483 919
488 919
513 916
512 915
512 912
512 910
512 905
513 906
515 903
513 903
514 902
514 899
513 898
509 897
513 896
513 895
513 894
515 892
513 890
513 887
513 885
513 883
513 880
513 878
513 876
509 874
513 871
512 870
514 866
514 863
513 860
514 859
513 855
513 852
513 849
514 845
514 842
512 838
514 837
512 832
514 827
509 822
513 818
513 817
514 810
513 805
513 800
513 792
514 792
513 788
514 768
509 764
513 761
512 756
513 752
513 747
513 744
513 740
513 734
513 730
513 726
513 721
514 718
513 711
514 707
513 704
513 698
513 695
513 689
512 684
512 681
514 677
513 674
512 668
513 664
513 658
514 653
512 650
513 647
513 641
513 633
513 626
514 622
513 617
512 611
514 605
513 600
514 594
514 586
513 581
512 580
512 576
514 571
513 565
514 563
514 561
513 556
513 551
514 548
515 544
513 538
513 531
513 526
512 523
513 516
513 509
514 502
513 479
513 476
514 473
513 468
513 466
515 461
514 458
512 454
514 449
513 445
514 439
514 434
514 428
514 423
512 417
513 413
513 407
513 401
510 396
514 392
514 385
514 380
514 375
512 371
511 366
513 362
513 357
513 352
513 347
513 343
514 339
513 335
513 331
513 328
513 324
515 320
513 315
513 311
514 307
513 301
514 298
513 294
514 289
514 286
513 283
513 278
513 275
513 270
514 267
513 262
516 259
523 255
622 254
646 253
903 252
898 245
904 242
956 226
954 224
951 220
963 218
950 214
911 211
885 208
886 204
894 201
864 199
878 196
865 193
863 191
896 188
834 184
842 181
890 178
858 175
882 172
862 169
901 167
845 163
887 162
833 155
838 156
859 154
832 152
809 150
776 148
772 147
743 145
760 143
754 141
795 140
709 139
747 138
686 136
758 129
740 135
715 130
693 131
715 129
705 129
676 128
678 127
730 126
681 125
672 124
679 123
708 123
701 120
687 120
677 120
669 119
692 119
655 118
651 117
668 115
619 116
622 115
653 115
611 114
584 115
605 115
628 114
617 114
589 113
578 114
588 114
580 114
591 118
585 117
568 116
553 112
540 117
527 117
515 120
515 122
515 125
515 127
514 130
514 131
514 133
515 134
514 136
512 137
515 139
514 140
513 140
514 142
510 144
514 146
513 148
513 149
514 152
514 155
510 157
513 160
513 161
514 163
514 166
514 169
514 172
512 174
513 177
515 180
513 184
514 183
509 189
519 188
515 195
514 198
510 202
514 205
514 228
514 228
514 232
513 236
514 240
514 245
513 250
513 255
514 259
514 263
514 268
514 272
511 276
514 282
514 287
513 291
514 296
512 299
514 304
513 307
513 311
514 315
511 321
514 327
514 332
514 335
514 339
514 342
513 348
511 356
518 362
514 364
512 366
514 370
513 375
514 380
514 389
514 389
514 391
514 398
514 406
513 411
514 414
513 421
513 427
514 432
514 437
514 444
513 451
514 454
514 457
513 462
514 467
513 471
513 474
510 476
513 481
514 502
513 506
511 510
513 515
514 522
513 528
522 534
511 539
514 544
513 550
513 555
514 560
513 563
513 567
513 572
513 576
513 580
513 583
515 589
514 593
514 597
513 603
513 610
513 613
514 619
514 624
514 630
513 636
511 641
513 647
513 652
514 657
513 662
513 666
513 670
514 676
514 680
514 685
514 689
514 694
513 698
513 702
513 706
514 709
513 713
513 717
514 722
514 726
513 731
514 734
514 739
514 743
510 747
513 751
513 754
513 759
513 763
510 780
496 780
385 781
207 782
229 788
203 792
169 795
47 797
48 801
52 805
102 809
115 812
100 816
103 820
79 824
96 828
113 830
130 834
165 836
148 839
143 841
170 844
169 847
141 851
136 853
161 856
134 858
151 863
143 865
133 868
110 872
176 874
150 876
204 880
178 882
196 884
259 886
197 888
260 890
251 891
298 893
304 897
293 895
283 897
338 897
313 900
306 902
322 902
363 905
342 905
266 907
301 907
358 908
359 909
299 910
316 912
341 913
378 917
348 917
337 917
388 918
359 920
352 919
350 920
360 920
388 921
375 921
397 921
413 922
396 922
397 924
431 923
387 922
390 923
434 923
452 922
426 924
397 922
418 923
452 925
468 922
458 922
456 921
461 920
491 921
506 919
508 918
512 915
511 913
514 910
513 908
513 905
514 904
513 902
512 902
513 903
514 900
513 898
513 897
513 895
512 892
513 891
513 890
514 888
513 886
521 883
513 881
513 878
513 876
513 873
513 871
513 869
513 866
514 866
513 850
513 846
514 845
513 841
513 838
512 834
514 830
513 826
514 822
513 817
514 813
513 809
512 804
514 799
513 794
513 791
514 786
512 785
512 779
513 775
513 771
514 766
514 762
513 756
513 750
511 746
515 742
513 738
513 735
513 731
519 727
513 723
514 718
513 709
512 706
513 702
512 698
513 695
513 691
513 684
514 678
514 674
513 672
513 667
513 662
513 656
513 651
513 648
512 644
513 636
513 632
513 627
513 621
514 614
514 609
514 604
513 597
513 575
513 573
511 570
514 566
513 563
510 557
513 555
514 551
513 546
512 542
513 537
514 530
513 526
513 520
513 514
513 508
514 500
514 496
513 492
513 486
514 480
513 478
513 473
513 468
513 463
513 461
513 457
513 451
514 446
514 443
513 437
513 434
514 428
514 422
513 417
513 411
513 405
512 401
514 394
513 389
513 385
513 379
516 375
514 369
513 362
514 360
513 356
513 352
512 348
513 343
514 339
514 335
513 331
514 330
512 322
513 318
514 314
513 295
513 293
513 290
513 285
514 282
513 278
513 274
514 271
514 268
515 263
515 259
522 255
653 254
685 253
910 251
886 246
867 242
865 239
1023 238
1023 234
1023 228
969 223
958 218
950 222
951 214
936 209
914 208
942 205
890 201
856 198
896 197
877 193
860 190
889 186
873 185
859 181
903 178
906 176
877 173
882 169
842 166
893 164
839 161
855 158
837 155
843 153
782 151
788 149
772 148
758 146
778 145
735 144
706 142
769 141
722 139
720 138
726 133
726 130
739 130
732 129
670 127
721 127
718 124
717 125
649 124
697 124
704 122
700 121
612 120
695 119
700 118
695 119
652 117
588 117
663 116
643 116
681 116
649 114
591 115
609 115
637 115
620 114
603 115
606 114
619 114
603 114
597 114
584 114
594 114
598 115
603 111
583 115
570 117
546 119
528 116
525 118
517 119
514 121
515 124
515 127
512 129
514 132
517 133
514 135
514 136
512 137
513 138
514 138
515 140
514 142
514 144
514 145
514 147
514 158
514 160
514 162
514 165
514 166
513 169
513 172
512 173
513 176
514 180
513 183
514 184
513 188
509 196
513 197
514 201
514 203
513 208
513 212
513 216
514 220
514 225
513 231
512 233
514 238
514 242
515 246
513 251
514 255
512 260
513 264
514 268
513 272
514 277
514 281
513 286
511 292
514 295
513 298
514 300
514 306
514 312
513 317
512 323
514 328
514 331
514 335
514 339
514 345
511 350
511 358
516 362
513 364
515 367
513 372
513 376
514 380
514 404
514 408
512 412
513 418
514 422
514 429
513 436
514 441
514 445
514 450
514 457
514 462
513 465
514 468
514 472
514 475
513 477
513 483
514 487
513 491
514 494
513 500
514 507
512 512
513 517
513 526
513 531
513 535
518 540
514 548
514 553
514 557
514 562
513 566
513 570
514 574
513 578
514 582
514 586
514 591
514 595
514 600
515 605
513 611
514 616
513 623
513 627
514 633
514 639
513 643
514 648
514 654
514 659
514 664
513 669
513 674
513 678
512 698
513 701
511 705
514 706
512 710
514 715
513 719
513 724
514 728
515 732
514 736
514 740
513 744
512 748
514 752
513 756
509 760
514 765
514 769
512 772
512 775
511 780
486 781
303 781
211 784
202 788
189 793
212 795
20 796
0 802
21 805
34 810
76 813
98 817
53 821
72 824
122 828
110 831
140 834
147 837
137 839
121 843
154 846
165 848
178 851
170 854
121 857
185 860
167 862
195 866
84 868
112 872
192 874
171 877
203 880
152 881
171 883
211 886
265 893
277 895
262 896
282 897
309 895
315 900
269 901
278 902
344 904
330 905
311 906
317 907
333 907
368 909
324 911
347 911
360 912
344 913
367 914
345 914
363 916
353 915
344 917
358 918
378 918
336 920
357 919
370 920
408 920
385 920
411 922
421 922
379 923
406 924
436 921
424 922
395 921
409 922
435 922
439 923
420 921
414 923
425 924
427 923
448 921
469 922
465 921
484 919
499 918
509 916
511 912
512 912
512 909
513 906
513 905
512 903
513 901
513 898
513 897
513 895
513 894
512 893
514 889
513 886
512 885
513 883
512 880
513 878
513 876
513 873
513 871
513 867
513 864
513 863
513 860
512 857
514 853
514 851
513 847
511 844
512 840
513 839
513 833
513 830
512 825
515 822
513 818
513 811
513 809
512 803
514 799
513 794
513 789
513 786
511 784
515 780
514 775
513 771
514 765
513 763
513 758
513 752
513 747
513 742
513 738
514 734
514 730
514 726
513 722
513 717
513 712
513 706
512 702
513 696
513 678
511 674
514 670
514 667
513 662
513 656
514 652
513 649
513 642
513 635
513 632
513 628
513 621
512 613
513 607
513 603
513 597
514 590
513 584
512 581
513 577
512 572
513 568
512 566
513 562
513 557
512 555
512 550
512 545
513 541
510 536
513 531
512 524
513 519
513 513
511 508
513 500
514 494
513 490
513 485
513 481
514 475
513 472
514 467
514 463
513 459
513 455
513 451
513 445
513 441
513 436
513 431
513 426
514 421
513 415
512 410
513 404
514 382
514 377
513 373
514 368
513 364
512 359
516 354
513 348
513 344
513 340
513 337
513 333
513 330
513 325
514 321
513 317
513 312
514 308
514 305
513 300
514 295
513 293
513 289
513 285
513 280
514 277
513 271
514 267
514 264
517 260
516 256
578 255
649 252
807 253
871 248
883 244
878 240
902 240
1023 236
1023 231
1003 227
975 223
923 221
927 219
967 212
920 209
898 205
883 204
887 199
866 197
856 194
876 192
862 189
874 185
885 183
905 181
877 167
897 165
851 163
887 160
795 158
825 155
820 154
783 151
699 149
783 148
792 147
743 145
726 143
703 141
773 141
749 138
733 137
727 136
732 135
740 150
708 132
720 134
710 130
737 130
722 127
719 126
726 126
705 125
693 123
658 123
689 123
709 121
685 121
662 119
671 119
640 118
632 118
650 117
651 117
663 116
644 115
617 115
615 115
598 115
623 115
643 114
636 115
599 115
583 114
604 114
625 114
603 115
577 114
586 114
608 115
595 112
581 117
551 121
515 122
515 126
515 128
514 128
514 132
514 133
512 135
514 138
514 138
514 139
515 141
513 142
514 141
514 143
514 146
516 148
514 150
514 152
514 154
514 157
513 158
513 159
514 164
514 166
513 168
514 173
514 175
513 177
514 180
513 183
514 186
514 192
513 192
513 195
515 202
514 205
514 210
514 213
514 217
514 222
515 227
514 233
514 237
515 239
514 244
514 249
513 253
514 256
516 260
514 264
513 268
513 272
512 277
514 283
513 287
514 291
514 310
514 315
514 320
514 323
514 328
513 332
514 336
510 341
513 347
514 355
515 356
512 356
511 361
513 369
509 374
514 377
514 380
514 384
513 389
514 397
514 401
514 405
514 410
514 418
514 424
513 430
514 434
515 439
513 447
516 453
513 456
513 460
513 464
514 469
514 472
513 474
513 479
513 488
514 488
513 491
514 497
513 501
513 504
513 513
514 518
513 524
514 531
514 536
520 541
513 547
514 553
514 557
514 561
513 567
513 570
513 573
513 578
515 598
513 602
513 606
513 611
513 616
514 622
515 629
514 633
513 639
514 645
513 650
512 656
513 659
514 666
513 670
513 674
514 678
513 683
513 687
516 689
513 696
513 699
514 704
512 707
514 712
514 715
514 720
514 724
513 729
514 734
514 738
513 743
513 746
512 749
514 753
513 757
516 761
515 765
513 769
513 774
514 777
511 781
443 782
262 781
173 786
188 790
238 794
165 795
55 798
15 803
8 808
69 812
58 815
96 817
133 821
77 825
89 830
162 832
149 846
170 846
165 849
201 851
163 855
134 858
128 860
136 863
158 868
155 869
125 873
152 875
203 877
163 879
178 883
189 885
233 888
251 889
262 891
238 892
290 894
282 895
320 896
265 897
338 899
301 900
318 902
289 902
304 904
358 905
351 906
301 907
319 908
360 910
361 911
354 911
330 913
333 912
352 913
391 915
349 915
376 916
311 917
386 918
346 918
389 919
370 918
360 919
382 922
386 920
397 920
403 918
410 922
427 923
413 922
410 923
418 923
422 922
447 922
459 923
437 922
460 920
474 922
478 920
487 918
500 919
511 914
513 913
512 910
511 907
513 905
513 903
514 902
514 901
513 900
514 899
513 899
513 896
513 895
513 894
513 887
514 891
514 888
513 885
512 884
513 881
494 879
513 876
514 873
513 872
513 869
513 866
512 865
513 862
513 859
513 856
513 853
514 848
513 846
513 842
510 840
