513 308
514 312
513 313
513 318
514 324
514 329
513 333
512 337
513 339
509 344
513 349
513 356
513 361
513 365
515 369
514 372
508 376
512 381
513 387
513 390
514 394
514 399
514 406
514 413
513 418
514 421
513 426
514 435
511 442
515 446
513 450
514 457
512 461
514 464
513 467
513 472
513 476
514 478
513 482
516 488
511 492
514 495
514 500
513 506
513 512
513 517
515 522
512 531
512 536
514 540
514 545
513 551
512 556
514 560
513 564
513 569
512 574
513 770
513 766
513 762
513 760
514 755
514 749
513 745
514 740
514 736
515 733
513 728
514 725
513 721
513 716
513 710
514 704
513 699
513 697
514 694
513 689
513 682
514 676
513 674
512 668
513 666
513 661
514 655
513 652
513 649
512 645
513 636
515 630
512 627
513 622
513 612
515 606
513 602
513 596
513 590
512 585
514 581
514 577
513 573
513 568
513 566
508 562
514 557
513 555
514 549
512 545
513 540
513 535
514 528
513 523
512 519
513 513
513 505
512 572
514 574
514 577
513 583
512 587
514 592
512 596
514 601
513 607
514 611
513 616
514 622
514 627
513 633
512 639
513 644
512 650
513 655
512 659
514 664
513 667
513 673
513 678
512 684
513 687
513 692
513 695
513 699
514 703
514 706
513 711
513 715
512 720
513 724
513 729
514 733
513 736
514 741
513 744
513 748
514 752
513 757
513 761
513 765
513 769
513 773
512 776
510 780
440 781
409 785
369 789
341 794
320 794
171 798
194 800
210 803
214 807
364 886
339 887
311 889
400 891
374 892
363 893
325 895
398 897
339 897
348 899
361 900
381 901
365 903
360 903
359 904
379 907
376 906
362 913
363 909
412 910
404 911
392 912
381 912
376 914
380 915
382 915
414 916
448 916
435 917
436 917
392 919
412 920
457 920
444 921
460 921
450 920
414 921
419 922
453 922
458 922
448 922
440 922
458 923
435 922
444 922
455 922
479 923
482 922
475 921
485 922
484 920
483 921
500 919
506 918
509 915
513 914
512 910
514 901
512 900
512 899
511 899
513 899
514 896
513 895
513 894
512 892
512 891
514 889
513 887
513 884
514 880
513 880
512 876
514 874
512 873
514 870
513 867
513 864
513 861
513 859
513 856
513 852
513 850
513 848
513 843
514 841
514 836
514 832
514 828
514 825
513 819
515 812
513 810
513 806
513 801
513 796
510 791
513 787
512 784
514 781
514 776
512 771
513 767
513 763
513 760
513 756
513 751
513 747
513 743
513 737
513 732
513 728
513 722
514 705
515 696
513 693
513 687
515 686
513 683
513 680
513 673
514 667
514 663
513 661
513 658
513 651
514 644
512 641
514 639
513 632
513 626
513 619
515 613
513 606
514 602
513 596
511 590
513 584
514 580
512 577
514 572
513 569
513 565
512 561
514 557
513 552
511 550
513 545
514 539
513 535
513 530
513 523
514 518
513 512
514 507
513 500
515 493
513 490
513 485
513 482
520 474
514 471
512 468
513 467
514 458
514 459
503 443
512 438
512 440
512 436
514 410
514 408
514 403
509 393
514 391
514 387
514 383
514 379
513 371
512 368
511 365
513 359
512 354
514 349
513 344
514 340
513 336
514 333
513 330
513 324
513 322
514 317
514 314
513 308
514 304
513 299
512 296
514 291
514 287
508 286
505 280
514 277
513 273
512 268
513 264
515 261
518 257
609 257
628 253
646 249
664 244
684 240
800 240
916 237
856 234
839 229
819 225
831 223
822 218
778 215
793 211
789 208
766 205
790 202
765 200
790 196
736 193
719 178
761 177
793 175
732 174
738 167
763 165
771 162
753 162
728 159
742 156
714 154
690 152
700 150
720 149
711 147
672 145
646 144
671 142
680 142
705 140
667 139
660 137
687 135
692 134
667 133
627 133
648 130
652 129
656 128
625 127
676 126
647 126
648 130
594 124
644 123
642 121
658 122
632 121
612 119
576 119
609 118
591 119
628 116
599 122
576 116
583 115
575 116
592 116
580 115
575 115
590 111
582 115
564 114
576 115
579 115
558 114
559 114
567 117
552 116
544 117
529 117
521 120
515 122
514 124
514 126
514 129
514 131
512 132
514 134
514 135
513 138
513 138
514 139
514 140
514 142
508 144
518 145
514 145
513 151
514 151
516 153
514 156
514 159
514 160
514 163
514 164
513 167
514 172
513 173
513 176
514 179
515 182
514 184
513 187
513 190
513 194
514 197
514 201
514 206
514 210
513 215
513 219
513 226
513 229
513 233
509 236
514 241
513 245
513 248
514 252
513 256
514 261
515 266
513 270
514 290
514 295
515 297
513 302
513 306
514 310
514 314
513 318
513 323
513 328
510 332
513 340
514 342
513 347
514 351
513 355
514 361
512 366
513 369
514 372
513 375
514 380
514 387
512 391
514 393
514 399
513 407
512 415
513 421
515 424
514 429
514 437
512 444
514 448
514 453
513 457
512 461
514 464
513 468
514 473
513 477
513 479
513 483
512 489
512 493
514 497
513 502
513 508
514 514
514 519
513 525
514 531
513 536
514 542
514 548
512 554
513 559
513 730
513 734
513 738
513 740
513 747
514 749
513 753
511 757
514 761
514 765
513 769
514 772
514 777
513 779
425 781
390 785
386 788
378 792
276 793
174 796
177 803
202 805
230 809
244 811
242 815
223 820
213 822
260 826
284 829
261 833
278 836
268 838
281 842
278 843
285 846
310 849
274 853
296 856
248 859
250 863
322 866
256 867
306 871
259 873
294 875
253 879
305 881
306 883
289 884
322 887
340 889
345 891
317 892
332 893
359 895
385 895
388 898
377 903
356 904
369 905
397 906
391 908
390 909
386 910
395 910
366 911
398 913
421 912
402 914
385 915
401 916
410 917
413 918
390 917
435 919
438 920
440 919
417 921
399 921
422 918
455 921
474 922
448 922
449 923
454 922
432 922
435 923
473 922
487 923
457 924
442 923
440 923
487 921
472 923
462 921
470 921
490 921
506 919
512 917
512 915
512 913
512 910
513 908
513 907
513 904
522 901
513 901
513 901
512 899
514 898
514 897
515 895
513 894
513 892
513 882
513 881
513 878
512 876
514 874
514 872
513 870
512 868
513 864
513 861
513 860
513 855
512 852
514 851
513 846
513 844
514 839
513 835
513 832
512 829
512 825
513 820
513 816
512 811
513 807
513 799
513 797
513 791
514 787
513 784
509 779
513 775
514 772
513 766
512 763
513 759
513 754
514 750
514 744
514 739
513 736
513 732
513 727
513 723
514 718
513 712
514 708
513 703
514 699
514 694
512 689
514 685
513 679
513 676
514 672
513 668
514 665
513 643
514 641
508 633
513 628
515 624
513 621
513 613
513 606
515 599
512 596
513 590
513 582
514 579
513 572
513 571
514 568
514 564
513 562
512 558
513 553
513 548
513 545
513 541
513 535
514 528
514 524
513 518
514 512
514 505
514 499
511 495
513 489
514 484
514 479
513 475
514 472
514 466
515 462
513 458
513 455
512 451
531 446
512 441
514 435
514 430
514 426
515 419
514 414
513 409
514 403
514 398
513 393
513 388
513 383
516 377
514 372
513 349
513 348
514 343
514 340
514 337
514 332
514 329
513 325
513 321
513 317
512 312
514 307
514 302
514 299
514 295
514 291
513 284
517 281
519 280
514 275
514 271
512 267
513 263
515 260
518 256
614 257
655 251
661 248
645 244
634 240
791 240
896 236
889 232
835 228
771 223
788 220
802 216
789 212
801 209
783 206
732 203
764 200
769 197
745 194
786 192
729 188
771 186
737 185
747 180
760 178
750 174
835 172
754 158
748 166
723 159
765 158
737 156
758 147
655 146
661 145
664 144
695 143
639 141
643 140
676 139
671 137
663 138
644 134
682 133
654 131
649 131
648 129
667 125
631 128
629 126
608 125
656 125
629 124
631 122
632 122
614 121
589 119
611 120
646 119
628 120
614 118
583 115
590 117
618 109
604 118
612 115
599 116
577 115
578 113
591 115
583 115
561 115
566 115
584 114
590 114
572 115
562 115
550 114
552 115
562 115
542 115
546 115
538 116
518 118
514 120
514 122
513 125
514 127
514 130
514 137
514 137
513 138
514 139
513 140
513 142
512 143
510 143
514 144
516 150
517 154
512 152
514 156
513 158
515 161
514 164
514 166
513 168
513 170
513 173
514 175
512 179
511 183
514 185
515 189
513 193
514 195
514 198
513 201
514 205
514 209
513 214
514 217
513 223
513 228
514 232
515 235
515 240
512 244
514 248
513 252
513 258
514 261
513 266
513 270
513 276
500 277
513 286
514 290
514 295
513 298
513 303
513 307
513 310
514 315
514 320
515 326
515 347
514 349
513 353
513 356
514 360
513 364
513 369
514 373
513 377
513 383
514 387
513 392
513 397
514 401
514 407
513 414
513 419
514 424
514 430
513 436
513 444
513 448
514 455
514 458
514 462
513 466
514 469
513 474
514 476
513 481
513 485
512 490
514 493
514 499
514 505
512 510
514 513
514 521
514 528
512 533
516 535
513 544
513 552
511 556
514 558
514 564
513 569
513 573
512 577
514 579
513 583
513 589
512 593
513 598
513 603
513 609
513 613
514 638
514 642
514 647
514 651
514 657
514 661
513 667
512 671
513 676
513 681
513 685
513 689
514 693
513 697
514 701
512 705
514 708
513 712
514 718
513 721
513 726
513 730
514 734
513 739
514 742
514 746
513 748
513 756
514 759
513 761
514 766
513 772
513 774
513 778
510 780
412 784
375 785
366 789
370 793
256 794
132 798
130 802
179 806
235 810
233 812
222 817
220 820
224 824
219 827
214 830
256 833
269 837
287 839
290 839
238 846
252 845
285 851
271 864
295 866
280 871
245 871
314 874
299 877
323 880
252 882
300 884
310 886
346 887
330 890
335 892
361 894
379 895
341 896
348 896
378 898
435 899
344 902
366 902
409 904
431 905
374 906
373 907
399 908
398 908
376 903
395 912
437 912
396 913
365 914
389 915
417 915
430 917
401 917
390 918
412 919
394 920
414 921
430 921
430 921
456 921
451 920
430 922
417 923
435 922
460 922
448 923
429 923
460 922
448 923
439 923
453 923
472 922
473 923
473 920
487 920
498 918
503 917
512 916
511 913
510 907
513 908
512 906
513 902
513 908
513 901
513 899
513 898
513 898
513 896
513 895
513 893
513 892
513 892
513 892
514 884
512 884
513 881
512 878
514 877
513 873
515 871
513 868
513 865
512 863
513 860
516 857
513 855
513 851
512 848
513 845
513 842
512 839
514 834
513 832
512 827
513 824
514 820
512 814
514 814
512 806
513 801
514 797
513 791
514 787
513 782
517 778
513 774
513 769
512 765
513 761
514 756
513 740
511 734
513 729
513 728
513 724
516 717
513 711
513 704
513 701
513 699
511 696
513 690
513 683
514 678
514 674
513 672
513 668
513 662
515 655
514 653
512 651
513 647
513 639
516 628
514 627
513 624
513 615
513 609
514 605
513 597
515 592
514 587
512 585
513 580
513 573
514 570
513 567
513 563
514 558
514 555
513 550
514 547
513 543
513 538
516 533
514 526
515 521
513 514
513 509
513 504
513 499
512 492
516 486
513 481
513 480
512 474
513 468
512 451
514 452
514 445
512 439
514 433
514 428
513 422
514 419
514 413
514 407
514 400
514 395
514 390
514 385
514 380
512 376
513 370
514 367
514 361
514 357
515 351
513 347
513 342
513 338
514 336
513 332
513 328
514 324
513 318
514 315
514 310
513 306
513 302
513 296
516 294
514 290
513 271
514 262
513 283
530 274
513 271
512 266
514 262
515 259
520 255
629 254
642 249
650 248
670 242
650 239
710 240
897 237
838 231
861 228
834 224
788 221
806 204
803 202
769 200
750 197
750 194
740 192
742 189
776 186
772 182
753 181
763 177
774 175
741 172
750 169
776 163
760 162
727 160
713 156
733 155
686 153
698 152
669 150
704 148
641 145
685 145
657 143
679 142
672 140
641 139
647 138
674 134
648 135
647 134
657 132
659 132
655 130
639 129
669 126
638 127
660 126
572 125
648 124
629 123
684 122
588 121
616 121
612 120
605 122
564 119
597 118
604 117
623 118
617 118
565 116
582 116
584 116
584 115
593 114
566 114
572 114
565 114
557 115
562 114
558 114
560 115
560 118
548 115
539 116
533 117
532 117
517 120
516 122
514 124
513 126
514 129
514 131
514 133
514 132
514 136
514 139
514 139
513 139
514 141
514 141
513 144
512 149
514 148
514 153
514 153
513 162
511 156
514 162
514 155
514 161
513 165
514 169
513 172
513 174
514 174
513 179
514 182
513 185
513 188
514 193
513 196
514 199
513 203
514 207
514 210
513 214
513 218
514 223
513 228
512 233
514 254
513 256
514 260
513 264
514 269
514 272
513 277
511 286
514 286
517 290
513 293
514 297
513 302
513 308
513 313
513 319
514 323
514 325
513 329
514 333
514 341
514 345
512 351
514 354
514 359
514 362
514 367
513 371
514 375
513 380
514 384
514 389
517 393
513 399
513 406
512 410
514 414
514 419
514 428
510 434
514 439
514 444
513 451
513 456
514 459
516 464
514 468
514 470
514 474
513 478
517 483
513 486
516 490
512 494
513 499
511 505
514 511
513 538
514 542
513 547
514 551
513 556
514 560
511 563
515 568
513 572
513 577
513 581
514 585
513 590
512 595
510 600
514 605
510 610
514 615
513 621
513 626
513 632
513 637
516 643
512 648
513 653
512 658
514 663
514 668
513 672
513 676
513 681
512 687
513 690
513 695
514 699
513 703
512 706
514 710
514 714
512 718
513 723
513 726
514 732
513 736
513 740
514 744
513 748
513 749
514 756
514 759
514 762
514 766
513 771
514 775
512 780
481 781
373 784
195 794
128 798
140 803
188 808
225 811
218 814
212 819
213 821
225 825
246 829
273 833
276 835
251 837
275 840
253 844
290 845
311 849
277 851
271 854
268 859
294 860
272 863
286 866
288 869
304 870
314 875
240 880
279 881
277 883
347 885
324 887
343 888
325 890
359 892
343 894
345 895
361 896
364 897
389 899
382 901
365 902
384 903
351 904
335 909
368 908
396 907
404 909
360 910
377 910
386 912
371 913
354 914
413 915
414 915
450 916
358 917
401 919
431 922
427 920
407 921
451 923
441 922
445 923
454 922
446 922
448 923
452 923
437 923
445 921
453 923
459 925
467 922
473 922
483 923
473 922
456 922
461 922
481 921
501 918
511 919
512 917
513 914
512 913
513 910
514 906
514 901
513 904
513 902
514 900
512 900
513 898
513 897
514 896
514 894
515 892
513 891
513 889
513 889
513 885
516 883
513 880
513 878
512 875
513 873
513 868
513 868
513 866
513 863
512 859
515 857
513 854
513 853
513 848
513 845
514 828
512 825
514 822
513 817
514 813
511 808
519 804
513 798
514 794
512 790
513 779
513 780
513 776
514 773
513 768
514 762
513 757
514 752
513 749
513 746
514 742
513 738
517 735
513 729
513 723
513 719
513 713
513 709
512 705
513 702
513 697
513 691
513 686
514 681
513 680
513 675
514 669
514 664
513 660
517 657
513 654
514 647
513 641
515 635
513 631
511 627
517 621
514 614
513 609
514 603
514 598
514 592
512 586
513 581
513 576
515 573
512 569
512 552
514 547
512 545
514 541
513 537
514 530
517 526
513 519
513 513
513 507
513 503
513 495
514 489
514 486
513 477
513 476
515 472
514 465
514 463
513 460
513 456
513 451
517 447
513 438
517 437
513 432
514 426
514 419
515 415
515 409
514 404
513 399
513 394
513 389
514 382
514 379
514 374
515 366
514 363
513 355
513 354
513 351
514 346
513 342
514 338
514 334
514 330
513 327
514 323
514 319
512 311
514 311
512 306
514 301
514 298
514 294
514 288
514 267
512 269
513 267
514 263
513 259
520 256
661 254
657 250
648 246
640 243
643 240
816 240
919 237
878 230
848 227
820 223
774 219
803 216
807 211
768 209
751 207
765 203
752 200
767 197
789 195
752 192
796 189
774 186
733 183
732 180
774 176
819 174
792 171
748 168
736 175
750 164
776 158
757 158
726 155
688 154
710 150
703 148
682 148
645 146
694 145
657 143
668 141
656 137
665 138
710 137
647 136
656 134
642 133
647 132
639 131
654 129
653 125
650 124
627 124
642 123
601 123
601 121
642 120
619 120
629 119
615 118
591 117
618 117
604 115
598 116
605 112
593 117
601 115
590 114
568 115
568 115
569 115
581 115
579 114
580 115
567 114
566 115
568 114
564 115
565 115
527 115
532 115
552 116
536 117
522 119
516 120
514 123
514 125
514 125
514 131
513 133
514 134
514 135
517 137
511 137
514 138
514 140
514 142
514 143
514 144
507 146
515 148
512 150
512 154
518 148
510 158
517 159
513 162
514 174
514 176
514 177
513 180
514 183
513 182
518 189
514 192
513 197
514 199
515 203
514 207
513 211
514 215
514 220
514 225
514 227
514 234
514 239
514 242
513 247
517 251
513 256
514 261
513 266
513 271
518 276
513 280
513 296
509 288
511 292
514 295
514 300
517 299
514 308
513 313
514 318
514 322
514 327
513 331
512 337
514 340
514 345
512 349
513 355
514 359
517 360
514 368
514 372
516 376
514 380
513 385
513 391
513 394
514 399
513 406
513 412
514 439
518 443
514 446
514 450
513 456
513 461
514 463
514 465
513 472
514 475
517 479
514 482
513 486
512 491
514 496
514 500
513 507
513 513
513 519
513 525
513 530
514 535
513 541
513 547
512 551
514 556
514 560
513 565
513 570
512 574
517 578
518 581
514 587
512 591
514 596
513 601
514 605
513 611
513 616
511 622
513 627
512 634
513 639
514 644
513 649
513 654
513 659
513 664
513 670
512 674
513 678
514 683
513 686
513 690
514 695
513 699
512 703
513 723
512 726
514 729
516 732
514 736
513 740
514 744
513 748
513 753
513 756
513 760
513 765
514 768
513 773
512 776
512 780
437 782
394 784
389 788
384 791
341 795
219 795
136 799
153 804
195 808
211 812
214 815
233 818
230 822
247 827
240 828
211 832
238 835
291 840
282 841
275 843
261 848
242 850
256 851
267 856
296 859
241 861
262 864
287 867
264 870
304 875
282 876
312 878
322 881
329 885
337 886
308 887
332 889
333 891
370 892
339 894
369 896
365 897
350 902
398 904
410 905
395 907
378 906
381 907
387 909
366 909
388 911
431 912
423 913
377 914
356 914
419 911
385 916
377 917
403 918
420 917
418 919
401 919
411 920
425 921
445 922
458 922
429 922
417 921
447 923
449 923
440 922
451 923
453 924
437 923
468 922
489 922
473 922
444 922
448 923
470 922
495 922
496 922
490 923
501 919
508 919
509 917
513 915
513 911
512 908
512 906
513 904
513 902
513 901
512 900
513 900
513 898
512 897
511 895
513 888
514 886
513 884
512 881
514 879
513 876
512 874
513 874
513 870
513 867
513 864
515 861
515 861
510 856
514 853
515 849
514 847
513 843
514 841
512 837
513 833
513 829
513 824
513 820
512 816
514 814
514 807
512 804
513 799
512 794
513 788
513 785
513 779
517 776
513 772
514 768
513 763
513 760
513 756
513 752
512 747
514 741
514 737
513 733
513 729
513 725
513 720
513 715
514 710
513 705
513 700
513 697
513 693
517 687
513 681
513 676
513 673
513 657
513 654
513 650
514 643
514 636
513 630
512 624
517 620
514 613
514 608
514 600
514 595
513 590
513 585
512 580
514 576
514 572
513 570
513 565
513 561
514 558
513 555
513 550
514 545
513 541
513 537
514 529
511 522
515 518
513 513
513 507
514 499
513 495
514 490
514 484
513 480
514 476
512 472
514 467
513 463
513 460
513 455
514 450
514 446
514 441
514 437
513 431
514 426
513 422
514 416
513 410
514 404
514 398
514 392
514 388
515 382
512 377
512 358
513 355
514 350
514 345
514 341
514 338
514 335
513 331
514 327
514 322
514 318
513 313
514 309
513 306
513 301
513 297
513 294
513 289
513 291
514 283
515 279
515 271
513 269
518 265
514 262
517 255
578 256
621 254
618 250
647 245
680 242
684 239
902 239
884 234
851 230
849 225
815 222
807 219
807 215
769 212
735 208
783 206
742 203
774 199
778 197
705 193
756 191
766 187
744 185
759 181
774 179
817 176
745 172
746 170
741 167
781 152
789 160
513 403
514 399
513 395
514 391
515 387
514 381
514 378
514 373
514 368
514 364
513 360
513 355
514 350
514 346
514 342
513 337
515 334
514 330
513 326
513 322
514 317
514 313
514 308
516 304
514 301
514 297
514 292
513 291
513 286
513 281
514 278
516 273
514 262
513 267
514 260
515 256
575 255
642 252
667 249
672 245
663 240
710 241
928 238
879 233
861 229
822 226
805 221
805 218
802 214
797 210
791 208
793 205
756 201
717 199
772 196
719 193
737 133
663 132
687 131
664 129
656 129
656 129
657 128
629 127
648 125
626 124
639 124
624 123
688 122
632 121
623 120
606 120
618 119
630 118
611 117
597 116
580 117
595 116
611 116
590 118
567 116
571 112
580 113
589 114
596 114
607 114
595 115
551 114
544 114
556 115
591 114
589 114
555 110
551 115
538 115
535 115
529 115
529 119
522 119
515 122
514 125
515 127
514 129
514 132
514 133
514 134
514 136
514 136
514 138
514 139
513 136
513 141
513 143
514 151
509 153
515 161
513 155
515 161
513 163
513 165
513 168
514 170
514 173
513 177
514 180
514 183
514 185
516 188
513 192
513 195
513 199
513 202
514 206
514 209
513 220
517 221
514 226
514 230
513 232
513 237
513 240
514 245
513 249
514 253
513 256
514 261
513 264
514 270
513 275
513 280
513 287
515 284
512 291
514 296
514 301
513 305
513 311
512 316
514 321
515 325
514 329
515 333
513 338
513 344
513 350
514 353
514 355
514 360
514 364
514 370
513 388
513 392
514 395
514 399
514 404
514 414
512 420
514 422
514 429
514 436
513 440
513 448
514 452
513 457
513 462
514 464
513 467
514 474
513 477
513 479
514 483
513 488
513 494
513 497
514 503
513 509
513 514
513 519
513 526
513 533
511 537
514 542
514 548
513 554
512 559
512 562
514 566
513 571
512 576
513 580
514 583
513 588
514 591
513 597
512 602
513 607
513 612
513 618
513 623
512 629
514 630
514 640
516 646
509 652
513 656
514 661
513 666
513 687
515 691
512 693
514 697
513 700
513 704
513 707
513 712
514 716
513 720
513 725
513 729
513 733
513 738
513 742
513 746
514 750
513 753
513 757
513 761
514 765
514 769
514 773
513 777
512 780
448 782
412 786
373 789
367 793
360 796
196 796
213 800
221 804
240 807
224 811
196 816
247 820
212 823
260 827
272 829
246 832
278 838
254 839
273 841
327 848
283 849
299 850
273 853
297 856
290 859
273 862
268 869
239 869
280 871
264 875
305 878
266 879
329 889
331 891
333 890
353 893
355 894
348 896
347 897
407 900
373 900
406 901
366 903
394 905
363 905
384 906
410 907
412 908
407 910
388 912
397 911
383 912
425 920
411 914
423 915
368 916
415 917
428 917
413 918
403 919
385 920
413 919
430 920
430 921
449 921
428 921
422 923
454 923
469 922
467 924
468 923
440 922
440 923
444 923
455 923
475 924
470 924
472 923
461 924
456 923
476 921
473 921
487 921
501 920
509 919
513 917
513 913
512 911
512 908
513 903
514 901
515 900
514 899
513 897
512 896
514 894
513 893
513 892
515 889
512 888
512 886
513 884
514 879
513 877
512 875
513 872
513 869
513 867
514 865
513 861
513 860
514 855
514 855
513 849
513 846
513 844
513 840
512 836
516 833
512 828
514 823
514 818
513 814
510 809
514 804
513 801
511 798
513 795
514 791
514 785
513 780
512 775
514 769
513 765
514 760
513 758
514 754
513 748
513 744
513 740
513 736
513 731
513 727
513 724
514 719
513 715
513 693
512 687
515 684
513 681
513 676
513 672
515 667
513 664
513 659
513 653
515 648
514 644
513 642
513 636
513 629
514 621
514 618
502 615
513 607
513 599
514 593
513 589
514 584
515 576
515 575
513 570
514 567
513 562
513 560
515 555
513 552
513 548
514 544
513 539
513 533
512 527
513 521
514 516
513 510
514 504
514 498
513 494
513 488
514 481
514 477
514 473
513 469
514 464
515 460
514 457
513 452
513 450
514 444
513 439
513 436
513 427
523 422
514 398
512 394
513 390
513 385
512 380
514 376
515 371
514 366
515 361
513 358
513 353
514 348
513 343
515 339
514 335
514 332
514 328
513 323
513 320
513 315
513 312
513 307
514 303
514 299
514 295
514 291
514 287
513 284
513 279
515 276
515 267
516 267
505 263
513 260
516 258
579 255
634 251
655 244
659 244
671 240
651 237
901 238
901 234
835 229
809 225
803 222
800 218
804 214
804 211
787 205
767 203
738 201
784 199
771 196
730 193
773 190
750 187
776 174
789 172
799 169
766 166
761 163
715 164
745 160
724 162
688 154
683 151
740 149
701 147
653 147
615 144
630 141
697 142
636 141
638 139
672 136
665 136
648 135
631 133
708 132
686 130
679 129
620 128
646 127
665 125
611 126
641 125
625 123
639 123
612 122
613 120
609 120
624 121
583 119
611 118
635 116
608 116
623 116
577 116
576 116
591 115
583 113
595 115
580 125
561 114
560 112
584 114
572 114
570 114
572 115
591 114
566 114
541 114
538 116
536 117
523 118
518 120
515 122
514 124
514 127
514 130
513 133
513 133
514 135
514 137
514 138
514 138
513 139
514 142
514 142
514 145
514 146
513 147
514 150
514 152
508 151
516 157
513 158
513 160
516 164
514 166
514 169
513 172
513 174
515 177
514 182
513 182
514 185
514 188
513 192
513 195
514 197
514 203
513 206
512 211
514 216
514 223
514 226
513 230
514 233
513 236
514 241
513 246
513 249
513 253
512 257
514 263
514 267
513 271
514 275
513 296
514 299
513 303
513 306
514 310
515 314
513 321
514 325
513 333
513 336
514 341
514 344
513 350
513 354
514 358
513 362
514 366
513 369
514 375
513 377
512 386
513 388
514 392
514 397
514 403
513 411
513 416
514 420
513 425
514 433
515 439
512 444
514 448
514 454
513 460
514 463
513 466
514 469
513 475
512 478
515 478
514 484
513 490
513 494
514 498
513 503
513 510
513 516
513 522
513 528
513 534
515 539
513 542
512 549
513 555
512 559
517 564
514 583
512 586
514 590
513 594
513 598
514 603
514 609
513 614
512 619
513 625
512 631
513 637
513 642
513 646
514 652
514 657
514 662
513 667
513 671
513 676
513 681
512 685
517 689
513 694
513 698
513 701
510 705
513 709
513 713
514 717
513 722
513 725
514 730
513 734
513 738
513 742
513 747
513 751
513 754
513 759
514 763
513 766
514 770
513 774
512 777
496 780
420 783
363 786
364 790
393 795
370 795
138 797
161 801
173 806
195 809
221 812
218 817
214 833
274 835
260 837
273 839
295 842
251 844
264 848
275 851
268 854
290 856
241 860
271 864
258 866
304 869
266 871
283 874
289 878
256 879
352 883
297 886
364 882
356 889
356 890
301 891
329 893
376 895
380 896
346 897
329 899
395 901
359 902
347 903
339 904
424 905
384 907
384 907
363 909
404 909
378 910
382 911
422 912
378 914
381 914
380 915
415 916
424 917
370 919
369 918
415 918
453 919
415 920
432 920
408 920
425 921
453 921
456 922
453 922
442 923
447 922
484 923
471 923
447 922
453 923
455 922
465 921
478 921
484 921
481 922
494 920
508 918
509 917
512 913
513 912
513 911
513 906
514 907
515 903
521 900
513 900
513 900
514 898
513 897
513 894
513 895
513 892
513 891
513 889
512 887
514 884
514 882
514 880
515 876
512 876
513 873
515 871
513 867
516 864
513 863
514 860
514 856
514 855
513 851
513 848
514 846
513 839
513 837
513 834
513 830
513 827
513 823
514 818
511 814
514 809
513 803
513 784
513 781
513 779
514 769
513 770
513 765
513 760
513 755
513 752
513 747
514 740
514 737
513 733
514 728
513 725
513 721
513 717
513 711
514 706
514 700
514 695
513 692
513 690
513 685
513 679
513 675
513 672
513 669
513 662
514 656
514 653
512 650
513 645
513 636
514 631
512 628
513 624
513 617
507 606
506 604
513 600
514 592
514 586
513 583
513 579
513 574
513 570
513 565
515 561
513 559
513 556
510 550
515 546
514 542
513 538
513 532
514 527
513 500
514 497
513 492
516 486
514 480
513 477
513 474
513 469
514 463
513 461
512 457
514 452
516 446
514 442
512 438
514 434
513 426
511 426
513 417
513 411
514 405
515 399
514 394
514 389
513 383
514 379
512 375
514 369
514 364
515 359
515 356
514 351
514 347
514 342
513 339
513 335
513 330
514 326
514 323
514 318
513 314
514 309
514 304
513 302
513 298
513 294
513 290
514 286
513 282
515 278
514 274
514 270
519 265
514 267
513 258
517 255
637 253
651 237
833 239
874 236
860 231
846 228
821 224
821 221
821 217
794 213
774 209
779 206
782 202
753 200
739 197
744 194
