265 857
279 859
284 861
290 864
254 866
284 870
297 872
285 875
307 878
277 879
333 882
301 884
322 888
348 888
385 890
368 894
344 892
356 894
374 896
382 897
394 899
392 900
375 902
394 902
366 904
419 905
373 906
376 907
403 908
440 909
428 909
412 910
369 913
407 911
394 914
375 915
431 914
441 916
423 914
427 917
384 918
407 919
440 920
402 921
417 921
459 921
433 921
434 922
462 922
437 922
433 924
454 923
446 922
449 922
455 923
465 922
460 923
760 206
788 204
742 201
763 199
747 196
731 200
746 190
738 188
733 184
735 182
729 180
755 177
757 173
759 170
730 168
761 165
737 162
690 160
701 157
694 155
738 153
698 152
697 150
629 148
686 145
667 145
644 143
609 143
697 140
679 140
666 138
661 135
685 136
672 135
626 133
656 132
675 130
658 130
591 129
623 127
648 126
643 126
591 124
641 124
634 128
619 121
595 121
637 120
610 119
611 119
585 119
578 118
609 116
613 116
578 117
591 116
601 116
482 922
466 922
450 922
467 922
481 922
493 920
494 921
493 920
506 918
511 916
512 913
512 909
513 908
513 905
513 904
513 902
516 902
514 900
513 895
514 898
513 898
513 895
513 894
514 893
513 891
513 889
514 887
513 884
513 882
513 879
513 876
513 874
514 871
513 869
513 868
514 865
512 863
514 860
514 857
512 853
515 848
513 848
512 845
514 840
513 838
512 834
508 830
512 826
514 821
514 819
514 810
512 808
513 804
513 801
512 795
512 791
513 786
513 665
513 664
513 661
513 657
513 652
515 645
516 643
513 637
512 634
514 627
515 619
514 615
514 609
513 603
516 596
513 591
513 586
513 580
515 576
513 573
514 569
513 565
514 562
514 558
515 555
513 550
513 547
514 542
513 536
514 530
513 525
512 520
514 512
515 507
513 503
513 497
514 491
514 486
514 483
514 479
515 473
516 467
512 466
512 461
514 455
515 453
514 448
514 443
513 437
514 432
514 427
513 422
514 414
514 406
513 405
513 400
513 394
513 372
514 372
514 363
514 360
514 356
513 351
514 345
515 341
514 337
513 332
514 330
513 325
512 322
513 317
513 312
514 308
515 303
514 300
515 296
513 292
514 287
514 284
510 280
513 275
513 271
513 268
513 263
513 260
516 257
538 255
663 251
663 247
648 244
633 240
727 241
867 238
860 233
863 229
813 224
804 222
810 218
792 214
761 211
750 207
754 204
765 201
739 199
738 196
730 190
720 190
738 189
730 186
742 183
774 179
749 177
740 173
773 156
733 159
752 157
709 154
688 153
677 151
706 150
698 148
667 146
663 143
671 142
639 142
608 141
649 139
723 137
686 136
641 135
644 133
686 131
650 131
596 130
608 128
678 128
665 125
600 125
638 125
625 124
612 121
570 125
620 120
645 120
647 120
611 118
614 117
636 118
632 116
589 116
594 116
599 116
574 114
591 116
594 115
571 115
586 115
593 114
573 113
570 114
571 114
567 116
572 114
575 115
573 115
562 115
537 114
525 115
533 116
534 116
531 127
514 129
514 131
515 130
518 137
512 135
514 137
514 137
515 138
514 140
514 141
514 143
514 144
514 145
514 147
514 150
514 152
513 155
514 157
513 160
514 163
513 164
514 167
514 168
514 171
513 175
514 178
514 181
514 184
513 187
510 189
514 192
513 195
514 200
514 204
514 209
513 213
509 218
513 215
511 223
516 227
514 233
514 238
514 244
513 248
516 250
513 256
513 260
513 264
513 269
514 275
514 279
513 284
513 287
513 292
514 297
513 301
513 322
514 325
514 329
513 334
514 336
514 341
514 346
513 351
514 356
512 361
514 364
514 367
514 372
517 377
511 383
514 390
514 389
518 398
513 397
513 399
512 412
513 419
512 425
514 430
513 435
513 441
512 448
510 452
513 456
514 462
512 465
515 467
513 469
513 475
512 479
514 481
513 487
514 492
510 496
514 500
512 506
512 513
513 518
513 523
513 531
513 535
512 540
514 545
514 552
512 557
511 560
514 563
513 567
513 571
512 585
515 580
511 585
516 607
514 612
513 617
512 621
514 627
513 632
513 637
513 642
514 648
514 654
512 658
510 664
514 668
512 673
513 677
514 679
513 685
513 691
512 696
512 699
513 704
513 708
513 712
513 715
514 719
514 724
513 729
513 733
513 737
513 742
510 746
513 750
513 755
513 757
513 761
513 764
514 769
510 772
513 777
511 780
463 782
415 786
412 789
386 792
388 794
193 797
146 801
163 806
232 810
252 813
225 817
250 822
247 823
271 827
287 830
258 833
244 836
297 848
288 850
289 853
278 855
301 859
220 863
262 864
273 868
312 871
262 874
268 876
303 879
294 881
317 884
280 885
329 886
374 889
348 891
378 892
359 894
411 895
391 896
362 898
351 899
394 900
392 901
389 903
352 904
393 902
410 907
410 908
390 909
378 910
372 910
400 912
389 914
405 913
445 915
411 915
414 917
392 916
391 917
450 918
433 919
434 919
417 919
427 920
439 920
423 921
416 921
440 921
467 921
450 923
447 922
484 922
436 922
408 921
514 867
512 866
513 863
513 861
513 859
513 856
514 853
514 852
512 847
512 842
513 839
514 837
513 831
513 828
516 825
513 823
513 817
514 812
513 809
512 803
513 800
511 796
513 789
513 784
513 780
513 776
512 772
513 768
509 764
513 760
513 756
514 752
513 746
513 740
513 736
513 732
513 729
513 724
513 720
512 715
513 710
513 705
513 699
514 692
513 688
514 686
513 683
513 677
515 672
513 668
513 665
513 664
514 655
513 651
514 649
512 644
513 636
513 611
513 606
512 600
513 598
514 590
515 583
512 579
514 575
513 570
515 568
513 565
513 561
515 556
514 554
511 549
512 545
513 539
515 535
513 531
514 524
512 518
516 512
515 507
513 501
512 495
513 490
512 485
512 478
513 475
513 473
513 468
515 463
515 460
512 455
514 452
513 447
511 442
513 437
514 432
513 427
514 421
514 415
514 410
511 404
515 399
513 394
515 389
513 384
512 379
514 374
514 369
514 362
514 358
514 354
514 350
511 346
513 341
512 324
513 321
514 318
513 308
513 309
514 304
513 300
514 297
513 291
514 287
513 283
514 279
514 276
514 271
513 267
513 265
514 260
517 257
571 255
627 252
658 249
671 245
667 242
693 242
913 238
879 233
872 229
835 224
786 221
799 218
813 214
790 210
820 206
770 205
719 202
732 199
733 197
769 193
790 192
738 188
774 185
724 181
786 180
773 177
740 173
739 170
718 167
766 165
733 163
737 159
686 157
737 155
692 154
702 152
688 149
650 147
696 145
692 139
659 139
643 137
626 135
664 135
687 133
673 132
659 131
681 130
646 128
639 129
616 126
635 126
656 124
658 124
650 123
613 122
615 119
609 121
582 119
617 119
622 117
621 117
598 117
604 116
602 116
593 116
598 117
583 115
589 115
585 116
571 115
578 115
589 115
564 114
570 114
581 114
566 113
544 114
546 114
565 114
565 115
558 116
543 115
534 118
524 117
514 120
515 122
515 125
514 129
514 131
507 134
514 139
512 137
514 137
514 138
514 143
514 145
513 146
513 148
513 150
514 151
513 155
514 157
514 160
516 163
513 166
514 167
514 170
513 172
514 175
514 178
513 181
513 185
513 188
517 192
513 194
512 197
513 202
514 205
514 210
513 216
514 219
513 218
513 228
512 224
514 231
515 243
514 247
512 250
514 254
513 259
514 262
514 266
514 271
513 275
513 280
513 283
514 286
513 292
513 296
514 301
513 306
514 310
514 315
515 319
513 324
514 329
514 334
514 340
514 344
513 349
513 352
514 372
515 374
513 378
514 383
514 386
513 388
508 397
513 399
512 406
513 411
514 419
513 425
512 430
514 435
514 439
513 447
511 453
515 457
513 460
514 466
514 469
513 472
512 476
513 479
514 482
514 487
513 491
513 496
512 502
514 506
514 513
513 519
512 526
514 530
514 535
513 542
513 547
514 552
513 555
514 561
512 566
512 570
511 572
510 579
514 577
514 588
513 591
513 597
513 600
515 605
512 611
513 615
512 622
514 627
513 632
513 639
514 644
513 667
512 670
514 674
513 678
514 683
515 687
515 692
513 696
513 698
512 704
513 709
513 713
513 716
513 721
513 726
514 729
513 734
513 738
512 742
514 746
513 752
515 754
512 751
513 762
513 765
514 769
513 774
513 777
512 782
435 783
381 786
374 790
381 793
376 794
148 797
171 802
173 807
216 809
245 813
241 817
225 821
209 824
235 827
237 831
275 832
295 836
252 839
269 842
279 843
264 847
277 850
273 855
296 855
255 859
308 862
290 865
296 868
246 880
294 882
318 883
341 885
334 887
377 889
338 890
326 892
368 893
398 895
342 896
346 898
364 899
391 900
366 902
351 903
365 904
397 905
408 906
374 907
386 908
398 910
400 911
393 911
403 913
392 913
387 914
388 915
390 916
428 917
415 918
403 917
435 919
400 919
396 920
431 921
444 920
463 921
451 922
437 922
440 923
439 922
427 922
440 922
486 923
494 922
468 922
464 922
465 922
453 924
445 922
469 922
485 921
492 921
489 920
491 919
512 917
513 907
512 904
513 904
514 902
513 900
513 899
512 900
510 898
513 896
514 895
513 894
513 893
513 890
514 888
513 884
513 884
513 882
513 879
514 877
512 874
512 871
513 869
513 866
512 867
513 860
514 859
513 856
514 852
514 850
514 845
513 842
512 838
513 835
513 833
515 828
512 824
513 820
515 814
512 809
515 804
513 801
513 796
515 791
513 787
513 782
513 777
513 775
512 772
513 767
513 763
513 760
513 755
513 751
513 747
513 742
514 736
513 733
513 710
514 707
513 703
513 698
514 694
514 690
513 686
513 681
512 678
514 673
514 668
514 665
513 659
513 655
513 652
514 643
514 639
513 634
513 630
514 626
513 618
515 611
514 607
512 601
513 596
514 588
515 585
512 580
513 577
512 571
515 566
514 565
515 561
513 555
513 550
513 551
512 546
516 540
512 536
513 530
513 522
510 515
514 512
513 506
514 502
515 494
512 490
513 485
513 481
513 475
513 472
513 468
514 463
516 459
512 455
514 451
513 447
515 424
513 421
514 415
514 410
514 405
513 398
515 393
513 390
513 382
513 378
513 375
509 368
514 364
515 358
513 354
513 351
514 346
513 340
513 337
513 333
509 329
514 325
514 322
513 317
513 313
513 309
513 304
513 300
513 296
513 291
514 289
513 283
513 280
514 276
514 270
514 268
514 263
513 262
514 256
604 254
665 250
665 248
647 244
621 241
643 241
927 238
904 233
863 229
835 225
803 221
838 217
822 214
782 210
772 206
755 204
779 201
777 198
715 186
779 184
754 182
738 179
717 176
775 173
763 170
750 167
731 164
749 162
748 159
753 156
689 154
745 152
669 151
725 147
666 147
689 146
680 143
686 142
647 142
672 138
654 138
679 137
690 136
703 134
649 132
613 131
614 131
642 129
644 129
620 128
682 126
646 125
669 124
587 124
641 124
628 122
655 119
616 119
632 119
618 118
635 118
590 117
560 117
607 116
595 115
611 116
612 115
563 115
607 115
597 114
570 114
569 115
583 114
565 114
554 114
565 114
564 115
552 115
539 115
532 116
522 118
519 119
517 122
515 123
514 126
513 129
514 130
514 123
514 134
514 138
513 136
514 138
514 138
513 140
514 143
514 143
514 145
514 147
514 149
514 150
513 153
513 155
513 157
513 161
513 162
513 165
514 169
513 168
513 173
513 174
514 179
513 182
513 184
514 188
513 191
513 196
514 198
513 201
514 205
513 210
513 213
512 218
513 222
513 226
513 232
516 236
514 240
517 246
512 249
513 252
512 257
514 277
512 281
513 286
513 289
513 292
514 296
513 301
513 305
513 311
514 317
514 321
514 325
514 329
514 332
514 338
514 344
513 350
514 353
513 356
514 360
513 367
511 372
514 375
514 376
514 380
514 387
511 397
513 392
518 398
514 408
516 421
512 421
514 423
513 429
513 437
511 443
516 447
514 451
513 457
512 462
515 464
513 468
513 473
513 476
515 478
513 483
513 488
513 493
514 496
514 501
514 508
512 513
512 519
513 524
513 531
514 536
512 542
515 564
514 567
513 570
513 574
512 580
510 580
514 585
515 592
510 597
512 600
514 605
513 611
513 618
512 623
513 628
513 635
513 639
513 644
513 650
513 654
514 660
513 664
512 670
513 674
513 678
513 683
513 687
514 693
514 696
513 701
514 705
513 709
513 712
513 717
513 721
513 725
513 729
513 733
513 738
513 742
513 746
513 750
513 753
513 759
513 762
513 765
513 771
512 774
513 778
511 781
458 783
399 786
391 789
361 794
263 794
157 798
161 803
214 819
239 822
249 825
255 828
247 831
245 833
255 837
288 839
277 843
258 845
281 848
297 851
305 854
277 856
283 859
262 862
286 866
269 868
286 873
293 873
315 876
329 879
263 881
304 884
270 886
363 887
301 889
387 892
342 892
369 894
330 895
361 896
383 898
389 900
354 900
370 902
404 903
380 905
344 906
378 907
412 907
402 909
401 909
413 910
430 912
398 914
383 915
409 914
407 915
412 915
390 917
392 917
418 918
391 919
417 920
419 920
476 921
420 922
416 922
432 922
463 923
466 922
465 923
458 922
442 923
458 923
466 923
466 922
462 922
483 922
487 921
479 926
482 921
499 920
509 917
512 915
513 913
514 910
513 908
513 906
513 905
513 902
513 900
513 900
514 899
514 898
513 897
514 896
513 895
513 893
512 890
513 888
514 886
514 884
513 881
519 879
513 877
514 875
514 873
513 871
513 866
513 864
514 862
513 858
512 858
514 852
513 851
514 847
514 844
513 840
515 836
515 830
513 828
514 823
512 808
513 803
514 795
514 793
513 788
513 784
513 778
513 775
513 771
513 766
513 762
513 757
513 753
513 749
513 745
513 740
513 735
514 730
513 726
512 723
513 718
513 712
513 707
513 701
514 697
513 695
513 690
513 686
514 682
514 675
514 672
514 669
513 663
513 658
514 653
513 651
512 644
513 640
514 634
513 626
515 622
515 616
512 613
513 607
513 599
514 592
512 587
514 584
513 577
515 575
512 572
513 567
515 563
516 560
512 558
513 554
512 546
511 527
512 523
512 516
515 513
513 504
516 499
512 494
516 489
514 481
513 479
512 476
514 472
513 467
515 462
513 459
513 454
514 450
514 448
513 441
513 436
516 431
512 426
513 420
513 414
514 408
515 403
515 398
513 392
514 388
515 383
514 379
514 373
513 366
514 363
514 357
512 353
514 350
515 345
513 341
513 337
513 334
514 328
512 327
514 320
514 315
513 312
513 308
513 304
513 300
514 296
513 291
514 287
514 284
514 278
513 275
514 271
513 268
583 253
628 251
647 247
660 244
668 240
822 240
893 237
854 232
841 227
775 223
779 221
844 218
758 212
781 210
812 206
796 203
778 200
739 198
726 195
731 193
737 190
745 185
746 184
747 182
739 178
763 175
756 172
751 170
749 166
744 164
729 161
717 159
722 156
722 154
703 151
682 150
689 148
619 147
677 146
630 144
662 142
619 141
682 140
641 138
678 137
605 136
634 133
617 132
626 131
633 130
646 130
638 128
652 127
613 126
603 125
607 124
606 127
637 119
622 119
605 116
618 119
624 117
609 116
611 116
596 116
571 118
580 118
597 116
581 115
576 116
583 115
580 114
566 115
565 114
568 114
577 115
583 113
566 114
546 115
535 115
545 118
547 115
543 116
525 117
518 119
515 121
515 124
514 126
514 129
514 131
514 134
514 136
510 142
511 139
515 138
513 138
514 140
514 141
513 142
514 145
514 147
514 149
513 151
514 153
514 157
514 158
513 161
513 163
514 165
514 168
514 171
513 173
514 176
514 178
514 192
512 195
513 198
513 204
514 206
514 210
514 213
514 218
515 224
514 227
514 232
513 244
511 228
512 246
514 249
515 255
513 257
513 262
514 267
514 271
513 275
513 280
514 283
515 287
514 293
514 298
513 303
514 306
513 310
514 314
515 318
513 323
513 330
513 335
514 341
513 344
514 348
514 350
514 356
514 363
513 368
515 369
514 373
513 379
513 385
513 390
514 391
513 400
515 402
512 410
516 417
514 418
514 426
514 433
513 438
513 443
514 465
514 467
510 468
513 472
513 474
513 480
512 486
512 488
516 492
513 497
513 503
512 508
514 513
514 520
513 527
512 533
513 536
513 543
514 549
511 555
514 557
513 562
516 565
513 570
512 575
519 581
515 582
512 586
510 591
515 596
513 600
513 606
513 611
512 618
513 623
512 628
512 635
513 641
513 645
516 650
514 654
513 660
512 665
513 670
514 675
512 680
513 685
514 689
514 692
513 696
512 700
513 706
512 709
513 712
512 717
513 721
513 726
514 384
513 388
512 391
512 395
514 404
516 396
512 410
514 413
515 422
513 426
513 432
512 440
517 444
514 449
513 455
513 458
514 462
517 468
513 471
514 474
513 476
513 481
512 485
512 489
514 493
514 498
512 504
513 512
513 514
513 521
512 528
513 532
512 538
511 544
512 549
513 554
514 557
514 563
513 567
512 571
514 575
513 579
514 583
512 587
516 584
512 598
518 599
512 608
513 613
514 617
514 623
512 630
511 635
512 645
514 646
513 651
514 657
511 751
513 755
514 757
512 760
514 763
515 767
513 772
513 776
512 780
508 783
389 785
393 788
384 792
367 795
229 795
189 798
192 803
208 806
228 810
231 814
217 818
216 820
237 826
230 829
218 832
261 836
290 838
281 841
292 843
305 846
283 849
283 851
273 854
258 857
309 860
307 862
285 866
282 868
278 871
301 874
307 877
301 880
277 882
335 885
358 886
356 888
353 890
356 890
357 893
382 893
341 895
377 897
369 897
374 899
315 900
387 901
413 903
371 909
370 909
378 910
380 910
425 912
376 913
367 913
376 914
427 915
398 916
396 917
411 917
439 919
442 918
419 919
416 920
413 920
430 921
476 921
455 921
425 921
446 921
452 921
436 922
445 922
452 922
457 921
460 922
463 921
451 922
458 921
470 922
465 921
470 921
481 921
499 916
506 919
509 917
513 914
512 911
511 909
513 907
513 904
513 903
513 902
513 900
513 898
513 897
516 897
507 895
512 894
513 893
513 892
514 889
513 887
512 885
513 884
511 871
513 871
514 868
513 867
514 863
514 859
514 856
513 854
513 851
512 848
512 846
515 843
513 838
513 835
514 831
513 828
512 822
514 819
512 814
513 809
511 806
513 802
513 798
514 793
514 787
513 784
512 780
513 775
513 770
513 766
516 761
513 757
514 752
513 748
514 742
513 739
514 734
513 731
513 727
513 722
514 716
513 711
513 705
516 703
512 699
513 696
513 689
513 683
513 677
514 675
513 672
513 668
512 660
516 656
512 654
513 651
513 645
515 618
516 614
514 608
513 605
512 599
514 591
515 587
512 582
513 579
513 572
518 569
514 567
513 562
514 560
512 555
513 551
513 546
515 543
515 538
515 534
512 526
514 522
512 515
514 510
514 503
514 498
514 493
514 486
514 481
514 476
517 473
514 469
514 464
513 461
513 458
513 453
515 448
515 443
514 439
515 432
514 427
513 423
513 417
514 411
515 407
513 400
513 396
514 390
514 385
515 379
512 377
513 371
513 365
513 361
514 356
514 351
514 346
513 329
513 327
513 322
519 316
515 313
514 313
513 305
517 296
513 297
513 293
513 289
513 286
513 282
513 278
512 274
514 270
514 265
513 262
515 257
521 255
655 252
649 249
666 245
668 241
663 238
906 239
877 235
824 230
827 227
825 223
837 218
805 214
800 212
786 208
760 205
750 202
770 201
752 196
720 195
742 191
745 189
749 187
730 182
715 180
749 175
747 174
740 171
721 168
743 167
722 164
729 160
755 158
745 160
708 156
709 152
679 151
698 148
660 141
638 141
638 139
666 138
661 137
684 136
682 135
670 132
690 132
658 131
599 130
643 128
645 127
655 127
637 125
654 124
677 122
618 123
616 122
633 121
647 120
626 123
604 118
620 117
600 118
622 117
575 117
569 116
615 117
596 117
562 115
579 115
586 114
567 114
595 115
590 113
579 115
561 115
560 114
557 115
546 115
559 115
574 116
569 116
558 116
535 115
520 118
516 120
513 122
514 126
518 129
514 130
514 132
515 132
512 135
514 140
529 135
514 143
514 144
514 145
515 147
514 150
513 151
513 155
514 158
514 158
514 160
517 164
514 166
513 167
514 171
514 174
514 178
513 181
513 183
513 186
514 189
515 193
514 195
514 198
514 202
514 207
513 210
513 215
513 219
513 223
513 228
515 232
514 237
511 244
511 245
524 252
513 257
513 259
514 265
514 267
514 272
514 276
513 280
514 285
514 289
514 294
513 298
514 302
513 308
514 312
514 316
513 320
514 324
514 331
514 335
513 341
514 346
514 364
514 367
514 371
514 375
514 379
513 384
514 386
513 392
512 397
512 395
510 409
515 411
518 421
514 428
511 434
513 440
513 444
513 450
512 454
514 459
512 463
512 467
513 470
510 472
514 477
513 481
514 484
514 489
513 494
513 500
511 504
515 509
514 515
513 522
513 526
514 532
510 539
512 545
514 549
513 553
513 558
513 563
510 567
514 570
514 576
513 579
514 581
515 588
515 596
512 607
513 605
513 608
513 614
512 618
513 624
513 630
514 635
513 663
513 662
513 667
514 670
514 676
514 681
513 685
512 689
513 694
513 699
513 702
517 710
514 709
513 714
514 719
513 723
513 728
513 732
516 735
513 741
513 745
513 749
514 752
513 756
513 759
515 767
516 768
513 773
513 777
513 780
490 782
396 785
391 789
384 792
394 795
212 795
193 799
205 803
227 807
225 812
226 816
251 818
251 822
219 827
255 830
252 832
286 836
295 838
304 841
321 844
278 847
280 848
292 848
296 855
303 857
267 861
279 863
279 874
327 879
308 880
346 883
313 885
293 887
332 888
332 890
382 891
322 893
340 894
384 895
404 897
345 900
322 900
388 901
424 902
356 903
358 905
373 906
415 906
367 908
402 909
436 909
454 911
400 912
391 907
396 914
441 915
373 915
407 916
411 915
436 918
386 918
417 919
400 919
396 920
450 921
405 920
447 920
481 922
462 921
436 922
443 921
438 922
450 922
473 923
465 922
469 922
470 922
452 923
449 923
451 922
463 922
480 922
489 921
498 921
503 911
512 909
513 906
513 908
513 904
513 897
513 901
513 900
513 899
512 898
513 897
513 895
513 893
513 891
513 890
512 886
513 885
513 883
513 881
513 878
513 875
513 873
513 871
514 868
514 867
514 863
514 859
515 857
512 854
514 849
513 848
513 845
513 841
514 838
515 834
513 830
512 824
515 821
513 818
512 813
512 810
515 804
514 801
513 796
514 790
515 787
513 781
514 777
513 773
516 769
513 763
513 759
514 755
513 752
513 749
513 745
513 740
513 720
513 716
513 709
514 708
514 703
514 697
513 692
513 686
513 683
514 679
511 675
512 669
514 665
513 661
514 657
514 651
515 646
513 643
512 639
514 633
514 626
514 621
513 616
513 608
515 601
514 597
513 592
513 586
513 580
514 575
513 574
512 570
513 565
514 562
514 558
514 555
513 551
512 547
513 543
514 537
516 531
516 526
514 520
512 513
514 508
513 499
514 497
514 491
516 488
513 484
514 476
514 473
515 469
514 467
514 461
513 456
517 453
513 430
513 426
514 421
515 416
514 410
513 406
515 401
513 395
513 390
513 384
513 380
515 374
514 369
514 365
513 361
513 357
515 351
513 346
513 341
512 338
515 335
514 330
514 326
512 322
513 318
513 314
513 308
514 307
514 301
514 296
513 292
513 288
513 284
514 282
513 277
514 273
514 269
514 264
514 260
512 256
529 255
627 252
648 247
651 245
644 241
645 240
867 239
841 233
836 230
832 225
782 224
807 219
830 215
770 212
760 207
787 205
748 201
739 190
731 189
761 186
728 182
769 176
771 177
767 174
744 172
743 168
761 165
773 163
776 160
710 158
679 155
729 153
659 151
657 150
633 148
689 146
696 145
621 144
612 142
618 140
670 138
623 138
617 137
668 135
694 134
654 133
614 131
619 130
676 129
608 128
627 126
653 126
645 125
620 124
602 123
603 122
615 122
645 121
612 114
606 116
591 119
619 118
614 117
612 118
602 117
590 116
591 117
574 115
586 115
574 115
563 115
594 114
601 115
556 114
555 115
551 115
579 116
582 116
553 116
523 117
518 118
515 119
518 121
514 124
515 126
514 129
514 132
514 134
514 134
514 136
514 140
517 141
515 140
511 141
514 143
514 143
514 144
514 148
514 149
514 150
514 151
514 155
514 158
514 161
514 162
514 165
513 168
514 169
514 172
514 175
515 178
514 180
514 183
513 187
514 191
513 193
514 197
514 199
514 203
515 207
514 212
514 215
513 219
514 225
514 230
514 234
514 237
512 243
514 249
514 252
504 256
514 274
513 277
514 281
514 285
513 291
514 293
514 300
513 305
513 308
514 312
513 316
515 320
513 325
514 331
514 334
514 340
513 345
515 349
513 355
516 359
513 362
514 366
514 372
511 376
513 380
514 384
514 388
513 395
512 401
515 404
514 406
513 414
511 423
512 429
517 433
513 438
514 444
513 452
511 454
514 458
513 464
513 467
513 470
514 474
514 478
512 482
513 485
514 488
515 493
513 499
513 505
513 509
513 515
512 523
513 529
513 534
513 561
512 561
512 565
511 568
514 572
515 576
514 580
513 584
512 587
513 593
516 597
524 605
516 608
514 616
513 622
513 626
512 632
513 638
514 642
514 647
513 654
513 659
512 663
513 668
514 673
512 676
514 681
514 686
514 690
514 696
513 700
513 704
514 707
513 711
513 715
515 719
514 723
514 727
514 732
514 737
513 741
513 745
514 749
514 753
513 756
514 761
513 757
513 770
513 772
515 775
512 779
480 782
410 785
351 789
345 794
261 793
187 797
205 815
246 817
252 819
218 822
226 825
227 830
259 833
282 836
281 839
278 841
278 846
283 847
257 850
301 852
273 855
256 858
306 861
272 863
277 866
255 870
280 873
267 876
297 878
301 880
315 882
320 885
333 887
330 888
348 890
366 892
374 893
360 894
367 896
369 897
368 897
408 900
353 901
372 903
347 904
357 905
379 906
367 908
366 909
408 910
416 912
383 911
390 912
388 913
419 914
378 916
409 917
422 917
422 917
397 918
414 919
399 919
418 920
443 922
450 922
474 922
438 922
423 922
448 923
482 923
474 923
448 922
446 922
458 924
461 922
463 923
476 922
483 923
478 921
478 921
487 920
503 919
515 917
511 913
513 911
513 909
513 906
513 904
512 902
513 902
515 899
513 899
513 898
514 898
513 896
513 895
513 893
514 891
513 889
514 887
513 885
513 883
513 881
513 877
514 871
515 873
513 871
510 868
513 864
513 863
513 860
512 859
514 854
514 852
513 846
514 843
514 841
513 837
514 836
513 829
514 811
513 807
513 803
513 798
516 793
512 792
514 787
513 782
513 777
514 773
513 768
513 763
513 758
513 754
513 750
514 745
513 742
513 739
513 735
517 730
513 724
513 719
513 714
513 709
513 705
513 701
513 696
513 690
514 685
513 682
513 679
513 673
513 669
514 664
512 661
515 657
513 653
513 647
517 642
512 639
513 633
513 625
517 618
513 613
514 611
513 603
514 597
513 591
513 586
514 581
514 577
513 573
513 571
512 566
515 562
514 559
515 555
515 536
514 532
510 527
514 521
513 515
514 509
513 503
515 497
515 492
514 487
514 483
513 478
515 474
513 470
515 466
515 462
514 456
515 452
512 450
512 444
513 438
514 434
514 429
511 423
514 417
514 412
515 406
513 400
515 394
513 389
513 386
513 380
514 375
514 369
514 365
515 359
514 354
515 351
514 344
513 342
514 338
513 333
515 330
514 326
514 322
514 317
511 314
513 309
514 305
513 301
513 297
513 293
513 288
514 283
514 281
514 276
514 272
517 255
521 253
647 252
663 248
675 244
664 240
790 238
896 237
855 233
831 228
817 224
808 221
799 217
805 212
807 210
776 207
753 204
748 201
734 198
752 195
759 192
709 190
707 188
778 184
781 181
727 181
743 175
700 172
763 170
778 166
750 164
708 161
743 159
759 156
682 155
683 151
654 150
725 149
700 147
649 146
676 143
672 141
663 140
614 139
581 138
654 137
659 136
626 135
646 132
662 132
649 130
581 130
597 129
631 128
651 126
605 126
620 125
603 121
631 120
602 121
577 116
621 117
621 118
618 117
606 116
588 116
596 115
588 116
565 115
573 116
598 116
580 114
597 114
624 114
583 116
523 113
529 115
553 116
573 115
582 115
566 116
569 115
547 116
525 117
519 118
513 119
513 122
514 123
515 127
514 130
514 131
514 134
514 133
514 136
514 137
513 145
514 139
513 139
514 140
512 143
516 144
514 147
515 149
514 150
514 154
514 156
514 158
514 161
514 162
514 161
514 167
514 170
514 173
