514 615
514 619
514 622
513 628
514 633
513 635
513 644
513 649
513 655
513 659
514 664
514 669
513 673
514 677
513 682
513 687
513 692
514 696
513 701
513 704
515 705
517 711
514 716
514 720
514 725
515 728
513 734
514 738
513 741
513 746
513 750
513 753
513 757
514 761
514 765
513 769
514 773
512 777
510 781
443 782
213 782
111 785
91 789
85 793
0 794
0 800
0 803
0 805
0 810
0 813
0 817
0 822
0 824
0 828
0 832
14 834
71 839
65 843
67 839
40 845
51 477
513 474
513 471
513 467
513 462
513 459
513 455
513 451
513 446
513 442
513 436
514 432
513 426
514 420
513 414
513 408
513 403
516 397
512 393
513 387
513 383
513 378
513 373
512 367
513 363
514 358
512 352
513 350
513 345
513 341
513 337
515 333
513 329
513 324
513 321
512 317
514 312
513 308
513 305
514 300
513 295
513 290
513 286
512 283
513 279
513 271
513 271
515 267
514 261
516 259
520 257
586 255
693 254
771 253
1019 250
1023 245
998 242
0 828
0 829
0 831
1 834
38 839
73 839
17 843
51 842
60 848
29 851
38 853
0 857
64 859
16 864
33 866
11 869
8 870
74 874
47 877
80 880
63 881
125 884
167 886
123 887
114 890
210 891
254 892
273 892
216 896
202 896
265 899
266 900
208 901
201 902
266 904
247 905
208 907
258 907
307 908
291 910
242 911
252 910
328 912
299 915
303 916
284 915
306 915
290 915
288 918
329 918
330 919
335 919
333 920
293 920
349 922
311 922
354 921
400 921
356 922
350 923
512 901
517 900
513 898
513 898
514 897
513 896
514 895
512 893
513 891
514 889
513 887
513 884
513 884
514 879
513 877
513 875
513 872
513 869
514 866
513 864
513 862
512 858
514 856
512 852
514 851
515 846
513 844
513 840
513 837
513 833
512 829
513 824
513 821
513 815
513 812
516 808
512 802
513 798
513 793
513 788
512 783
513 780
514 776
513 772
513 768
512 764
513 759
513 754
513 748
513 745
513 739
513 734
514 730
513 727
512 724
513 720
512 716
513 695
512 691
513 688
513 681
513 675
513 670
513 669
513 667
512 657
514 653
514 650
512 647
514 642
513 635
514 625
513 623
513 619
513 611
513 604
513 600
513 594
513 587
513 584
513 580
513 575
514 570
514 568
512 565
513 561
513 556
514 553
513 549
513 545
513 540
512 533
512 529
512 522
513 519
513 512
513 505
513 500
513 496
513 491
514 484
513 478
513 476
513 472
513 467
513 462
513 460
513 457
509 452
514 446
513 442
513 436
513 431
513 426
513 401
513 397
513 391
513 387
513 382
513 377
515 372
514 367
513 364
514 360
513 355
512 349
513 343
513 341
514 336
514 331
513 328
513 326
513 321
513 316
513 312
513 307
513 306
513 299
513 295
513 291
512 287
513 283
513 280
513 275
513 271
513 267
513 263
515 260
520 255
603 254
712 253
891 251
979 248
969 245
989 241
1023 239
1023 237
1023 233
1023 228
1023 224
1023 220
1023 216
1023 213
1023 210
1023 206
1009 205
1023 200
998 197
951 196
982 181
985 179
975 178
1000 175
1001 170
966 169
1007 165
957 163
1006 160
1000 158
960 155
887 153
903 151
867 149
894 149
893 146
805 145
808 143
827 142
829 140
827 139
793 137
874 134
812 135
807 133
746 132
825 131
795 130
787 129
737 128
783 127
785 126
751 125
723 123
777 122
719 122
778 122
725 119
784 119
744 117
713 116
664 118
694 117
708 116
724 117
692 115
639 115
669 114
639 115
620 117
651 114
673 114
660 114
619 113
605 114
620 116
639 116
578 115
584 115
586 116
549 117
525 118
516 120
513 122
515 126
515 128
514 132
514 132
514 135
515 133
515 136
514 137
514 137
515 140
514 141
515 142
514 143
514 146
514 147
513 151
515 153
514 155
513 158
513 159
513 162
514 166
512 169
514 170
512 172
514 175
514 179
514 181
514 184
513 189
513 191
514 194
514 199
514 202
513 205
515 208
514 212
513 217
515 221
514 226
513 231
514 236
513 242
513 245
513 251
514 254
513 258
511 262
514 266
513 286
514 289
515 292
513 297
514 302
513 305
514 309
514 314
513 319
514 324
514 329
514 335
514 339
513 342
513 347
513 352
516 357
513 365
514 365
514 369
513 373
514 377
514 382
514 389
513 393
513 396
514 402
513 408
513 415
513 421
513 424
513 428
514 437
514 445
513 449
513 452
513 458
514 463
515 467
514 469
514 471
514 477
514 481
514 483
512 490
515 493
514 498
514 503
515 509
514 514
513 520
514 527
514 533
514 538
514 547
509 546
519 553
513 574
514 576
514 579
513 582
513 586
514 592
513 598
514 601
513 608
513 613
514 618
513 623
513 629
514 635
514 640
515 644
513 650
514 656
515 661
513 665
514 670
513 675
514 679
514 684
514 689
515 692
514 697
514 701
514 705
513 709
512 721
515 715
513 721
513 724
514 729
514 734
514 738
513 742
513 746
514 750
513 754
514 759
514 762
513 766
513 770
514 773
512 776
510 781
428 782
217 782
146 785
78 789
33 793
21 795
0 799
0 803
0 806
0 809
0 812
224 903
206 904
250 906
254 908
236 907
243 908
277 910
250 911
269 914
275 914
323 917
281 917
264 916
274 916
330 917
308 917
293 919
283 919
309 919
346 921
348 921
323 921
301 922
347 922
384 922
370 922
417 922
396 922
371 923
388 923
397 924
384 923
371 920
403 923
426 924
407 923
393 923
405 922
441 922
475 921
488 920
502 919
508 917
511 913
511 912
512 909
514 907
511 909
511 903
511 906
517 902
513 900
512 898
509 898
513 896
513 895
513 885
513 884
513 882
513 880
513 877
515 876
513 872
513 871
512 867
513 863
513 862
513 858
514 856
513 854
513 849
513 848
514 843
513 840
513 836
513 832
513 827
513 824
514 819
514 815
512 810
513 807
505 799
509 795
514 791
512 788
513 785
513 780
512 776
513 771
513 766
513 763
513 759
514 754
513 750
513 747
513 741
513 737
513 732
513 729
513 724
513 719
513 712
513 707
513 702
513 698
513 696
513 689
513 686
513 680
513 677
513 673
513 669
513 647
513 643
513 638
513 634
514 630
513 622
512 615
513 611
513 607
513 601
513 593
513 586
514 583
512 580
513 574
514 571
513 566
513 564
513 560
513 556
513 552
512 547
513 542
513 538
513 534
514 528
513 522
513 516
513 510
514 504
513 498
513 493
513 487
513 483
513 480
513 475
512 471
513 465
513 461
513 459
513 455
513 449
513 445
513 441
513 435
514 430
513 425
512 419
513 412
514 408
513 401
513 396
515 391
514 386
514 381
513 377
514 371
513 350
512 346
513 344
512 341
513 336
513 332
513 328
513 324
513 319
514 315
513 311
513 307
512 304
514 299
513 292
513 290
513 286
510 282
513 279
513 274
513 270
514 266
515 262
515 259
522 256
583 254
633 253
768 251
1004 248
1023 244
1023 241
1023 239
1023 234
1023 233
1023 227
1023 224
1023 219
1023 215
1023 215
1023 208
1017 205
1005 204
987 200
959 197
990 196
1000 192
976 188
982 187
963 183
1019 180
1018 177
983 175
976 175
1000 168
1019 165
924 156
917 154
920 152
797 150
816 148
794 146
809 146
776 144
845 143
821 140
768 139
754 137
789 136
805 135
757 134
751 132
796 131
769 131
740 130
723 127
765 127
760 126
731 125
755 123
733 122
760 122
719 121
712 122
729 120
705 119
744 118
708 118
744 118
730 117
661 116
642 115
659 114
671 115
662 115
649 115
654 116
616 114
631 114
653 113
656 114
635 115
608 114
600 115
611 114
611 114
604 114
594 115
581 116
552 113
524 120
514 120
515 121
514 133
515 134
514 136
514 135
514 138
514 138
514 140
514 140
514 142
513 143
515 145
515 148
514 149
514 153
514 156
514 157
513 159
515 162
514 165
514 166
514 169
514 172
513 175
514 177
513 180
514 184
514 187
515 191
514 192
513 198
513 201
513 205
514 209
513 213
513 218
514 223
514 228
513 232
514 236
514 239
514 246
513 250
514 254
514 258
515 263
514 267
514 271
512 276
515 280
514 283
514 288
513 290
513 295
515 300
514 305
514 309
514 314
514 336
513 339
514 344
513 350
513 354
513 356
506 359
515 365
514 370
514 374
514 378
514 383
513 389
513 392
514 397
513 403
513 410
514 415
514 419
514 427
514 433
514 438
514 444
514 449
513 456
513 460
514 462
514 465
514 471
514 475
514 477
513 480
514 485
513 489
515 493
513 499
513 506
513 510
514 515
514 522
514 529
514 534
514 538
515 546
514 555
511 548
514 558
514 563
514 569
513 571
513 574
514 579
514 585
515 589
513 594
513 598
514 603
513 627
514 631
514 636
514 641
514 647
514 653
513 656
513 661
515 665
513 671
514 676
513 681
514 685
513 689
514 694
511 696
513 701
513 704
514 708
514 709
494 718
512 721
514 726
514 731
514 735
513 739
514 742
513 746
514 750
513 754
514 759
514 763
514 768
513 770
513 775
513 777
509 780
404 783
222 783
127 786
81 789
39 793
29 795
0 797
0 802
0 806
0 810
0 813
0 814
0 820
0 825
0 828
0 832
0 831
39 836
42 842
20 843
46 854
49 854
77 851
44 864
63 867
22 868
28 871
37 874
92 876
91 880
50 882
140 883
119 885
162 890
118 890
157 891
227 893
210 894
207 895
212 896
213 897
181 899
204 901
173 902
250 903
197 905
195 904
231 907
268 908
265 910
243 908
271 910
272 912
273 920
243 917
304 915
268 915
298 916
283 917
291 918
339 918
330 921
322 920
316 920
324 921
343 921
370 923
388 921
383 921
361 922
362 922
383 923
395 923
416 923
413 922
383 922
371 923
415 923
443 923
429 922
413 922
511 917
511 915
511 913
510 911
513 908
517 907
516 905
514 905
511 906
512 900
511 898
513 899
512 896
512 896
513 894
513 891
513 891
513 889
512 886
513 884
514 881
513 878
513 877
513 874
513 872
513 871
513 867
513 865
513 862
513 858
512 855
513 853
513 849
513 846
512 843
513 840
513 836
513 832
513 828
512 823
513 820
513 815
514 810
514 805
516 800
510 799
513 793
513 789
513 784
513 780
513 774
513 771
513 766
513 762
513 758
515 753
513 748
513 731
513 730
513 723
513 719
513 715
513 709
513 703
513 697
513 693
513 690
513 687
513 682
513 676
513 670
513 668
513 666
513 659
513 653
513 649
513 645
513 642
513 634
513 626
514 622
512 619
513 611
514 604
513 598
513 594
513 590
513 584
513 578
514 573
513 571
513 567
513 563
513 560
513 556
513 552
513 549
513 545
513 539
513 533
513 528
514 522
512 516
513 510
513 504
513 499
513 494
512 489
513 483
513 477
513 474
513 470
513 464
513 461
513 443
513 440
513 435
513 430
513 423
513 418
513 413
514 407
513 402
514 397
513 391
513 386
514 380
513 376
513 371
513 366
513 362
513 357
512 352
513 348
513 344
514 339
513 335
514 330
513 328
513 324
513 319
513 315
514 310
513 306
513 301
513 298
513 293
514 290
513 286
513 281
513 280
513 274
513 271
513 267
515 262
518 259
522 254
615 254
704 253
900 252
1023 248
993 244
960 240
1023 240
1023 235
1023 232
1023 227
1023 223
1023 221
1023 214
1020 202
988 200
964 198
1001 196
1006 191
969 189
972 184
983 183
985 180
1009 177
993 175
1007 171
960 169
1006 166
1002 163
950 161
982 158
953 155
914 152
851 152
869 148
847 148
885 147
812 145
813 143
764 141
812 141
741 141
802 138
815 137
824 136
802 135
772 134
771 130
814 130
724 129
761 128
769 127
747 126
716 126
734 125
767 124
744 123
716 121
699 122
767 120
722 119
742 119
696 118
659 118
734 117
725 116
697 116
661 115
633 113
634 113
640 116
648 115
627 116
632 114
608 115
604 114
622 115
628 115
598 115
567 116
552 117
547 118
522 119
516 121
515 124
514 126
515 129
514 131
514 133
513 133
514 135
513 136
514 137
514 139
514 140
513 142
515 144
513 147
513 147
514 149
514 151
513 153
514 155
514 158
514 160
514 163
514 165
513 168
514 170
513 174
514 176
514 178
514 181
514 184
513 188
515 192
514 194
514 197
514 201
514 204
514 210
513 213
514 218
517 224
514 229
514 233
514 237
513 253
513 257
514 262
513 267
513 272
514 275
513 279
514 284
514 289
516 293
513 299
513 302
513 305
514 311
514 314
514 320
513 324
514 329
513 334
514 340
513 343
514 347
514 352
515 357
516 359
514 365
513 369
513 373
514 376
514 383
509 388
514 391
514 396
513 402
513 409
514 415
513 420
514 424
514 432
514 438
514 443
514 449
514 454
514 458
513 462
513 465
513 469
513 473
514 476
513 479
513 484
514 488
514 493
513 498
514 502
514 509
512 536
514 540
517 544
514 546
505 558
518 556
513 563
514 568
513 572
514 576
514 580
513 583
514 588
514 592
514 597
513 602
514 608
513 614
514 618
513 624
514 630
513 635
513 642
514 647
514 652
513 657
514 663
514 667
513 672
514 675
513 681
513 685
514 690
514 696
513 698
513 701
514 706
513 710
513 713
511 721
517 723
512 726
514 731
513 735
514 739
514 744
514 747
514 751
513 756
514 760
514 763
513 768
514 773
512 776
509 779
461 781
293 781
124 796
0 797
0 799
0 803
0 807
0 811
0 814
0 819
0 822
0 825
0 829
0 832
1 835
52 838
23 840
19 850
63 843
65 851
52 852
64 855
39 858
5 861
95 864
56 867
8 869
2 872
48 875
85 877
91 880
70 882
97 885
121 886
164 889
175 890
179 891
201 890
212 895
236 896
244 895
281 899
239 900
271 901
197 901
264 904
225 905
263 906
257 907
316 908
266 908
297 910
278 911
288 912
310 911
296 915
289 915
308 916
278 916
356 917
302 918
301 918
282 920
315 919
348 921
362 922
389 922
388 921
373 922
385 924
379 922
370 921
391 922
428 922
426 922
410 922
413 922
418 922
421 921
432 921
463 922
500 919
514 917
512 914
511 911
511 910
512 907
512 906
504 900
510 901
512 897
516 907
511 896
509 897
513 896
513 897
513 893
513 892
513 890
513 887
513 884
513 882
512 880
513 878
513 876
512 873
513 871
514 869
513 865
513 863
513 860
513 857
514 854
513 849
513 848
513 846
514 842
513 838
513 834
513 831
513 825
513 806
512 803
512 800
519 796
515 790
513 786
513 782
513 777
514 774
513 771
513 767
513 763
512 759
512 754
513 750
514 744
514 739
513 735
513 729
513 727
513 723
513 718
513 714
513 708
513 702
513 697
513 694
513 690
513 685
513 681
513 675
513 672
513 668
513 665
513 659
514 654
514 649
513 647
513 640
513 634
514 629
513 623
512 616
513 610
512 606
513 601
514 592
513 587
513 584
512 579
514 574
513 568
513 568
513 567
514 559
514 557
513 553
513 532
513 528
513 521
513 515
514 510
513 504
513 497
513 494
513 489
513 483
513 479
513 475
513 472
513 467
513 462
513 459
513 454
515 448
513 444
513 438
513 435
510 429
513 425
513 419
513 414
513 409
514 403
513 396
513 392
514 386
513 380
514 376
514 372
513 367
513 362
514 357
513 353
512 347
514 342
513 339
513 335
513 332
514 328
513 324
513 319
513 315
513 311
513 306
513 302
513 298
513 294
513 290
514 286
513 283
514 279
513 275
514 271
592 254
630 252
747 252
934 253
990 249
999 244
998 241
1023 240
1023 236
1023 232
1023 228
1023 225
1023 221
1023 217
1023 213
1023 210
1023 206
1022 203
1000 198
964 196
1007 194
975 190
992 189
1011 187
952 184
984 180
984 178
986 175
982 173
993 168
1023 165
972 163
959 161
898 158
914 156
931 154
894 150
868 149
812 148
866 147
848 146
760 144
782 143
848 139
835 140
814 138
785 137
821 134
806 134
786 132
777 131
820 131
758 130
760 128
765 127
809 123
727 123
746 122
743 121
704 121
725 119
753 118
699 118
710 116
700 117
684 117
679 116
653 116
641 116
666 115
680 114
656 115
659 115
641 115
625 115
642 114
636 114
628 113
615 115
605 116
597 114
593 115
589 116
567 116
543 115
525 119
515 121
515 124
515 127
517 129
514 131
514 133
514 134
514 135
515 137
514 138
514 140
514 141
514 141
515 143
515 144
514 146
515 148
513 150
514 154
514 155
514 158
514 160
514 162
514 163
513 166
514 170
514 182
513 186
514 187
514 194
514 197
514 199
514 202
514 206
513 210
515 214
513 218
514 224
514 228
514 232
514 237
513 242
513 245
514 249
514 255
514 257
514 262
514 267
514 271
514 275
514 278
514 283
514 286
513 292
514 296
512 299
514 305
513 310
510 316
513 320
513 325
514 328
514 333
514 338
513 343
514 350
513 354
513 356
513 364
514 364
514 370
514 375
514 378
514 382
513 388
513 393
513 399
514 402
514 408
513 414
514 420
513 426
513 433
514 454
514 458
514 461
514 464
514 470
514 474
513 475
514 479
514 485
513 489
513 492
514 497
514 504
513 509
513 513
513 519
514 526
514 532
513 538
514 544
513 548
510 552
511 573
514 561
514 567
514 570
514 573
514 580
514 583
513 587
513 591
514 597
514 602
513 607
514 613
514 618
513 624
515 628
513 635
514 640
514 646
513 650
513 656
514 661
511 666
513 671
514 675
513 679
514 684
513 690
512 693
513 698
514 702
513 705
513 709
513 713
514 696
514 737
513 740
514 745
513 748
514 752
514 755
514 759
514 763
514 767
512 771
511 776
510 779
474 782
300 782
167 784
88 788
68 792
101 796
0 796
0 800
0 804
0 809
0 812
0 817
0 820
0 823
0 826
0 830
9 834
8 835
35 839
70 842
44 841
17 847
55 852
47 854
19 856
3 859
22 861
48 865
31 867
31 871
0 873
51 877
37 878
96 881
86 883
114 885
173 888
190 890
207 891
144 893
223 895
224 896
278 897
219 897
249 898
244 900
236 902
219 903
239 904
284 906
252 911
294 911
296 912
246 912
282 915
324 908
294 913
285 917
321 916
297 918
338 921
326 919
309 919
311 920
330 920
325 921
360 922
367 922
370 922
382 923
386 922
381 922
380 923
380 923
408 923
419 922
405 922
392 922
397 922
409 922
434 922
452 922
453 921
483 920
494 919
506 917
509 915
513 911
512 909
512 907
512 905
513 905
512 897
514 902
513 897
513 897
512 895
513 897
513 895
513 893
513 891
512 889
512 887
514 884
513 883
513 880
513 878
513 869
514 865
512 863
512 860
513 858
512 855
513 852
513 848
513 844
513 842
513 837
514 834
514 830
512 826
513 822
513 818
512 814
513 810
513 807
513 801
515 800
511 795
513 786
513 782
513 778
513 774
514 771
513 765
513 761
513 757
513 753
513 748
514 744
513 739
514 735
514 731
513 726
513 721
514 719
513 713
513 707
513 702
513 697
513 693
513 688
512 684
513 680
513 676
514 672
513 667
515 662
513 657
513 653
513 650
513 645
513 638
514 615
513 608
513 603
513 599
513 593
513 586
514 582
513 578
513 575
514 570
512 566
513 563
513 561
512 557
513 552
513 548
513 543
512 539
511 532
513 527
513 521
512 516
513 510
513 504
513 498
513 492
513 488
512 483
513 479
513 474
514 472
513 466
514 462
513 458
513 455
513 449
512 445
513 440
513 432
514 431
513 425
512 419
512 413
513 407
513 402
513 395
513 390
512 386
513 381
513 376
513 371
513 367
513 362
514 356
514 352
513 349
513 344
513 325
514 322
513 319
513 315
514 311
513 305
513 302
513 298
513 295
513 290
513 286
513 281
514 278
513 275
513 270
514 265
515 260
519 258
555 256
650 253
701 250
894 252
997 248
995 244
994 240
1023 239
1023 237
1023 232
1023 227
1023 223
1023 220
1023 215
1023 212
1023 210
1003 206
1006 201
990 200
1001 196
991 193
958 192
965 188
973 187
984 183
1019 181
976 177
946 174
986 171
991 168
999 166
981 163
929 160
962 157
903 156
920 153
896 151
872 150
825 142
830 142
792 141
772 138
772 137
790 136
791 135
776 133
773 133
764 131
741 129
754 129
713 128
742 128
745 126
772 125
740 125
757 122
668 123
765 121
734 119
747 120
667 119
726 117
713 118
721 118
720 117
652 117
669 114
678 116
673 116
669 115
653 115
639 114
645 115
664 115
647 115
613 115
619 115
629 115
640 114
617 115
600 115
594 115
585 116
562 117
541 116
514 119
515 122
515 123
515 128
514 129
514 132
514 134
514 136
515 136
514 138
514 142
514 143
513 144
513 148
514 149
514 152
515 154
513 156
514 159
513 160
515 163
514 166
512 169
515 171
514 174
513 176
513 182
513 182
514 184
514 189
512 192
514 196
514 198
514 202
512 206
514 210
514 214
513 219
514 223
514 228
514 232
514 237
513 242
513 247
513 251
513 255
513 259
514 263
513 267
514 270
513 274
514 279
514 284
514 288
513 293
513 299
514 303
514 308
514 311
514 313
514 320
513 325
513 331
514 335
514 340
513 343
513 348
518 368
513 370
513 375
513 380
514 383
513 386
513 392
514 399
513 404
512 407
514 412
514 420
514 429
513 432
514 437
513 444
514 451
514 455
514 456
514 460
513 469
514 470
514 473
514 475
514 482
514 485
514 487
514 493
514 498
514 506
514 509
514 515
514 522
514 528
513 533
514 539
513 545
514 549
514 553
514 564
517 563
514 567
514 571
514 574
514 579
514 580
513 587
514 592
514 595
512 601
513 607
513 613
514 617
514 623
513 630
514 635
512 659
513 663
513 666
514 670
513 675
514 680
515 684
513 689
514 694
514 697
513 701
513 705
514 709
513 713
514 717
515 718
523 727
505 731
514 735
513 739
514 743
514 747
514 751
513 754
513 758
514 763
513 767
514 772
512 775
512 779
503 781
370 782
143 784
87 786
58 791
95 795
0 796
0 799
0 803
0 807
0 810
0 814
0 818
0 822
0 826
0 830
0 833
0 836
0 838
63 841
44 844
26 829
41 850
31 853
67 855
62 858
21 860
33 864
15 866
59 870
26 871
43 874
129 885
174 888
203 888
219 890
153 890
211 893
173 895
251 896
188 898
217 899
200 900
259 901
219 900
238 904
229 905
218 906
250 907
265 909
296 905
288 910
265 911
299 911
275 911
251 912
290 914
292 912
323 915
313 916
335 917
315 918
340 920
324 919
325 920
343 920
365 922
363 921
363 920
393 922
372 921
357 922
385 922
410 922
410 922
386 922
368 921
399 922
420 922
442 922
431 922
413 921
416 921
439 920
477 919
501 916
511 916
511 912
512 910
508 897
512 902
514 901
513 898
519 893
508 896
513 894
512 893
513 891
513 890
513 889
513 886
513 883
512 880
514 878
513 876
512 873
513 872
513 869
514 867
514 863
513 860
513 857
513 854
514 851
512 849
513 844
513 842
512 840
514 834
515 832
513 828
513 823
512 820
513 815
513 811
513 806
513 801
513 796
515 794
511 786
512 781
513 776
513 773
512 768
513 764
513 756
513 755
513 752
513 749
513 744
513 740
513 737
513 733
513 727
513 722
513 716
514 696
513 692
513 687
513 683
514 680
513 677
513 672
514 666
513 662
513 658
513 655
513 647
513 643
513 638
513 634
513 627
513 622
513 617
513 612
513 604
513 598
513 593
513 587
513 582
513 578
513 575
513 569
513 566
512 563
513 560
512 555
513 550
513 548
513 544
513 538
515 532
514 528
513 522
513 515
513 509
511 505
513 500
513 492
513 487
513 484
512 480
513 473
514 469
514 467
513 463
513 457
513 454
513 450
513 445
513 439
514 435
514 429
513 405
513 400
513 397
513 391
513 386
513 380
513 375
512 371
514 366
513 362
514 357
513 353
513 347
514 343
512 338
513 334
513 332
513 328
513 324
513 320
513 315
513 312
513 307
513 302
513 298
513 294
513 290
513 287
513 283
513 278
513 274
513 271
513 267
515 262
515 257
560 255
636 253
714 251
913 252
993 248
982 246
931 241
1023 239
1023 237
1023 233
1023 228
1023 224
1023 221
1023 217
1023 212
1023 209
1023 205
972 203
989 199
966 195
978 183
995 182
992 180
988 177
973 173
991 171
959 168
989 166
990 164
953 160
993 158
920 155
887 153
913 149
891 150
826 148
836 148
859 144
859 143
831 142
751 135
765 139
789 138
787 136
771 135
783 134
804 132
764 131
764 129
757 129
813 128
740 127
742 126
755 124
784 124
776 123
717 122
736 121
744 120
725 120
730 117
716 118
742 118
680 117
704 117
696 116
642 116
664 115
669 115
640 115
654 116
644 115
632 115
640 114
661 114
644 115
604 114
602 115
611 115
606 116
560 115
548 117
531 119
521 120
516 121
514 127
515 128
513 130
515 132
515 134
514 135
514 136
514 138
514 140
514 141
514 142
514 144
513 146
514 146
514 149
514 151
513 153
514 157
513 160
515 160
514 163
514 166
514 169
513 171
514 174
514 177
514 180
514 183
514 187
514 189
515 193
514 195
519 198
514 202
514 206
514 210
515 214
513 219
514 221
516 227
514 232
513 239
514 243
513 247
514 251
513 255
515 259
514 265
513 267
514 288
513 291
512 295
515 299
514 304
514 307
514 311
514 315
513 321
513 326
513 331
513 335
513 339
514 343
513 348
515 353
514 358
513 362
515 365
512 367
513 376
514 381
514 384
514 386
514 392
513 401
513 405
513 409
512 413
513 421
515 427
514 432
514 437
514 444
514 450
513 453
514 458
514 462
513 467
514 469
514 472
513 477
512 480
514 484
514 489
513 494
513 498
515 503
512 509
514 516
514 521
514 526
514 532
514 539
514 544
513 549
514 553
516 574
513 576
514 579
513 582
514 587
514 592
514 596
513 602
512 607
514 613
513 618
514 625
514 629
514 635
514 640
514 645
513 651
514 656
514 661
513 666
513 670
514 675
514 679
514 683
514 688
513 692
514 697
514 702
514 705
514 709
514 713
514 717
513 724
506 718
514 725
513 735
514 738
513 743
514 747
513 751
513 754
514 758
514 761
513 765
514 772
512 774
511 779
500 780
412 784
204 783
116 787
69 790
33 795
0 796
0 801
0 802
0 807
0 811
0 814
0 831
1 831
30 834
12 838
13 840
69 844
36 843
56 849
46 856
41 856
31 857
23 861
0 863
16 867
32 870
28 873
0 876
62 878
88 880
64 883
131 885
89 887
188 889
200 889
207 892
169 893
213 895
219 896
277 897
220 899
241 900
197 903
262 902
210 906
236 905
248 906
252 908
256 908
251 910
286 911
298 912
237 913
267 913
304 909
344 918
300 918
289 915
289 918
324 918
360 918
291 919
334 920
296 920
340 921
363 920
357 922
361 922
348 922
373 922
408 922
405 924
390 922
391 922
398 923
420 923
420 922
450 921
447 921
454 921
488 919
504 918
509 916
512 913
511 910
513 908
513 906
512 904
513 901
512 890
510 900
513 901
513 891
512 896
513 896
513 894
513 891
513 890
513 888
513 885
513 884
513 880
516 878
513 876
513 874
513 870
513 868
512 866
513 864
513 861
513 859
511 857
513 852
513 849
514 845
514 842
513 840
513 836
513 831
513 828
513 823
513 819
513 814
514 809
513 804
513 800
513 795
514 776
513 771
514 767
513 764
513 760
512 756
513 753
513 749
513 746
513 744
513 737
513 731
513 726
513 720
513 715
513 713
513 708
513 703
513 697
514 691
513 687
513 683
513 680
513 677
513 671
513 665
513 662
513 657
512 654
513 649
513 643
513 638
513 633
513 627
512 621
513 616
512 609
513 603
513 598
513 592
514 588
512 581
510 577
513 574
514 569
513 565
514 562
513 559
513 556
513 552
513 547
512 542
514 538
513 533
513 527
513 521
513 514
513 491
514 486
513 484
513 479
513 474
513 469
513 466
513 461
514 457
513 452
513 449
513 444
514 439
513 434
513 429
513 424
513 419
513 413
513 407
514 401
513 396
513 391
513 386
513 381
512 376
512 372
513 367
513 361
513 356
515 352
512 348
513 343
513 340
513 335
513 332
512 328
513 324
513 319
514 316
513 312
513 307
513 303
514 298
513 294
514 290
513 286
513 283
513 278
513 274
513 271
514 266
514 263
516 257
523 254
632 254
696 252
844 253
1023 239
1023 235
1023 231
1023 228
1023 223
1023 221
1023 216
1023 213
1023 211
1023 207
1023 205
991 200
984 198
971 194
981 191
1023 189
986 186
978 185
966 181
990 178
992 175
1003 172
995 169
967 166
1010 163
955 160
928 157
968 156
902 154
913 151
877 150
861 148
849 147
811 145
818 144
813 143
817 141
830 140
827 138
802 138
826 135
771 134
803 132
797 132
788 132
793 129
758 128
769 127
730 126
764 127
745 126
785 123
744 122
768 121
727 120
750 118
698 117
692 117
690 116
684 117
659 115
648 115
662 115
667 115
671 115
658 115
620 115
626 115
626 115
629 116
645 114
635 115
609 114
607 115
610 115
602 116
560 117
535 117
520 116
517 121
515 125
514 127
515 130
514 130
514 133
514 135
514 136
514 137
514 137
514 139
514 140
514 143
511 143
514 145
513 147
513 145
515 151
514 152
515 156
515 158
514 161
514 164
514 166
512 169
515 171
514 174
515 176
514 180
514 182
514 185
514 188
514 191
514 210
514 212
515 216
513 219
514 224
513 230
513 232
514 238
514 241
513 244
514 248
514 254
513 259
514 263
513 269
514 274
513 278
513 282
513 287
513 289
515 293
513 297
513 301
513 306
514 312
514 316
514 320
514 325
514 330
514 335
514 341
515 347
513 350
516 354
514 357
513 361
514 365
515 377
506 375
514 378
514 383
514 389
515 395
513 398
514 402
514 409
514 417
513 421
514 426
514 433
514 441
514 444
513 450
514 455
514 460
513 464
514 465
514 651
513 654
514 657
514 661
