416 923
423 924
421 922
428 923
422 923
428 923
445 923
464 924
459 921
452 922
463 920
492 920
509 919
512 917
512 914
512 911
512 911
512 906
513 905
514 903
512 901
513 900
513 900
513 898
512 897
514 896
512 895
514 892
512 891
512 888
514 886
513 885
513 881
513 880
513 877
513 875
513 872
513 869
511 867
513 864
513 861
513 859
513 857
513 853
512 850
514 846
513 842
513 840
513 835
513 832
514 827
514 823
514 819
514 816
512 810
513 806
512 801
626 120
637 119
658 118
640 119
660 116
665 117
663 116
655 116
635 115
621 115
627 115
618 115
606 114
630 114
615 114
593 114
580 114
573 115
584 114
599 115
603 115
589 115
548 115
547 115
537 117
519 120
514 121
512 124
515 126
515 128
514 131
514 133
514 135
514 135
514 138
514 137
513 139
513 140
514 140
515 143
514 144
514 147
514 149
514 150
513 153
514 155
514 158
514 160
514 162
514 164
513 167
514 169
515 173
513 175
514 178
514 181
514 185
513 815
512 811
514 806
513 802
512 798
511 794
513 791
513 786
513 782
512 780
514 772
513 768
513 763
513 759
512 754
513 751
513 746
513 742
513 739
514 734
513 731
513 724
514 719
513 712
513 708
514 704
513 701
513 697
513 691
513 686
513 681
513 678
513 674
513 669
514 663
514 661
513 658
513 652
513 645
514 641
512 639
513 634
513 626
514 618
514 614
512 610
514 602
514 593
514 589
513 583
513 581
514 576
514 572
512 569
513 565
513 561
514 559
513 422
512 418
513 414
517 409
512 405
515 400
511 392
513 388
514 383
514 378
515 373
513 369
515 364
513 361
514 355
514 350
513 345
514 341
513 337
514 334
513 330
513 326
513 321
513 318
513 313
513 309
514 305
513 300
514 297
513 293
513 292
513 284
513 281
513 277
513 274
513 269
512 265
513 263
513 258
524 257
637 253
743 252
760 246
771 243
797 240
858 239
999 237
1012 232
974 228
944 224
950 222
949 217
936 213
919 209
917 204
882 202
895 189
865 187
868 186
870 183
853 180
873 178
885 174
920 171
879 167
900 167
851 163
893 159
873 157
839 154
783 152
834 150
822 148
759 147
756 145
713 142
722 141
733 140
707 139
751 138
733 136
738 136
694 134
713 133
687 132
694 130
678 130
713 127
661 128
696 127
684 126
676 126
626 125
685 123
651 122
690 122
655 120
687 119
681 121
695 119
675 118
683 116
656 117
641 117
650 114
643 115
639 116
630 115
624 114
621 115
616 114
610 114
596 114
597 114
590 114
579 114
555 115
547 116
547 116
543 119
526 118
517 121
513 124
514 126
514 129
514 131
516 132
514 135
514 135
515 136
514 137
514 139
514 140
514 143
513 144
514 145
514 146
514 148
515 150
513 153
513 155
513 157
514 160
514 163
515 166
513 168
513 170
513 171
513 175
513 178
513 181
514 185
514 188
514 190
514 194
514 196
514 200
513 204
511 208
514 212
514 217
514 222
514 227
514 231
514 235
514 238
513 241
513 247
513 251
513 257
514 277
515 280
513 284
515 288
513 291
514 296
513 301
513 304
512 310
514 314
513 318
514 322
514 326
512 330
514 337
513 342
513 346
514 350
513 355
514 361
512 366
513 369
514 372
513 377
513 381
512 387
514 391
514 394
513 400
514 407
512 413
514 416
513 422
514 428
513 437
513 441
515 445
514 451
514 457
514 461
514 464
513 465
513 472
513 476
514 479
514 483
513 487
514 492
515 499
514 504
513 507
512 510
514 518
509 523
514 531
512 537
514 542
513 565
513 568
513 571
513 575
512 579
514 580
513 586
513 590
513 595
513 599
514 605
513 611
511 617
513 622
513 628
513 633
513 639
513 643
514 649
513 654
514 659
513 665
514 669
500 678
510 674
518 688
512 685
512 690
514 695
514 700
513 703
513 707
513 711
514 715
513 719
514 723
513 727
514 732
514 736
513 739
513 743
513 748
513 752
514 756
514 760
513 764
513 768
513 771
513 775
512 778
464 779
343 784
260 786
263 791
261 792
159 794
63 796
32 816
74 818
98 824
73 823
74 827
104 826
121 834
95 837
153 839
121 843
138 846
168 848
153 851
155 854
103 857
158 859
142 863
151 866
130 870
147 872
183 875
123 877
195 880
192 882
220 886
226 886
254 889
223 890
260 891
324 894
297 896
331 896
276 898
281 899
279 899
295 899
295 902
302 903
292 905
333 905
317 907
316 912
307 906
324 909
345 911
333 912
335 912
372 914
356 914
327 915
313 915
330 916
347 918
371 918
366 919
385 919
359 920
357 921
399 922
413 923
398 923
409 923
443 923
459 923
428 923
396 923
406 921
440 922
432 924
441 923
454 922
471 922
477 921
490 917
505 916
507 918
512 914
512 913
513 909
513 907
508 905
513 903
513 901
512 900
513 899
513 898
512 897
513 896
513 895
513 895
513 890
513 888
513 886
513 884
513 882
513 879
514 878
513 874
513 873
513 871
517 867
514 864
513 862
514 860
513 857
513 853
513 850
513 849
513 844
513 840
513 837
513 833
514 829
513 825
513 821
513 651
514 647
514 645
514 642
513 634
513 630
514 626
513 620
514 614
513 607
514 601
513 595
513 591
513 585
513 579
514 575
512 573
513 569
513 564
514 561
510 558
513 553
514 548
514 544
512 542
513 535
514 528
514 524
513 519
513 513
513 505
514 500
513 496
513 489
514 484
514 480
513 476
513 472
514 467
513 463
512 459
513 453
513 449
514 445
513 442
512 436
513 432
513 427
513 421
513 415
514 409
515 403
512 399
514 392
513 389
513 383
514 361
514 358
511 354
512 350
513 345
513 342
513 338
513 334
513 330
514 326
514 321
513 317
514 313
513 309
514 305
514 301
513 297
513 292
513 289
513 284
513 280
513 277
513 273
513 268
514 265
514 259
517 256
543 257
634 253
736 251
780 249
778 245
784 242
896 240
1003 234
1017 233
989 228
968 225
960 221
939 217
951 213
918 210
903 206
923 203
883 200
827 198
842 195
865 193
847 189
846 186
853 182
889 180
892 177
896 174
870 172
862 169
864 166
845 154
808 153
786 151
734 148
779 147
739 146
754 145
707 143
709 140
765 141
699 139
705 138
701 137
729 136
685 134
696 132
685 132
689 131
687 129
676 129
690 128
683 127
630 126
679 126
686 124
666 123
649 119
670 122
693 121
684 119
649 119
641 118
645 118
670 117
660 117
651 116
665 115
619 115
599 115
631 114
649 115
586 114
622 113
634 114
607 114
583 114
580 113
592 114
598 114
584 114
565 115
545 115
538 118
538 118
521 119
513 121
515 123
514 133
514 135
515 135
515 137
514 138
515 138
513 139
513 141
513 142
514 145
513 146
513 149
514 149
514 154
512 155
513 157
514 159
513 162
514 164
515 167
514 167
514 178
510 179
514 178
514 180
514 183
515 187
514 190
513 194
514 198
514 200
514 204
514 208
513 213
514 216
514 220
514 224
514 229
514 234
513 239
514 244
514 248
514 253
512 256
514 260
514 265
514 269
511 273
514 278
513 282
513 287
513 291
514 296
514 300
512 305
513 308
514 314
516 337
513 337
514 342
514 345
517 349
514 355
514 360
511 364
513 367
514 372
513 376
513 382
510 386
514 390
513 393
513 399
513 407
513 410
514 415
514 423
512 431
513 436
514 440
514 444
513 453
512 456
518 459
512 465
514 470
515 472
515 474
514 479
513 486
513 487
513 490
515 505
517 499
509 507
514 511
514 519
511 526
513 531
514 536
513 543
512 548
514 554
514 556
515 562
513 566
513 570
514 574
514 578
514 582
513 588
512 593
513 597
514 600
514 624
514 628
515 634
512 640
513 646
513 649
513 655
514 660
514 663
514 668
513 672
514 678
508 684
514 688
515 693
514 691
514 700
508 703
514 707
513 711
513 715
513 720
514 724
514 729
512 733
513 737
513 741
513 744
513 748
514 753
514 757
513 760
514 763
513 771
513 773
514 776
511 780
446 783
348 784
266 787
246 790
258 794
179 793
69 798
57 802
65 805
69 809
86 813
106 816
89 820
81 821
122 825
107 831
107 834
129 838
133 840
163 843
175 856
145 858
152 860
139 863
157 866
147 869
180 872
217 875
153 877
171 879
205 883
218 884
225 887
262 889
221 891
284 892
277 891
303 895
252 896
302 898
306 899
314 900
285 902
293 903
284 903
293 907
312 905
329 905
337 908
330 908
320 916
324 913
374 910
319 912
344 912
355 914
367 915
335 915
342 917
331 917
361 918
385 918
394 919
385 920
383 921
359 921
366 921
379 923
399 922
411 922
409 923
408 926
412 924
414 923
400 923
430 923
451 924
449 922
474 921
473 921
483 916
509 921
508 918
512 913
513 911
512 909
512 906
512 905
513 903
513 902
513 901
513 900
513 898
513 899
513 895
513 895
513 896
513 891
513 892
513 888
513 884
512 880
512 879
513 876
513 874
513 871
513 870
514 868
513 865
513 862
513 859
512 855
513 851
513 850
509 848
512 844
513 841
513 837
513 834
514 830
512 824
514 821
514 816
513 812
513 807
513 803
513 798
512 793
513 789
513 785
513 781
513 777
513 772
513 767
510 746
513 747
513 742
511 738
513 734
514 731
514 725
511 719
513 713
513 708
514 704
513 702
513 699
513 693
515 686
513 681
514 676
513 674
513 671
513 666
512 660
514 656
514 652
513 645
514 642
513 636
513 632
509 627
513 619
513 613
513 608
513 602
513 595
513 590
513 585
514 582
514 576
511 572
513 568
513 565
514 561
513 556
514 553
512 549
513 546
513 541
513 533
511 529
513 524
513 519
510 511
514 506
513 501
515 495
512 490
515 483
513 479
513 459
514 456
514 453
513 451
513 445
513 442
513 436
513 430
514 425
514 420
513 413
514 409
513 403
512 398
512 392
512 387
514 382
514 377
512 374
512 368
512 364
513 359
513 354
509 349
513 345
513 340
514 337
514 333
514 329
513 325
513 322
513 317
513 312
514 309
513 304
514 300
514 296
514 292
513 288
513 284
513 280
514 277
513 273
512 269
513 266
513 262
514 257
573 255
651 254
753 249
763 245
794 243
781 239
932 241
1023 236
981 232
949 228
934 211
912 209
886 206
881 203
885 200
878 197
856 195
866 191
861 189
847 184
886 183
843 179
886 178
892 174
874 172
905 168
857 165
862 162
899 160
879 157
816 153
806 153
840 151
797 149
816 148
718 146
718 143
759 142
751 141
721 140
756 139
732 137
699 134
673 134
688 133
696 133
726 131
662 131
672 129
695 128
668 126
701 126
649 125
690 124
670 124
676 123
670 122
711 121
683 120
702 119
662 119
661 118
678 117
666 116
690 115
665 113
635 115
608 114
581 114
578 113
602 111
642 114
606 113
590 114
571 114
580 114
579 114
568 115
565 116
556 116
535 117
531 118
520 120
515 123
515 126
514 129
515 131
514 133
513 133
515 134
514 134
514 138
514 137
514 141
512 141
514 142
514 146
514 148
513 148
514 149
513 152
514 155
514 158
513 159
514 162
514 165
513 170
514 170
514 172
513 178
510 178
514 181
513 185
513 189
510 191
514 194
513 198
514 202
513 204
512 208
514 212
513 216
514 220
513 225
513 247
513 246
514 250
512 254
513 259
514 265
513 269
514 274
513 279
514 285
512 287
514 293
514 297
514 300
514 305
514 308
513 313
514 318
514 324
514 328
513 331
511 335
514 339
514 345
514 351
514 356
513 361
513 362
514 368
514 371
512 378
513 382
513 385
514 391
513 396
513 401
514 405
513 411
513 417
513 423
514 429
514 436
513 442
514 447
513 451
514 456
513 461
514 465
514 469
513 472
513 477
513 478
511 483
514 487
513 492
514 495
513 501
514 174
513 177
514 183
516 180
514 184
514 186
514 189
512 193
514 195
513 198
513 202
513 201
513 210
513 215
515 219
514 223
516 229
513 234
513 238
512 241
513 245
513 250
514 253
514 256
514 262
513 266
513 271
514 275
513 280
514 285
514 291
513 293
515 296
514 302
513 306
514 310
514 315
509 321
513 325
514 330
513 330
511 337
514 343
514 348
514 352
515 356
514 360
512 365
513 370
513 373
514 377
513 381
512 385
513 391
513 396
514 400
514 538
514 541
513 546
514 550
513 554
514 558
513 562
513 566
513 572
514 573
513 579
514 583
513 587
513 592
512 597
513 601
515 606
513 615
514 616
514 623
513 628
513 634
513 639
512 645
513 651
514 658
514 659
514 664
513 671
513 673
514 678
513 679
521 677
510 692
518 695
518 699
514 703
514 706
513 710
514 715
514 719
514 723
513 728
513 732
514 736
514 739
513 745
513 748
513 750
513 756
514 760
514 764
514 767
512 772
513 774
511 779
428 782
366 794
61 796
109 799
85 801
74 805
71 809
82 813
63 817
87 820
77 822
110 831
132 833
111 833
150 837
145 839
148 843
202 845
142 849
208 851
174 853
196 857
143 861
129 862
205 865
162 868
183 871
188 875
163 876
168 878
220 882
178 883
221 887
198 888
243 889
262 890
300 893
254 893
284 895
279 896
280 898
274 900
324 900
318 902
276 902
305 904
284 906
328 907
320 911
337 907
371 911
334 911
337 910
327 913
338 910
318 914
357 915
296 916
329 916
350 920
373 921
365 921
365 921
426 921
400 921
417 923
455 922
433 922
424 922
448 921
434 921
406 921
429 921
447 922
474 921
446 921
451 922
443 920
471 920
467 920
484 918
508 917
513 914
511 912
512 908
512 902
513 904
512 903
513 901
514 900
513 898
512 898
513 897
513 896
513 894
513 892
513 892
514 889
513 887
513 885
514 883
512 880
513 879
517 875
512 872
513 871
513 867
512 865
513 862
512 860
513 858
513 854
513 855
512 848
513 845
513 842
513 825
514 822
513 819
513 815
512 809
513 806
514 800
513 796
513 792
513 789
513 784
513 780
513 776
514 772
513 767
514 763
513 758
513 754
513 749
514 746
513 740
513 736
513 732
514 728
513 723
512 719
513 714
513 709
514 704
513 699
513 695
513 690
513 686
513 681
513 676
513 672
514 668
512 665
512 660
515 656
513 651
512 648
513 643
514 637
515 631
514 626
513 619
514 614
514 606
514 599
513 593
513 591
512 585
513 578
514 575
510 573
513 568
514 552
514 548
512 545
513 540
513 534
514 528
514 523
512 518
513 510
514 504
513 500
513 494
513 488
514 484
514 479
513 475
514 470
514 466
512 462
513 458
513 454
513 451
514 445
512 442
515 434
513 430
515 424
512 420
513 413
513 409
513 405
513 397
515 392
513 387
514 380
512 377
513 373
514 369
512 364
512 359
512 355
513 350
512 344
514 342
514 338
513 333
513 330
513 326
513 322
513 318
512 313
513 309
514 305
513 301
513 297
512 293
513 288
513 272
514 269
514 265
514 260
517 259
592 256
675 255
752 251
794 248
813 242
792 243
977 241
975 236
983 232
976 228
925 224
907 221
909 218
948 214
909 210
910 207
920 204
874 201
863 199
884 196
871 192
882 189
868 187
869 183
878 181
914 178
887 174
893 172
930 168
869 166
887 163
854 159
865 158
809 156
852 152
796 151
799 148
769 147
746 145
723 146
733 142
729 142
711 140
725 139
789 137
703 136
712 134
673 133
712 134
720 131
668 130
716 129
691 125
701 123
697 123
688 122
696 119
698 119
671 119
676 118
659 117
655 116
652 117
734 114
648 114
619 114
633 115
653 113
606 112
586 114
580 113
585 113
587 113
598 114
588 113
579 114
577 114
586 114
578 114
558 111
564 116
562 115
554 116
527 118
522 119
520 120
515 122
516 126
515 128
514 131
514 133
514 134
513 137
514 137
514 138
514 139
513 140
514 142
513 143
514 145
514 147
513 149
514 152
514 154
513 155
514 157
514 162
515 157
513 167
512 178
520 180
520 181
514 185
514 189
514 191
514 195
514 198
512 203
514 206
512 210
514 214
512 217
514 222
514 228
513 232
513 237
513 240
514 244
513 248
513 254
514 258
515 262
513 267
513 270
514 273
515 277
514 283
513 288
514 293
514 299
513 303
513 307
513 307
514 313
517 317
513 323
514 328
514 334
512 340
513 351
514 346
514 351
514 358
513 364
514 366
512 368
514 371
514 380
512 385
512 385
514 388
514 394
513 404
512 410
517 412
514 440
514 445
514 449
512 452
514 457
514 460
513 465
512 469
514 472
514 475
514 479
514 483
515 487
514 492
513 496
514 503
515 511
517 508
511 519
514 526
512 532
514 538
513 543
514 548
513 553
514 558
510 563
514 566
509 571
515 575
514 578
514 582
514 586
514 592
514 598
514 602
512 607
513 612
514 617
512 623
513 629
514 635
514 640
514 645
513 651
513 655
514 660
513 665
513 670
516 675
514 680
514 683
512 693
512 691
517 696
514 700
513 704
514 720
513 726
513 729
515 737
513 738
508 742
515 749
514 749
514 753
513 756
513 761
513 766
513 769
513 773
514 776
510 780
436 781
373 783
290 786
251 791
202 794
54 795
75 799
55 803
74 806
81 810
60 814
81 818
98 824
77 827
99 829
121 828
117 836
112 838
136 840
172 843
166 846
208 849
167 852
150 854
171 857
126 860
127 864
193 867
175 867
200 873
136 876
130 879
260 879
149 883
160 886
227 888
246 889
261 891
242 893
240 894
289 895
336 897
310 903
308 904
218 906
333 906
369 912
361 906
314 911
328 910
314 912
350 914
321 913
362 914
356 915
327 918
355 917
367 919
342 918
306 919
378 921
394 920
385 922
369 922
356 923
383 923
396 922
444 923
364 923
429 922
461 922
471 922
402 924
404 923
468 923
466 923
439 923
440 923
497 922
436 924
502 920
499 922
475 921
494 920
506 918
510 915
512 910
512 913
513 911
513 906
512 905
513 903
513 902
513 901
513 900
512 898
513 895
513 896
513 895
513 885
513 882
513 881
513 879
514 877
513 873
513 872
513 870
513 867
513 865
514 864
513 857
513 854
513 854
513 850
514 846
513 842
513 839
513 836
513 830
513 827
513 825
515 819
513 815
514 810
512 806
513 801
513 797
513 792
518 788
513 783
514 780
513 775
513 770
512 766
513 761
513 758
513 754
512 749
513 744
513 741
513 736
513 731
513 727
513 721
513 717
513 713
513 708
515 703
513 698
513 693
514 688
514 685
513 681
514 677
513 672
513 668
513 646
514 641
514 638
515 633
515 628
512 623
514 618
513 612
514 604
514 598
512 594
513 589
511 582
513 579
513 575
513 571
513 565
515 563
513 561
513 555
513 551
514 546
511 544
512 539
514 532
515 527
513 523
513 517
514 510
515 505
513 499
513 494
514 486
514 483
511 479
513 474
513 470
514 465
514 462
514 458
513 455
514 449
512 446
514 440
513 436
513 430
515 426
514 422
513 413
513 409
512 402
513 397
513 392
513 387
513 382
517 377
513 372
514 352
513 349
518 346
515 341
516 336
513 332
513 329
514 325
512 322
513 317
513 313
513 308
515 304
513 301
513 296
516 292
513 288
514 283
514 281
514 277
514 272
513 269
513 264
514 261
520 256
603 255
723 254
748 251
759 246
773 243
792 240
969 240
992 236
970 231
995 229
959 223
922 221
957 217
955 213
899 210
894 206
908 204
889 200
883 197
892 194
861 191
860 189
853 186
847 182
876 180
918 179
903 174
883 172
905 168
855 165
881 163
842 160
794 150
815 148
804 147
732 149
746 144
657 142
741 140
723 139
757 138
699 137
697 137
696 134
712 133
654 132
720 131
736 129
737 128
637 127
703 126
699 125
715 123
675 121
663 122
680 119
653 121
709 119
714 118
675 117
654 118
658 116
654 113
697 115
631 115
656 115
614 115
620 114
599 114
614 114
547 115
590 115
609 114
640 114
604 111
570 114
567 115
558 115
580 114
554 114
555 116
550 116
525 117
552 117
525 120
515 123
515 126
514 127
513 129
514 135
514 137
514 140
514 138
515 141
514 142
513 143
514 144
514 147
515 148
514 151
513 155
514 155
514 157
514 161
515 162
514 164
513 167
513 171
514 174
514 175
513 178
511 180
514 184
513 186
513 190
514 194
513 198
513 201
513 206
513 209
518 212
514 217
511 224
514 227
515 232
514 237
514 241
513 245
514 249
514 255
513 257
513 261
513 266
514 271
514 276
513 280
515 283
513 288
514 292
514 299
515 301
513 305
514 310
514 315
514 320
514 325
516 344
512 349
513 352
514 356
514 360
514 365
513 368
514 372
513 378
514 383
514 386
514 391
513 397
513 403
513 410
513 414
514 419
514 426
513 432
513 438
514 443
514 450
517 454
513 459
514 462
518 468
512 471
516 473
514 476
514 481
513 486
513 489
513 493
516 499
512 505
513 512
513 514
511 521
513 528
515 533
514 538
513 545
513 551
513 555
514 559
514 563
514 569
512 573
514 575
514 579
514 584
513 589
513 594
511 598
514 603
518 609
514 612
513 638
514 642
514 647
514 652
514 656
516 661
514 666
514 671
512 677
513 679
513 685
514 689
513 694
513 697
506 700
515 704
513 708
514 712
515 717
513 722
513 725
514 729
513 734
514 738
513 742
513 746
514 750
514 754
514 757
515 759
514 765
513 769
513 773
514 776
508 780
427 782
351 784
291 785
244 790
220 794
70 795
17 798
46 803
58 807
62 810
93 815
90 818
99 822
117 823
88 829
99 833
155 832
165 837
145 840
144 843
153 843
168 849
147 851
162 864
117 866
128 871
179 873
175 875
210 877
184 881
238 882
232 885
261 886
224 889
237 891
263 891
305 892
287 895
278 895
291 896
313 899
264 900
263 901
314 906
308 905
298 905
285 906
322 908
294 903
300 909
314 912
344 910
330 913
317 913
291 915
367 915
357 917
327 915
332 918
354 918
363 919
376 920
359 922
394 921
405 921
412 921
400 922
377 923
395 923
427 923
432 923
433 923
427 923
416 923
428 922
438 923
436 922
443 922
460 922
477 919
493 918
513 918
511 915
514 915
511 911
513 908
513 905
511 903
514 903
513 901
513 899
511 898
512 900
513 897
512 894
512 894
513 892
513 889
513 887
513 886
513 883
512 880
513 878
513 876
513 874
514 871
513 868
513 865
513 863
513 860
513 857
513 854
513 852
514 851
513 845
513 842
514 840
514 835
513 831
513 827
513 825
513 819
513 814
513 811
515 806
513 801
513 796
513 792
513 786
513 782
513 777
513 773
513 769
513 765
514 761
512 758
513 738
513 736
514 734
513 729
512 724
513 717
513 710
513 706
513 703
514 703
514 696
514 690
513 685
513 679
513 675
514 674
514 669
513 663
513 657
513 655
513 652
513 646
514 639
514 634
511 631
513 625
513 617
513 612
514 607
513 601
513 592
513 587
515 584
514 579
513 574
514 570
512 567
513 564
512 560
514 555
513 553
515 549
514 543
513 538
515 535
517 528
515 523
512 517
514 511
513 505
514 501
515 492
514 488
513 483
513 480
513 474
514 469
513 451
514 448
512 445
513 441
513 434
518 429
513 425
513 418
512 414
513 408
515 403
512 398
513 393
514 387
514 381
514 377
513 373
514 368
513 362
512 357
513 353
513 349
515 344
514 340
513 336
512 333
513 330
514 326
513 321
513 316
513 313
514 308
513 304
513 300
513 296
514 292
513 288
514 283
513 280
514 276
513 273
513 268
513 264
514 261
518 257
578 255
616 254
737 251
773 247
784 244
848 240
981 239
990 234
1023 232
1000 228
936 223
961 220
865 207
868 205
877 202
897 198
864 194
832 192
865 189
839 186
862 182
904 182
880 177
856 174
869 171
870 169
896 166
857 163
884 161
814 158
839 157
822 152
797 151
812 149
750 148
810 146
748 144
762 144
737 142
729 140
751 139
742 137
725 136
725 132
724 135
700 132
705 130
685 130
745 129
701 128
730 127
678 126
718 124
672 123
708 123
666 121
715 120
705 119
706 120
660 119
683 117
663 116
693 114
663 116
625 114
641 116
609 114
619 114
645 115
619 114
572 114
582 114
602 119
591 113
581 115
571 115
579 115
571 115
550 115
544 118
527 118
520 119
513 121
515 123
516 126
516 129
513 131
514 133
514 135
514 136
513 137
518 140
514 139
513 141
515 141
514 142
514 145
514 147
512 148
513 151
514 152
517 155
513 158
515 160
514 160
514 165
513 167
514 170
513 172
514 176
513 177
514 182
515 184
514 188
515 189
514 194
513 198
514 201
514 205
514 208
514 214
515 219
514 223
515 228
514 232
514 236
514 255
513 259
514 263
513 268
514 272
513 276
514 281
514 285
514 289
514 293
514 297
513 302
517 307
513 312
513 317
519 320
514 323
514 328
514 333
513 340
511 347
511 354
514 352
514 356
514 360
514 366
513 370
514 374
514 379
514 382
514 385
514 392
514 397
512 404
513 409
515 414
514 421
514 428
512 434
513 439
514 443
514 449
513 454
514 457
514 461
514 467
513 470
514 473
513 477
513 482
513 485
514 489
513 493
513 500
513 504
517 505
514 515
513 541
513 548
515 549
514 555
514 561
511 565
514 568
513 571
512 576
513 580
514 583
513 587
513 593
513 599
513 603
518 608
513 615
513 620
513 625
514 630
514 635
514 642
514 647
514 647
513 656
512 661
513 666
514 670
513 675
513 679
514 683
513 687
514 690
514 698
519 699
514 705
513 708
513 712
514 717
517 723
514 726
514 730
513 734
514 737
511 742
515 746
513 749
514 753
513 757
514 761
513 765
514 769
519 771
514 776
512 779
426 782
364 795
72 796
17 799
53 803
38 807
69 811
110 814
92 818
98 822
124 829
123 829
149 834
154 836
171 838
157 841
139 843
170 847
157 849
172 852
186 854
160 857
139 861
169 864
143 867
141 869
177 872
114 875
189 877
154 879
216 883
157 884
230 887
220 889
255 890
204 892
278 894
284 895
299 896
273 898
285 899
289 901
347 902
280 903
313 904
309 905
343 906
321 908
331 908
362 916
400 910
336 914
303 917
329 914
361 915
400 917
338 918
352 917
339 917
365 921
383 921
361 921
373 922
414 923
395 923
409 924
447 923
419 923
401 923
441 923
457 923
433 922
441 923
448 924
442 923
443 922
456 922
477 921
472 921
481 921
498 918
503 917
512 915
512 911
513 909
512 907
513 905
513 905
513 903
512 901
514 900
512 899
513 897
519 896
513 895
513 893
513 891
513 890
513 888
513 886
512 883
513 881
513 878
513 876
513 872
513 870
513 870
513 866
513 864
512 860
513 857
513 856
514 851
513 848
513 841
513 842
513 824
513 822
514 819
513 814
514 810
513 804
513 801
514 795
515 790
514 786
513 782
513 777
513 773
515 768
513 765
513 762
513 758
513 753
516 750
513 746
513 742
513 736
512 731
513 725
513 722
513 718
513 714
513 710
517 705
513 699
513 692
513 688
513 685
513 681
513 677
513 670
513 667
513 663
514 659
514 655
514 650
514 645
513 639
514 635
513 629
513 625
512 618
514 612
514 605
510 600
513 593
513 587
514 582
513 578
513 575
514 569
514 567
514 550
513 547
513 543
514 539
515 534
519 527
514 521
513 515
514 510
512 504
514 500
513 492
514 489
514 483
514 480
513 472
513 470
514 464
514 461
514 457
513 453
518 448
513 444
513 439
514 436
513 428
514 424
514 418
514 412
512 406
513 401
513 397
513 391
515 384
518 379
515 377
515 369
513 367
517 362
515 358
513 353
513 349
513 344
513 340
514 336
517 334
516 329
513 325
513 321
513 318
513 313
513 308
514 303
513 300
514 296
512 292
515 288
514 271
513 268
513 265
513 261
516 257
583 256
631 253
754 252
792 248
774 244
783 241
953 240
1023 236
1023 232
983 228
931 224
961 220
932 216
925 213
947 208
888 205
872 203
874 200
845 196
853 195
873 192
913 189
857 185
866 184
888 181
865 177
885 173
868 171
897 168
905 165
903 162
867 159
842 157
792 154
847 152
783 152
766 150
732 146
792 145
694 147
743 143
660 141
734 140
739 139
710 137
698 138
763 134
711 134
679 132
656 130
741 130
728 124
670 125
607 124
665 122
701 122
707 120
657 121
636 118
659 118
683 116
690 116
663 116
666 115
637 114
629 115
630 115
619 114
596 114
597 113
625 114
624 114
594 115
566 115
572 114
591 112
608 113
575 114
592 114
585 115
562 115
553 116
540 117
529 118
523 119
517 122
515 125
515 126
514 130
514 131
515 134
513 135
515 137
514 137
514 137
514 141
513 141
515 142
514 143
512 145
513 147
514 148
514 152
514 154
513 157
514 159
514 161
513 164
513 176
514 178
514 179
518 182
514 183
513 189
513 192
514 196
514 200
513 203
514 207
511 211
513 215
513 218
513 223
514 228
518 233
515 237
514 240
514 244
513 249
514 255
513 258
518 263
513 266
514 273
514 275
513 279
513 284
514 288
517 293
513 297
514 302
514 305
515 310
513 315
513 320
514 325
514 329
515 333
514 338
514 343
512 350
512 352
514 356
518 359
516 365
514 370
513 374
518 378
514 382
514 388
512 394
513 397
514 401
514 407
518 414
513 441
516 444
513 448
513 454
513 458
514 462
513 465
514 469
513 473
515 476
514 479
513 485
512 488
514 491
514 497
514 503
513 509
514 518
512 520
514 535
513 532
515 539
514 544
513 548
514 553
514 558
513 562
513 566
513 570
514 574
512 579
513 583
513 588
519 592
514 596
513 601
515 607
513 613
513 618
514 624
513 630
513 636
514 640
513 642
513 650
513 655
514 661
512 667
513 665
513 675
514 679
513 683
514 687
519 689
515 700
505 706
513 705
514 841
124 843
177 846
209 848
154 850
196 853
