513 450
509 454
508 458
513 461
513 468
516 468
513 473
509 479
512 482
511 488
513 492
512 500
517 506
514 513
512 520
509 527
510 532
513 539
512 546
514 552
510 559
511 560
509 567
511 571
513 576
511 582
513 584
510 591
514 596
509 602
512 608
511 614
511 620
513 626
513 632
512 638
511 645
514 651
513 655
512 661
512 669
515 672
512 678
513 688
512 691
515 694
513 698
512 704
512 708
513 713
512 717
513 723
512 728
513 734
516 739
512 742
512 748
517 293
513 292
514 289
531 284
510 284
509 275
509 266
513 268
514 264
513 258
512 256
515 251
513 246
514 246
514 239
516 235
511 230
513 227
516 221
513 218
513 214
515 212
513 206
513 202
513 199
513 196
513 193
511 191
513 187
512 184
513 180
515 177
513 173
512 170
514 167
514 163
511 158
514 148
507 153
513 156
518 151
513 149
513 147
514 146
514 145
515 141
512 141
513 137
517 139
513 137
514 133
514 133
517 131
514 130
513 129
513 127
512 126
513 836
513 833
513 829
514 825
513 820
513 817
515 811
510 806
513 800
514 795
505 785
514 785
513 781
513 776
513 770
514 765
513 760
513 755
514 750
513 741
516 741
513 733
513 731
514 725
513 720
513 715
515 708
514 703
513 699
513 690
505 688
513 687
514 677
511 674
513 668
519 659
513 659
513 651
518 645
513 643
510 633
512 630
508 625
514 613
514 606
516 599
513 594
515 587
510 584
513 576
516 571
514 570
516 566
514 562
515 556
510 553
515 545
513 370
514 368
514 363
514 356
514 351
513 345
514 340
513 335
514 329
512 327
513 326
513 317
513 310
514 305
514 301
514 296
514 292
513 288
513 281
512 290
515 272
512 265
513 267
513 262
509 257
513 253
513 249
513 246
514 241
513 238
513 232
509 227
513 226
516 221
515 217
511 213
512 212
516 205
515 202
511 197
511 195
514 192
513 189
513 185
513 182
515 180
514 176
512 172
512 167
510 165
514 161
511 158
510 141
510 151
515 143
515 150
514 148
514 113
513 112
519 105
514 111
513 112
513 112
513 114
513 111
513 113
513 112
509 112
513 112
514 112
513 110
513 113
513 114
513 116
513 118
513 117
513 125
511 121
512 125
513 126
513 128
513 129
513 131
512 133
512 134
513 136
513 136
513 138
513 141
509 142
513 146
509 147
513 149
513 152
512 156
514 158
513 161
512 163
513 166
512 169
512 172
513 176
513 179
512 181
513 187
513 191
514 194
512 200
514 204
512 209
511 213
513 218
511 225
512 409
510 413
510 417
514 422
510 429
513 435
509 441
513 443
513 452
514 458
512 460
509 466
514 468
511 473
514 478
511 482
513 486
515 494
511 500
511 504
509 512
516 517
513 527
513 532
512 539
510 547
516 548
511 555
510 561
513 564
512 569
511 581
513 580
510 586
512 591
511 601
513 603
514 604
512 613
512 619
511 625
511 632
514 639
513 644
512 649
512 654
513 661
512 667
512 672
511 677
513 683
512 688
512 693
512 698
512 704
513 709
512 713
513 789
512 795
513 796
512 801
512 805
513 809
512 818
514 818
515 822
512 825
512 829
513 833
512 841
513 841
511 838
511 841
514 850
510 852
512 862
513 859
512 860
513 866
511 875
512 873
514 877
512 879
513 882
512 883
513 886
514 886
512 889
511 892
511 894
510 895
515 897
510 899
512 900
513 904
514 903
515 905
513 906
512 908
513 908
514 914
510 913
514 912
513 916
514 915
513 918
513 916
513 919
508 920
513 919
512 920
512 922
513 921
513 925
513 925
513 925
513 924
514 924
512 923
514 921
514 923
513 922
514 921
511 919
514 917
513 915
513 911
512 910
512 910
513 906
513 905
514 906
534 902
513 902
512 900
511 898
512 896
513 894
510 888
512 890
513 886
514 884
513 882
514 879
514 875
513 874
512 870
513 867
513 864
510 861
508 858
512 853
513 850
513 846
513 842
514 837
513 833
513 828
513 823
510 818
513 813
512 809
512 803
514 797
513 789
521 791
514 784
513 779
512 773
516 767
511 763
514 669
514 668
513 664
513 664
516 653
512 650
512 644
515 639
511 628
521 631
511 615
513 608
516 600
512 595
513 589
515 583
512 580
512 575
514 571
513 568
516 562
511 562
514 552
512 546
512 542
515 533
510 531
518 521
511 517
514 509
509 503
513 498
518 494
513 486
514 480
511 476
513 476
511 467
512 462
516 468
514 453
513 447
515 443
514 435
516 429
513 422
514 416
512 410
513 403
515 397
512 393
514 386
514 380
514 376
514 369
512 363
514 363
510 272
492 263
514 264
514 261
513 256
514 253
514 249
513 244
513 241
514 236
511 231
513 228
512 224
515 219
512 217
512 217
514 207
513 203
513 200
514 200
515 194
514 192
515 187
512 185
513 180
515 178
515 175
513 171
513 170
511 165
514 157
517 157
515 150
511 153
518 149
515 149
514 148
513 144
512 143
513 142
513 140
512 139
513 137
511 135
512 135
513 133
512 131
515 129
513 129
513 126
513 126
513 125
510 123
512 122
514 121
513 117
513 118
512 129
513 135
513 129
514 131
512 133
513 134
512 136
513 137
513 140
513 142
513 144
512 146
513 149
515 151
513 155
514 156
513 157
513 160
513 167
514 166
513 170
513 174
513 177
513 178
513 184
513 187
514 192
513 196
513 199
513 204
513 209
514 214
514 221
512 224
513 230
513 235
512 240
513 246
513 250
513 254
512 259
518 262
510 268
512 274
512 281
510 284
515 288
513 295
510 300
513 306
514 309
513 315
509 322
516 326
512 331
513 339
511 345
516 361
513 365
508 370
516 372
513 377
507 385
513 388
513 396
515 402
513 409
509 416
512 418
511 430
513 437
508 442
515 451
511 454
512 457
512 462
508 468
513 469
514 475
512 480
512 484
511 490
514 496
511 502
511 506
508 513
517 522
512 529
515 535
512 540
512 547
512 552
512 557
514 560
511 567
514 571
512 576
513 580
513 584
512 591
517 594
513 607
511 609
513 615
512 622
513 632
511 634
511 645
515 646
511 652
512 663
512 664
512 669
513 675
512 709
513 712
513 715
512 720
512 725
514 730
511 734
513 738
514 742
512 747
513 751
511 756
511 760
513 763
511 769
511 769
510 777
511 782
514 787
512 790
512 795
512 798
513 801
510 807
514 811
512 812
514 818
513 821
512 826
510 831
513 835
510 838
512 841
513 841
511 850
513 851
514 853
513 858
512 860
513 861
514 867
514 869
513 872
513 876
513 878
514 882
513 883
512 887
513 890
514 890
515 893
512 893
512 896
512 898
513 903
513 900
510 907
513 910
513 911
514 913
514 914
513 916
510 916
521 917
513 917
513 920
514 920
513 922
512 921
514 922
513 924
513 924
513 923
514 925
513 925
513 926
512 925
514 925
513 925
513 924
512 924
513 926
513 925
514 923
513 923
511 922
514 920
513 921
513 920
512 917
512 916
513 913
513 911
511 912
512 910
514 905
513 904
517 912
513 902
513 901
512 899
513 897
513 895
514 893
515 889
513 888
512 885
514 883
513 880
512 878
513 875
514 872
513 869
513 847
513 848
511 841
513 836
513 832
513 832
516 822
513 818
517 812
513 807
513 803
513 797
523 792
525 777
514 782
513 777
513 773
513 767
515 762
513 757
515 752
512 747
513 745
514 736
516 731
512 727
514 722
515 714
511 710
514 705
521 697
513 694
513 690
513 682
513 678
513 675
514 669
512 664
513 658
514 653
513 647
514 642
514 633
508 618
510 650
518 618
513 610
513 601
512 594
510 589
516 582
514 579
513 575
515 569
513 566
513 562
512 555
513 519
515 513
516 508
512 502
514 496
513 490
513 485
516 479
513 473
513 470
512 465
513 461
515 454
527 453
512 435
507 439
513 432
513 426
515 422
516 415
512 409
507 403
516 396
513 389
514 384
513 377
513 372
514 366
513 362
514 356
514 351
513 346
514 341
514 336
514 330
514 327
514 321
513 315
513 311
512 305
513 304
515 297
512 293
514 288
512 284
510 275
521 278
513 270
504 282
514 262
513 257
513 254
513 248
515 246
513 241
513 238
514 233
513 185
513 185
517 183
513 181
513 176
512 173
512 169
515 167
513 164
513 159
508 154
509 156
511 173
510 150
514 147
511 147
513 145
516 145
514 140
513 142
513 137
506 138
510 134
513 135
514 131
513 133
511 128
512 128
512 127
514 125
513 125
514 122
513 123
513 120
513 119
512 118
514 116
514 118
514 114
512 116
513 114
514 113
513 114
529 112
516 107
513 112
513 111
514 113
512 114
514 112
513 115
513 112
513 112
512 113
513 113
513 113
513 115
506 131
512 134
513 135
513 137
512 138
513 140
513 142
513 144
512 146
512 149
513 156
517 154
513 159
516 160
513 162
513 166
512 168
516 171
514 174
513 178
513 181
513 185
513 188
519 192
513 199
518 201
512 206
516 210
511 216
512 221
513 224
513 232
513 237
513 233
513 246
511 251
511 255
513 262
513 267
514 270
514 276
513 282
511 287
513 289
513 293
510 303
514 306
513 309
514 317
509 326
514 327
512 333
513 339
513 345
517 348
508 358
516 360
514 439
512 443
515 448
511 452
511 459
513 462
512 468
513 471
513 475
512 481
517 483
514 490
510 498
513 502
514 508
514 515
514 522
512 531
512 535
509 542
513 547
514 552
514 557
514 562
511 568
514 570
514 577
512 581
514 587
510 595
517 598
509 605
513 611
512 616
509 623
514 628
511 637
512 641
512 647
512 654
512 659
512 664
512 670
513 675
514 680
513 686
513 691
512 716
513 700
512 703
512 711
513 716
512 722
513 726
513 731
513 736
512 741
512 773
511 776
513 778
513 782
513 787
513 791
512 797
512 801
512 804
513 808
512 812
512 815
512 820
512 824
509 826
509 832
514 835
513 839
511 843
513 845
514 852
512 853
513 852
513 858
513 861
518 866
511 868
513 871
511 874
512 878
517 880
511 884
512 886
512 887
511 891
514 891
512 894
512 897
513 897
513 899
512 900
514 902
512 902
512 905
513 905
512 907
514 908
514 912
513 911
513 912
513 913
513 918
514 916
512 916
518 919
513 922
514 920
513 924
514 924
512 923
512 924
515 922
512 923
513 922
513 921
513 919
513 917
513 915
513 912
513 911
513 908
513 907
514 906
514 905
511 897
513 902
512 900
513 899
515 897
513 894
514 892
513 890
513 891
512 885
512 881
511 879
514 880
517 874
513 871
513 867
519 864
513 863
513 859
514 855
513 852
513 849
512 844
514 839
514 836
513 830
514 826
514 822
514 815
515 813
513 805
509 801
513 795
508 793
515 783
515 781
512 775
513 770
513 767
514 763
513 681
513 678
514 672
513 667
513 664
515 655
513 652
513 646
514 639
512 634
512 620
523 621
510 613
512 605
514 599
514 593
511 586
515 583
513 577
511 573
513 570
512 564
513 561
516 555
515 549
516 546
515 538
511 535
515 526
514 520
514 515
516 507
513 500
515 494
512 490
513 482
514 481
519 474
514 468
513 463
513 458
513 454
505 446
518 455
518 435
514 431
513 425
515 420
515 413
513 407
514 401
514 398
519 389
512 381
513 377
513 372
514 365
513 292
513 288
513 288
513 282
511 280
514 270
510 269
510 266
512 261
513 257
514 249
513 249
512 243
515 238
513 237
514 231
513 226
513 224
513 219
513 215
512 212
514 207
518 203
513 201
514 197
513 190
514 190
513 185
513 185
514 181
512 179
513 177
519 172
512 169
518 164
513 161
513 161
513 148
518 155
512 144
506 151
511 147
514 146
513 144
514 142
512 141
513 139
512 138
512 136
513 134
513 133
514 130
513 131
513 129
512 128
512 126
514 113
513 112
514 111
512 112
513 116
512 113
513 112
513 112
513 112
513 114
517 112
513 112
518 112
514 112
512 113
513 113
512 113
513 115
513 115
512 117
512 119
512 121
513 121
513 125
513 127
513 128
513 129
513 131
513 132
515 134
513 136
514 137
515 138
513 141
513 142
513 144
512 148
513 150
513 152
516 155
513 158
514 161
513 164
513 167
513 170
514 174
513 176
514 178
513 182
513 186
514 190
513 194
513 197
512 203
513 207
513 210
513 219
511 304
513 306
514 308
514 312
513 320
512 324
512 331
510 337
512 340
510 346
513 352
512 356
512 361
513 363
511 371
512 375
511 382
511 386
513 391
510 399
513 403
513 411
509 420
513 427
513 433
512 440
513 446
512 452
513 456
515 460
512 464
514 467
514 473
512 477
512 484
523 487
512 492
509 499
513 503
510 512
513 516
512 525
512 532
515 537
509 544
514 549
514 554
511 556
513 564
510 569
513 573
515 577
513 581
512 579
514 594
511 600
510 606
524 709
513 712
513 717
512 721
512 727
511 732
512 738
513 742
513 743
513 751
512 754
512 758
512 763
513 768
515 771
512 776
513 780
515 784
512 788
510 795
513 800
512 802
512 809
518 810
512 813
517 818
513 822
514 825
513 829
511 834
513 839
513 841
511 844
513 847
513 849
512 856
514 857
511 860
512 864
514 866
512 870
512 873
513 877
514 880
513 881
513 884
514 884
513 889
512 891
513 892
512 896
515 894
511 898
512 900
515 901
511 901
516 902
513 923
513 923
513 924
514 924
513 925
511 924
513 925
513 924
513 921
514 925
514 925
512 925
514 925
514 925
513 924
514 924
513 924
510 925
513 923
512 922
513 920
513 919
513 918
516 914
514 913
515 910
514 907
514 906
512 905
513 904
514 904
513 900
513 900
513 898
513 895
512 884
512 890
513 887
513 886
513 883
513 881
513 878
512 875
513 873
513 870
513 867
513 864
513 861
512 857
512 854
513 850
513 847
512 841
513 838
513 833
513 830
513 824
515 802
514 799
513 799
514 794
512 777
506 782
514 780
511 775
513 770
513 764
516 757
514 755
513 749
513 743
517 740
511 734
513 730
515 722
517 718
509 714
513 707
515 700
512 695
514 693
513 685
513 680
513 677
513 669
512 666
512 660
515 654
514 650
514 644
514 637
514 630
509 622
516 619
516 610
513 602
514 596
511 590
515 585
514 580
517 576
513 572
513 567
514 564
513 559
517 555
514 548
515 544
514 538
515 531
513 525
512 518
517 511
513 506
511 468
511 464
515 462
511 458
513 451
501 449
510 438
515 438
514 430
514 424
514 418
512 412
512 404
511 399
514 393
515 388
516 381
514 376
514 369
513 364
513 359
513 354
514 349
513 343
513 337
513 333
513 327
513 323
514 318
513 313
513 308
514 303
513 298
513 293
513 289
513 286
514 282
515 284
509 273
513 273
513 264
512 259
514 256
513 252
514 248
513 244
518 230
513 233
513 230
513 226
512 224
515 219
512 217
512 212
516 206
512 203
512 200
513 180
513 179
512 178
513 174
515 170
509 168
513 163
515 160
513 156
517 151
509 153
513 145
514 148
513 146
512 144
515 144
514 141
513 139
513 137
511 137
514 134
513 131
514 131
514 129
513 129
513 126
513 126
512 124
513 124
514 122
514 121
513 121
513 118
512 119
513 116
513 115
513 115
513 113
514 114
513 113
514 103
511 112
513 102
513 117
513 112
514 111
513 112
513 111
513 109
513 107
512 111
513 112
513 111
513 113
512 113
513 114
514 115
513 130
513 128
513 133
513 135
513 138
513 137
514 140
513 141
514 143
513 146
513 148
513 150
512 153
514 156
513 159
513 163
514 165
513 164
513 170
513 173
513 177
513 179
513 183
513 187
513 191
512 196
513 199
513 205
513 208
513 215
512 221
511 228
515 231
513 234
513 239
512 244
513 251
514 255
514 258
513 264
513 271
510 276
513 280
514 284
513 290
513 296
511 299
513 306
513 308
512 315
509 323
515 327
513 330
511 339
514 343
513 346
510 355
513 380
513 385
512 388
513 394
509 402
513 408
513 414
508 422
512 428
513 435
511 441
516 448
512 453
513 456
512 461
512 466
512 468
512 474
513 479
511 483
511 490
510 496
512 501
512 507
514 514
511 522
513 526
513 533
510 540
513 545
514 550
506 556
508 560
511 564
511 565
514 574
511 579
512 584
510 589
513 595
510 599
513 608
511 614
510 624
511 626
512 635
513 638
513 643
512 650
513 654
511 661
509 667
513 673
513 678
512 684
513 689
513 745
512 752
512 755
514 760
512 764
515 766
513 771
513 775
513 781
513 785
510 790
513 794
514 798
512 804
512 808
513 808
511 815
513 819
513 824
513 828
511 831
513 835
512 839
513 843
512 845
513 849
514 851
510 856
513 857
518 861
513 865
513 867
512 872
512 874
513 879
515 880
514 881
512 887
514 887
514 889
513 892
510 890
511 896
513 892
513 899
513 901
513 900
511 905
513 904
513 907
514 907
513 911
513 909
511 911
515 913
513 913
512 918
513 924
513 923
513 926
513 926
513 924
514 925
512 927
513 924
512 925
514 925
513 926
511 924
512 924
513 922
513 922
513 923
513 920
512 919
513 916
513 914
508 912
514 909
509 908
513 906
510 906
513 904
518 907
513 901
513 899
513 896
514 895
513 893
514 890
514 889
508 885
514 884
509 881
513 877
513 876
512 873
512 869
514 865
512 864
513 859
513 857
512 852
513 849
513 846
513 841
514 836
513 832
513 828
513 821
513 817
514 812
513 808
514 801
512 733
514 732
514 729
513 719
514 715
513 711
514 703
513 696
512 694
514 688
516 684
513 679
515 673
515 668
513 665
515 659
514 655
514 647
514 642
514 634
515 627
514 626
513 611
517 607
514 600
514 595
512 593
515 584
513 574
515 575
512 573
512 566
513 562
514 556
512 549
512 546
516 538
511 536
517 528
510 525
513 515
515 509
513 503
519 496
512 491
515 484
513 481
513 475
512 471
513 469
515 461
513 457
518 452
512 443
507 431
519 434
511 428
515 367
515 366
514 360
516 358
514 353
514 344
513 342
513 338
510 332
513 329
514 322
513 318
514 313
514 308
513 302
513 301
513 294
514 289
513 284
513 285
513 277
515 277
515 263
515 264
514 259
512 255
515 251
514 247
513 244
514 238
513 234
512 230
514 226
514 221
513 218
513 214
512 210
515 206
511 202
513 200
516 194
513 193
513 190
513 185
513 184
514 179
513 176
513 173
515 169
513 167
512 163
513 160
511 161
521 153
516 157
516 160
512 149
512 125
513 125
512 124
512 123
513 121
514 120
513 119
514 115
512 117
513 114
513 115
513 113
513 113
513 112
514 111
513 113
507 101
512 114
512 111
514 116
513 112
514 111
514 110
513 111
513 111
513 111
513 112
512 113
507 116
513 113
513 115
514 116
513 118
513 120
512 123
513 124
513 127
512 128
513 134
513 132
514 133
513 135
513 135
513 138
513 139
514 142
513 143
513 146
513 149
513 151
513 154
514 156
513 155
512 161
513 165
513 168
513 171
514 247
511 252
515 255
513 260
514 265
513 270
506 278
514 281
513 286
513 292
512 298
514 302
513 306
512 312
512 317
513 322
511 329
510 336
514 338
513 344
512 351
513 354
513 359
512 365
514 368
509 374
513 380
515 384
509 396
515 396
513 404
513 411
513 414
507 426
513 430
513 436
513 445
514 449
510 454
511 458
513 465
513 467
515 471
512 477
511 480
513 483
508 492
513 494
513 503
512 509
514 513
510 523
513 527
511 534
510 540
509 546
512 553
512 631
509 632
512 639
512 646
512 652
511 656
513 663
512 668
511 674
512 677
513 686
513 691
512 696
513 701
512 705
512 712
512 716
512 720
512 726
514 730
513 735
512 740
512 743
512 747
513 753
512 755
513 759
512 764
513 769
512 773
512 782
514 782
512 786
512 791
513 792
512 799
512 805
513 808
513 810
510 817
513 818
512 822
511 827
513 830
514 833
508 837
513 841
515 846
513 848
514 852
511 856
512 858
510 862
512 866
513 867
513 872
514 874
514 899
514 900
513 900
512 904
514 906
513 907
513 907
513 908
513 911
513 912
515 913
512 915
514 914
513 915
514 919
513 922
515 921
513 920
514 920
514 924
514 922
512 924
512 925
513 924
512 926
511 927
513 927
513 927
513 926
513 925
512 925
513 925
513 925
513 925
513 925
514 925
512 924
514 925
513 922
513 922
515 920
514 918
512 916
513 914
513 909
514 908
513 909
512 906
512 905
513 904
527 903
513 901
513 900
512 897
515 895
513 893
513 891
513 829
512 830
513 826
514 820
514 815
514 812
513 806
514 802
513 795
513 791
508 785
512 781
508 777
513 770
515 765
513 759
513 756
514 751
513 745
513 739
509 736
514 731
513 726
514 719
513 714
512 711
516 703
508 698
513 689
510 685
511 680
509 678
516 671
512 667
513 663
514 656
513 651
516 645
513 642
512 632
514 625
532 627
509 610
512 604
512 599
512 593
518 586
513 583
517 577
513 574
513 569
511 570
513 560
516 556
513 552
517 547
511 442
511 437
511 433
516 426
515 419
513 414
512 409
513 402
514 396
514 392
514 383
513 379
513 373
514 368
512 361
514 356
514 350
514 346
514 341
514 336
514 331
513 325
515 321
514 315
512 312
514 307
511 302
513 296
513 292
513 291
512 284
514 279
510 277
513 278
514 264
512 266
514 258
513 257
515 249
513 243
513 242
514 236
514 233
512 231
515 225
514 220
509 217
514 213
511 210
512 205
513 201
512 200
514 195
511 191
512 189
513 184
513 182
514 134
515 131
513 131
513 132
513 128
512 129
513 129
512 125
513 126
514 122
512 122
513 122
515 118
513 120
510 116
512 117
514 115
514 115
514 114
513 113
513 113
513 111
511 116
513 110
511 111
513 111
513 109
513 111
513 112
513 111
513 111
514 112
513 112
513 112
513 113
513 113
514 116
511 115
513 118
511 119
513 119
514 124
513 125
514 127
514 129
512 132
513 132
512 133
513 135
513 136
513 137
513 141
513 142
513 146
512 147
513 149
514 151
512 163
513 165
513 167
513 169
513 172
513 175
513 176
513 182
513 186
513 190
513 193
513 198
513 205
512 206
513 211
513 217
513 221
511 227
513 234
513 238
513 241
514 248
512 252
512 257
514 262
511 267
513 271
509 279
510 283
514 286
512 292
513 299
511 302
513 307
507 314
512 318
513 322
513 329
508 336
516 338
513 344
513 350
510 355
513 360
513 366
512 373
513 379
512 384
512 386
512 392
512 398
515 405
509 415
513 426
512 427
512 434
514 440
513 470
510 472
509 475
512 477
509 482
513 486
512 492
512 499
513 505
510 512
508 517
509 526
505 533
513 538
511 545
513 549
509 553
513 559
506 565
513 568
514 574
511 577
514 581
513 587
514 593
512 599
513 606
513 611
511 618
514 625
513 629
511 638
512 643
513 648
513 655
512 659
511 666
512 670
513 676
512 681
513 687
517 692
514 699
514 702
512 709
511 712
512 719
511 722
513 727
513 732
513 737
514 740
513 745
513 749
512 754
512 757
513 762
511 792
512 795
514 797
511 801
513 805
512 810
517 813
514 817
513 821
513 824
513 829
511 832
512 836
512 840
513 842
514 844
509 847
513 854
511 856
512 859
513 861
512 866
514 869
514 871
510 877
512 877
511 882
514 884
514 885
513 888
514 889
513 891
510 894
514 893
513 897
513 899
513 907
511 900
512 905
509 905
514 905
514 908
512 908
513 909
513 911
514 911
512 914
513 914
513 917
516 916
513 918
517 919
512 920
513 921
513 923
514 922
514 922
513 926
513 925
