513 674
512 680
513 682
513 686
515 690
514 694
513 701
517 705
514 709
513 716
513 721
513 726
513 734
515 736
514 739
516 744
513 749
511 751
513 756
513 761
513 765
514 768
512 775
497 778
509 782
257 783
272 789
357 794
372 799
381 802
344 806
379 809
387 814
359 817
364 821
388 825
382 830
380 834
376 838
380 840
412 844
386 847
397 851
391 853
416 856
394 860
399 859
402 866
393 869
398 873
415 875
371 879
397 880
439 884
403 887
416 890
454 890
514 283
514 279
513 276
514 271
513 266
515 262
518 257
517 254
521 249
802 252
791 246
694 239
666 235
664 231
672 226
677 223
650 222
651 218
662 208
666 205
641 202
626 197
611 195
666 192
645 192
584 187
637 182
667 180
644 176
628 173
591 169
673 165
658 163
613 160
625 156
593 154
627 152
624 150
589 148
582 146
564 145
612 142
607 141
569 140
594 137
563 136
587 137
588 133
573 131
569 130
598 127
585 130
558 129
572 127
549 124
571 123
598 122
351 810
381 813
386 816
356 820
367 827
404 828
372 832
370 835
398 839
404 842
402 846
361 849
393 852
406 856
387 859
408 862
397 865
383 868
403 872
398 875
403 877
417 882
382 883
439 889
389 887
430 889
444 893
445 894
457 892
419 896
450 898
427 900
437 901
482 902
402 903
453 905
424 908
462 909
422 911
466 908
413 912
460 914
497 915
440 917
465 917
427 918
463 919
464 920
451 921
472 921
451 922
479 922
482 924
482 924
467 923
464 924
473 925
519 783
514 779
513 774
513 769
514 765
512 761
514 755
513 750
513 743
513 739
515 736
513 730
513 725
513 720
514 712
520 710
507 703
515 698
513 692
513 687
514 681
513 677
513 672
516 666
513 663
514 657
515 652
512 646
514 637
513 633
514 624
512 618
514 611
514 605
514 597
513 591
513 586
513 581
512 578
515 572
514 568
513 564
515 560
513 558
514 550
512 547
509 537
508 532
513 526
517 517
513 515
516 505
512 499
513 497
514 488
512 483
515 478
518 394
513 391
514 388
514 387
526 377
512 371
514 366
513 353
503 357
514 351
517 344
514 339
514 334
514 331
514 324
513 319
514 316
513 309
514 303
513 300
514 296
528 291
513 289
528 283
512 278
512 275
514 270
514 265
515 261
516 257
517 253
520 249
865 250
772 242
687 237
680 233
660 229
632 225
670 220
628 222
672 213
668 209
642 214
630 201
639 198
639 194
652 192
615 189
600 186
666 182
624 180
628 174
616 172
621 169
652 165
637 165
618 132
563 128
555 129
630 138
542 126
533 115
604 124
569 125
604 123
548 121
566 121
576 119
593 119
583 119
539 118
551 116
562 116
591 116
564 116
548 114
546 113
538 114
555 114
556 115
543 113
537 112
551 113
549 113
563 115
526 113
532 113
524 113
542 114
540 114
519 115
517 116
519 118
513 117
512 122
514 126
513 127
513 129
514 130
514 132
513 133
513 134
513 135
513 137
526 138
513 141
526 142
513 146
510 148
514 149
512 153
513 156
513 157
513 217
513 220
513 223
512 229
514 234
514 237
526 241
513 246
526 252
513 258
514 263
513 263
512 269
513 275
513 285
514 287
514 293
514 300
513 304
513 307
514 313
513 318
513 328
515 329
513 335
513 341
513 346
513 352
511 358
514 360
513 366
512 372
513 374
514 382
512 387
513 391
512 400
511 404
514 412
514 420
514 426
510 434
512 440
514 445
513 451
515 455
513 460
513 465
512 468
511 473
514 477
513 482
515 488
515 492
511 498
516 503
514 511
514 570
513 575
512 580
514 584
513 590
512 595
512 601
509 609
512 612
510 619
512 626
511 630
512 637
511 642
512 647
511 654
512 659
513 665
514 671
513 676
511 680
513 687
511 692
514 697
512 703
513 707
512 712
512 717
512 722
513 728
513 733
513 737
512 742
513 746
512 750
512 754
514 758
512 762
513 767
513 773
512 776
510 780
508 783
267 784
325 791
300 796
360 800
387 804
379 807
369 812
371 818
368 821
368 825
390 829
351 833
390 836
411 841
389 891
416 893
437 895
439 895
409 898
448 899
436 901
473 902
434 904
435 907
440 906
461 907
438 909
444 911
467 910
444 912
484 914
462 915
420 916
471 915
448 917
477 919
444 919
452 920
459 921
457 921
481 923
480 922
445 924
481 923
486 924
495 925
471 924
465 924
489 924
487 932
494 925
472 924
493 926
484 920
495 925
502 923
482 923
491 922
508 921
509 920
512 923
508 915
513 912
513 911
513 912
513 908
512 905
512 902
514 904
512 902
513 901
514 853
513 851
513 847
512 841
513 837
513 833
513 827
513 823
513 819
513 814
512 808
515 802
514 798
513 789
509 791
513 786
513 779
513 773
513 769
513 764
513 758
512 754
512 751
512 743
514 737
513 732
514 730
513 728
513 719
513 712
514 703
511 702
514 695
512 692
513 686
513 680
513 676
513 672
513 666
513 660
512 654
512 650
514 643
512 638
513 630
513 623
513 618
517 608
512 604
513 596
514 591
513 587
515 579
513 577
513 572
513 568
512 562
515 392
514 387
514 381
513 375
513 370
512 365
513 351
521 348
512 345
514 343
514 337
514 332
513 328
513 323
513 318
514 312
513 307
513 302
514 298
515 293
514 289
513 284
514 281
514 278
513 273
513 271
513 264
515 258
517 257
521 250
581 255
776 249
747 242
699 234
700 230
651 227
625 223
632 219
661 216
665 188
650 208
639 198
647 200
659 197
617 191
607 190
634 187
662 185
633 181
608 178
599 176
672 171
638 168
612 165
618 161
629 159
634 156
570 148
583 147
578 147
549 144
597 142
581 141
605 138
588 138
560 135
607 135
570 130
599 131
592 130
573 133
587 127
546 125
594 125
554 124
579 123
563 122
595 120
589 119
555 119
566 117
553 117
575 111
568 114
566 115
543 114
530 113
593 113
557 115
539 113
544 112
529 113
548 113
567 116
544 113
529 113
533 114
549 113
552 114
528 114
526 114
527 116
522 118
502 133
512 121
514 122
513 123
514 128
514 130
513 130
511 131
513 134
513 134
513 137
514 149
513 151
513 152
513 156
513 158
513 162
515 164
513 167
513 171
513 174
514 175
513 180
514 183
513 187
512 191
514 193
513 201
517 205
513 210
514 215
513 222
513 227
513 231
513 236
514 240
511 243
513 248
512 254
513 260
513 265
513 269
514 274
513 281
514 286
513 291
513 295
513 299
513 306
513 310
513 315
513 321
514 327
512 330
513 334
512 345
514 342
510 351
514 359
512 363
514 368
512 372
513 377
514 382
511 389
513 393
513 402
505 407
513 454
511 457
511 460
513 464
511 469
514 473
515 476
512 484
513 489
515 494
510 500
514 501
510 513
514 517
513 526
511 533
513 539
510 545
513 548
513 556
514 559
514 564
510 571
513 568
512 581
513 579
508 586
511 596
512 600
512 608
510 610
513 618
513 625
513 630
514 637
513 643
513 648
512 655
515 658
514 665
514 673
514 678
515 685
514 688
514 694
514 699
513 703
513 708
513 714
513 718
513 723
512 729
515 734
512 739
513 743
513 747
513 569
513 571
513 575
515 579
513 582
512 585
514 592
510 598
514 604
513 609
511 615
512 621
510 626
513 636
513 640
513 646
515 646
515 657
512 657
512 669
514 675
511 679
514 684
513 693
513 696
514 701
513 706
510 709
512 715
513 720
513 726
513 731
512 735
513 739
513 744
513 748
513 753
512 756
513 761
516 764
511 770
512 775
512 779
510 782
363 783
271 786
333 792
337 799
354 803
343 807
376 811
398 813
382 817
344 825
373 827
384 831
379 836
382 904
457 904
448 904
479 907
407 907
471 909
422 911
467 911
436 912
441 914
474 915
459 916
487 918
444 918
438 919
454 919
479 920
478 921
451 922
475 924
447 923
476 924
502 924
464 925
453 923
490 925
492 925
495 925
472 926
458 927
474 925
502 924
491 929
492 925
473 924
504 924
502 927
509 921
505 921
513 919
514 917
513 914
513 908
510 908
513 905
515 907
513 904
514 903
513 903
513 900
512 899
513 897
514 894
514 894
513 891
514 888
513 887
513 746
513 744
513 742
513 737
514 730
512 727
514 720
513 715
503 708
519 708
503 699
514 691
513 687
513 683
513 676
513 673
513 668
515 660
512 657
513 651
513 646
513 640
516 632
513 626
514 618
512 612
514 606
515 597
513 593
502 588
515 580
512 578
514 571
514 567
514 566
513 558
513 556
513 550
517 544
513 541
522 546
513 526
512 519
511 514
513 506
514 501
514 495
515 490
513 484
514 479
514 475
513 469
514 465
513 460
515 454
512 450
514 443
512 361
510 358
517 353
507 345
510 348
514 341
513 336
514 330
513 326
513 320
514 315
514 310
511 303
514 301
514 296
514 291
514 288
514 283
514 279
513 276
514 272
514 267
514 263
516 257
516 253
522 249
815 249
754 243
684 237
660 234
657 230
659 225
663 221
627 219
652 214
659 211
673 223
617 203
634 199
633 195
658 192
629 188
611 185
642 181
648 180
626 175
627 172
620 169
660 165
669 163
605 160
613 156
618 154
625 152
602 150
579 147
603 144
600 121
578 122
557 122
589 121
566 119
567 119
542 119
586 121
553 115
566 115
544 115
565 114
569 114
560 113
549 112
543 113
539 113
560 112
574 110
539 112
528 113
555 112
527 113
572 112
513 112
536 112
515 110
556 113
534 114
524 115
516 117
513 119
514 120
513 123
514 126
513 127
513 127
514 130
513 131
514 133
513 134
513 136
513 139
513 140
514 142
513 145
513 145
513 148
513 152
514 154
514 158
513 160
513 163
513 165
515 169
513 172
513 175
513 219
512 222
513 226
514 233
514 239
514 245
513 248
513 253
514 257
513 264
513 269
514 272
516 277
513 284
513 290
513 292
513 297
514 303
513 309
513 313
514 318
513 324
513 332
514 334
513 338
512 349
514 351
513 356
513 362
514 367
502 370
513 377
514 382
513 388
515 392
513 401
514 404
515 412
511 421
515 426
513 434
514 438
516 446
514 451
514 455
513 461
513 464
513 470
514 472
514 478
513 482
513 486
510 494
513 498
511 508
516 511
513 520
513 601
514 603
512 607
516 612
515 618
513 625
514 632
516 638
513 643
512 649
513 654
512 661
514 667
513 673
513 678
513 682
511 687
511 692
502 698
513 704
513 707
513 713
513 717
513 722
513 728
513 733
513 737
513 742
512 745
513 750
513 755
513 758
512 762
510 766
512 770
511 778
514 781
510 783
281 784
305 790
360 795
341 797
343 803
365 809
373 812
368 817
360 820
388 826
368 828
371 832
376 836
415 839
407 847
391 846
384 849
386 853
389 854
451 896
444 897
429 899
464 901
422 901
487 904
398 906
412 907
455 909
436 909
487 913
427 911
460 911
453 914
466 916
452 915
431 917
464 919
459 919
474 921
468 921
464 922
472 923
467 923
491 924
471 927
444 924
484 924
485 925
480 925
495 926
475 925
479 924
494 925
486 926
485 925
474 925
470 925
500 924
502 924
500 923
501 923
511 921
513 918
512 916
512 913
512 910
512 908
510 907
512 906
508 904
513 903
513 903
514 901
506 898
514 895
513 893
510 839
515 839
511 834
513 831
513 824
513 820
513 815
513 809
512 804
512 798
513 794
513 786
513 784
513 778
514 772
513 770
512 764
513 760
514 756
513 749
513 743
514 739
513 736
514 731
507 721
513 718
506 713
513 689
508 695
514 697
514 690
515 686
516 680
513 676
513 668
513 666
513 661
514 653
512 652
513 644
515 638
513 632
513 624
513 615
512 610
515 604
512 598
515 589
512 586
512 580
515 576
513 573
512 567
513 564
513 558
514 555
512 488
514 484
513 480
513 476
513 474
515 467
516 461
511 459
513 451
514 446
512 442
514 436
514 430
513 424
516 418
513 411
513 407
514 399
514 393
514 387
513 382
513 376
515 370
513 369
517 359
511 353
516 347
522 347
513 339
514 333
513 330
514 324
515 319
514 312
513 311
516 304
513 299
514 295
514 290
513 286
513 283
513 278
513 274
513 271
515 267
514 260
514 256
520 255
521 249
842 251
751 243
692 239
690 233
704 231
652 224
626 220
672 217
657 154
611 152
640 150
632 149
593 148
591 146
605 144
554 143
601 140
599 139
639 137
595 135
560 134
570 132
558 130
621 128
556 127
581 126
564 124
580 123
577 122
568 122
552 120
532 120
593 118
588 119
582 117
562 116
532 115
571 115
566 115
558 114
548 113
543 112
570 113
561 111
530 112
548 111
522 112
575 112
546 112
550 111
528 112
539 112
535 112
558 113
515 112
520 114
515 115
516 102
504 118
512 122
513 124
514 126
514 128
514 130
514 131
513 173
513 176
514 178
512 179
512 184
513 189
513 191
513 196
513 198
513 205
513 208
514 214
514 218
513 228
516 231
513 234
514 237
513 245
514 249
514 253
513 258
513 265
513 270
514 277
509 280
513 282
509 289
512 296
513 298
514 303
513 309
513 315
514 319
513 324
513 332
513 339
513 341
513 349
513 354
513 356
513 364
513 369
513 372
512 377
514 382
513 388
515 395
513 399
506 409
513 413
513 421
512 429
514 433
509 442
514 448
513 452
513 457
513 555
514 558
511 563
511 565
513 570
513 576
515 579
512 585
511 591
510 594
512 601
515 606
511 613
513 619
513 626
511 631
511 637
511 643
513 648
514 655
512 660
514 667
513 671
513 677
515 681
511 688
513 694
513 699
513 703
512 708
513 713
513 718
513 723
513 729
513 735
515 738
513 743
512 747
514 751
511 756
513 760
512 764
514 767
512 772
511 776
511 781
510 784
277 786
291 790
334 793
355 803
365 807
341 809
367 815
375 817
396 821
365 827
369 840
372 842
382 842
392 846
418 851
406 854
379 856
397 861
377 864
382 867
404 871
389 874
405 876
408 879
421 883
436 885
402 886
440 889
419 889
453 892
424 895
411 897
451 898
428 899
457 901
450 902
429 904
445 906
464 906
461 910
420 910
447 912
444 912
483 913
467 914
444 916
446 917
466 917
468 919
463 919
445 922
443 920
470 921
483 922
467 923
459 923
477 921
480 925
485 926
492 924
454 924
469 924
487 925
484 924
501 925
464 925
496 925
509 921
517 920
512 916
513 915
514 910
513 910
513 909
512 907
509 905
514 904
513 903
513 901
513 901
514 897
515 896
514 894
513 890
513 888
513 886
514 884
513 881
512 879
513 872
514 873
513 871
512 867
512 889
510 861
512 858
514 854
514 852
514 846
513 842
513 837
514 832
513 828
514 821
511 816
513 811
513 809
514 804
513 798
515 792
512 787
513 784
513 778
511 772
514 766
510 763
513 758
513 754
512 750
513 744
513 739
510 734
514 729
513 721
513 685
513 682
513 679
513 674
512 670
513 664
515 659
514 655
513 648
514 641
514 636
514 630
513 621
513 614
513 609
517 600
512 596
514 590
515 584
513 579
515 575
513 573
514 566
512 564
513 557
511 551
515 547
516 541
515 529
512 529
513 521
514 516
512 510
514 503
514 496
513 492
513 485
512 480
514 476
512 470
513 467
513 462
514 456
514 451
515 447
514 441
513 435
513 429
514 422
513 417
514 410
512 403
517 398
514 392
513 386
514 381
516 375
511 339
513 335
513 333
513 328
514 323
513 317
515 312
514 307
514 303
514 298
513 294
517 289
514 285
514 280
514 277
515 274
512 269
512 264
515 259
517 255
518 252
521 250
826 248
751 243
738 237
681 231
651 227
649 224
662 219
645 215
655 216
643 207
676 203
629 199
616 196
644 194
646 191
629 187
652 183
607 177
638 177
647 175
622 169
635 170
607 164
634 160
653 158
605 155
617 152
590 150
634 148
618 147
567 145
594 143
556 140
631 138
572 139
550 131
540 122
613 144
557 119
597 142
546 122
603 120
553 119
573 118
580 117
544 116
574 116
577 116
562 115
557 114
536 116
565 114
551 113
551 113
536 112
542 112
546 112
553 111
547 112
527 111
541 111
539 111
559 110
521 112
535 113
530 113
532 114
522 115
514 128
511 114
515 121
513 123
514 126
513 128
513 128
514 131
514 132
512 134
513 135
514 141
513 138
513 142
513 143
513 145
513 147
514 150
514 153
513 156
513 158
513 161
514 163
513 216
514 218
513 223
512 225
514 233
513 237
515 239
514 244
511 251
513 253
513 257
513 265
517 270
513 275
513 281
513 286
513 286
512 298
512 301
514 305
513 311
513 316
513 322
514 326
514 332
513 339
513 344
513 349
513 355
516 358
513 363
514 369
513 373
513 380
512 384
514 388
512 397
514 402
516 408
513 418
517 423
511 431
513 435
513 442
511 449
513 452
513 457
512 462
513 465
512 470
513 475
514 478
512 485
513 489
512 495
510 502
513 509
515 590
512 593
516 596
512 602
517 606
515 615
510 619
515 627
512 633
514 639
513 644
513 652
515 657
513 663
513 669
514 675
513 679
512 686
513 692
516 698
514 700
516 706
513 709
513 715
512 720
513 725
513 730
513 735
513 740
513 745
513 750
515 753
514 757
512 760
512 765
516 769
512 773
516 777
510 782
496 783
271 785
310 794
331 797
370 800
345 806
368 809
389 815
374 817
359 823
385 827
373 832
388 835
389 838
359 841
397 843
414 848
403 847
412 891
394 892
420 893
436 895
442 897
441 897
436 899
433 900
422 903
452 903
462 905
437 907
452 909
446 908
469 910
460 912
421 913
433 915
455 915
471 918
475 918
453 920
456 919
460 921
475 922
476 922
456 924
449 923
469 924
486 923
486 924
469 922
471 922
481 925
488 927
473 925
477 925
452 924
504 924
486 924
508 924
469 924
498 928
506 923
502 922
504 920
510 919
514 915
513 913
513 911
513 909
514 908
514 907
513 905
513 902
513 903
512 901
513 880
512 879
512 875
511 874
513 871
512 869
513 865
518 858
513 859
513 855
512 852
513 849
514 844
512 840
514 836
513 830
515 826
513 822
514 818
513 810
513 805
513 802
513 794
512 792
513 788
513 782
514 776
512 773
513 768
514 760
513 756
513 752
512 748
512 741
514 736
513 731
512 728
512 723
516 714
513 710
515 704
515 701
512 693
514 689
516 683
514 677
513 673
513 668
512 664
513 657
513 653
512 647
512 641
512 634
515 627
511 621
513 613
513 530
521 524
520 526
512 515
516 507
516 502
516 494
512 489
514 483
515 480
513 477
515 469
512 465
513 458
510 456
513 449
514 444
515 439
512 432
513 428
514 421
512 414
514 409
512 403
513 397
514 391
513 385
514 379
512 373
514 367
513 362
513 357
522 350
518 317
514 341
513 336
514 330
514 327
513 321
513 317
514 310
513 306
514 302
514 297
513 292
513 288
513 284
513 280
513 276
513 272
514 267
513 263
516 259
517 254
520 250
701 251
807 245
627 183
640 180
649 176
624 174
613 170
658 167
651 164
614 161
610 158
615 155
625 153
611 150
593 148
600 146
566 145
607 143
623 141
566 140
592 138
553 136
611 134
578 134
562 131
587 130
577 129
590 130
580 128
569 131
578 127
564 123
580 121
565 120
577 119
555 119
599 117
548 118
565 115
560 116
551 116
562 114
570 113
549 113
538 112
537 114
571 110
539 114
542 113
546 111
545 113
556 112
553 113
529 113
525 112
525 113
549 112
555 113
516 115
513 142
515 147
513 147
515 148
513 152
514 154
513 158
513 161
514 163
514 165
516 169
514 172
514 174
513 179
513 182
513 184
513 189
514 194
513 198
512 202
513 205
514 211
513 218
514 224
513 228
513 231
515 236
514 240
514 246
513 252
514 257
514 261
513 264
513 271
513 279
513 283
512 288
513 290
513 296
513 303
514 308
513 310
515 316
514 323
514 328
514 333
512 340
513 345
513 349
514 356
514 359
513 363
513 370
514 377
513 379
513 384
513 390
513 463
512 463
512 467
513 473
514 476
511 480
513 485
514 490
510 495
514 502
512 510
512 516
513 520
511 530
515 535
513 542
515 546
514 553
511 557
514 561
512 568
510 571
514 576
518 584
513 586
512 593
513 599
515 606
514 610
513 616
514 623
517 629
515 635
512 639
513 647
513 654
514 658
513 664
513 671
515 675
512 680
512 686
515 691
512 696
513 700
512 705
513 710
513 716
513 720
511 726
513 732
510 735
512 743
513 741
513 748
514 751
512 757
367 827
357 830
367 835
392 838
404 842
395 845
391 848
385 851
418 854
407 857
382 860
383 865
407 868
406 871
395 873
381 877
404 878
425 883
431 886
417 887
411 889
422 890
459 891
434 895
437 897
421 897
472 899
440 901
421 903
441 904
417 905
464 906
454 908
447 909
438 911
445 911
466 913
447 915
473 915
420 917
448 917
473 918
459 920
475 920
459 922
480 922
476 922
485 921
467 924
463 924
475 922
485 925
477 921
497 924
463 924
480 924
506 899
513 903
511 902
513 900
514 900
513 896
514 895
513 892
513 889
513 889
513 885
513 882
512 879
516 878
513 876
512 872
514 867
512 864
512 857
511 859
513 855
512 852
512 849
517 844
513 839
513 832
513 830
513 824
513 820
513 815
513 809
517 803
513 799
512 796
512 790
513 786
513 781
514 776
513 771
509 768
513 759
512 757
513 751
513 744
512 739
515 734
513 730
513 725
513 722
512 715
514 709
514 704
509 702
513 692
512 687
513 680
514 678
513 503
514 498
514 495
513 489
514 483
518 479
512 473
515 467
514 466
514 459
513 455
515 450
513 443
514 439
514 432
517 427
513 420
510 414
514 408
516 401
514 395
514 389
512 384
514 378
514 370
513 367
513 362
515 357
517 348
505 339
522 340
513 336
515 330
514 326
514 321
513 314
514 311
513 305
513 301
511 295
514 292
513 287
514 284
512 279
511 276
514 271
512 265
514 262
516 258
518 255
525 250
747 252
770 245
704 239
703 236
649 231
656 226
644 209
653 206
616 196
629 207
641 199
651 196
623 193
628 189
645 187
629 182
640 180
615 176
651 173
629 170
641 165
652 163
626 161
612 157
634 155
602 154
611 151
603 149
594 147
583 145
593 143
585 141
620 139
583 138
578 136
563 135
567 132
612 131
598 130
568 130
573 131
563 124
611 134
563 123
576 123
556 122
568 120
599 119
563 118
578 118
545 117
539 120
592 117
562 116
530 115
545 114
557 115
575 116
548 114
528 113
541 112
549 112
550 112
563 114
519 115
516 117
516 118
513 124
513 121
513 124
515 126
516 128
513 130
514 131
519 133
514 133
516 135
513 135
510 139
513 140
514 144
513 145
514 148
511 149
514 153
513 154
513 157
514 161
513 163
513 166
513 169
513 172
514 174
513 179
513 182
515 185
