598 123
548 123
556 123
550 121
555 119
581 118
549 118
574 115
572 116
545 115
556 114
569 117
546 115
559 116
530 114
575 110
564 112
547 112
533 112
564 111
549 112
549 113
524 112
532 111
546 113
535 114
515 113
533 114
522 115
517 116
514 118
514 120
514 123
514 125
514 127
516 129
513 131
514 132
512 134
513 134
513 137
514 135
514 140
513 142
513 146
513 148
510 151
512 153
515 154
514 157
513 160
513 162
513 165
513 168
512 173
514 176
515 178
466 925
490 926
485 924
462 925
475 923
490 924
489 924
486 925
469 924
509 924
499 924
493 923
505 922
510 919
513 920
514 918
514 915
513 910
513 910
513 910
513 906
513 907
513 903
513 903
513 900
513 898
514 897
512 895
513 893
514 888
513 887
512 888
515 881
513 882
514 878
514 874
513 871
513 868
513 866
513 863
514 859
512 856
513 853
513 848
514 844
511 841
513 835
513 830
513 826
513 820
511 816
513 813
513 807
514 800
516 798
512 791
513 786
547 112
571 112
559 111
535 112
548 114
547 112
541 113
522 113
527 113
538 114
520 116
516 117
514 117
514 120
513 123
513 126
514 127
513 129
513 131
514 132
513 134
513 134
514 137
514 137
514 140
516 141
513 145
515 145
513 158
513 151
513 155
513 157
513 158
514 163
512 166
514 168
514 172
513 174
513 179
512 182
513 186
513 189
512 193
513 196
513 203
514 207
513 212
513 220
515 221
513 227
515 234
514 238
513 241
514 243
514 251
513 257
514 263
516 577
514 580
515 583
512 588
514 592
512 598
512 606
512 610
513 615
513 622
512 629
513 634
512 640
513 646
513 652
514 659
512 665
514 669
513 676
514 682
513 686
513 692
513 696
512 701
513 707
510 710
512 716
511 721
512 727
513 729
512 735
513 740
511 744
512 749
515 753
513 758
512 759
515 768
511 768
512 774
514 778
511 782
409 784
387 788
354 793
384 798
364 803
335 807
370 812
403 814
368 819
350 823
387 826
387 830
385 834
384 837
389 841
412 889
434 890
413 892
442 893
472 895
412 896
450 899
403 900
460 900
412 904
412 904
488 905
438 907
461 908
404 910
482 911
457 912
450 913
454 914
445 915
491 917
439 917
441 919
454 919
468 920
465 921
456 921
458 922
479 922
471 923
472 924
462 924
479 925
503 924
472 924
466 924
494 924
483 926
481 925
485 925
486 925
492 924
495 924
483 924
495 921
509 920
508 919
511 919
514 915
515 914
514 911
515 909
515 907
515 905
513 904
513 903
513 861
514 860
514 856
513 855
513 851
512 847
513 845
513 840
513 833
513 829
513 827
512 822
512 815
513 810
514 806
514 803
520 793
513 790
514 786
513 780
513 775
513 773
514 766
514 761
514 755
513 749
513 744
513 744
513 734
513 728
513 724
513 720
514 715
513 709
513 704
514 697
513 692
513 690
513 682
514 677
512 673
513 667
510 661
514 658
513 651
514 644
513 640
514 633
513 626
521 620
519 612
513 605
513 598
514 591
513 588
513 580
512 577
513 485
511 482
516 476
512 473
514 467
513 464
513 460
513 454
512 446
513 452
514 436
514 431
514 425
512 419
513 413
512 410
513 401
513 394
512 389
514 383
514 377
514 372
513 366
514 361
513 355
514 350
513 346
514 340
514 335
514 330
514 325
514 320
513 315
514 310
512 305
514 299
514 296
514 292
513 288
514 289
514 285
513 278
514 271
514 267
514 262
513 258
516 255
628 252
670 248
646 243
645 238
701 233
655 230
633 226
654 220
666 218
669 214
648 175
646 172
677 169
689 169
662 166
646 186
614 156
620 151
577 151
659 151
616 150
596 148
586 146
563 144
628 142
568 141
583 139
590 138
572 135
604 134
561 132
590 131
579 130
608 129
584 129
570 126
580 126
564 123
576 122
542 121
571 120
603 118
597 118
544 116
535 116
579 116
582 116
559 114
534 118
573 114
585 112
541 113
558 118
535 112
577 112
529 111
541 112
528 113
562 112
553 112
532 112
527 111
550 113
543 113
519 114
518 113
518 117
514 157
514 162
514 160
513 161
513 166
513 167
513 171
514 176
513 179
511 182
513 186
513 190
513 193
513 199
514 204
513 209
514 213
514 220
514 223
513 229
513 235
515 240
514 243
514 246
513 252
514 259
513 264
513 268
513 272
513 277
513 285
513 288
513 292
514 298
513 305
513 308
514 311
516 319
513 325
516 329
513 335
513 341
514 347
513 350
513 357
513 360
513 366
513 372
513 376
513 381
514 387
513 393
513 399
513 406
513 413
513 418
512 427
512 532
513 538
510 544
516 550
512 555
513 560
513 564
512 570
514 573
513 580
514 583
513 588
512 594
514 601
511 607
513 611
513 619
512 625
514 630
511 637
513 642
513 649
512 655
513 660
512 666
513 672
513 678
512 686
513 687
513 694
511 699
513 701
514 709
513 714
513 717
511 722
511 727
512 734
514 738
513 741
512 746
513 750
512 754
509 759
514 760
516 768
513 771
509 775
513 778
510 782
392 783
387 789
372 795
357 799
369 803
390 807
380 811
466 902
452 903
434 903
432 906
419 904
457 907
450 910
456 911
435 910
459 914
474 911
457 917
449 917
429 918
462 919
479 920
467 919
480 922
442 922
471 922
481 923
445 923
474 921
476 924
469 923
463 925
471 924
507 925
488 925
471 925
479 924
499 925
490 924
480 925
497 922
499 924
507 922
501 922
505 920
514 917
511 915
512 913
514 910
513 909
507 911
513 905
513 904
513 900
513 900
513 896
512 897
512 896
513 893
513 889
513 888
514 884
512 884
514 875
513 869
513 869
513 867
513 864
513 861
513 857
513 855
514 852
513 846
514 843
512 838
513 835
513 829
514 824
513 819
513 816
513 803
513 802
513 798
516 795
513 787
512 784
513 776
513 773
513 771
513 764
514 759
511 753
511 747
513 745
513 739
510 734
514 728
513 722
513 719
513 712
513 707
512 701
514 695
513 690
513 686
513 680
513 676
513 670
513 666
514 660
514 655
513 648
514 642
512 638
512 629
513 622
513 616
527 608
513 605
513 594
515 563
513 560
512 553
513 547
513 543
515 533
514 531
515 524
513 518
513 507
515 504
512 496
514 491
512 485
514 481
515 475
513 471
515 466
514 461
512 457
513 450
510 452
522 461
514 436
513 429
517 423
514 418
513 411
514 406
512 398
513 392
513 387
513 382
514 376
514 370
514 364
514 356
514 353
515 345
513 343
514 338
513 332
514 328
513 323
514 319
513 314
514 308
515 304
514 300
514 294
513 290
514 286
505 284
516 279
513 275
516 269
514 264
636 242
656 238
647 233
644 229
656 225
666 221
647 218
640 211
684 210
650 205
637 202
627 198
662 195
643 191
626 189
631 185
631 182
633 179
644 174
617 173
612 168
675 164
615 162
620 153
626 162
601 149
659 150
587 150
594 147
609 146
591 142
590 142
579 142
590 140
589 138
564 137
595 134
579 133
637 131
550 130
573 128
590 128
581 121
587 125
562 124
588 122
565 122
596 121
557 119
574 119
580 116
565 116
557 115
550 116
566 114
567 109
543 112
532 112
556 112
538 113
527 112
554 113
520 112
538 114
516 114
530 118
517 115
513 116
518 119
513 122
514 125
513 127
514 128
513 129
513 132
513 133
513 135
512 136
513 138
513 139
514 142
513 143
513 146
513 148
512 152
513 153
514 156
512 159
511 160
514 167
513 167
513 170
513 175
514 178
513 179
515 183
514 186
513 192
514 196
512 200
514 205
513 209
512 213
513 221
513 226
513 232
513 236
513 240
513 243
513 249
514 254
513 258
514 263
514 301
513 304
512 306
513 308
513 315
513 321
513 325
514 330
513 337
513 342
513 348
513 353
513 356
513 360
512 368
513 374
511 377
513 379
513 388
512 395
513 400
513 408
513 414
513 422
513 430
513 434
512 441
513 446
513 453
513 456
513 462
516 464
513 470
511 477
515 476
513 486
516 488
513 494
509 500
513 505
510 514
514 519
513 528
514 533
514 539
510 546
513 550
515 557
515 560
512 567
512 563
513 575
512 582
512 586
514 588
511 596
512 601
511 684
514 687
514 691
514 694
510 696
514 704
512 708
513 714
511 718
512 725
511 728
512 733
513 736
511 743
513 746
511 751
512 755
513 758
512 761
515 766
514 771
512 776
511 778
474 783
384 785
354 792
359 796
385 800
384 804
362 808
375 806
390 816
397 820
372 824
357 829
366 833
394 836
409 837
357 843
394 845
425 849
384 852
363 857
398 859
406 862
398 866
354 869
372 871
411 876
400 880
392 883
414 883
403 887
440 889
389 891
420 893
441 893
454 916
431 916
455 918
459 917
466 920
457 920
466 920
466 920
464 922
464 918
487 922
483 921
473 924
452 924
475 925
484 925
480 924
471 927
488 924
490 922
481 924
483 922
479 924
503 924
508 923
485 922
507 922
509 919
513 919
512 918
513 914
512 910
514 910
514 908
514 909
513 906
513 904
513 903
514 901
513 899
510 894
513 896
513 892
513 891
514 888
513 885
513 883
513 880
512 877
513 874
512 872
513 869
513 866
513 862
512 858
514 856
513 854
513 783
513 782
513 776
513 771
512 769
513 763
514 753
513 752
514 747
513 741
513 737
513 734
513 728
513 720
513 716
512 712
513 707
512 698
513 694
513 689
512 684
513 679
512 675
513 669
513 662
513 660
514 653
513 647
513 644
513 636
514 627
512 624
508 617
538 598
513 602
515 595
512 590
514 584
513 580
515 574
512 572
513 566
514 562
514 559
513 552
513 550
513 542
514 536
513 530
514 523
513 516
514 508
512 505
516 496
512 492
513 485
511 480
515 432
513 428
513 422
514 417
513 410
514 403
513 397
512 391
514 385
516 380
515 374
515 368
514 364
514 358
514 353
514 346
514 341
514 335
514 332
514 326
513 323
513 317
514 312
512 307
514 298
513 298
514 290
514 289
513 285
514 274
509 276
518 269
514 267
512 263
513 259
514 255
589 253
660 249
662 245
663 240
644 237
669 232
686 227
640 224
650 221
649 216
676 211
668 207
643 204
641 199
646 197
631 193
615 190
640 187
620 185
651 180
614 178
566 138
577 137
597 135
606 135
577 130
589 131
550 129
603 129
592 127
557 126
580 124
570 124
584 122
559 122
570 121
597 120
562 119
571 117
547 115
574 116
589 115
546 115
532 115
544 106
576 114
551 112
524 116
544 113
568 110
531 113
535 111
547 113
543 113
552 115
527 113
530 114
530 113
543 115
511 115
517 117
514 120
513 122
514 124
513 127
514 129
513 130
514 131
514 134
514 134
513 135
512 136
513 139
514 141
513 141
513 144
513 147
512 154
513 201
513 205
513 210
513 214
513 223
513 226
513 230
513 236
513 242
513 247
514 254
512 255
512 258
515 264
513 273
515 276
513 279
509 286
514 292
514 297
514 301
514 306
513 311
512 318
514 322
513 326
513 332
513 340
513 342
512 348
513 355
513 358
513 363
514 368
512 379
513 377
513 385
513 389
513 394
510 404
514 407
513 416
512 424
513 427
513 438
513 442
513 449
513 452
513 457
513 463
514 465
513 472
514 474
513 476
515 484
514 492
513 496
512 584
513 589
512 594
513 597
512 604
512 610
514 616
513 621
513 628
512 634
511 640
512 646
515 653
513 657
512 663
512 669
513 674
513 680
513 684
513 690
513 695
512 701
512 706
513 710
509 716
513 721
511 726
512 732
514 737
511 744
511 744
512 749
513 753
512 757
514 760
512 764
513 769
512 773
514 777
509 783
391 785
379 790
372 794
413 797
358 801
362 805
396 813
392 813
359 817
359 821
379 825
366 831
369 834
370 838
408 841
379 843
393 878
396 883
402 885
408 887
387 889
446 891
475 893
411 894
466 895
423 897
459 899
424 901
433 902
464 904
444 905
442 905
424 909
448 909
465 910
463 912
434 911
458 910
463 914
465 916
432 918
447 918
478 919
463 920
441 920
465 924
457 921
473 922
469 923
447 924
481 924
477 924
490 924
459 924
487 925
490 924
501 925
453 923
505 923
500 923
495 924
476 924
478 923
510 922
505 924
507 919
513 917
514 915
513 914
511 909
514 908
511 906
511 881
513 864
513 861
514 858
513 855
513 851
514 848
513 844
513 840
513 836
513 830
513 826
513 818
511 816
515 811
513 806
513 804
514 810
513 786
514 782
513 782
514 776
514 771
514 766
513 761
512 755
512 752
513 749
512 740
513 738
513 732
513 725
513 718
514 717
512 711
513 703
514 699
513 692
513 687
513 683
513 678
514 673
513 668
514 664
513 660
515 651
512 648
513 641
517 634
513 632
512 620
510 616
506 606
513 601
514 594
515 588
513 583
514 577
511 673
512 669
513 664
514 665
513 657
512 651
512 645
512 640
513 633
513 626
514 618
503 614
523 605
514 597
513 594
514 586
514 583
513 579
513 577
511 570
514 564
513 561
514 555
513 551
513 546
515 539
515 533
512 529
514 519
515 514
514 508
515 498
512 496
516 490
513 484
513 478
515 471
512 469
515 464
512 460
515 454
512 457
516 442
510 435
516 431
514 426
514 420
512 413
512 407
514 401
514 394
514 389
513 383
514 378
513 372
514 367
515 361
513 194
635 192
609 190
653 186
654 180
616 179
634 172
643 173
635 168
638 166
635 163
614 158
622 151
616 153
604 160
611 150
600 147
579 146
593 144
605 143
607 141
598 138
562 139
589 137
598 136
579 133
587 131
587 130
583 130
574 130
562 125
579 125
572 124
572 123
580 122
551 121
585 120
578 119
567 119
552 117
562 116
580 115
575 115
540 114
555 116
580 131
547 114
539 118
545 113
551 113
549 113
539 112
524 113
559 112
564 113
525 113
534 113
513 142
512 144
513 145
513 147
514 149
510 153
513 156
514 159
514 161
513 166
513 167
514 170
513 173
514 177
514 180
515 183
513 187
513 190
513 195
512 200
512 205
514 209
514 213
513 220
513 224
513 229
513 236
513 239
513 243
513 249
513 255
513 257
515 262
512 269
514 272
513 279
513 282
513 289
514 294
513 304
512 304
513 307
513 315
513 322
513 323
513 330
512 337
513 342
513 347
514 352
513 357
513 361
513 366
514 373
513 377
513 380
513 388
514 434
513 439
514 444
513 453
513 454
514 465
514 462
513 472
511 474
514 474
513 484
516 484
514 492
511 499
513 504
508 512
513 516
513 525
514 530
511 538
514 542
512 549
512 553
513 559
509 565
514 567
512 575
514 578
513 582
513 589
512 595
512 600
512 605
513 611
513 618
514 623
512 631
516 637
513 642
512 648
513 655
513 659
513 668
513 671
510 676
511 684
513 688
513 693
514 699
513 703
512 708
512 711
512 717
513 723
513 727
513 733
511 737
510 774
511 777
513 777
507 782
387 785
382 792
358 796
366 799
390 803
353 807
407 811
374 815
360 820
368 823
380 827
359 834
366 836
382 839
394 843
404 845
369 850
406 852
399 854
405 858
380 862
394 864
386 868
401 872
374 875
381 878
399 881
419 883
429 887
405 887
434 890
429 893
433 894
425 894
449 897
474 898
400 901
436 901
429 903
456 905
433 907
455 908
442 909
439 910
464 911
429 912
467 914
450 915
465 917
438 917
449 919
484 918
451 920
482 923
478 924
481 923
475 924
484 925
493 925
497 925
468 924
494 922
497 924
495 925
482 923
484 923
499 923
506 921
504 921
511 918
513 916
513 915
513 911
513 909
511 908
513 905
512 909
514 903
513 903
514 901
514 899
513 897
513 896
513 893
512 890
513 889
512 886
513 883
514 881
513 879
513 875
513 872
512 870
512 867
513 863
513 859
513 858
513 853
513 848
514 846
512 842
513 838
513 833
513 828
512 823
511 818
514 811
512 809
513 803
513 796
514 754
512 751
512 746
514 743
513 739
513 733
512 727
513 724
513 718
514 711
512 708
513 701
513 695
514 691
513 685
512 680
513 677
512 668
512 665
513 662
515 652
513 652
514 641
513 637
514 631
513 622
514 618
510 616
514 604
513 598
515 591
513 586
515 580
513 577
514 570
512 569
512 563
514 559
514 555
516 549
513 544
514 537
513 531
516 524
511 519
513 511
515 504
512 499
514 494
511 487
513 482
514 477
509 471
514 467
514 463
514 458
513 365
514 364
514 358
513 354
515 348
513 343
513 338
513 333
514 328
513 324
514 319
514 313
513 309
514 304
513 298
514 295
513 291
511 286
512 282
514 275
509 276
511 275
514 266
515 261
516 253
574 254
623 250
629 246
687 241
660 237
647 233
636 229
654 225
647 222
666 217
646 213
657 209
651 205
664 202
634 198
646 195
649 191
626 189
643 186
607 181
653 179
633 175
639 171
635 169
640 165
593 161
632 155
642 159
639 150
597 146
597 150
592 147
598 124
570 123
558 122
583 122
580 119
556 119
560 118
559 117
581 117
568 117
531 116
555 114
560 114
557 115
557 109
561 114
569 110
549 112
539 112
550 112
567 113
524 112
541 113
532 113
554 113
525 110
529 113
518 114
538 114
517 117
512 118
515 119
515 122
513 125
513 127
513 129
514 131
514 132
514 133
514 135
514 137
513 137
513 140
513 142
513 143
512 146
513 149
518 153
513 154
513 156
513 158
514 163
511 166
513 168
513 168
513 173
513 178
512 250
513 253
513 256
513 259
514 266
514 270
513 275
513 279
513 285
510 291
513 296
512 301
514 305
513 310
513 316
513 320
512 322
514 333
513 337
514 343
513 349
513 353
514 359
513 364
513 368
514 371
513 376
513 384
514 389
512 395
514 400
513 406
513 416
514 420
513 428
512 436
513 441
513 447
514 452
513 456
514 460
514 466
514 469
513 475
511 480
514 483
512 489
514 494
513 500
510 507
514 512
509 520
513 526
513 532
515 540
510 546
511 551
510 612
513 616
513 619
512 627
511 634
512 638
512 644
513 651
513 656
514 661
513 668
513 673
512 675
514 683
512 688
514 694
513 698
512 701
513 708
513 711
513 716
513 721
513 729
513 732
513 738
514 742
513 745
513 749
514 755
514 764
513 763
512 768
514 773
512 789
510 781
463 782
405 787
376 790
367 795
349 801
363 805
384 809
364 812
380 816
393 821
341 824
370 829
378 832
399 836
376 839
381 844
385 846
404 849
374 853
370 856
417 859
380 862
445 903
445 902
445 904
443 906
450 907
457 909
421 909
471 911
465 912
439 913
462 914
433 916
465 916
431 918
452 917
467 919
480 919
476 920
442 921
451 921
487 922
479 923
463 923
470 924
480 923
486 924
464 925
469 924
492 923
491 924
478 925
478 924
493 924
500 924
499 924
483 923
506 923
511 920
512 918
513 916
513 914
514 910
512 909
513 907
513 906
519 899
513 904
513 902
514 901
513 900
513 897
512 895
513 893
513 891
513 888
513 887
510 883
513 816
513 813
513 806
514 798
513 797
513 795
521 788
514 781
513 776
512 773
513 766
510 761
512 756
513 752
513 749
513 741
512 736
513 733
513 727
513 721
513 716
510 711
512 704
513 700
514 696
512 687
513 685
513 678
513 671
513 671
513 663
514 658
513 655
513 645
513 643
513 635
514 628
513 622
514 611
507 605
513 600
514 594
513 589
514 583
513 581
515 573
514 572
513 566
515 561
513 555
511 552
511 548
513 542
515 536
511 530
514 523
513 516
514 420
512 418
514 410
514 405
515 398
513 392
511 386
513 380
514 375
514 369
515 364
513 360
511 353
513 347
513 343
514 337
513 333
514 328
514 322
514 331
512 312
514 308
514 300
513 298
514 295
514 287
514 286
514 281
509 280
509 275
513 272
513 266
514 261
517 256
579 253
645 250
658 245
646 241
659 238
687 232
666 227
628 225
644 221
678 217
648 213
631 208
643 205
662 199
627 198
646 194
637 192
632 188
638 185
633 181
632 182
651 175
648 168
562 140
596 138
591 137
610 135
594 134
560 133
568 132
579 130
600 129
552 127
588 127
579 125
574 123
571 123
540 121
579 120
564 120
579 118
573 119
564 116
569 117
559 115
551 115
560 114
572 113
561 108
532 110
548 115
553 110
545 111
543 113
537 112
543 113
539 111
542 113
519 112
548 113
546 112
522 114
518 114
515 118
515 118
513 121
514 123
513 126
514 125
510 130
513 131
512 133
513 135
511 135
513 137
514 137
513 140
513 142
513 142
514 146
514 210
513 216
513 223
513 228
513 230
513 236
511 240
513 245
513 249
514 255
512 262
513 264
509 269
513 276
511 282
513 289
513 291
511 295
513 300
513 307
513 310
514 315
513 323
513 327
513 331
513 340
513 338
513 347
508 353
515 358
513 364
513 370
513 372
514 379
513 384
514 388
513 398
514 400
514 410
512 416
513 421
512 432
516 435
513 444
513 448
513 453
511 459
514 460
513 467
516 470
514 472
511 478
511 485
512 489
513 496
512 501
514 610
513 614
513 619
512 622
511 627
514 634
512 640
515 645
512 650
515 658
513 662
513 669
513 673
510 680
514 682
513 690
513 694
514 699
511 704
513 710
513 716
513 719
513 726
512 729
514 735
511 738
513 743
513 749
513 751
512 755
512 760
513 766
510 770
512 773
512 778
511 782
403 784
413 787
386 792
369 796
342 801
344 806
391 827
378 809
354 817
374 817
385 825
352 830
374 833
402 836
371 839
414 844
395 846
389 850
407 853
399 855
381 859
412 919
453 919
460 919
478 920
459 920
481 922
470 922
451 922
477 923
473 923
473 925
464 924
465 923
502 924
489 924
476 924
485 923
491 925
491 925
489 925
482 921
504 923
504 919
491 922
501 920
514 916
511 917
512 915
514 909
513 909
513 919
515 906
509 905
515 903
513 902
513 901
513 900
513 897
512 894
513 894
514 891
513 888
513 884
513 883
514 879
514 878
513 874
513 871
512 868
512 867
512 862
513 859
513 857
513 852
514 848
513 844
514 841
513 818
513 816
513 815
514 811
513 805
514 800
513 797
514 810
515 785
513 782
513 777
513 771
513 766
513 761
512 756
513 751
509 746
513 741
513 735
513 732
512 726
514 720
513 716
513 710
513 704
514 699
513 694
513 687
514 682
514 678
513 673
513 668
514 664
513 658
514 652
513 649
513 642
513 634
514 628
514 620
511 615
526 606
513 600
512 595
514 587
512 585
512 577
512 574
513 569
515 564
513 563
513 556
512 553
513 546
514 541
513 536
515 528
512 473
513 471
515 467
513 460
513 456
513 450
513 445
528 442
512 432
512 429
515 421
513 418
513 409
513 400
513 396
514 391
513 386
514 379
514 374
513 368
514 363
513 357
515 352
513 346
513 341
514 336
514 331
514 326
513 321
513 317
513 311
514 306
513 301
516 297
513 293
516 289
514 285
514 281
509 286
515 272
506 268
514 263
515 258
516 255
585 253
642 247
647 245
675 241
663 232
660 230
670 225
654 223
