513 505
512 504
514 500
512 496
513 491
514 486
513 480
514 475
513 481
515 464
512 468
516 456
514 450
513 447
513 441
513 435
514 429
513 422
513 416
513 410
514 405
513 398
514 392
513 386
514 381
514 375
512 370
508 369
508 361
514 352
514 348
513 341
513 337
514 333
513 328
512 322
513 318
513 314
514 307
512 302
514 298
513 294
512 289
514 285
513 282
513 277
514 274
513 278
513 264
515 260
518 256
561 254
630 251
783 251
917 246
876 238
873 235
514 631
514 634
514 639
513 645
514 651
513 657
513 663
514 669
512 673
513 678
513 685
513 689
511 695
513 709
514 705
513 709
513 714
513 721
513 725
513 730
513 735
513 739
512 744
511 747
513 751
513 757
512 760
513 764
511 767
514 772
512 775
509 782
436 784
221 784
164 788
196 793
172 797
214 804
191 809
265 811
243 817
222 819
211 826
215 829
256 834
256 836
247 839
270 843
283 846
275 849
271 852
274 855
325 859
276 862
254 865
279 868
281 878
511 387
514 385
512 379
513 374
525 366
508 381
512 346
513 351
514 346
514 340
513 335
514 331
513 326
514 322
514 315
513 312
515 305
512 299
511 297
514 293
513 288
514 284
514 280
513 276
513 272
514 267
515 263
515 259
520 254
643 252
667 250
919 247
867 243
833 237
850 236
814 229
800 222
794 220
796 223
801 211
798 208
791 202
787 201
742 198
762 191
746 191
723 187
749 185
738 179
753 179
741 178
748 172
762 169
766 165
763 163
744 159
722 157
513 133
514 137
513 138
514 140
512 142
514 144
513 146
514 149
514 151
515 154
512 156
514 160
513 162
514 166
514 168
513 171
515 174
514 178
514 181
513 184
515 170
515 190
517 197
513 201
513 206
513 207
510 218
514 220
514 225
513 231
514 236
516 236
514 246
513 250
514 254
513 259
514 266
513 271
511 275
514 277
513 285
514 287
514 297
513 301
514 305
513 310
513 317
514 322
514 327
513 333
513 339
513 343
514 348
513 355
513 360
514 362
513 369
513 469
514 470
513 474
513 481
514 484
514 490
513 497
514 502
514 509
514 514
513 520
513 528
513 535
514 541
514 546
514 554
513 556
513 561
512 568
513 571
514 577
514 581
513 586
512 593
512 597
513 603
514 604
513 615
513 619
510 628
513 635
514 641
512 646
513 652
514 658
513 664
513 670
515 675
513 681
513 685
512 690
515 697
513 701
514 706
513 711
512 716
513 721
514 726
513 731
513 736
513 740
512 744
514 747
513 753
512 757
513 761
513 832
247 835
276 837
240 840
290 844
285 847
265 850
289 854
293 856
253 859
258 862
304 865
258 869
311 873
267 876
288 877
306 881
307 883
313 886
331 887
350 883
347 892
359 894
370 895
336 897
380 898
373 901
382 901
385 902
318 907
412 906
367 907
405 910
402 911
366 907
386 911
394 913
431 914
370 916
424 916
380 918
412 918
385 918
387 919
433 920
430 919
433 924
414 922
431 923
444 923
452 923
457 923
418 925
467 924
450 919
442 924
454 925
461 901
512 900
512 898
513 897
514 895
514 892
512 890
513 888
514 884
513 882
514 881
516 872
513 874
513 872
513 869
513 867
513 852
514 858
511 852
511 852
513 848
513 844
513 840
513 835
513 828
514 825
513 818
513 816
513 809
513 808
512 802
513 797
515 792
513 785
513 781
513 775
514 771
513 768
513 760
514 756
514 754
512 747
515 740
513 735
513 732
513 722
517 720
514 716
513 711
513 703
513 698
514 695
512 688
514 683
513 679
513 672
513 669
513 591
513 588
512 583
514 579
514 573
513 573
512 565
513 561
513 555
514 551
513 531
516 540
513 535
513 528
513 522
513 514
514 509
513 501
514 494
513 491
514 482
514 479
514 471
514 469
513 461
514 460
513 456
514 449
514 445
514 438
513 433
513 426
515 420
514 414
513 407
513 401
513 395
513 390
513 384
513 378
514 372
513 355
508 362
518 347
512 350
514 346
511 339
514 334
513 330
514 325
513 320
514 315
514 309
514 305
514 300
513 296
514 292
513 218
819 212
813 210
796 207
784 203
770 200
770 197
751 192
738 187
747 190
752 184
737 179
741 178
761 174
753 171
756 168
744 164
755 160
776 158
720 155
709 153
695 151
696 146
680 148
697 144
651 144
632 142
683 140
682 138
673 137
641 136
657 132
691 133
671 149
633 129
652 128
631 127
646 126
633 124
629 123
656 123
607 122
627 119
627 119
649 118
627 118
591 116
614 116
598 115
634 116
609 114
572 108
610 113
626 108
582 112
559 112
574 112
514 135
514 137
513 137
514 139
514 140
513 143
514 145
514 147
514 150
515 152
514 155
513 156
514 160
512 164
513 167
513 168
514 163
515 175
514 175
513 182
514 182
512 198
509 193
513 198
514 202
515 207
514 211
513 219
514 222
513 227
514 232
513 238
514 243
513 248
513 252
514 256
515 262
514 269
515 273
513 277
513 280
514 286
510 293
513 299
511 302
513 305
513 313
513 318
514 322
513 329
514 335
513 338
513 347
513 351
513 348
513 361
513 360
512 558
512 561
514 563
512 568
516 573
513 578
512 582
512 589
513 592
513 599
513 605
513 611
513 616
512 623
513 629
514 635
512 642
513 648
513 653
513 660
512 665
512 670
513 676
512 681
513 686
514 691
514 697
513 702
513 707
513 711
513 717
513 722
512 728
513 732
513 738
514 741
515 745
513 749
514 745
513 756
512 752
510 765
513 770
513 774
512 780
478 779
389 783
175 785
181 791
184 797
213 800
159 807
199 809
232 814
254 819
208 824
237 827
283 840
299 842
311 845
290 848
283 851
256 854
279 856
278 860
288 863
262 867
254 866
307 873
236 876
293 879
321 882
319 884
355 886
320 889
371 891
311 891
369 893
388 896
353 897
409 899
327 901
379 903
363 904
380 905
425 906
338 907
417 908
373 910
419 911
373 905
364 913
386 914
388 916
392 916
398 918
400 915
412 919
419 916
415 921
428 922
420 922
418 922
438 923
422 924
433 923
425 924
450 924
430 921
470 924
455 921
450 924
448 924
476 925
509 915
514 914
512 913
513 910
513 908
514 906
515 905
512 904
512 903
513 902
512 900
512 899
514 895
514 890
513 892
513 889
514 886
512 875
514 881
514 876
510 876
513 863
513 873
514 867
513 863
514 862
513 857
512 855
514 851
512 847
513 836
514 838
512 834
513 831
513 824
513 819
514 812
513 809
513 804
514 803
513 796
514 789
512 785
513 781
513 775
514 770
513 764
514 761
513 755
514 752
514 744
513 738
512 737
513 730
513 728
514 720
512 714
513 665
513 662
513 657
513 652
513 647
513 638
513 633
513 626
513 617
513 613
513 600
513 600
513 591
515 587
513 575
514 575
512 574
513 568
513 555
512 561
513 557
513 551
513 544
511 544
511 532
514 527
514 519
511 513
513 507
513 502
512 496
514 488
514 476
512 478
513 473
513 469
515 463
514 460
514 455
514 448
513 444
512 437
515 432
514 427
513 420
513 414
514 407
512 401
514 395
513 389
514 384
513 370
514 372
513 367
498 357
506 357
511 314
513 311
513 307
513 304
514 299
513 296
513 291
513 287
513 282
514 279
513 275
514 271
514 266
514 262
518 257
526 254
652 251
816 251
912 245
857 243
822 236
816 232
824 219
802 223
781 216
773 216
835 211
788 207
776 205
795 200
721 190
709 194
786 190
733 188
748 181
753 182
711 178
793 175
756 171
749 168
752 164
740 160
750 158
722 156
718 153
693 151
634 149
708 147
670 147
724 144
692 143
609 141
634 139
673 138
716 135
657 118
635 131
640 120
643 120
618 118
613 118
609 117
653 117
608 116
574 115
613 115
611 114
610 114
584 113
557 113
622 113
574 113
583 113
557 112
583 112
571 114
573 113
569 113
554 113
564 114
555 111
537 114
529 100
520 114
515 114
514 122
514 123
513 126
514 128
513 130
513 128
514 133
514 130
515 135
514 137
514 139
513 141
514 143
513 145
513 148
513 151
513 153
513 156
512 158
512 163
514 163
515 167
513 171
514 173
514 175
513 179
514 181
514 185
514 188
510 260
514 264
513 268
514 272
512 276
513 283
513 289
514 295
515 298
514 303
514 308
514 315
512 320
513 324
514 329
514 334
513 341
514 347
514 351
513 356
514 360
514 368
514 371
514 376
513 381
513 387
513 392
514 400
515 404
513 414
513 419
514 420
513 435
514 438
513 446
513 451
514 454
512 461
514 463
511 469
513 472
513 479
514 481
513 486
514 492
513 497
514 505
514 510
513 518
513 524
514 531
514 539
513 543
513 549
513 555
513 560
514 564
514 648
513 653
513 656
514 660
513 666
512 670
514 676
513 682
514 687
513 693
513 701
513 702
513 707
514 712
513 719
513 722
513 728
513 733
512 738
513 737
513 746
512 750
513 755
513 759
512 763
513 767
511 770
512 775
510 778
465 783
306 784
204 787
190 791
165 797
181 801
203 805
231 812
229 814
240 820
219 822
245 826
212 840
252 836
276 838
286 843
288 846
247 848
277 851
311 854
278 859
280 860
285 864
262 866
291 872
279 875
259 877
294 880
395 908
360 907
409 909
387 909
365 910
393 911
379 913
412 914
388 916
359 915
403 916
429 918
414 919
411 920
385 921
420 921
426 923
423 924
433 924
413 923
449 923
448 932
431 924
442 924
444 924
437 940
475 924
453 927
490 924
419 924
447 923
478 920
494 924
489 917
487 923
511 918
513 917
512 915
512 912
512 909
512 908
512 906
513 905
514 904
512 902
513 902
515 899
513 898
515 895
513 893
513 891
513 889
512 886
514 884
514 881
514 881
511 875
513 834
513 830
514 826
513 822
513 819
512 816
513 808
514 803
513 798
511 792
513 789
513 784
513 778
514 773
513 769
513 765
513 757
513 755
514 749
513 743
513 737
513 736
513 728
512 716
524 716
513 712
513 707
513 701
513 691
515 690
514 679
514 680
513 677
514 668
513 666
513 661
513 655
514 651
513 642
513 638
513 630
514 622
514 618
515 607
514 603
513 596
514 589
513 586
513 580
514 575
511 572
513 568
513 563
513 559
513 554
514 549
513 571
514 452
513 448
513 443
514 438
514 431
513 425
514 419
513 413
514 406
513 400
514 394
513 389
512 383
514 377
514 372
514 365
512 359
517 354
513 350
513 345
514 335
515 334
514 330
512 325
513 319
513 315
514 310
513 305
513 300
514 296
514 291
514 288
513 284
513 279
514 275
513 267
512 268
513 262
515 258
523 254
637 252
746 252
871 247
895 242
862 237
834 232
809 232
819 231
796 212
793 219
843 211
762 207
775 204
767 201
780 196
756 194
727 193
691 140
683 139
662 138
640 137
634 134
661 131
681 137
664 141
655 127
628 128
641 127
618 125
631 125
659 123
613 123
655 121
625 122
639 119
601 119
608 118
610 117
639 116
615 117
583 114
590 114
609 114
622 114
576 114
562 116
575 113
577 113
587 112
565 112
557 112
574 113
581 113
540 114
564 109
553 119
540 116
529 113
518 120
484 121
514 122
515 124
513 124
514 129
513 129
514 132
513 134
513 135
514 136
515 138
515 140
513 143
517 144
514 146
518 199
513 200
514 204
513 209
514 213
513 219
513 225
513 232
513 235
514 240
514 244
513 247
513 254
512 258
513 266
513 269
513 274
512 280
513 285
512 290
513 293
513 300
514 307
512 309
513 319
514 320
514 322
514 332
514 337
513 341
513 349
514 354
513 357
514 363
513 368
511 371
513 378
513 383
513 387
513 392
513 399
513 407
514 412
513 421
513 428
513 433
513 441
513 445
513 452
513 457
513 461
513 467
513 469
514 474
513 477
513 483
513 560
513 562
513 566
511 570
513 573
513 579
514 583
512 589
515 594
513 600
512 606
514 611
512 619
513 625
512 630
513 637
513 643
513 649
513 654
513 661
513 666
514 671
513 677
513 682
513 688
513 693
512 698
513 702
513 707
514 711
513 718
513 722
513 728
512 735
513 737
513 745
513 745
513 754
513 754
515 757
513 762
513 769
514 772
513 778
511 779
479 783
295 783
183 787
204 791
163 798
207 804
219 806
220 810
256 816
204 820
210 826
236 828
222 891
333 891
350 892
394 894
315 895
399 897
343 900
326 901
389 902
381 903
419 906
309 906
409 907
373 910
379 910
425 912
340 914
432 915
414 915
415 917
363 918
390 921
408 919
417 920
435 922
391 924
424 922
432 923
427 923
454 922
442 925
446 920
439 924
452 924
449 924
471 925
430 923
446 923
469 924
474 924
479 924
450 924
478 923
499 922
501 921
504 920
511 917
514 915
511 912
512 909
512 909
512 906
512 905
513 905
514 905
513 900
512 899
513 835
513 832
513 826
513 823
513 818
513 813
513 805
513 801
513 798
513 791
511 786
512 782
514 778
514 773
511 771
513 762
513 756
512 753
513 748
512 740
514 738
514 735
513 725
521 722
514 718
512 711
513 703
513 701
513 694
513 687
513 687
513 679
514 671
514 669
513 665
513 660
512 653
513 647
513 643
513 634
514 630
514 623
514 615
513 609
513 601
512 597
514 590
514 585
512 580
514 575
513 572
513 571
512 563
513 557
512 554
513 547
514 544
514 425
513 422
514 418
512 411
512 406
514 400
514 394
513 388
514 381
512 376
514 370
513 359
514 365
506 360
514 349
513 344
514 340
513 334
513 329
514 324
513 319
513 315
513 309
513 304
513 300
513 295
513 291
514 288
514 282
513 279
513 274
514 269
514 265
514 261
519 256
576 254
645 250
804 251
900 246
862 241
840 236
802 234
807 225
848 224
810 221
790 216
833 211
805 206
775 202
750 199
754 196
777 193
726 190
755 186
737 183
740 179
804 177
760 166
756 164
748 159
732 158
695 154
723 152
682 151
686 148
660 147
681 145
702 142
634 141
701 139
652 139
657 137
651 132
632 151
703 128
614 135
677 129
660 127
645 125
640 125
619 124
644 123
633 122
620 121
607 120
651 118
640 118
630 117
610 115
564 116
608 115
625 115
597 114
578 113
575 113
616 113
585 113
602 113
553 113
587 113
559 113
592 114
548 112
568 113
544 112
567 114
548 109
555 112
534 123
514 116
517 120
515 122
514 125
513 128
513 143
513 144
514 146
513 148
514 151
513 154
513 156
513 159
513 163
513 165
513 168
513 172
513 174
513 177
513 180
513 184
513 187
516 191
512 199
514 201
512 204
513 211
513 216
513 220
513 225
514 230
513 239
514 241
513 244
514 248
514 255
513 260
514 268
512 270
514 274
514 281
514 286
513 290
513 294
513 300
513 307
514 309
514 315
513 321
513 327
513 331
514 337
513 343
514 348
515 352
513 359
513 363
514 368
513 374
513 377
513 386
513 388
514 437
513 442
513 449
513 453
514 457
513 462
513 465
512 470
513 476
513 478
513 485
513 488
513 495
514 500
513 507
513 515
513 520
513 526
513 533
514 539
513 545
513 550
514 557
513 560
515 566
513 573
512 574
513 580
513 585
512 590
514 595
512 602
513 607
513 613
513 620
514 626
513 632
513 637
513 644
513 651
514 656
513 660
513 668
514 672
512 678
513 682
512 688
514 694
513 700
513 704
513 709
513 715
513 719
513 723
513 729
513 734
512 738
511 767
512 769
513 774
509 773
511 781
434 783
271 783
173 787
142 793
182 799
255 802
214 808
203 810
255 817
185 818
229 824
237 824
213 832
270 835
271 838
265 843
286 845
246 850
277 851
302 856
266 858
264 861
253 864
273 868
305 872
263 875
296 876
254 881
322 883
352 885
337 888
336 890
303 892
371 893
383 895
338 896
362 902
350 900
390 902
356 904
383 903
357 904
401 908
357 908
367 909
392 910
376 914
417 913
391 915
396 915
397 917
400 918
406 923
435 925
439 924
415 923
455 925
455 924
438 925
439 922
454 925
468 925
457 924
444 925
424 925
489 924
482 925
466 924
461 923
504 922
508 922
513 917
512 916
512 913
513 909
513 908
513 907
513 907
513 905
513 902
512 902
513 899
512 898
512 896
513 893
512 890
514 889
513 886
512 884
513 881
513 878
514 875
513 872
513 870
512 866
514 863
513 860
513 858
514 853
511 850
514 843
513 841
513 837
512 832
513 826
513 822
514 818
513 812
513 732
513 733
514 729
513 724
523 723
513 715
513 708
513 704
513 697
512 692
512 688
513 684
513 676
512 673
513 668
513 662
513 658
513 650
513 647
512 640
513 633
513 628
515 619
512 614
513 606
512 599
513 593
513 587
514 582
514 579
513 572
512 568
512 566
513 562
512 558
513 550
513 546
514 546
513 532
513 528
513 521
513 516
510 507
513 500
514 495
513 490
513 484
512 479
512 476
512 469
514 465
513 460
513 456
513 450
513 444
513 439
512 433
515 343
513 341
513 336
512 333
513 327
513 321
513 317
514 312
514 305
514 302
512 297
514 293
513 289
513 284
513 281
514 277
513 273
514 267
512 263
514 259
519 253
592 253
644 249
874 249
920 243
835 238
842 234
791 230
787 226
792 224
829 215
811 216
777 209
771 206
814 204
763 198
715 195
761 193
760 189
746 185
710 183
742 180
782 177
757 173
754 169
731 167
726 166
802 159
746 158
686 155
691 153
677 151
736 149
668 147
689 145
656 143
646 140
692 122
612 120
627 119
636 119
588 118
616 118
649 117
578 116
626 116
607 115
610 115
613 114
601 114
580 113
580 112
595 114
594 114
554 113
574 113
573 113
565 113
550 113
567 114
548 114
540 111
518 116
523 118
515 119
514 121
514 123
514 126
514 132
515 130
513 130
514 131
513 134
513 134
513 137
514 138
513 140
513 140
514 144
514 146
513 149
514 152
514 154
514 159
514 159
513 165
514 164
514 168
513 171
513 175
512 176
514 181
515 184
514 187
513 236
514 239
513 238
513 243
513 250
514 255
513 263
513 264
513 271
513 275
514 280
513 287
513 289
514 296
513 302
512 306
513 308
512 315
514 325
513 327
512 333
513 340
511 342
514 349
513 355
514 360
514 364
513 370
513 375
513 377
514 384
513 390
514 398
514 402
513 409
513 417
514 424
513 431
514 437
514 445
513 450
513 456
514 459
514 464
514 468
514 472
513 477
513 479
513 487
513 491
512 499
513 503
513 509
513 519
513 522
513 528
513 535
512 629
513 631
513 635
512 642
514 647
513 653
513 658
513 664
512 670
514 675
512 679
512 688
514 688
512 694
513 701
513 705
513 712
513 715
514 720
513 726
513 731
513 733
513 740
513 744
513 748
516 751
512 754
513 759
515 764
512 769
513 772
514 778
507 781
415 783
159 785
193 792
190 795
242 801
214 804
220 808
252 813
234 817
185 820
238 824
249 829
219 832
236 836
281 837
286 843
260 845
261 849
288 853
322 854
231 861
287 861
296 865
290 868
178 792
230 797
260 802
188 806
217 807
216 815
254 818
203 822
210 829
236 831
238 833
259 837
249 841
286 844
298 847
286 851
271 854
289 857
268 860
283 864
243 867
276 872
323 873
258 876
283 879
337 881
295 883
378 886
308 889
342 889
362 892
352 894
376 895
344 897
388 898
371 900
351 902
407 903
361 904
429 906
345 907
365 909
370 909
410 911
371 913
356 912
426 915
405 915
428 916
382 917
394 918
395 918
427 919
430 920
425 920
397 920
421 922
513 880
512 878
513 877
513 874
513 872
513 869
515 862
513 863
513 861
513 857
513 854
513 850
513 846
513 842
513 837
513 833
513 830
512 825
515 819
513 815
513 809
514 804
513 801
512 794
513 789
512 784
514 780
513 774
513 769
514 762
513 758
512 755
514 751
514 746
514 738
512 735
512 731
514 723
511 717
511 715
513 708
514 697
513 696
513 691
512 685
514 681
513 676
512 670
513 667
513 660
513 655
514 650
513 645
513 640
514 631
514 627
513 618
513 439
515 434
514 430
513 425
514 419
513 411
513 405
511 399
513 394
513 387
513 381
514 375
514 369
514 365
528 349
512 348
497 348
513 343
513 337
513 332
513 327
513 322
514 317
513 313
513 308
514 302
513 299
513 298
513 290
514 286
513 282
514 278
514 273
513 271
514 264
516 258
520 255
631 258
667 249
894 252
879 245
848 240
817 235
805 230
800 227
775 223
829 221
806 216
820 211
793 206
748 202
784 199
735 195
730 193
768 190
753 186
714 183
660 138
654 136
641 129
635 132
655 133
638 130
683 128
625 129
661 127
643 127
637 125
622 124
623 122
645 121
620 125
646 119
615 123
637 118
594 120
589 117
613 116
611 118
590 117
575 114
574 118
613 114
604 113
549 114
571 114
548 115
591 114
562 114
552 111
560 115
565 115
549 111
549 118
520 119
512 117
510 113
515 123
514 126
515 128
513 130
514 132
513 136
514 134
514 133
514 137
514 139
514 141
515 143
513 144
514 148
513 150
514 151
513 225
513 229
513 230
513 234
513 242
513 246
514 248
513 252
513 258
513 266
513 270
515 276
513 278
514 283
513 290
514 296
514 296
513 304
514 306
512 314
513 319
514 326
513 333
513 336
513 341
513 348
513 352
511 357
513 363
513 367
514 371
513 376
513 383
514 388
513 390
512 399
513 405
513 413
513 419
513 426
514 433
513 440
510 445
513 450
514 456
513 459
513 465
513 469
514 473
514 478
514 480
513 492
513 492
514 502
513 505
513 512
514 518
513 709
513 713
513 716
513 720
512 725
512 730
513 735
513 739
514 743
513 747
513 752
515 756
513 760
513 765
514 768
515 772
509 777
506 781
400 782
187 786
164 790
165 795
190 798
261 802
217 805
208 812
196 818
236 819
240 823
250 828
206 833
240 836
286 839
262 843
234 847
289 849
314 853
257 856
246 859
281 862
294 865
300 869
278 872
234 875
326 878
311 881
312 883
332 885
319 888
361 890
335 891
364 893
366 894
345 897
418 897
332 899
366 901
369 908
387 909
394 908
380 906
386 911
384 912
409 913
419 914
359 917
405 916
399 916
437 917
393 917
379 920
421 920
431 921
442 921
415 922
440 922
436 923
456 920
433 924
428 923
455 923
444 923
462 924
434 923
469 924
468 923
457 923
471 922
489 923
461 923
477 922
501 920
507 918
513 915
511 912
514 909
513 907
513 907
513 906
516 904
514 904
515 901
513 899
513 898
512 895
513 896
513 893
512 890
512 888
513 886
513 881
513 880
513 879
514 873
513 840
513 838
513 834
513 831
514 827
512 821
514 817
513 813
513 807
514 803
513 798
513 791
513 786
512 783
513 776
513 770
514 766
512 764
513 757
514 751
513 747
513 741
515 739
