513 316
513 313
514 310
513 306
514 304
513 299
513 293
513 289
514 286
513 282
513 277
513 273
513 269
512 263
516 260
520 256
524 262
647 253
848 250
894 244
898 239
857 234
774 230
817 225
804 221
771 218
814 211
763 210
793 205
767 202
763 198
765 197
721 192
725 188
764 186
727 183
726 178
776 176
729 172
757 168
761 167
744 162
729 157
703 157
746 155
692 152
656 149
694 147
673 150
683 150
665 142
678 141
629 140
674 137
646 136
661 133
671 133
513 753
514 756
512 760
514 763
513 768
512 773
512 777
509 781
446 783
196 783
195 789
179 794
191 799
196 804
230 808
213 812
255 816
233 819
202 825
240 828
244 832
271 835
245 840
256 845
292 847
312 850
253 852
268 856
285 858
292 861
290 865
264 869
247 872
280 875
314 878
293 880
287 881
292 885
347 888
390 890
325 892
321 894
371 897
367 897
344 898
349 899
407 902
334 904
391 905
383 906
348 907
400 908
395 910
403 913
365 912
390 913
354 915
680 136
652 146
633 139
670 142
647 141
633 138
696 137
663 136
665 134
641 133
656 131
636 129
651 129
657 128
613 125
632 124
651 124
631 123
618 121
648 121
616 120
620 118
646 117
611 117
588 116
598 116
626 115
610 114
586 114
600 114
586 113
582 113
598 112
582 120
565 112
565 122
579 113
569 113
567 114
573 113
555 113
548 114
553 114
543 115
520 115
516 118
515 121
514 122
514 126
514 126
514 129
514 131
514 132
513 133
512 135
514 136
514 139
514 296
513 298
514 301
515 306
513 316
512 318
513 323
513 329
513 335
513 339
513 344
513 352
514 354
514 360
513 366
514 369
514 376
514 380
513 384
512 392
514 395
513 405
514 411
513 416
513 426
514 430
513 438
513 444
513 449
513 454
513 459
513 463
514 466
512 472
513 475
513 481
514 484
514 492
512 498
514 501
511 510
514 515
515 522
512 530
515 534
513 542
516 547
513 554
513 557
513 563
513 568
513 572
511 577
514 581
514 586
513 592
514 598
510 779
510 782
455 785
207 785
171 790
199 795
210 800
180 804
215 810
235 814
232 816
223 822
262 826
225 830
233 833
279 837
275 839
284 845
249 847
288 850
290 852
293 857
264 858
262 863
286 867
296 871
298 869
247 875
283 878
331 881
295 884
345 886
311 890
312 889
400 892
356 893
352 895
345 896
358 899
406 901
374 903
385 904
352 906
391 906
360 908
397 906
387 911
369 911
414 913
419 914
404 916
369 916
400 917
389 917
402 917
439 920
386 924
493 923
482 923
508 920
515 920
512 916
512 914
513 909
513 909
513 908
512 906
513 904
512 903
511 902
512 901
512 899
514 898
513 895
514 892
512 890
513 888
512 885
513 883
510 878
514 876
513 874
515 871
512 867
511 864
513 861
514 859
512 855
513 851
512 848
512 843
514 839
513 836
513 831
513 825
513 822
513 814
513 810
513 806
513 802
513 796
512 792
513 784
513 780
513 775
514 771
514 765
513 759
514 754
513 752
513 746
513 741
513 735
514 639
512 635
514 631
513 627
513 617
513 612
514 604
514 597
513 594
512 580
516 583
513 576
514 573
518 570
513 562
513 562
514 554
512 553
513 545
516 538
514 535
514 527
512 521
513 513
515 506
514 503
514 494
513 488
514 483
512 479
513 473
514 467
514 465
514 458
513 455
513 450
513 443
513 437
514 432
513 426
513 419
515 413
513 408
506 363
509 395
514 389
513 383
513 376
514 372
514 366
513 361
514 355
514 350
513 345
514 338
512 335
514 330
513 266
514 263
513 262
517 257
521 252
588 257
632 250
894 247
869 242
867 236
826 233
849 226
810 222
784 219
789 215
797 210
781 206
790 202
782 199
724 197
746 194
711 191
747 187
772 185
736 181
727 178
749 175
787 171
760 167
739 164
751 161
752 158
715 156
727 153
689 151
679 151
671 138
657 145
674 157
650 142
707 140
649 139
672 138
650 137
639 134
681 133
645 132
667 130
634 128
634 127
648 127
639 124
642 124
631 123
625 121
623 121
618 119
622 114
538 114
538 115
537 116
520 117
514 118
515 121
515 123
513 127
514 127
513 128
512 131
513 131
513 135
514 136
514 137
514 138
514 140
514 143
513 144
514 147
514 149
513 152
513 155
513 162
512 156
515 170
516 164
513 164
508 172
514 175
513 178
512 182
514 185
513 189
514 193
514 197
513 203
513 208
513 212
513 217
513 222
513 229
513 234
514 239
513 243
514 247
514 252
514 257
514 263
514 267
513 271
514 280
514 284
512 286
513 293
513 299
511 403
513 404
513 414
513 419
513 425
513 434
516 438
513 445
515 450
513 455
513 460
514 463
514 468
513 474
513 477
514 480
512 488
515 490
513 498
514 505
514 511
511 519
515 523
514 532
514 538
513 544
513 549
516 554
512 559
512 564
513 569
514 573
514 579
513 582
513 588
512 594
515 599
514 606
516 611
513 618
513 624
511 630
514 636
511 644
513 648
513 655
513 661
513 665
513 670
512 676
514 683
512 687
514 692
513 698
513 702
513 707
513 712
250 821
261 824
240 827
269 831
260 834
239 838
272 840
324 843
269 847
268 850
277 852
318 856
250 858
244 865
277 866
264 871
279 873
298 877
271 879
310 880
335 885
341 887
335 891
324 891
347 891
340 893
399 895
374 897
345 898
373 899
365 901
404 905
339 904
395 907
379 907
360 902
417 910
359 910
395 912
382 912
421 914
421 917
379 917
404 917
391 919
419 919
440 919
415 921
402 920
427 921
436 923
444 923
423 923
433 924
443 923
453 924
466 925
452 925
447 924
460 924
469 924
462 922
488 922
466 922
510 918
505 920
510 917
511 915
513 914
514 910
513 909
511 907
513 905
513 904
513 905
513 902
513 899
514 898
513 896
513 893
513 892
514 889
512 888
513 883
513 882
513 878
513 876
512 873
513 870
513 868
514 864
513 861
512 856
513 854
513 850
514 847
513 843
513 840
513 833
513 828
513 827
513 821
512 814
514 809
512 805
514 798
513 792
515 791
513 785
511 778
521 765
512 771
509 763
513 760
513 705
513 698
514 694
513 691
512 686
515 681
513 677
513 670
513 667
513 661
513 654
513 652
512 643
512 640
514 631
513 624
513 618
513 609
512 606
514 596
513 591
516 586
510 581
513 578
513 571
513 569
513 563
514 560
512 555
515 548
514 546
513 537
512 532
513 526
514 518
515 511
514 505
513 500
515 492
512 489
513 481
515 474
512 474
515 467
513 463
513 457
513 454
513 448
513 441
513 436
513 431
515 425
513 417
513 411
514 404
516 397
514 392
514 349
513 342
511 338
513 332
513 328
514 323
514 318
514 314
515 308
513 304
516 299
513 295
513 291
514 286
514 283
513 278
515 274
513 270
513 265
516 260
516 255
522 257
618 253
815 250
874 245
857 240
847 236
846 231
827 227
817 222
770 218
787 212
805 210
789 205
768 202
735 196
751 196
747 193
710 190
729 186
763 184
719 180
765 177
742 172
729 170
769 167
744 164
770 160
693 158
714 155
730 153
683 151
705 144
660 149
650 143
710 142
646 129
636 129
641 127
626 127
624 125
641 125
635 123
631 122
621 121
605 120
659 119
616 116
621 117
591 116
593 116
626 115
614 115
572 113
606 112
569 113
609 113
583 111
568 112
594 104
564 111
560 107
593 112
558 112
544 113
576 114
553 113
557 113
544 115
523 114
513 117
516 119
513 121
514 123
514 128
513 127
513 130
514 131
516 133
514 134
513 134
514 137
513 138
513 140
515 143
514 145
513 147
513 150
513 152
513 156
513 155
516 164
516 164
512 193
512 197
513 199
513 205
513 209
514 213
513 217
516 223
514 228
513 235
513 239
513 243
513 246
513 254
513 259
513 263
514 267
514 271
514 278
513 286
513 288
513 291
513 299
514 305
514 308
507 321
513 320
513 326
513 331
513 336
514 341
513 347
513 353
514 357
514 363
513 367
514 371
513 378
513 382
513 387
513 395
515 399
513 406
514 414
514 420
512 428
514 434
512 440
513 448
512 452
513 456
513 459
513 466
514 468
514 476
512 477
511 482
513 577
512 580
513 585
513 590
513 596
513 601
513 607
514 614
513 620
513 625
513 632
510 638
513 643
511 650
513 656
513 662
512 667
512 673
513 679
513 683
513 689
513 694
513 700
514 704
513 709
511 714
513 719
512 723
513 730
513 734
513 739
513 744
513 747
513 751
513 758
513 760
513 764
513 768
513 773
510 777
510 781
506 785
222 784
213 789
202 794
185 799
212 804
196 809
218 812
274 816
221 820
246 824
237 829
241 832
243 836
306 840
276 844
278 890
363 892
374 894
391 894
378 893
332 898
385 899
372 900
396 901
340 904
346 905
402 907
352 908
394 909
379 910
368 910
396 912
423 914
390 915
400 915
398 916
378 916
383 918
424 919
415 919
428 921
405 921
443 922
427 922
427 923
450 923
434 923
435 923
429 923
435 923
459 925
456 924
469 924
438 925
476 924
452 924
496 923
448 923
470 923
494 922
504 921
511 918
512 917
511 914
513 912
512 908
511 907
513 906
513 905
513 903
514 902
514 906
517 856
513 851
513 846
513 846
514 841
514 836
514 832
514 826
513 823
513 819
513 813
514 808
513 803
514 798
514 792
513 786
513 784
510 777
521 772
510 769
513 763
514 758
513 754
514 747
513 744
513 739
513 733
513 728
513 723
513 718
513 710
513 705
513 701
514 696
513 689
513 684
512 679
512 674
513 669
513 665
519 660
513 652
512 650
513 642
513 636
513 631
514 622
513 616
513 609
513 603
514 595
512 591
517 605
513 580
513 577
514 570
513 568
514 503
513 497
513 492
514 485
512 482
514 475
514 471
514 467
513 462
512 457
514 452
512 447
513 441
514 432
514 430
514 422
514 417
512 411
516 405
502 388
513 393
514 386
513 380
510 375
513 369
514 363
513 358
514 353
514 346
514 341
512 337
514 331
513 327
514 320
513 317
513 312
514 307
514 303
517 298
514 293
511 291
513 286
513 280
513 277
513 273
513 268
514 260
515 260
518 254
513 249
656 256
850 249
897 244
913 238
842 233
800 229
804 224
721 163
754 161
762 158
755 157
654 154
761 151
711 150
648 145
675 144
672 144
700 150
645 141
678 139
663 138
620 137
687 134
663 132
665 131
610 130
672 128
631 127
635 126
652 123
609 123
640 122
640 121
657 119
602 119
634 118
622 117
599 117
613 115
614 116
589 114
586 118
611 113
620 113
569 114
570 112
594 112
577 112
577 114
587 115
563 112
551 114
587 113
570 113
538 113
552 113
571 114
529 115
531 116
515 118
516 121
514 122
514 125
514 128
513 159
511 165
514 168
513 169
513 175
514 178
514 181
513 184
513 187
515 192
514 196
513 201
512 207
514 209
511 215
514 221
513 225
513 230
513 236
514 242
512 245
513 248
513 254
517 262
512 265
516 271
514 274
514 280
514 286
513 291
514 293
513 300
514 307
515 304
516 311
513 321
513 327
513 331
513 339
517 342
514 348
517 354
513 359
518 364
514 367
513 372
513 379
513 384
514 388
513 395
513 400
513 408
514 415
513 423
513 428
513 435
512 443
513 536
513 540
513 546
512 550
512 557
514 561
514 566
512 571
513 574
517 581
513 585
518 591
512 597
514 602
513 609
514 614
513 621
511 627
513 632
510 640
513 645
510 652
513 657
513 663
513 668
514 674
512 680
513 685
513 691
513 694
513 701
513 705
514 710
513 715
513 720
514 725
513 731
514 735
511 740
513 744
518 748
513 752
513 756
513 759
513 765
512 769
514 774
511 778
509 782
477 785
197 784
187 790
188 797
180 800
231 804
270 809
236 856
283 860
274 861
263 862
305 863
275 868
263 872
302 877
309 879
296 881
324 882
299 886
334 886
357 890
402 892
335 892
350 895
375 896
344 900
377 899
371 901
383 903
346 904
380 906
417 906
358 909
407 909
377 911
391 912
367 913
421 914
359 916
378 915
433 917
401 918
429 919
399 920
421 921
427 921
428 920
461 922
425 922
413 923
462 923
445 924
445 924
447 925
452 925
453 923
459 924
472 924
459 924
448 924
480 924
478 923
482 923
479 922
506 876
513 876
511 873
512 872
513 868
512 866
512 863
515 860
513 856
513 852
513 849
512 846
513 844
513 836
512 831
513 826
514 822
513 818
514 812
511 807
513 800
513 795
513 793
513 788
514 786
514 775
515 771
513 768
513 764
513 757
512 752
513 749
513 744
514 736
513 732
512 727
513 723
513 716
513 710
512 706
514 699
513 695
513 690
513 685
513 678
513 675
513 669
513 663
514 659
514 653
514 649
514 641
512 636
513 628
513 621
512 615
514 607
513 488
513 483
515 480
513 475
513 469
512 466
514 461
513 456
513 450
514 446
513 439
513 434
513 427
516 422
514 415
516 410
511 401
513 396
513 391
515 385
511 379
514 374
514 367
514 362
514 356
513 351
514 345
514 340
514 336
514 331
514 326
513 321
513 317
514 311
513 306
514 301
513 297
513 292
513 288
514 284
513 281
514 276
514 269
515 268
513 261
515 257
520 254
559 251
663 247
859 248
861 240
859 237
813 234
789 228
804 225
788 220
795 217
808 153
713 150
687 149
679 148
660 152
664 143
654 136
673 140
643 139
660 137
645 136
647 134
656 133
662 132
646 130
594 129
672 132
626 123
633 125
664 124
606 122
623 120
629 120
655 120
618 121
590 117
638 116
622 116
603 116
603 115
579 114
591 114
598 114
583 115
570 113
572 113
585 113
585 113
571 106
584 112
549 113
561 115
574 113
553 115
542 114
552 114
537 113
523 116
514 118
514 121
515 123
514 126
514 128
513 129
513 131
513 131
514 134
512 139
513 142
513 142
514 145
513 145
514 148
514 151
514 154
513 156
513 163
515 162
515 166
512 171
497 166
509 173
513 179
514 182
513 185
513 187
514 191
514 196
514 201
513 206
514 212
514 216
514 223
513 230
513 233
513 236
513 240
513 244
513 252
513 257
513 262
515 267
514 269
514 276
513 282
514 286
514 291
514 295
514 301
513 306
511 313
507 318
513 321
512 328
515 332
513 340
514 343
514 349
513 354
514 358
513 365
513 369
514 372
514 381
514 430
515 435
515 446
513 445
513 455
513 457
513 462
513 468
514 471
513 476
513 478
514 485
514 490
513 495
513 502
514 509
512 515
514 521
512 530
514 535
513 541
513 547
513 552
514 559
513 563
513 567
512 573
513 578
513 581
513 586
512 595
515 598
514 603
513 609
513 616
514 621
513 629
513 635
513 641
513 647
513 653
514 655
513 663
512 670
512 675
512 681
513 686
513 692
513 697
515 701
513 706
512 711
513 716
513 722
513 727
513 733
512 737
511 775
512 779
507 784
322 783
191 788
212 793
222 797
250 801
207 803
226 810
254 815
230 817
237 821
222 826
215 830
259 834
255 838
250 840
288 844
283 848
278 850
269 852
235 858
313 861
271 864
266 866
277 872
255 873
321 874
301 879
298 882
305 886
305 886
394 890
318 890
368 889
382 894
345 894
371 897
385 899
375 900
360 902
357 903
412 905
341 906
402 907
409 908
371 910
396 911
405 912
375 912
410 914
418 916
376 916
382 917
424 918
421 919
445 924
419 923
449 924
420 924
466 925
448 926
470 924
458 924
477 924
452 921
493 922
486 922
489 923
505 919
509 917
513 917
515 913
512 913
516 907
512 906
514 906
512 906
514 904
513 902
513 900
513 899
513 896
513 894
514 892
514 889
513 887
512 886
513 882
513 880
513 877
513 874
512 872
512 868
514 865
512 862
513 859
513 856
514 852
513 849
512 844
512 841
514 835
512 833
513 828
513 820
514 816
513 812
511 806
513 800
511 794
513 790
511 786
513 739
513 737
512 730
513 726
513 720
513 716
513 710
513 703
514 700
513 691
514 686
513 684
512 678
513 671
513 669
512 662
513 654
513 653
514 648
514 641
513 634
514 626
513 621
513 612
513 607
513 600
513 594
514 587
512 584
513 578
513 573
512 571
513 565
510 562
513 556
510 552
514 546
510 540
512 534
514 527
514 522
513 515
515 507
512 501
513 495
513 488
513 485
515 478
514 474
514 470
514 463
512 459
513 456
515 450
513 445
513 438
514 349
515 345
513 342
514 337
506 335
514 330
513 324
513 320
515 316
513 309
512 305
513 301
513 296
513 290
514 288
513 285
514 279
514 274
514 271
513 267
515 262
516 259
521 253
586 246
728 253
895 247
844 241
852 237
833 233
827 228
804 223
785 220
810 215
809 212
764 205
810 205
757 200
747 196
763 193
727 190
718 188
786 184
763 181
730 178
765 178
745 171
762 168
756 164
743 161
711 158
704 157
735 153
704 152
646 149
699 153
703 146
662 148
646 120
643 120
622 119
660 119
651 117
610 117
599 116
602 115
629 115
588 116
596 114
585 115
583 113
605 113
616 113
559 109
564 104
595 112
580 113
563 112
576 112
544 113
563 116
583 113
559 114
528 113
545 115
520 117
516 118
514 121
513 123
514 126
513 127
514 129
513 131
514 131
513 135
514 138
514 136
514 138
514 141
513 143
513 145
514 148
514 149
513 153
514 156
514 158
514 159
507 160
508 165
510 161
511 171
512 175
513 179
514 183
514 187
513 258
513 263
513 267
513 271
513 276
514 282
513 286
514 293
513 297
514 300
513 308
515 303
514 317
514 323
513 328
514 336
515 340
513 345
513 350
514 356
513 358
513 366
513 371
514 373
513 380
514 387
513 392
513 401
514 402
512 412
514 416
513 424
514 432
513 437
513 445
514 448
513 454
513 459
513 463
513 468
513 470
511 477
513 478
512 486
513 491
514 497
513 503
514 508
511 516
513 522
513 530
514 536
514 542
513 549
514 552
512 559
511 563
516 619
513 623
512 630
513 636
505 641
513 647
507 653
513 660
513 664
513 670
513 677
513 681
513 686
513 693
513 699
513 703
512 708
514 711
513 717
514 722
513 728
513 732
512 737
513 738
513 746
513 750
506 754
512 758
513 761
513 767
513 771
512 774
511 779
507 785
316 783
186 788
202 793
207 797
250 801
208 806
204 810
234 813
259 818
224 824
197 826
255 831
250 835
251 838
255 841
277 846
287 848
300 850
221 854
283 856
315 860
255 864
274 867
391 905
364 905
351 907
408 909
390 910
396 912
380 912
384 913
383 914
420 916
421 917
383 917
379 919
404 920
428 920
408 920
428 922
425 922
412 923
449 922
449 923
421 924
422 924
447 926
470 924
438 926
451 923
478 924
440 925
465 926
477 925
442 923
464 923
489 922
497 921
507 919
511 917
512 916
514 912
514 911
514 909
512 907
511 907
512 904
513 903
513 902
513 903
513 899
513 896
514 894
514 892
513 889
513 887
513 883
514 883
517 880
512 876
514 810
512 806
514 799
513 795
513 791
512 783
513 781
514 777
502 770
513 762
514 759
513 757
513 751
506 746
512 740
513 735
513 730
512 725
514 719
513 714
513 709
512 700
512 699
515 693
513 685
513 682
512 677
514 671
513 667
514 660
513 657
513 652
515 643
513 640
513 631
513 628
512 618
514 609
513 606
513 598
513 592
514 587
519 581
514 578
513 574
513 570
513 563
513 560
513 555
514 551
514 545
515 539
512 533
514 526
514 520
513 513
513 506
513 414
513 412
513 407
513 406
504 391
514 389
513 383
513 379
512 373
515 367
513 360
515 355
514 350
514 345
513 338
513 334
515 329
513 324
514 322
517 315
514 310
514 305
513 300
513 295
513 292
514 287
514 283
514 279
513 275
513 269
514 265
515 260
515 256
518 253
601 254
788 249
893 246
879 241
807 236
825 232
819 227
810 223
798 221
802 214
825 207
764 205
784 203
775 199
756 197
734 193
749 189
718 187
780 183
740 180
747 177
747 174
747 170
652 139
655 137
646 135
705 134
617 132
649 130
686 128
631 128
620 130
630 124
642 124
637 124
663 121
629 121
593 119
625 118
644 117
631 116
601 116
585 115
602 115
605 114
612 113
588 113
577 111
587 112
620 112
562 111
555 112
569 113
567 118
579 112
562 113
574 113
546 114
579 113
571 114
534 114
524 116
517 117
516 120
513 121
514 125
514 128
515 128
514 131
514 132
512 132
513 134
513 136
515 138
513 139
515 140
514 143
514 145
513 147
514 149
515 218
513 224
512 227
514 232
514 237
514 242
514 249
513 254
511 256
513 263
515 268
514 273
513 277
514 282
514 288
514 293
513 297
514 301
513 308
517 313
514 314
513 324
513 329
513 334
513 340
513 348
514 350
513 356
513 361
513 366
513 371
514 376
514 379
513 387
514 392
513 397
513 405
514 411
513 418
513 426
513 433
513 439
513 446
514 450
513 456
513 461
514 462
513 469
514 471
513 476
511 483
513 485
512 493
513 498
513 505
514 510
513 622
513 626
514 632
512 638
513 643
513 649
513 655
513 661
513 667
514 672
513 677
513 683
513 689
513 695
512 700
513 704
513 709
513 714
513 719
513 723
513 729
513 734
514 738
513 743
513 747
513 751
513 756
506 760
512 764
513 767
513 772
510 777
512 780
507 785
269 784
175 787
196 793
252 798
242 802
252 806
252 811
217 815
256 818
256 823
212 827
249 831
259 835
261 838
286 841
252 846
279 847
312 850
285 855
266 858
263 861
295 862
300 869
279 911
373 916
396 916
405 918
399 919
406 919
435 920
445 921
396 921
402 924
448 923
423 923
447 923
431 922
448 923
439 924
466 923
468 924
445 924
447 924
467 924
453 922
484 923
460 923
458 923
477 922
510 922
503 920
511 918
511 915
512 912
513 911
513 910
513 908
513 907
513 904
514 902
513 902
512 895
512 897
513 894
510 895
512 892
513 889
515 887
514 885
514 879
512 878
514 876
513 874
512 871
512 866
512 864
512 858
515 857
513 855
512 852
513 832
513 829
513 826
512 823
513 818
513 813
513 808
514 803
513 797
514 792
512 789
512 784
514 779
512 781
518 767
510 764
513 757
513 753
513 747
512 744
513 741
513 733
513 729
513 723
513 717
513 713
513 708
513 699
513 696
514 692
513 684
513 680
513 677
513 668
512 667
513 659
513 655
513 651
513 640
512 637
513 630
513 623
512 620
515 608
512 605
513 596
513 590
513 586
517 575
512 576
511 573
514 567
514 565
513 559
513 554
512 549
515 545
514 487
514 483
514 481
513 477
513 473
514 468
514 463
513 458
513 454
512 449
