511 270
516 272
511 277
513 280
513 285
513 290
514 294
513 300
513 304
512 310
511 314
514 318
513 326
513 332
515 335
513 343
513 349
513 348
513 357
513 364
513 366
512 373
514 376
513 383
513 388
517 395
511 403
514 406
513 416
512 421
513 429
512 435
513 440
513 448
514 450
513 458
515 461
512 466
511 470
511 473
511 480
514 482
513 490
514 492
514 502
508 507
514 512
508 522
513 526
514 533
512 540
514 545
513 552
513 556
512 562
514 567
513 571
511 773
513 768
513 764
513 758
514 753
514 746
514 743
513 737
514 732
513 727
512 721
513 715
513 709
513 706
514 701
513 695
514 688
513 682
512 680
514 677
513 669
514 659
514 666
512 654
514 649
515 641
512 638
513 629
516 622
513 618
518 607
512 603
513 595
515 588
513 586
514 577
512 577
513 573
514 566
513 563
516 556
514 554
513 547
512 542
514 537
518 529
513 524
512 517
512 509
513 504
514 498
515 490
512 485
513 480
515 474
513 475
518 471
514 390
515 394
513 401
512 408
514 419
512 422
513 432
512 438
514 444
513 448
512 454
514 458
511 462
514 467
512 470
514 474
513 480
512 484
512 488
510 497
514 501
514 507
515 515
514 521
511 528
512 535
512 541
512 546
513 553
513 557
512 563
512 569
513 570
512 579
515 582
514 585
513 592
512 601
510 603
513 608
514 616
512 621
513 627
512 634
513 640
513 646
513 652
512 658
515 662
513 668
512 674
513 679
512 685
513 689
512 695
513 700
513 705
381 867
396 872
404 874
391 877
404 880
428 883
386 884
408 887
441 890
424 890
437 892
431 894
425 896
416 898
446 900
471 904
429 903
454 904
429 906
438 906
445 909
445 909
469 911
438 912
475 913
460 914
433 916
446 917
466 917
452 919
438 920
474 921
462 924
456 922
464 922
481 921
467 924
458 923
473 923
479 926
462 924
482 925
489 923
468 927
481 925
507 926
465 925
495 926
493 924
490 924
481 923
512 923
507 921
508 921
512 918
513 916
513 914
513 879
510 877
514 875
517 874
513 867
515 865
514 860
513 859
513 855
513 852
512 848
512 843
514 839
513 823
513 830
512 826
515 820
514 810
512 811
514 805
513 802
514 797
513 791
514 784
515 781
513 778
513 771
514 765
513 761
513 756
513 752
511 748
513 741
514 734
513 731
513 730
514 720
513 714
514 710
515 703
513 699
513 694
513 690
514 682
514 678
511 675
514 669
514 662
511 663
513 653
514 647
513 643
519 634
510 630
513 620
515 614
514 524
515 521
516 515
513 509
514 501
514 495
512 490
515 484
512 479
513 474
519 475
515 464
513 461
513 455
515 451
515 439
514 439
514 433
513 427
514 421
515 415
513 408
513 402
514 397
513 390
513 385
514 378
514 374
513 368
513 362
514 357
514 352
513 346
514 341
514 336
514 331
515 326
514 321
514 316
514 310
514 307
515 308
519 293
513 293
514 289
514 285
514 280
513 276
514 271
513 267
514 263
514 258
516 254
576 252
644 248
640 243
637 240
670 160
641 168
637 166
604 166
633 160
624 159
616 155
615 152
572 151
637 148
593 145
568 144
596 142
578 141
596 139
579 138
605 136
574 135
553 133
624 132
552 130
580 129
576 128
582 126
581 130
568 124
592 123
553 122
569 120
569 120
552 118
572 117
574 118
553 106
536 119
565 115
563 115
553 114
533 114
567 114
544 113
532 113
557 112
548 112
536 113
546 113
534 112
539 113
517 113
551 113
531 113
516 114
543 115
517 118
516 119
515 119
513 122
513 144
514 143
513 146
512 148
516 149
513 152
513 156
513 157
513 160
513 162
514 166
514 169
513 172
512 175
514 178
514 181
513 185
513 189
514 193
513 198
513 201
513 207
513 211
514 217
512 223
513 227
513 232
513 237
513 242
513 248
509 246
523 255
513 262
513 268
513 272
513 278
516 286
514 285
513 291
511 299
515 302
513 306
513 312
513 318
514 323
513 328
513 335
512 341
514 344
513 349
513 355
513 359
511 365
511 370
513 374
511 381
513 384
513 498
513 503
512 509
514 516
511 523
513 529
513 537
512 542
514 550
512 554
514 560
514 564
512 568
513 572
514 577
513 581
513 587
513 593
513 599
511 603
513 609
513 616
513 622
512 629
512 635
514 641
513 647
514 652
512 659
509 664
513 669
512 675
512 680
514 684
512 690
512 695
513 700
513 705
512 710
513 715
513 720
513 726
512 730
513 735
513 742
513 744
512 748
513 753
513 757
512 760
513 765
513 769
513 773
512 777
510 783
424 785
386 789
395 867
386 867
384 869
379 872
396 875
397 878
407 880
421 884
382 886
424 888
436 889
392 892
424 893
464 895
428 896
407 898
450 900
435 901
440 902
459 904
463 902
438 908
430 908
465 910
435 911
429 912
472 914
443 915
455 917
456 917
468 919
457 920
449 920
465 921
446 921
462 921
491 923
461 923
468 922
489 924
479 923
464 924
481 924
495 925
464 924
469 925
490 924
491 924
472 925
492 925
506 924
475 924
491 923
505 921
504 922
512 920
513 917
513 822
513 818
513 813
513 810
514 806
513 799
515 795
512 788
512 784
513 781
513 777
517 770
514 763
513 760
513 752
513 750
513 746
515 741
513 735
515 731
513 725
514 719
513 716
513 708
515 700
512 697
513 692
514 686
513 683
513 677
513 672
513 669
513 660
507 662
513 652
517 644
513 641
514 632
513 627
516 618
513 613
514 604
513 600
513 595
518 586
513 584
514 576
511 574
513 569
517 563
512 562
513 553
512 551
513 544
512 539
514 532
515 529
514 501
513 497
513 493
510 488
514 483
513 478
514 472
520 476
514 463
513 460
515 454
514 449
516 443
514 438
514 432
515 428
517 420
513 413
518 408
513 401
515 396
514 389
514 383
514 378
513 373
514 366
513 361
514 356
513 350
513 345
514 340
514 335
513 330
515 326
514 323
517 316
514 312
513 307
519 303
513 296
513 292
515 288
513 284
513 281
513 276
515 271
514 266
513 263
514 257
517 253
605 252
643 248
629 244
648 239
655 236
645 230
640 228
646 194
622 192
612 187
626 187
623 183
646 190
648 175
596 164
629 169
660 166
607 163
623 160
611 158
606 154
611 152
599 151
606 149
573 146
592 145
589 143
594 142
598 140
575 139
610 136
575 135
580 132
580 133
548 131
606 129
569 127
595 126
555 125
586 124
561 123
547 122
601 121
565 120
574 119
567 124
567 117
556 116
536 115
575 115
556 115
541 114
562 113
556 112
528 112
552 112
544 114
536 113
535 113
548 112
544 113
528 112
542 113
534 113
513 126
514 127
514 129
513 130
514 131
513 132
514 131
515 131
513 137
522 142
514 143
513 143
513 145
514 148
514 151
514 152
514 155
514 158
513 161
513 163
516 166
513 169
514 173
513 175
513 179
513 182
513 186
513 190
513 194
513 198
513 203
513 208
513 214
513 218
514 222
514 228
512 235
512 241
513 244
513 249
507 252
514 255
514 263
513 270
517 272
514 278
517 282
514 287
513 294
513 297
513 302
513 307
512 314
514 318
513 323
513 330
513 378
513 381
513 386
512 393
513 397
514 402
512 413
515 417
513 425
510 433
513 436
513 446
512 450
513 455
509 462
513 462
513 468
513 472
513 475
510 481
512 485
512 492
515 498
513 505
514 509
512 517
510 524
513 529
512 537
515 542
513 548
514 552
513 558
511 563
515 566
511 574
515 577
513 582
512 588
514 594
514 599
514 605
513 612
512 617
513 625
512 630
513 636
513 641
512 647
514 653
512 658
513 664
513 670
512 676
513 681
513 686
513 693
513 730
513 733
514 736
513 740
513 745
513 748
513 753
512 756
513 766
513 768
513 770
513 773
515 779
511 784
430 785
365 791
357 796
383 799
377 804
365 808
393 808
364 815
364 819
377 824
383 827
351 831
388 835
388 837
374 841
402 845
397 850
380 850
399 856
394 857
397 859
397 864
378 869
410 872
392 875
396 878
416 883
397 883
414 888
431 887
432 889
427 891
423 893
459 894
394 897
443 898
467 900
424 901
440 903
435 904
458 906
419 907
461 909
459 924
447 922
468 923
453 923
466 926
488 924
483 925
479 925
481 924
503 925
467 926
488 924
498 925
482 924
486 923
505 918
501 922
505 925
512 920
513 917
513 915
513 914
513 911
513 908
514 907
513 907
513 904
513 902
513 902
513 901
513 899
514 895
512 894
514 893
513 890
512 887
513 878
513 883
514 879
513 877
514 874
514 870
515 868
512 866
511 864
513 860
513 855
512 852
512 845
512 842
512 838
512 838
514 831
512 825
514 820
514 815
513 811
514 723
514 719
513 716
513 714
514 706
512 701
512 697
513 689
513 687
513 682
514 676
513 672
515 666
513 662
515 660
515 649
512 645
515 638
514 632
514 625
514 618
512 611
515 603
511 601
513 592
516 587
513 581
516 575
516 574
513 568
514 564
514 560
515 555
513 550
512 544
513 539
516 534
513 524
513 518
513 511
513 505
513 499
513 493
517 486
514 484
514 476
513 472
509 482
515 464
512 458
515 453
515 448
514 442
513 437
515 432
515 425
512 420
514 334
513 329
513 325
514 320
513 314
513 310
514 303
516 296
514 300
514 291
513 287
513 281
514 279
514 275
515 271
513 266
513 262
514 257
519 252
573 253
635 247
667 243
654 237
654 234
626 230
652 226
643 222
647 217
670 213
639 210
643 205
655 202
649 198
608 196
638 192
639 189
609 186
606 183
658 188
621 177
631 164
639 169
608 166
645 165
625 159
608 157
589 155
613 150
621 149
582 147
573 145
609 143
569 143
585 140
610 138
578 139
576 136
562 122
562 120
556 119
566 120
589 118
547 119
564 115
570 115
560 115
550 114
556 115
550 113
540 113
542 113
555 112
537 113
549 112
550 113
537 113
535 113
546 113
527 113
533 112
524 114
538 114
522 115
516 116
517 118
513 120
514 121
514 125
514 126
514 128
514 130
513 131
513 132
512 134
508 137
514 137
514 134
514 140
513 142
513 144
513 147
513 150
514 152
512 155
514 157
511 161
511 164
514 166
513 169
513 172
513 176
513 179
512 182
513 187
513 272
514 276
514 278
513 282
513 288
508 295
513 298
514 303
514 308
514 315
514 319
513 324
515 330
514 335
513 342
513 346
511 351
513 357
512 360
513 365
510 373
516 374
513 381
511 388
513 392
509 401
515 404
514 415
512 420
513 426
510 435
514 438
513 447
512 449
515 453
513 461
513 461
512 470
514 472
514 478
513 481
514 487
513 494
513 498
511 505
514 511
513 519
513 525
513 531
513 539
514 544
511 550
513 554
513 559
512 566
515 569
513 576
514 679
512 682
513 688
512 696
513 699
513 701
514 708
512 713
513 718
513 723
513 727
513 733
512 739
513 742
512 747
513 751
513 755
512 758
513 763
513 767
513 772
513 776
513 780
511 783
390 785
370 792
381 795
345 801
374 804
391 808
380 812
388 818
389 821
377 826
363 828
374 833
403 837
370 840
392 842
416 848
369 850
396 853
415 856
381 860
404 863
421 866
378 869
396 870
404 875
400 878
413 881
397 883
428 885
430 885
417 890
458 892
424 894
475 917
483 918
465 920
460 918
471 920
470 922
452 922
482 923
486 924
461 921
472 924
481 923
475 924
489 924
485 924
508 925
455 925
500 924
494 929
485 922
488 920
506 923
489 920
508 921
519 918
512 919
511 917
513 913
513 912
513 910
513 908
513 907
512 906
514 903
513 905
511 903
514 900
513 898
513 895
510 894
512 892
513 890
513 887
513 884
513 881
514 879
514 876
514 873
514 870
513 868
514 864
514 858
513 859
514 852
511 850
512 844
511 785
514 780
513 777
514 773
513 766
512 764
513 758
513 755
513 751
514 742
514 739
514 735
513 730
513 723
514 718
513 712
514 706
513 700
513 696
513 690
513 686
513 681
515 676
513 671
514 667
512 663
522 655
512 650
510 644
514 636
513 632
514 622
509 617
513 611
515 602
512 599
515 589
513 586
513 582
517 575
513 573
513 565
512 563
513 558
514 553
514 549
515 542
514 538
515 531
513 525
513 517
515 511
514 505
517 498
512 493
515 486
515 480
513 362
514 359
513 353
514 346
510 344
514 338
513 332
514 328
515 323
514 318
513 313
514 308
514 303
514 303
507 300
515 289
514 286
514 281
514 275
513 274
513 269
514 265
514 260
514 254
523 249
634 249
639 243
661 241
631 237
653 232
678 226
640 224
638 218
697 216
635 212
650 208
667 204
628 201
647 198
629 194
625 190
638 188
642 184
615 181
653 184
635 176
640 173
621 167
623 164
659 161
606 158
615 156
633 154
568 151
611 149
602 146
606 145
587 118
553 116
548 116
576 116
565 111
551 113
544 115
579 112
560 114
528 108
568 112
557 113
526 112
565 113
557 112
532 115
550 111
534 112
548 113
517 109
548 113
533 113
518 114
532 115
521 117
514 119
514 121
513 123
514 124
513 126
511 129
514 129
510 132
513 134
509 137
524 136
509 139
517 139
511 125
514 143
513 146
513 149
513 151
514 153
513 156
513 160
513 162
512 164
513 167
513 170
514 175
514 179
513 180
513 183
512 188
513 192
513 196
513 292
514 297
514 300
513 305
513 310
513 315
514 320
514 324
512 332
513 338
513 339
513 348
513 350
511 358
510 363
514 367
513 372
509 377
514 382
508 388
514 393
513 400
512 407
513 414
510 421
513 426
512 437
515 440
513 447
510 453
513 455
513 463
515 464
512 470
514 474
513 477
510 484
513 488
512 495
514 500
513 507
515 512
512 526
511 526
512 533
511 541
513 545
515 551
513 556
513 562
510 566
511 570
513 575
515 580
514 585
512 591
513 597
510 619
512 622
514 624
512 633
516 638
511 645
512 651
512 657
512 661
512 668
512 673
513 678
513 684
512 689
513 695
512 700
514 705
514 710
513 714
513 719
513 724
513 729
513 733
513 742
513 743
512 747
513 751
513 755
513 759
512 764
513 768
513 772
514 776
513 781
469 785
404 788
395 792
360 797
365 801
378 808
373 812
377 815
403 818
363 822
378 827
388 830
397 835
387 837
414 840
399 844
373 848
407 849
402 853
382 857
370 860
407 862
398 866
443 888
428 889
437 890
447 891
426 894
464 895
436 897
426 899
472 900
402 902
444 903
459 904
447 907
459 908
438 909
470 909
456 911
441 909
471 913
466 915
448 916
460 916
460 918
453 920
459 920
471 923
467 922
474 921
485 923
474 926
448 923
497 923
472 925
462 924
487 924
497 924
473 925
497 925
480 924
502 925
464 921
501 924
488 925
488 922
503 923
506 923
505 920
514 918
513 915
511 914
514 910
513 908
513 907
512 906
513 905
513 904
513 902
512 881
514 877
512 876
514 874
514 874
515 870
512 866
513 864
514 859
513 858
513 853
514 849
514 846
515 841
513 837
513 829
514 828
514 822
513 816
512 812
513 808
514 802
513 797
513 793
513 786
512 783
511 779
513 772
515 767
513 761
514 757
514 754
513 748
514 741
514 737
513 733
513 728
513 723
513 715
513 710
513 706
512 700
513 694
513 690
513 684
513 678
512 675
513 670
515 664
524 660
517 647
515 649
514 644
517 634
513 631
513 623
513 615
513 571
512 569
514 565
512 563
514 559
513 554
514 548
510 542
513 536
514 529
511 524
515 517
512 510
513 504
514 496
513 492
513 486
513 481
513 475
514 471
507 464
516 461
514 457
513 453
514 444
513 440
514 435
515 428
513 423
515 416
514 410
512 402
514 397
514 391
512 385
513 379
514 372
511 367
514 360
510 358
514 353
514 347
514 341
514 337
514 332
513 327
513 323
514 317
513 312
514 308
515 303
518 299
514 290
512 289
513 285
515 280
513 277
646 240
653 236
643 232
637 227
664 223
636 221
652 215
671 212
651 207
650 203
639 199
636 196
623 194
618 190
653 188
629 183
613 181
651 173
603 166
644 169
640 167
616 164
629 161
615 157
625 154
615 151
591 151
614 149
566 147
584 145
616 144
573 141
578 140
582 139
591 137
580 134
581 133
566 131
589 130
558 129
597 128
574 127
540 125
603 125
552 123
568 122
576 121
575 120
559 119
541 116
602 115
542 119
555 117
579 115
540 115
554 115
563 113
536 115
520 116
513 117
515 118
513 121
513 123
513 126
513 128
514 130
513 131
513 133
514 134
515 149
520 135
516 146
509 137
518 155
513 144
514 147
514 148
513 152
513 155
514 157
514 159
513 162
513 165
514 167
514 171
514 174
512 177
513 181
514 184
513 189
513 192
509 196
515 201
513 206
513 211
513 214
514 220
513 226
513 232
514 236
513 244
513 245
513 247
509 257
516 260
514 264
513 271
513 277
514 280
510 284
513 290
513 296
512 301
513 381
513 384
512 390
514 394
512 401
514 412
513 416
512 422
513 429
513 437
513 441
512 448
512 453
513 458
512 463
514 466
513 470
513 475
512 479
514 484
512 490
513 494
513 502
512 508
513 516
510 524
513 527
511 535
513 541
515 547
512 552
512 556
513 562
514 567
512 572
512 577
512 582
512 586
512 592
513 597
513 603
512 612
511 615
513 621
508 627
513 634
513 640
511 647
514 652
512 659
513 663
513 669
514 675
514 682
512 682
513 690
513 695
513 771
513 773
513 778
514 782
459 784
392 788
378 792
389 797
342 804
356 808
371 810
375 814
377 817
379 822
364 827
375 830
370 834
407 835
372 840
400 844
412 846
367 851
385 853
404 857
388 858
392 863
410 866
386 871
390 873
402 877
423 880
396 883
400 885
432 887
434 889
425 890
445 893
440 897
432 896
465 900
442 899
442 902
445 902
441 904
446 905
428 907
476 908
440 909
452 910
463 912
444 913
451 913
451 914
476 918
426 917
479 919
473 919
452 924
488 924
473 924
485 924
492 924
481 925
486 927
502 924
481 927
479 922
508 924
490 922
509 922
514 920
511 918
513 917
514 913
514 910
513 908
514 907
513 906
513 904
513 903
511 903
513 902
511 899
513 898
512 894
513 892
515 889
513 889
514 886
513 881
512 880
513 877
514 874
513 872
513 869
514 867
513 861
511 860
513 856
512 852
514 847
510 844
513 840
513 835
530 831
513 826
514 820
514 816
507 814
514 807
513 801
514 795
514 790
513 784
510 699
515 692
513 689
513 683
515 677
512 675
513 669
516 664
522 658
535 652
513 648
513 642
514 634
514 629
517 620
512 614
513 606
513 599
514 595
516 585
511 584
512 578
514 575
514 572
515 565
513 562
517 557
513 553
516 546
512 541
511 534
513 529
513 523
514 516
516 508
513 502
513 495
512 490
513 485
518 479
513 475
515 469
507 464
516 459
514 455
513 451
514 444
512 439
513 436
514 426
514 423
511 414
514 409
515 401
515 396
514 391
513 385
520 295
514 289
514 284
514 283
514 276
513 273
512 268
513 263
515 259
515 254
575 252
655 247
677 243
638 239
637 235
669 231
650 227
624 222
653 218
650 215
643 211
658 207
674 203
625 199
648 196
639 192
613 189
661 185
630 182
616 179
625 178
648 171
623 168
620 166
622 163
655 159
629 157
609 155
633 152
594 150
613 151
607 146
582 143
570 142
588 141
606 138
581 139
596 135
621 135
564 133
583 132
576 130
581 129
561 125
589 125
583 125
566 124
557 113
555 112
548 112
525 112
559 112
547 113
530 115
535 112
557 114
514 114
523 115
525 116
514 117
515 119
514 122
513 124
514 126
516 128
513 130
514 131
513 133
513 133
515 140
518 139
515 141
514 142
514 153
513 146
513 147
514 150
513 152
513 155
513 157
513 159
513 162
513 167
512 168
514 173
514 175
512 180
513 186
513 186
512 189
514 194
510 196
513 204
517 207
513 212
513 216
513 221
513 227
513 234
514 238
513 242
513 247
513 253
515 257
514 328
513 333
513 341
514 343
513 349
513 356
514 359
516 364
512 371
516 372
513 379
511 384
513 391
510 398
515 401
514 413
512 418
513 422
511 433
516 436
513 443
512 448
513 454
513 457
513 463
512 467
513 471
512 476
510 481
513 485
512 491
513 498
516 502
513 509
512 515
513 522
513 529
512 536
513 543
513 548
513 554
514 558
512 563
513 568
513 572
513 577
513 582
513 588
513 593
512 598
514 603
512 612
512 617
513 623
512 628
512 635
513 641
513 742
513 746
513 748
513 752
513 756
513 762
517 765
511 771
513 773
514 778
510 783
444 784
420 787
366 793
366 797
379 803
337 807
365 809
415 814
379 819
368 821
381 829
376 833
376 835
399 837
407 843
410 845
384 847
408 852
407 855
383 860
412 861
407 865
378 868
401 871
395 875
395 877
380 880
419 882
440 886
397 887
444 890
433 888
427 893
452 895
438 896
433 898
425 899
464 902
424 903
453 904
448 906
448 908
464 909
435 910
465 911
424 923
498 924
486 924
483 918
483 924
506 928
488 924
497 923
508 924
507 922
517 920
513 917
513 915
514 914
513 910
513 908
513 907
513 905
514 904
514 903
514 902
513 900
513 899
513 896
514 896
513 892
513 891
513 887
513 885
512 882
513 879
513 877
513 875
513 871
514 870
514 865
513 861
515 857
514 856
517 851
512 847
514 842
513 839
513 835
513 828
513 825
513 819
514 813
513 810
514 807
513 799
513 794
514 789
512 784
513 779
513 775
513 770
513 643
515 639
513 637
513 633
513 625
514 618
513 613
514 603
514 597
513 592
512 586
513 581
513 578
514 573
514 570
515 565
517 561
514 556
514 550
514 546
513 540
511 533
515 526
515 520
514 513
515 507
514 501
513 494
514 488
514 482
514 478
513 473
515 471
520 467
515 457
514 453
512 449
515 442
514 438
514 432
515 425
513 419
514 413
515 406
515 400
514 394
512 388
515 382
513 378
514 371
514 365
513 361
515 356
514 349
515 345
514 339
514 334
516 313
515 310
514 308
514 304
494 298
510 292
519 293
513 287
515 283
513 279
513 274
514 270
514 265
513 262
514 257
517 254
574 251
654 247
635 242
659 239
661 232
672 228
651 224
637 221
621 217
664 213
654 210
654 205
655 202
621 199
604 194
629 191
633 188
615 185
639 182
621 178
647 176
619 179
627 165
650 166
592 163
629 158
624 156
600 153
614 152
600 149
614 147
579 146
593 143
597 141
545 139
637 138
585 138
599 135
586 134
558 132
595 132
547 115
544 119
569 118
599 118
547 119
561 119
559 116
556 115
548 115
546 114
560 113
540 113
541 113
559 113
533 112
534 112
552 112
537 113
527 109
538 112
535 112
534 113
514 112
545 114
519 114
517 116
517 118
514 120
513 122
513 124
514 127
513 128
513 131
513 132
514 133
513 135
516 143
514 139
513 135
517 145
519 144
511 146
517 147
514 150
517 153
514 156
513 158
513 161
514 162
513 166
513 168
514 173
513 176
515 179
513 182
514 186
513 189
513 234
513 236
512 238
514 243
