513 753
513 755
514 758
513 761
513 764
513 770
513 774
510 777
510 780
420 784
244 783
87 787
88 792
46 798
45 802
36 807
85 811
96 814
82 818
82 823
89 827
99 831
151 834
128 838
160 843
164 844
182 848
174 851
156 854
181 857
149 861
144 863
184 867
168 871
144 873
189 878
182 880
197 882
215 884
222 887
230 888
280 890
299 892
255 893
305 897
305 896
286 899
310 900
281 903
312 903
268 905
334 909
320 908
301 911
346 910
319 912
369 912
330 917
359 217
918 214
927 211
984 208
938 205
934 201
877 198
883 195
879 192
859 188
868 187
886 182
844 180
876 176
880 176
845 169
889 166
826 164
853 160
861 158
782 155
863 156
764 150
741 152
779 147
753 146
748 142
733 142
763 140
724 139
696 137
760 135
713 134
766 132
709 129
701 129
704 128
721 126
675 124
686 124
717 124
693 122
721 120
666 119
679 102
683 118
643 127
667 116
669 115
626 115
639 112
657 113
637 113
629 114
609 110
643 113
590 110
238 884
243 886
238 888
246 890
295 892
242 894
296 895
270 898
305 898
302 901
301 903
284 905
298 907
344 908
304 909
335 910
322 910
327 911
322 912
320 914
350 914
349 918
370 917
308 918
376 918
375 922
348 920
359 922
374 923
358 921
403 922
381 924
380 924
405 923
405 923
450 924
408 925
403 924
420 924
430 924
443 924
411 924
465 924
418 924
469 924
467 922
483 921
500 920
509 918
512 916
513 912
514 910
513 909
512 907
512 909
513 904
513 904
513 657
513 655
513 656
513 645
513 642
513 633
512 624
513 620
513 613
513 605
513 599
512 591
513 586
513 581
512 573
513 573
513 566
511 565
513 562
511 555
513 551
513 546
512 540
513 534
513 528
513 520
513 514
513 506
513 500
514 494
513 489
514 483
514 479
511 479
508 468
512 458
514 459
512 454
513 449
513 444
514 438
513 432
514 426
513 421
514 414
513 405
513 401
513 392
511 389
514 383
513 378
514 372
513 367
513 361
513 356
513 351
513 345
515 255
526 254
652 251
737 252
946 249
999 248
1017 239
995 235
1023 229
955 224
911 220
971 218
918 212
923 209
930 203
909 201
860 198
837 195
859 189
898 189
825 188
859 182
882 178
835 168
919 172
881 169
847 166
883 163
826 159
856 157
814 155
749 152
795 151
766 149
829 146
724 145
720 140
734 142
703 140
809 138
724 137
750 134
739 135
715 132
744 131
666 128
730 129
710 127
728 126
712 124
667 124
702 121
672 121
699 118
645 120
685 111
680 114
575 114
566 114
554 115
538 117
518 118
514 120
514 123
514 125
514 127
514 130
515 131
514 132
515 134
516 131
514 136
511 139
514 140
513 143
514 145
514 147
513 149
514 150
514 154
513 158
514 159
513 163
514 165
514 168
513 171
513 176
512 178
513 182
514 185
514 189
513 194
513 198
514 206
513 208
514 217
512 219
513 224
515 230
514 235
513 236
514 241
515 251
520 254
513 269
520 264
514 266
513 270
514 279
514 283
514 287
514 294
513 300
514 411
512 416
514 420
513 442
500 430
514 439
514 446
514 450
513 454
514 461
513 463
513 467
513 473
513 475
513 481
513 486
514 492
514 498
513 504
513 511
514 516
513 524
514 529
512 537
514 543
513 549
516 553
513 557
514 565
514 567
514 573
513 577
514 581
513 589
513 593
514 599
513 604
514 611
514 617
514 623
512 629
513 635
513 641
513 647
513 652
513 657
514 662
513 669
513 675
513 681
513 686
513 691
513 697
513 701
514 706
513 712
513 717
513 785
243 780
98 786
72 789
81 794
48 799
6 804
41 808
88 812
71 817
93 821
80 826
71 830
128 834
143 838
130 841
195 843
130 846
204 849
182 853
130 855
178 859
152 862
177 866
167 869
139 872
194 875
179 879
183 882
215 884
207 887
241 888
245 890
289 892
277 894
260 896
303 900
300 898
273 899
319 901
318 902
288 906
320 905
297 908
261 909
345 909
328 913
367 912
329 914
355 914
329 917
330 917
347 919
332 920
360 919
391 921
387 922
366 920
347 914
514 913
513 911
512 910
515 907
513 905
513 905
512 903
513 902
512 901
512 900
513 897
512 894
513 893
512 890
513 888
515 885
512 883
513 880
513 877
512 875
513 871
513 869
513 865
513 861
513 859
513 856
513 853
513 848
514 844
514 839
513 835
513 831
513 827
513 820
514 815
512 809
512 805
513 802
513 793
513 789
514 785
513 780
513 775
514 770
514 763
512 758
513 757
513 751
513 745
512 739
514 733
513 730
513 725
514 719
513 713
513 708
512 581
513 577
513 576
512 571
513 570
514 563
514 561
513 555
513 550
514 544
515 539
514 532
514 526
513 519
513 512
513 506
513 499
513 493
512 487
512 482
514 478
515 478
517 468
514 464
513 459
513 454
512 449
513 443
513 438
512 431
513 426
513 419
513 413
512 407
514 401
515 393
513 388
513 382
512 376
516 371
513 364
513 361
512 355
514 350
513 343
514 338
512 334
514 329
513 324
512 319
514 314
513 308
513 303
513 299
514 292
531 289
513 286
515 151
745 149
764 147
755 141
773 145
716 142
780 141
707 139
701 138
764 136
705 135
747 134
730 133
732 129
722 129
685 128
701 126
679 127
726 124
692 123
691 122
686 119
681 119
683 118
678 126
683 107
653 116
623 116
663 113
634 114
639 113
626 113
623 114
653 113
632 113
565 113
628 113
581 109
599 113
608 112
586 113
572 113
596 114
576 116
547 114
546 117
517 118
516 120
515 123
515 124
514 127
515 128
514 130
514 131
514 133
512 132
512 135
510 144
514 145
514 146
515 148
514 150
514 153
514 159
514 158
513 164
516 163
513 170
513 169
514 172
514 176
514 180
513 182
514 187
515 191
513 194
513 199
515 204
515 209
513 214
514 218
514 222
514 228
513 234
514 238
514 244
514 264
517 252
514 267
512 265
519 280
514 273
514 279
514 283
514 288
514 292
513 299
513 305
513 307
514 312
514 324
512 325
514 329
515 335
513 344
515 347
513 353
514 358
514 364
516 366
513 371
513 375
514 381
513 386
513 457
513 459
515 462
513 465
514 468
514 473
514 482
514 481
513 491
515 492
514 498
513 504
514 514
514 518
514 526
513 532
514 537
513 545
514 549
513 554
514 559
514 564
513 569
514 573
513 580
513 583
514 587
512 594
514 600
513 606
514 612
514 618
512 625
513 630
514 637
514 643
513 648
513 659
517 660
514 666
514 672
513 677
515 682
514 687
514 693
512 699
513 703
513 708
514 713
513 718
513 723
513 728
513 733
513 738
514 742
514 746
512 750
65 789
55 787
41 795
67 800
49 803
73 810
84 814
118 817
64 822
75 826
109 830
109 833
126 837
123 841
177 843
145 847
157 850
173 854
172 856
142 859
176 863
160 866
184 871
210 872
144 878
186 878
232 881
214 883
241 886
225 887
255 889
284 892
279 893
310 896
289 898
284 897
308 901
268 903
282 904
308 900
342 906
308 908
308 909
345 911
347 913
333 914
305 914
329 916
326 915
378 916
359 920
329 918
331 920
360 920
367 921
373 921
382 922
373 923
427 924
452 924
442 924
461 924
441 923
461 922
495 921
505 920
506 917
511 911
512 913
513 912
512 909
512 903
513 906
513 904
514 902
514 900
513 901
512 893
513 896
512 889
513 891
513 889
513 888
512 884
513 881
513 879
513 876
514 874
514 871
513 865
513 864
514 861
514 857
513 855
512 851
512 847
512 842
511 838
513 834
511 829
513 828
513 819
513 814
512 811
513 804
514 800
512 797
513 788
513 784
513 778
514 771
511 771
513 760
514 757
515 750
513 695
513 690
513 686
513 678
512 675
514 670
513 665
514 660
514 654
512 651
513 643
513 636
514 632
513 623
513 616
513 611
513 598
513 597
513 592
513 586
513 581
513 577
513 572
513 569
513 564
513 559
512 553
513 549
513 543
513 537
512 533
514 523
512 520
513 511
513 507
513 500
513 492
512 489
513 482
512 478
515 480
514 467
513 464
513 458
512 453
512 448
515 443
512 437
513 430
513 419
514 418
512 413
514 406
514 399
513 394
513 388
513 382
515 296
513 291
511 289
513 286
513 282
513 277
513 273
513 269
513 264
514 261
517 257
528 253
658 252
778 248
988 248
1023 243
1023 236
997 231
913 228
961 223
980 220
916 213
905 210
988 207
889 203
877 200
886 196
877 194
866 191
856 188
817 183
868 181
894 169
854 179
863 168
855 168
901 164
861 161
824 158
809 163
804 153
837 146
799 150
754 147
724 146
761 143
762 142
743 140
724 139
721 131
739 135
722 129
738 133
702 131
690 130
726 128
711 114
625 113
617 113
623 113
614 113
594 112
588 113
594 112
616 113
581 113
583 113
599 113
561 113
552 114
580 115
537 116
524 117
515 120
515 122
514 125
515 127
513 128
514 129
513 127
513 133
516 140
509 139
514 133
507 135
513 141
512 144
514 145
513 147
513 150
513 152
514 156
514 158
513 161
515 164
513 167
514 170
513 173
515 176
514 180
514 183
510 187
514 190
514 195
514 199
514 204
514 209
513 213
514 219
513 224
514 230
514 235
514 241
513 320
514 324
513 327
513 330
514 335
513 342
513 347
513 353
513 358
514 363
513 368
513 373
514 379
514 383
513 388
514 395
514 401
514 409
514 414
514 423
513 429
513 435
513 442
514 447
514 453
513 456
514 461
513 466
513 469
513 475
514 478
510 483
513 489
513 492
513 501
513 506
513 513
514 520
514 526
514 533
513 539
513 546
513 550
514 555
513 560
514 564
513 570
514 574
514 579
512 585
513 589
513 597
515 601
513 606
513 613
513 618
514 626
513 700
513 704
513 708
514 714
513 719
513 724
514 729
513 734
513 738
513 742
513 747
513 752
513 756
514 760
513 763
513 768
514 772
513 777
509 781
445 780
369 785
83 786
41 792
51 796
66 801
78 805
86 810
99 813
71 818
87 822
92 826
91 830
90 835
139 838
153 841
158 844
157 847
176 851
160 853
195 857
167 860
111 864
178 866
176 870
128 874
142 877
183 879
236 881
227 883
237 886
229 890
245 890
314 893
268 894
272 892
270 896
296 893
294 901
273 918
337 920
319 920
382 922
405 922
374 923
374 923
414 923
399 923
419 924
409 924
410 924
412 924
444 925
422 923
415 924
419 923
463 923
444 923
463 923
459 922
503 921
507 919
512 917
512 914
512 915
512 911
512 909
512 907
512 905
513 904
513 903
514 901
512 900
513 899
513 895
513 892
514 891
514 889
512 886
512 883
513 881
513 878
513 875
510 874
513 870
512 867
513 864
513 860
513 857
513 854
515 850
514 846
513 842
513 837
513 833
514 828
513 731
513 727
512 724
513 721
514 717
513 710
514 706
513 701
512 693
513 689
513 685
513 678
513 675
513 671
514 663
512 661
513 654
512 647
512 644
513 636
514 629
513 623
513 615
513 608
513 601
513 595
513 589
512 585
513 580
513 575
513 571
513 567
513 563
513 559
512 553
513 548
513 543
514 536
513 532
513 522
513 517
513 510
513 503
514 497
512 491
513 486
512 481
513 476
513 475
508 467
514 462
513 457
513 454
514 447
513 442
513 436
513 429
512 539
513 535
513 529
513 522
513 516
513 509
513 502
513 497
514 489
512 486
514 480
514 475
510 472
510 465
514 462
513 455
513 452
513 446
513 440
514 435
513 429
514 423
513 416
513 409
513 403
513 397
514 392
514 385
513 381
512 374
514 369
514 364
513 358
514 352
514 347
513 340
513 335
513 332
513 327
513 322
513 317
514 311
513 307
514 302
513 297
513 291
510 288
513 285
514 280
513 277
514 271
514 266
513 263
513 258
523 254
602 252
690 251
773 141
742 139
718 139
720 137
719 135
748 132
766 134
678 130
727 129
684 128
737 126
717 125
683 122
726 123
665 122
697 121
673 120
671 117
665 117
681 123
657 117
640 116
637 115
655 114
655 114
619 113
636 114
612 113
624 113
601 113
613 111
603 113
562 112
623 113
584 112
612 112
561 114
565 114
552 114
571 114
525 116
514 118
515 120
516 120
513 125
514 127
512 129
514 130
514 131
514 133
498 130
514 136
513 135
514 139
514 139
514 143
514 146
513 311
514 312
514 317
513 320
513 330
514 334
513 338
513 345
514 349
514 353
513 362
513 365
513 368
514 376
513 377
514 388
513 390
513 397
513 405
513 409
514 419
514 425
516 430
511 454
514 444
512 450
513 454
513 459
513 462
513 466
513 472
514 475
513 481
513 484
513 490
513 498
514 503
513 508
513 515
513 521
515 529
513 536
513 541
513 547
513 553
514 557
513 562
513 567
513 573
512 577
514 582
513 587
513 592
514 598
513 603
513 610
512 614
513 740
513 744
513 747
513 749
513 753
514 757
513 761
513 766
514 770
512 775
512 779
507 783
404 783
162 783
127 791
103 792
92 798
87 802
76 807
86 810
98 816
104 820
36 824
109 826
82 832
93 836
140 839
165 842
178 845
166 849
155 851
196 855
174 859
140 861
145 865
127 867
195 871
140 874
175 877
207 880
219 883
243 886
212 888
272 888
265 889
282 893
294 895
268 896
292 898
292 900
309 901
279 904
284 906
327 906
303 907
342 908
294 911
364 923
431 924
424 923
448 924
408 923
424 926
453 923
441 923
470 923
451 922
484 922
497 919
512 918
510 917
513 913
513 911
513 909
512 908
513 907
512 905
513 903
512 902
513 900
512 898
512 897
513 893
513 893
512 890
513 889
513 885
514 881
514 879
513 877
513 875
513 872
513 869
513 869
514 862
514 860
513 856
513 851
512 849
513 843
511 843
513 836
513 831
513 826
514 820
513 816
513 811
514 806
513 801
513 796
518 791
513 787
513 783
514 778
512 757
513 749
513 748
513 745
513 742
513 735
513 731
513 725
513 721
513 715
513 711
512 704
514 701
512 692
514 687
512 683
513 679
513 672
513 667
513 662
513 657
513 653
513 646
513 639
513 634
512 626
513 619
512 613
512 603
512 599
512 592
514 586
512 582
514 577
513 574
512 568
514 565
513 560
513 557
513 552
513 545
512 541
513 534
513 526
513 520
513 513
513 508
513 499
513 494
513 488
515 483
513 479
512 473
511 467
513 464
514 459
513 453
514 396
514 394
514 388
513 384
512 377
514 373
511 366
513 361
514 356
514 351
513 345
514 340
513 334
513 331
513 325
514 320
513 315
513 310
514 305
513 300
513 296
515 291
515 281
513 282
516 280
513 271
513 271
513 267
513 262
517 257
521 254
656 251
735 250
898 250
1008 247
1006 240
970 235
938 231
998 227
953 222
965 217
959 213
948 208
945 205
912 201
880 201
856 193
862 191
884 189
820 184
841 182
897 179
855 173
901 167
848 169
863 166
891 163
760 140
764 139
772 139
692 135
735 135
731 134
706 132
713 131
671 129
739 129
681 127
724 124
680 125
710 123
712 122
675 123
694 120
641 119
685 109
678 119
645 109
664 115
652 115
625 115
652 110
634 112
625 114
630 111
606 114
615 113
628 112
604 111
613 112
563 111
604 112
602 113
555 114
567 110
568 114
557 115
526 116
517 119
515 121
515 124
514 128
514 127
513 130
514 131
514 132
514 134
504 135
517 141
513 136
516 140
514 143
513 145
512 146
514 176
514 176
513 182
513 188
512 190
514 196
513 197
513 203
513 208
512 209
513 215
514 222
513 226
514 231
514 236
514 244
513 245
519 253
514 261
518 261
513 280
514 271
512 278
514 281
513 286
515 295
515 298
513 302
514 306
515 313
513 322
514 323
514 328
513 335
513 338
513 344
513 352
514 354
514 359
513 367
513 369
514 376
514 382
514 384
513 393
514 397
513 403
514 412
514 416
514 426
514 429
510 436
514 443
514 450
513 456
514 459
513 465
513 523
513 528
513 531
513 536
513 544
515 549
514 553
514 558
512 565
513 568
513 573
513 577
513 583
513 588
513 596
513 599
514 605
514 611
514 617
513 624
513 629
511 636
513 641
512 647
513 654
513 659
513 666
514 673
513 675
513 682
510 687
513 693
513 698
514 702
514 708
513 711
515 717
514 723
513 727
513 732
513 737
514 742
514 746
514 750
513 754
513 759
513 762
512 767
513 771
514 776
511 780
479 782
347 784
105 786
97 790
111 795
52 800
167 862
171 866
146 869
131 873
182 876
187 878
175 881
208 882
267 886
230 887
255 889
281 892
275 893
268 895
284 897
301 897
331 899
262 902
321 903
277 905
327 904
313 907
320 907
326 909
309 911
353 912
321 913
384 913
333 914
301 916
339 919
349 919
386 920
338 920
348 922
391 921
368 922
395 922
390 924
369 923
432 923
414 924
402 924
417 924
425 924
428 924
432 923
430 922
423 923
454 923
442 923
459 923
470 922
480 923
500 919
510 918
512 916
514 885
513 883
514 881
513 879
511 877
513 874
513 870
513 868
513 865
513 860
512 857
512 855
514 851
514 847
514 844
513 839
513 835
513 830
513 825
512 819
513 815
513 811
512 805
513 800
514 793
513 793
513 784
513 780
513 776
513 770
512 763
513 762
514 755
513 752
513 745
513 739
513 735
513 730
513 725
513 719
512 713
513 708
513 701
512 698
513 692
513 686
514 681
513 676
513 671
513 668
513 661
513 656
513 649
514 644
514 639
513 631
513 625
513 530
513 525
513 522
514 511
513 506
514 500
513 494
513 488
513 482
513 479
513 473
527 469
513 465
513 458
513 455
513 449
513 443
514 437
513 433
513 426
513 419
513 414
513 411
516 401
513 396
515 389
513 384
514 379
513 372
514 368
513 361
514 356
514 350
513 345
513 339
514 334
513 329
512 324
513 320
513 314
513 309
513 304
514 301
513 295
515 296
513 284
513 283
513 279
513 275
513 271
513 266
515 262
520 257
531 251
631 251
791 249
997 203
885 198
859 197
902 194
862 191
829 188
873 184
853 181
869 177
869 174
887 174
872 168
868 165
866 161
810 158
847 156
844 155
768 151
801 150
742 148
753 146
763 145
719 142
760 140
751 139
751 137
714 136
689 133
759 133
710 131
738 130
681 125
751 127
724 127
669 125
686 122
697 123
738 122
644 121
700 119
682 120
669 110
685 115
655 120
648 116
651 115
639 115
649 114
610 115
633 113
607 113
609 113
631 113
622 112
605 115
565 113
624 113
571 137
513 141
513 143
514 145
513 146
514 150
513 152
511 155
513 158
514 161
514 165
514 166
513 169
514 171
513 174
514 180
514 183
514 187
513 191
514 197
514 199
514 205
516 209
514 214
513 219
514 223
514 228
517 234
514 239
513 242
507 246
504 254
513 260
515 262
516 273
503 272
514 279
514 284
513 287
514 292
514 299
514 305
514 309
513 312
513 318
513 325
513 329
513 336
514 342
514 345
514 350
514 357
513 362
515 367
513 371
514 375
514 384
513 490
513 494
514 499
513 505
514 512
513 517
513 526
516 531
514 538
513 544
514 549
514 554
513 560
513 565
513 569
513 574
513 579
513 583
514 589
514 594
514 600
513 606
514 612
514 619
512 624
516 630
514 637
514 642
513 648
513 654
514 660
514 666
514 671
515 678
514 683
513 688
514 694
514 699
513 703
514 709
514 713
514 717
514 723
513 728
513 733
513 738
514 743
514 747
513 750
513 755
514 759
509 762
513 767
514 771
512 775
509 781
470 783
290 851
169 852
157 854
165 856
191 859
131 863
135 866
158 869
195 873
170 876
124 878
182 881
208 885
236 886
255 889
250 890
260 891
297 895
254 896
290 897
301 900
295 902
279 902
286 905
286 905
313 907
310 908
313 909
318 910
341 911
335 913
316 914
345 916
303 915
348 917
356 916
333 919
384 920
338 922
343 921
420 921
387 922
372 923
400 923
393 924
416 924
413 924
398 924
429 924
410 924
452 925
417 924
443 924
426 924
466 924
425 923
447 923
516 895
514 894
513 893
514 891
513 889
513 886
513 882
514 879
513 877
514 874
512 870
513 868
513 865
513 862
513 857
513 854
513 851
514 846
513 843
513 832
513 833
512 829
513 825
513 820
513 813
511 808
515 803
513 798
512 794
513 790
512 784
513 779
513 774
513 771
513 765
513 757
513 753
513 747
512 744
514 738
513 734
513 728
513 723
513 717
514 713
513 708
513 702
516 692
512 691
513 684
514 680
512 677
514 670
514 664
515 660
513 655
513 651
513 528
514 523
512 518
513 510
513 504
513 499
514 492
512 488
514 481
513 477
514 472
514 466
514 462
513 458
513 453
513 446
513 443
514 436
513 431
513 424
515 418
513 412
513 406
513 399
513 393
513 388
513 382
512 376
514 371
513 364
513 359
513 354
513 348
513 344
514 338
514 333
513 328
513 323
514 318
513 313
514 308
513 304
514 299
513 294
514 288
508 289
514 281
513 279
514 274
513 269
513 264
514 261
518 256
531 253
624 248
746 246
996 247
866 165
858 163
866 162
826 158
808 157
821 154
780 152
777 148
779 148
746 145
743 144
702 143
772 140
749 140
696 137
758 137
700 133
761 132
678 131
732 129
720 129
675 125
744 126
652 126
734 123
680 122
709 121
685 120
668 119
689 117
658 118
655 118
659 115
646 116
657 115
615 114
648 114
636 114
620 114
614 113
631 113
592 113
626 114
585 113
595 112
566 113
608 113
592 113
551 113
568 113
571 114
531 117
522 118
513 119
516 122
514 125
514 127
514 243
524 238
518 250
514 257
514 261
514 265
515 273
513 275
513 285
514 288
514 293
513 299
513 304
513 310
514 315
514 321
512 326
514 331
512 336
513 343
514 348
514 351
514 359
514 364
514 366
513 374
514 377
513 381
514 389
513 391
514 402
514 407
514 415
515 422
514 427
514 439
524 435
514 447
513 452
513 457
514 463
514 464
513 470
514 474
513 479
513 482
513 489
513 493
514 499
513 507
513 512
513 520
513 527
513 532
