512 852
513 851
512 849
513 845
513 844
512 839
513 833
513 830
512 824
513 818
513 814
514 809
513 805
512 798
513 794
514 789
515 784
514 779
513 775
513 768
514 762
513 757
513 753
513 750
513 745
513 736
513 733
513 731
513 723
513 716
513 713
513 706
514 699
513 697
512 690
514 683
512 681
513 675
514 669
513 665
513 659
512 655
513 649
515 643
513 638
514 628
512 625
513 617
515 609
513 603
515 595
512 592
513 583
513 580
513 577
513 571
513 568
514 150
513 151
513 153
514 156
513 159
514 161
512 164
514 167
513 171
514 173
513 176
513 183
510 183
513 187
514 177
513 195
515 201
517 206
509 197
513 214
513 219
513 225
514 231
514 233
514 238
514 242
515 249
512 253
514 258
514 262
513 268
513 274
514 279
513 284
515 288
515 295
513 300
513 304
514 308
513 314
514 321
514 324
514 334
512 337
513 341
513 346
513 353
513 358
513 360
518 368
513 373
514 377
513 384
514 388
513 393
512 401
514 405
513 685
513 682
515 678
513 675
514 667
514 664
514 660
514 652
514 648
513 642
513 634
513 629
515 620
513 614
513 606
514 600
513 595
514 589
514 585
514 580
513 574
513 571
513 567
513 561
514 559
513 552
513 546
513 541
514 549
513 530
514 522
513 515
512 509
514 502
514 496
514 490
513 485
513 480
512 476
513 470
514 466
515 461
514 457
513 452
514 446
512 441
514 435
515 427
514 423
513 416
514 409
514 404
513 398
514 391
513 385
513 379
513 374
716 196
733 194
765 192
733 188
712 185
778 182
741 179
773 176
739 171
744 169
790 166
744 162
738 160
699 157
683 154
762 152
671 150
708 148
676 146
630 144
671 143
664 141
701 140
660 138
678 136
653 135
605 133
702 129
652 135
695 127
638 128
609 126
658 125
613 124
643 123
585 116
675 121
626 119
623 119
605 118
617 117
643 116
589 116
611 115
626 115
572 111
601 114
599 113
555 113
585 113
590 113
557 112
573 112
579 113
584 113
552 107
554 113
513 141
513 143
514 144
513 147
513 149
514 152
514 153
515 157
514 160
514 162
514 165
512 168
513 171
513 174
513 178
514 181
513 185
513 189
517 193
514 196
513 200
512 214
494 212
513 214
513 221
513 224
513 230
514 236
513 242
514 246
514 250
513 256
513 259
513 265
513 272
513 276
514 279
514 285
516 288
512 293
514 300
513 307
513 310
513 314
513 322
513 328
513 331
514 339
513 345
514 348
513 354
512 360
514 363
519 366
512 374
514 377
513 486
514 487
511 492
514 496
512 502
511 508
512 515
514 522
513 529
514 535
515 542
512 548
512 552
513 557
514 563
514 568
515 571
513 577
512 580
513 585
513 593
512 598
514 603
512 610
513 615
513 621
513 627
513 634
513 640
514 647
513 650
512 657
514 664
513 670
513 674
513 680
512 686
513 691
510 697
514 701
513 706
513 710
513 715
513 721
513 726
513 731
514 736
513 741
513 744
513 748
512 753
514 757
514 761
511 765
513 770
511 774
512 776
478 851
246 852
264 854
306 856
237 858
302 863
305 866
215 869
311 872
295 876
276 877
304 881
283 884
336 885
336 887
341 890
336 892
336 894
395 895
363 898
341 899
413 900
378 902
347 903
361 905
385 905
382 906
382 909
393 910
400 912
393 913
418 913
382 914
354 916
416 917
362 918
425 918
439 920
403 920
421 921
421 921
429 922
452 922
419 923
436 924
426 923
443 923
447 924
449 924
438 924
456 923
470 923
482 926
443 921
475 924
471 923
468 923
472 899
513 898
514 897
513 895
514 893
511 891
513 888
514 886
512 882
513 880
512 875
513 876
513 870
514 870
513 866
513 863
513 859
513 858
513 852
515 850
512 846
513 841
513 835
513 832
513 827
513 823
513 817
512 813
513 807
514 803
513 797
513 792
513 785
513 780
512 775
513 770
513 763
514 761
513 755
514 751
513 749
512 743
514 737
512 732
506 727
514 722
513 714
513 707
513 707
514 698
513 691
513 687
513 683
514 678
513 676
513 665
514 663
513 546
513 542
513 537
508 541
513 526
514 521
512 515
514 507
512 501
512 495
514 486
512 484
514 475
513 475
515 468
513 466
513 460
514 454
513 451
514 444
514 439
513 434
514 428
513 421
514 414
513 409
514 401
513 396
513 390
514 384
513 378
514 372
514 367
513 362
513 356
513 350
513 346
518 331
514 335
513 329
513 325
513 320
513 315
513 310
513 305
513 300
513 295
513 292
513 288
513 283
514 278
513 274
513 270
513 266
514 261
515 257
516 253
514 372
514 369
514 365
514 362
513 356
513 350
514 352
514 340
514 334
513 330
514 325
513 320
514 314
514 310
513 305
514 300
514 296
514 291
513 289
515 283
513 278
514 275
513 269
513 265
513 260
515 256
555 254
656 252
761 246
774 244
794 239
805 237
786 230
815 227
779 224
767 220
815 214
808 209
771 206
795 203
762 200
750 194
729 193
743 190
776 187
724 183
736 180
757 175
754 174
754 170
754 167
757 164
748 160
751 157
712 154
704 152
704 151
514 136
514 137
513 138
514 142
513 142
513 145
513 147
513 150
514 151
512 155
514 156
513 160
514 163
513 166
513 169
514 172
513 175
515 175
514 182
513 186
514 189
518 193
516 200
516 205
515 212
515 213
514 216
513 222
514 227
513 233
513 239
514 244
514 248
513 252
514 259
513 263
513 267
513 270
513 279
513 284
513 288
514 292
513 298
512 304
514 307
513 313
514 317
513 326
513 329
513 335
513 343
513 346
513 350
513 357
514 360
512 367
516 371
514 491
513 496
514 505
513 510
511 520
514 524
513 531
513 537
513 544
514 550
514 555
513 560
513 563
511 569
513 573
513 579
514 584
513 588
512 595
513 600
512 606
512 612
514 617
513 625
513 630
513 637
513 643
513 648
513 655
513 660
513 665
513 672
514 677
513 682
513 688
514 692
513 699
514 703
513 707
513 713
514 717
515 722
513 728
513 733
513 737
514 741
513 746
514 751
513 755
514 758
513 764
513 767
512 772
516 775
512 780
491 783
365 785
216 823
213 828
199 831
257 835
277 839
250 842
270 844
266 847
288 850
283 854
258 858
259 861
320 864
282 868
230 871
265 872
313 876
298 881
310 883
283 884
328 885
342 886
340 889
379 893
345 896
354 897
392 899
356 899
424 902
340 902
368 904
345 906
355 906
442 910
330 910
387 912
388 912
394 913
391 913
390 915
392 915
383 917
437 918
397 919
419 919
411 920
411 921
422 921
437 922
439 923
437 923
414 925
451 923
432 924
453 923
451 925
444 924
508 919
512 918
513 915
513 912
514 910
513 909
514 907
513 906
513 904
514 904
513 903
512 900
513 897
513 896
513 894
513 891
513 890
514 888
514 884
514 881
514 878
513 875
513 873
514 871
514 868
512 864
514 863
513 859
513 854
513 851
514 850
512 844
513 839
514 834
511 830
513 825
512 820
513 814
513 810
513 804
513 798
516 796
512 788
513 786
513 779
514 777
514 771
513 764
514 758
514 752
512 749
513 745
514 739
513 732
514 730
512 729
513 666
515 663
514 660
513 657
513 649
513 645
513 638
515 630
513 625
514 616
513 611
513 604
515 595
512 593
513 583
513 581
513 578
515 571
513 569
514 561
512 559
512 559
516 549
513 547
513 539
507 535
514 525
513 521
516 508
514 506
513 499
513 492
511 489
514 481
514 477
513 473
516 466
512 463
513 458
515 453
515 447
515 443
510 436
513 431
514 424
512 419
513 412
513 406
513 400
514 394
513 388
513 384
514 379
514 371
514 367
513 360
513 355
514 296
513 294
515 291
513 290
515 282
513 281
514 274
514 271
514 265
514 261
516 256
570 254
666 251
767 248
764 244
781 239
828 236
801 231
776 227
838 223
783 219
800 215
807 214
786 206
774 202
757 199
766 196
734 193
703 188
771 187
775 182
705 180
771 179
759 174
745 173
780 167
724 163
758 160
711 157
708 155
757 153
672 150
679 147
710 146
666 146
711 143
664 142
664 140
637 138
660 137
708 135
624 133
682 132
664 136
657 131
637 134
649 127
629 113
586 113
579 113
588 113
575 113
561 113
594 113
561 113
548 113
567 114
572 113
539 115
546 113
528 118
508 114
515 117
514 122
514 125
513 127
514 131
514 130
514 131
513 133
514 134
513 136
513 137
513 140
513 141
513 144
513 145
514 148
514 149
515 152
513 156
514 158
513 162
513 163
514 170
512 170
513 173
514 176
514 180
513 183
513 188
514 190
509 194
513 197
507 203
507 192
511 215
514 218
513 224
512 229
513 236
513 243
514 243
513 247
514 338
514 342
512 347
513 350
513 358
514 363
516 374
523 372
514 375
513 383
513 386
513 392
513 401
513 404
513 415
515 419
513 427
512 436
514 441
513 448
514 452
515 456
513 461
512 465
512 469
514 471
512 482
514 481
513 488
513 493
513 499
511 507
514 511
512 519
513 525
512 533
514 537
511 546
515 549
513 555
510 560
513 564
512 571
515 574
513 578
514 584
513 590
513 595
514 600
514 606
512 612
512 619
513 624
513 631
513 637
513 643
513 649
513 743
513 747
513 751
514 755
513 759
513 762
513 768
512 771
514 777
514 781
449 783
363 786
310 792
192 794
212 799
235 803
227 807
226 811
248 817
221 819
221 824
237 828
245 832
247 835
262 839
286 843
268 845
288 848
253 852
311 855
274 857
264 861
292 863
269 868
295 871
264 874
266 877
264 880
319 882
328 885
322 886
357 890
317 892
342 893
384 894
384 897
341 897
373 899
379 902
341 903
353 904
382 909
383 906
416 910
393 910
386 912
362 912
438 923
435 923
446 923
430 924
414 924
447 924
470 924
431 925
440 925
494 924
462 925
463 923
454 923
483 923
483 922
475 923
490 923
503 921
510 917
510 918
512 915
512 912
513 909
514 908
515 908
513 906
513 907
514 903
513 901
512 899
513 898
513 894
513 893
514 891
513 889
514 886
513 884
513 881
514 879
515 876
513 873
513 870
513 870
513 865
513 861
513 862
514 855
514 852
512 846
515 842
514 837
514 832
514 827
514 822
513 821
513 817
513 809
513 706
513 702
513 699
513 695
513 690
514 683
513 678
512 675
514 668
511 666
513 660
513 653
512 650
513 645
512 636
513 632
515 622
513 617
514 607
512 604
513 595
512 590
513 583
514 579
512 578
514 569
512 570
514 562
515 558
513 556
516 547
512 545
517 535
509 522
513 523
513 517
512 513
516 502
513 500
513 492
511 487
513 481
516 477
513 473
514 467
514 463
514 458
512 454
514 447
514 442
513 436
514 430
514 425
513 418
513 412
514 405
514 399
513 293
513 290
512 286
514 283
514 278
512 275
513 270
514 264
512 260
514 256
526 253
657 252
772 248
781 246
816 239
867 236
775 229
776 225
781 222
792 217
807 213
794 210
772 207
787 202
729 199
761 195
737 193
754 190
771 185
724 182
748 179
794 176
765 172
736 169
755 165
756 162
728 159
731 156
711 154
725 151
731 149
663 148
653 146
675 144
669 142
656 141
691 139
652 138
629 136
681 134
620 133
685 131
654 132
665 128
641 132
609 125
647 123
555 112
548 112
564 112
577 109
552 112
562 113
548 113
567 112
543 114
527 113
523 116
520 118
510 134
513 122
514 125
512 127
513 129
514 130
510 132
514 133
513 134
513 136
514 136
513 139
515 140
513 144
514 146
513 148
514 151
513 154
513 156
513 158
513 161
513 164
514 167
514 171
513 174
514 177
511 180
514 184
513 188
515 192
516 195
516 206
512 206
513 214
517 216
514 223
514 226
514 231
513 235
513 240
514 244
513 249
513 254
514 258
513 341
513 345
513 351
513 353
514 359
513 364
514 369
513 375
513 378
513 383
512 390
514 394
513 400
514 408
514 412
512 426
514 427
513 436
513 442
512 446
513 455
513 457
513 463
512 466
513 469
513 474
514 479
514 483
514 489
512 496
514 499
513 506
513 512
514 520
513 527
514 534
513 541
514 544
513 551
512 556
513 561
514 566
513 571
513 576
513 581
513 586
513 591
512 596
512 602
513 610
513 614
512 620
513 626
513 632
513 637
513 644
514 650
513 757
512 761
512 763
513 767
514 769
512 773
513 778
514 781
449 783
342 786
275 790
249 795
213 799
210 804
211 808
234 812
229 816
242 821
230 825
227 829
205 832
282 836
266 840
243 842
309 846
266 849
290 852
284 856
267 859
278 862
305 865
276 868
267 872
255 877
319 877
286 881
272 884
319 886
326 887
329 889
338 892
401 893
362 895
356 898
362 898
347 900
415 901
341 903
361 905
386 906
358 908
411 909
342 909
409 911
391 913
384 914
389 915
387 924
484 924
491 923
464 924
495 921
507 920
507 919
514 916
512 914
512 911
512 909
513 908
514 906
514 904
513 904
514 902
513 901
513 900
513 898
513 895
513 893
513 891
513 888
512 886
515 883
513 882
514 878
512 872
514 871
513 869
512 867
513 863
514 860
513 858
514 854
513 850
514 845
513 840
513 836
512 831
513 827
513 822
513 817
513 812
513 806
515 803
512 797
513 789
513 787
513 784
513 776
513 769
513 766
513 763
514 757
514 750
513 747
513 629
516 624
513 620
513 615
512 607
514 600
514 594
514 589
513 584
514 577
512 577
514 569
514 565
513 564
514 555
512 554
513 548
513 542
515 560
515 527
513 523
514 516
512 511
515 502
514 499
513 490
513 486
513 480
514 476
512 471
516 464
511 462
513 456
513 451
514 447
515 440
513 435
514 429
513 422
513 417
515 411
514 404
513 398
513 392
513 387
513 380
512 374
514 370
513 364
513 359
513 352
513 332
507 323
514 337
514 331
513 327
513 322
514 303
513 301
511 298
513 293
512 289
513 285
513 281
515 278
513 273
513 268
514 264
515 259
515 255
615 253
720 251
795 247
769 242
768 239
814 234
775 229
769 225
798 221
799 217
781 214
800 211
807 206
757 201
770 196
754 194
758 191
727 188
753 184
769 182
720 178
762 174
780 171
733 168
772 165
772 163
751 159
690 156
696 154
757 152
662 150
673 147
671 145
645 144
725 142
637 141
649 139
675 138
642 136
685 134
619 135
657 131
657 129
652 126
598 117
610 117
634 116
597 116
615 116
593 114
588 113
612 114
563 113
587 113
590 113
572 112
579 113
565 113
580 112
564 112
559 113
564 113
554 114
569 114
523 114
545 115
523 119
516 117
519 120
514 123
514 125
514 126
514 129
514 130
514 131
514 134
514 135
514 136
514 138
514 139
514 142
514 144
513 146
514 149
513 150
514 154
514 157
514 159
513 162
513 165
514 167
514 171
513 174
514 177
514 182
514 184
513 189
513 191
513 195
517 201
514 204
513 261
513 265
514 267
514 274
513 282
513 288
514 292
514 294
514 300
514 308
513 313
512 316
513 322
514 328
514 332
513 340
514 345
514 349
513 354
513 359
514 350
531 369
511 374
514 380
513 384
513 389
511 397
513 404
513 410
514 417
513 424
512 431
514 437
512 446
514 449
514 454
513 461
513 461
513 467
512 471
514 476
513 480
513 486
513 490
514 497
512 503
513 507
513 516
515 518
513 529
513 533
513 541
511 548
513 551
513 559
515 562
514 567
514 624
512 628
514 634
513 641
513 646
513 652
512 657
513 663
513 669
513 674
514 679
512 686
513 691
514 696
513 702
513 705
513 711
513 715
513 720
513 726
513 731
513 735
513 739
513 744
513 748
514 752
514 756
513 761
513 766
514 769
513 774
511 779
511 782
430 784
320 787
269 791
244 795
239 799
214 805
217 809
225 813
272 818
217 821
235 826
224 830
224 833
282 836
295 841
229 843
279 847
305 849
282 852
275 855
275 859
287 862
266 866
274 869
379 892
375 895
356 896
327 898
399 898
368 898
372 901
376 904
373 903
388 907
355 906
400 908
381 910
382 910
412 911
383 913
397 912
387 915
414 916
420 918
383 918
427 919
418 919
425 921
388 921
428 922
456 921
426 923
423 921
450 924
433 923
459 925
472 923
431 924
471 924
457 924
456 924
450 923
477 923
490 924
450 923
492 923
492 922
507 920
509 916
514 916
512 914
513 910
513 908
514 907
512 906
513 904
513 903
513 902
513 901
513 899
513 849
513 846
513 844
515 841
513 835
513 830
514 826
513 821
514 816
514 812
515 801
513 801
513 797
514 791
513 783
512 780
513 775
512 769
514 768
512 763
513 755
513 749
514 745
513 741
514 736
512 733
514 724
513 717
513 716
514 708
513 704
513 700
513 693
513 686
513 684
513 679
513 673
513 667
513 663
513 659
513 649
513 646
513 640
515 632
513 626
512 620
513 612
515 607
514 600
512 591
513 589
513 583
513 579
515 573
513 570
513 567
513 561
513 466
513 462
512 459
513 455
513 449
514 445
514 440
513 433
513 428
513 421
514 415
513 408
514 402
513 395
514 391
514 383
513 379
515 373
513 367
514 363
514 356
513 351
514 348
513 348
510 336
513 331
514 326
514 320
513 315
513 311
513 306
513 301
513 297
513 293
514 289
514 285
513 281
513 277
514 272
513 268
514 263
513 259
516 254
645 251
695 251
747 245
830 243
783 237
825 233
819 228
808 224
778 220
804 216
764 212
809 204
788 209
754 201
725 147
673 146
659 145
655 144
689 141
668 141
680 139
645 137
662 136
665 134
623 132
688 130
637 132
650 125
643 121
634 126
634 124
607 124
630 122
633 122
658 120
615 120
601 118
618 117
615 116
614 116
596 115
602 115
590 115
594 115
590 112
574 113
584 112
586 113
555 113
570 112
578 113
577 113
548 112
583 113
559 113
559 113
553 113
539 114
534 117
525 115
516 118
519 121
514 120
514 125
514 127
514 129
515 131
514 131
513 133
514 134
514 136
513 170
513 171
514 174
515 178
513 181
513 185
513 189
514 193
515 197
527 203
510 208
508 208
512 215
514 221
511 228
514 231
513 237
513 243
513 246
514 252
513 257
514 262
513 266
512 270
514 277
513 283
513 288
512 295
513 296
514 301
513 308
514 314
515 316
513 319
513 329
513 333
514 339
513 346
513 349
513 356
514 360
514 365
512 373
514 375
514 379
513 382
513 390
513 396
512 405
513 407
513 415
513 425
513 431
513 437
512 445
513 448
512 455
513 563
513 566
514 568
511 573
515 576
514 578
513 587
513 590
513 598
513 604
513 611
514 616
514 623
511 629
513 633
514 642
513 646
513 653
512 659
513 664
513 670
512 675
513 681
513 687
512 691
514 696
513 702
514 706
513 708
513 716
513 722
513 726
513 732
512 736
513 741
512 746
513 750
512 754
513 757
514 763
513 766
514 771
513 775
512 779
512 783
405 785
326 788
264 791
246 796
216 800
211 806
201 810
219 814
267 819
260 822
196 826
245 830
370 890
359 890
329 894
368 886
368 898
374 899
417 901
348 904
361 903
381 904
356 905
413 909
355 910
394 911
404 913
401 909
384 914
378 915
410 916
371 917
428 919
406 920
419 920
418 920
427 921
402 922
424 922
448 922
412 922
435 923
457 921
442 924
435 920
452 924
460 922
452 924
488 918
445 924
459 923
484 923
484 924
463 923
495 922
495 921
508 919
511 917
512 913
512 914
513 909
511 909
513 908
513 907
514 904
514 903
514 902
513 900
513 898
512 842
514 841
514 834
513 830
514 824
514 820
514 816
513 811
513 806
513 800
513 794
513 790
514 785
513 780
513 775
513 769
513 766
513 754
511 754
514 751
514 746
513 742
513 735
513 730
512 725
517 718
513 712
513 708
513 704
513 699
513 690
513 687
512 682
513 677
513 671
513 658
512 660
512 657
514 649
513 644
513 639
514 631
513 627
514 619
513 611
514 604
512 599
511 592
513 584
513 583
514 577
514 572
514 569
513 565
514 561
513 556
514 550
512 463
514 459
514 447
513 449
513 444
513 437
513 431
515 426
514 420
515 413
515 407
513 400
514 395
513 390
513 384
513 377
514 372
514 366
513 361
513 355
510 350
514 346
523 340
514 335
513 330
513 324
514 320
513 315
513 309
514 305
513 299
514 296
513 292
513 289
514 284
514 279
513 276
514 271
513 266
512 261
514 258
519 254
634 252
741 250
774 245
799 241
813 238
823 232
827 227
814 223
786 220
791 213
799 211
769 207
819 202
756 200
755 198
701 142
695 140
682 135
683 137
672 132
664 134
669 133
654 131
642 122
632 128
649 124
657 127
643 125
642 124
609 123
626 122
635 113
621 119
599 118
646 117
630 117
607 116
597 115
622 115
631 114
582 114
571 114
601 114
584 114
582 114
573 114
573 113
585 113
582 113
553 113
574 113
561 114
579 114
526 114
555 114
533 134
518 117
516 131
506 124
514 124
514 126
514 128
513 130
514 131
514 126
512 134
513 136
514 136
513 139
512 139
515 143
514 222
513 225
514 230
513 234
514 238
513 237
513 246
512 251
512 260
512 264
513 265
513 269
512 276
513 284
513 289
514 290
513 298
513 303
513 307
514 314
513 318
514 325
514 329
514 334
514 341
513 346
513 350
513 356
513 360
513 365
516 372
515 375
514 382
513 385
512 393
513 399
513 405
512 414
514 418
513 427
513 434
513 437
511 447
514 449
513 454
514 462
513 462
513 469
514 472
513 478
514 482
512 488
513 492
513 499
514 504
513 511
510 518
514 727
513 731
513 734
513 738
513 742
513 746
513 750
513 754
513 758
513 762
514 767
513 771
514 776
513 780
493 783
354 785
285 788
250 793
223 800
227 803
204 807
236 811
248 815
251 819
212 823
222 827
227 831
280 834
276 839
256 841
281 844
306 847
284 851
258 854
282 858
275 860
286 863
246 868
250 870
309 873
294 876
289 880
273 883
316 884
324 887
347 890
325 890
371 893
330 896
325 897
406 898
350 900
363 902
380 903
335 903
406 905
368 907
401 912
394 912
377 914
393 914
380 915
439 916
393 917
393 917
422 919
