513 207
513 211
513 216
513 218
513 226
513 227
512 233
513 240
515 244
514 247
514 253
514 258
514 263
514 269
510 272
512 276
513 285
513 290
512 293
513 299
517 307
513 309
513 319
522 322
513 325
514 330
514 334
512 343
513 348
513 350
513 358
511 366
514 366
514 374
516 378
514 379
514 390
515 391
514 399
513 407
514 413
511 422
514 426
513 436
515 440
513 447
510 451
516 454
513 461
512 464
512 471
516 472
514 477
512 482
517 489
510 493
513 503
514 735
513 732
512 728
513 723
513 718
512 712
513 705
513 700
514 694
515 688
513 685
513 677
514 674
514 669
515 665
514 662
514 653
514 650
514 642
517 635
513 633
514 621
515 615
512 609
516 599
509 596
514 589
514 584
514 579
513 576
514 571
515 567
513 563
516 558
514 554
514 548
513 543
515 536
513 531
515 525
517 517
513 512
515 502
511 498
514 491
513 486
513 480
515 480
513 471
514 465
511 463
516 456
514 453
511 447
513 440
513 431
515 430
514 390
513 394
514 400
509 408
513 413
512 423
515 427
514 435
510 443
513 445
513 454
511 458
513 461
512 467
515 470
513 474
512 479
514 485
510 489
514 494
516 502
513 507
517 512
511 522
513 525
514 534
513 540
514 545
511 552
513 556
512 562
512 566
513 571
513 576
513 580
512 586
514 591
513 597
512 603
516 609
512 615
513 621
513 626
512 634
509 639
513 646
514 651
513 656
513 663
513 667
513 674
512 679
515 684
513 690
513 696
512 700
513 705
421 906
462 907
442 909
424 910
475 912
462 913
449 913
486 914
453 915
435 918
448 918
471 919
495 919
453 922
441 922
479 922
459 924
473 924
480 924
481 924
457 926
473 926
476 924
492 925
473 925
482 926
497 925
477 922
470 925
495 925
504 924
498 924
476 923
514 922
505 921
509 918
512 917
516 915
513 912
513 910
512 908
513 907
513 906
513 905
513 904
516 901
513 901
513 898
511 896
512 894
512 891
513 889
512 887
513 883
513 882
513 879
513 873
512 795
513 792
514 781
514 782
512 779
512 773
512 766
514 762
513 757
511 752
513 747
513 742
513 738
513 732
513 725
512 721
513 715
513 709
513 704
512 701
513 695
515 686
512 685
513 678
514 671
513 671
513 663
514 657
514 655
516 646
511 643
514 635
516 626
513 622
515 612
510 609
513 600
510 597
513 588
514 584
513 579
514 573
513 571
515 565
511 562
513 556
513 553
513 548
514 541
513 535
515 528
513 523
514 515
513 509
513 502
514 496
515 386
515 382
512 379
514 373
513 368
514 362
514 358
512 351
513 346
513 341
514 335
513 331
513 326
513 321
513 315
513 311
514 305
513 301
513 296
513 292
513 287
514 284
512 279
513 277
514 270
513 268
514 264
515 259
513 255
513 251
518 232
523 243
624 242
770 237
730 232
706 228
663 224
640 218
665 215
666 211
618 208
647 202
668 199
616 196
635 194
618 191
637 187
634 183
628 181
636 178
638 174
614 171
615 167
667 164
635 161
604 158
618 154
625 124
584 123
608 122
584 121
591 120
568 119
557 116
559 117
569 117
562 116
551 115
566 114
549 114
550 113
534 113
579 113
548 112
544 110
554 112
547 118
537 114
531 113
549 112
560 113
527 113
531 115
532 113
531 114
514 115
514 117
517 118
513 122
513 122
513 127
514 128
514 130
514 131
513 132
514 132
513 135
513 137
514 138
512 139
513 142
514 144
514 146
514 149
514 151
515 153
512 157
510 155
516 158
507 160
513 168
513 172
512 175
513 177
513 244
512 247
514 251
513 255
514 260
513 266
513 269
514 274
513 281
513 285
513 292
514 295
513 300
508 310
513 313
515 315
514 323
517 327
513 333
513 337
513 343
513 349
512 355
512 358
510 363
513 369
513 372
514 380
512 384
514 387
513 395
513 402
512 409
513 415
512 423
513 430
513 436
513 443
514 448
513 453
513 458
514 462
513 467
513 471
514 476
512 481
513 484
512 490
513 495
512 502
513 509
514 514
513 522
513 528
514 535
515 541
512 548
513 671
513 675
512 678
514 681
513 685
513 691
512 696
513 701
513 705
512 711
513 715
512 721
512 726
512 731
513 735
510 740
513 744
512 749
512 752
512 758
512 760
513 766
513 770
512 774
514 777
513 784
513 787
508 791
505 791
282 796
326 801
359 805
358 809
373 814
352 819
369 824
365 826
391 831
390 836
375 838
390 841
412 845
392 848
393 850
414 854
402 859
387 860
396 863
398 868
393 871
367 874
405 877
423 881
380 882
417 884
439 887
437 889
439 920
453 919
445 924
473 918
472 921
473 924
458 923
460 922
485 923
465 922
471 925
480 922
482 925
472 923
472 925
491 924
488 925
488 925
476 925
505 924
479 924
489 923
496 923
514 925
502 921
513 919
512 915
508 913
513 912
513 908
513 907
512 906
513 904
514 904
513 904
512 901
513 900
512 897
513 895
513 893
513 890
513 887
513 884
513 883
513 879
514 878
514 874
513 873
514 869
513 867
512 863
510 860
513 855
510 851
514 848
513 845
513 841
513 642
513 642
513 633
515 627
514 624
517 611
513 608
513 599
513 592
513 589
517 583
511 580
513 573
509 569
513 565
514 560
515 558
513 553
515 546
512 542
514 534
514 528
513 523
514 512
512 509
519 502
514 496
514 489
512 485
513 478
516 474
512 470
514 463
513 461
513 455
515 450
511 445
514 438
513 434
515 427
515 421
512 416
524 409
513 403
514 396
515 391
513 385
513 378
514 373
513 368
515 362
513 358
513 352
514 344
511 340
514 334
511 330
514 311
513 309
513 304
509 301
513 296
514 291
513 287
514 283
513 280
513 276
513 271
514 266
512 260
515 257
513 251
516 248
516 244
520 232
633 242
793 237
740 234
682 226
655 223
682 218
680 213
672 210
637 206
660 201
647 199
615 196
611 192
653 189
613 186
639 183
625 179
627 176
656 173
614 169
637 166
623 162
620 159
633 157
615 154
616 151
584 150
594 147
588 146
584 147
598 142
598 133
572 139
585 138
597 137
593 136
596 133
571 131
589 129
584 119
567 118
580 117
552 116
551 116
559 116
549 114
560 116
545 113
559 113
537 113
544 113
536 112
566 111
528 115
535 112
550 112
550 113
541 112
523 112
553 113
532 114
517 114
525 115
521 119
513 118
508 121
514 123
514 127
513 128
513 129
514 131
513 134
514 133
510 136
513 137
511 138
513 142
513 143
513 144
513 147
514 147
507 151
514 154
513 156
532 158
509 162
521 157
510 167
513 170
515 174
513 178
513 182
513 186
513 192
513 195
514 197
513 253
514 256
513 261
514 269
514 271
513 275
513 280
513 288
511 292
514 297
513 300
519 306
509 311
514 317
509 316
513 329
513 334
514 338
514 344
513 351
513 355
514 360
512 365
513 370
511 376
513 379
513 387
513 391
513 395
512 404
513 409
510 417
514 425
513 431
513 438
514 444
513 449
513 455
511 459
514 462
513 469
516 471
513 476
508 482
514 483
511 508
513 495
514 504
512 511
513 514
512 524
512 529
511 535
512 542
513 548
512 554
514 612
513 616
513 621
513 623
512 629
513 637
512 642
513 647
513 653
513 658
513 666
514 670
512 676
512 682
514 686
509 693
514 697
512 702
513 707
514 712
513 717
513 722
512 728
513 731
512 737
513 741
513 745
514 748
505 753
514 756
513 763
513 766
513 770
512 774
514 779
512 784
510 788
510 791
364 792
306 799
299 803
349 808
407 811
358 814
365 820
375 823
381 827
366 832
366 836
406 838
405 843
379 845
388 849
423 852
405 855
387 858
391 861
391 891
426 891
463 893
426 895
433 896
440 898
448 899
406 901
449 901
434 904
445 905
442 907
426 909
490 910
427 911
435 912
444 914
475 915
467 915
440 918
493 918
441 919
452 920
465 921
482 921
479 923
455 924
497 924
472 925
466 924
483 924
480 925
488 926
470 926
477 928
493 926
478 926
481 925
493 925
490 925
490 925
467 924
508 924
499 925
504 922
513 919
506 919
513 917
513 913
514 911
512 909
513 907
513 906
513 905
513 903
513 900
512 900
512 852
514 849
512 845
514 843
514 838
514 834
514 829
513 825
513 821
513 816
513 808
513 806
513 800
514 795
511 790
513 785
514 780
513 775
513 770
512 765
513 759
513 755
513 752
513 745
512 740
508 734
513 729
513 724
513 720
513 715
514 705
506 700
512 698
506 692
514 685
512 680
513 678
516 670
514 667
513 663
515 656
513 652
513 643
513 638
513 631
517 625
512 620
516 610
512 604
511 598
513 592
512 588
515 580
515 577
513 574
513 566
511 566
512 465
512 462
512 461
513 454
514 449
504 445
514 437
505 433
514 426
515 417
512 414
496 406
513 401
513 395
514 390
513 382
513 378
507 372
512 364
507 361
514 355
513 350
514 344
512 340
514 334
514 329
513 325
514 318
513 314
513 309
514 304
514 299
514 294
513 290
514 287
513 283
514 278
513 275
513 271
513 264
514 261
513 259
514 252
514 245
513 240
523 258
719 242
773 235
724 229
653 226
669 222
667 217
649 213
660 208
663 205
641 200
641 199
583 147
579 145
600 146
604 143
595 141
557 140
590 138
597 136
572 134
597 133
600 131
588 129
571 128
574 127
582 126
568 125
565 124
588 122
597 122
563 121
542 119
576 116
582 117
553 117
572 116
572 115
550 113
547 114
550 111
576 113
534 113
543 113
565 112
537 112
529 130
534 111
547 128
536 112
524 114
548 112
533 112
535 112
518 112
540 114
518 115
515 117
514 117
515 122
514 124
513 125
514 128
513 129
513 130
514 133
513 133
512 135
513 137
513 169
515 168
513 169
514 172
513 175
509 178
513 180
514 186
513 190
513 194
513 198
513 203
514 207
513 212
514 219
514 225
513 229
514 233
513 238
513 242
513 247
513 252
514 256
513 262
513 270
513 274
514 275
513 282
514 290
513 295
513 298
514 303
523 309
514 307
518 322
517 312
523 330
513 337
514 340
515 347
513 353
514 356
515 362
510 369
513 370
513 377
513 382
513 388
512 393
514 400
512 407
513 414
513 423
515 427
514 434
510 441
513 445
510 551
516 554
511 560
512 565
514 569
512 574
514 579
513 583
512 590
514 594
512 600
512 606
514 612
511 618
512 627
513 630
508 637
513 643
513 650
508 654
513 660
507 666
513 672
514 677
513 681
513 687
513 693
513 698
513 703
513 708
513 713
512 717
513 723
512 728
513 732
513 737
513 742
513 746
512 749
513 753
513 758
512 763
512 768
513 771
513 777
512 781
512 782
513 787
508 793
389 792
279 797
315 804
374 808
369 811
367 815
377 820
387 824
421 885
441 886
422 888
420 890
451 892
412 893
441 896
467 895
419 899
443 901
440 902
451 904
441 905
431 906
494 908
439 909
454 910
446 912
448 912
446 915
440 917
476 916
474 917
454 919
424 920
474 921
470 921
450 923
479 922
470 923
477 920
457 925
484 924
487 921
483 925
473 925
486 927
493 925
471 928
493 923
491 922
501 925
466 925
509 924
500 924
495 924
502 923
508 921
515 920
511 919
513 915
514 910
513 910
516 909
513 911
513 906
514 905
507 858
515 855
515 853
515 850
513 846
513 842
514 838
513 833
513 830
512 823
513 818
513 815
513 809
512 805
513 799
513 794
514 784
511 811
513 779
514 778
513 769
514 761
513 759
513 753
513 748
513 745
514 738
513 735
512 730
514 722
514 717
512 714
513 707
512 699
514 695
517 690
513 684
514 679
513 675
515 670
511 664
513 661
514 656
514 649
513 643
512 637
515 629
513 626
513 617
514 609
513 602
513 595
520 590
512 589
516 581
513 576
513 492
513 489
512 486
512 482
512 478
514 471
512 467
513 461
510 458
514 454
523 447
514 445
516 435
513 429
513 425
514 419
514 412
539 404
515 400
514 393
514 388
514 382
514 376
514 370
513 365
514 358
521 353
513 348
513 343
514 338
513 333
513 328
513 324
514 318
514 314
514 307
514 303
513 299
512 295
513 290
513 286
513 280
513 278
513 273
513 270
512 265
512 262
515 256
513 251
517 247
518 246
522 226
740 242
768 235
703 229
677 225
647 221
626 148
604 150
577 145
612 135
581 134
591 141
594 139
569 137
594 137
571 135
621 131
554 131
568 130
588 128
582 127
583 126
556 125
604 122
539 122
570 121
573 120
576 119
574 118
542 115
581 117
580 114
561 115
566 114
552 114
554 113
545 113
561 113
567 113
534 112
536 122
561 106
542 111
544 121
553 112
544 112
537 112
532 112
525 113
549 113
515 114
515 114
518 117
515 119
512 122
515 125
514 125
514 128
514 129
514 131
515 134
514 134
513 134
513 201
518 204
514 208
514 214
513 218
515 223
513 231
513 235
513 239
513 244
514 249
513 255
513 260
513 262
513 267
514 273
516 280
513 284
514 287
512 296
513 298
513 314
520 306
516 320
512 318
513 334
513 331
513 337
513 342
513 348
512 355
513 359
514 363
512 369
514 371
512 382
513 383
513 388
510 396
515 399
514 409
513 414
513 420
513 431
515 434
514 442
513 451
518 452
514 457
516 463
514 466
514 469
513 475
515 479
513 484
514 486
532 486
512 623
512 627
512 631
513 637
512 644
513 650
513 654
512 661
512 666
513 672
513 677
513 685
512 689
512 694
513 698
513 703
513 708
513 712
513 719
513 723
513 728
513 733
513 741
513 742
514 746
513 751
514 754
513 758
513 763
513 768
513 772
514 775
512 782
516 785
512 788
508 793
370 793
302 797
294 804
320 809
402 813
352 817
361 820
381 826
394 829
375 832
379 836
397 840
414 842
395 846
394 849
416 852
414 856
374 860
397 862
414 866
394 869
388 881
436 885
453 884
412 886
431 889
426 890
419 895
451 894
422 895
425 896
426 898
467 900
426 902
414 904
451 905
441 907
449 907
439 909
485 910
461 912
424 913
467 911
450 916
470 918
445 917
476 919
468 920
447 920
486 920
462 921
478 921
457 923
460 922
494 924
465 923
466 923
499 924
484 925
463 924
481 922
493 925
488 922
489 921
485 925
499 925
483 924
485 924
503 926
503 923
500 924
517 920
512 916
513 915
513 913
514 910
510 907
513 907
514 886
513 884
511 881
513 882
524 877
512 875
517 870
513 867
517 863
513 859
513 856
511 855
511 852
513 846
513 842
512 838
509 832
511 828
512 824
513 818
514 813
511 810
512 803
513 797
510 794
514 787
513 782
510 778
513 773
513 770
513 763
513 758
513 755
513 749
513 742
514 737
513 734
513 729
513 723
513 714
513 711
513 707
513 699
514 695
513 689
513 682
513 679
515 674
513 669
513 665
513 659
515 653
515 648
513 642
515 637
518 627
513 622
513 570
513 567
514 560
512 559
513 551
516 548
514 541
514 535
513 530
514 523
512 516
514 509
513 503
514 497
515 491
513 485
514 480
513 475
514 470
513 466
514 460
515 455
514 454
518 446
513 441
516 434
514 429
514 422
514 417
513 409
517 409
514 397
513 392
514 385
513 379
513 374
514 369
514 363
514 358
514 352
514 346
513 342
515 337
514 332
515 327
513 322
512 318
512 312
514 307
513 302
515 298
513 293
513 290
513 285
513 281
513 280
516 274
775 235
738 233
698 229
697 224
654 219
659 216
664 211
659 207
652 204
646 202
624 199
621 193
637 192
622 188
643 185
635 182
628 179
636 178
642 173
639 168
619 165
614 162
648 159
603 157
602 154
592 151
603 149
605 147
569 146
619 158
583 147
555 142
600 140
575 137
630 136
567 134
563 133
606 132
547 129
593 128
564 128
598 126
566 125
576 124
576 123
576 122
565 121
579 120
588 119
560 118
563 117
555 116
558 115
556 115
544 114
565 109
557 113
550 113
523 114
524 113
522 113
523 113
540 115
518 115
514 118
516 120
514 122
514 125
513 127
514 129
513 130
514 132
514 134
513 134
513 137
514 138
514 140
516 141
514 143
513 145
524 148
513 153
514 153
513 158
516 158
512 164
514 163
518 169
515 169
513 174
514 177
513 179
513 183
514 186
514 192
513 195
514 200
513 204
516 210
513 214
514 220
513 225
515 226
513 236
514 240
514 244
513 249
513 255
513 258
523 265
514 269
514 275
513 282
515 374
513 376
515 380
514 384
514 388
513 396
515 401
513 407
509 418
515 420
515 433
522 436
513 442
523 450
512 453
513 459
513 463
520 467
513 469
514 475
509 480
513 484
516 487
516 487
513 502
515 508
514 515
511 522
513 527
509 535
512 541
525 545
512 553
512 556
513 562
511 567
513 571
513 576
515 582
514 586
519 592
512 597
512 603
513 611
513 615
512 621
512 629
512 634
514 640
513 646
514 652
513 657
513 662
512 669
513 674
514 679
512 686
512 768
514 773
513 777
512 782
514 786
511 791
509 794
268 795
301 799
357 805
354 811
353 813
382 819
394 822
368 825
356 830
382 833
415 837
368 841
388 844
439 848
370 850
396 853
395 856
388 860
411 863
388 869
393 869
384 873
396 876
431 878
427 882
408 884
402 887
450 888
453 890
407 892
452 894
443 895
445 897
431 898
455 903
455 903
444 903
438 904
445 906
460 908
448 909
437 910
469 911
460 913
434 913
461 916
468 915
443 917
435 922
487 919
474 922
505 923
499 924
494 924
505 919
481 923
510 921
509 920
510 918
514 912
513 913
513 911
513 908
527 908
513 908
525 904
513 904
513 902
513 900
513 899
513 896
512 895
513 894
514 891
514 888
513 886
514 883
514 879
513 879
513 876
514 872
514 869
513 866
511 861
514 858
519 855
513 853
513 849
515 843
514 841
514 836
513 831
513 825
509 823
514 817
513 812
512 808
513 801
513 796
514 791
513 786
502 783
521 776
513 772
513 767
513 762
513 756
513 689
513 685
513 682
514 678
513 674
513 668
514 664
514 657
513 655
513 647
516 638
514 637
513 626
514 619
512 614
513 605
513 600
513 594
514 589
515 584
511 579
513 574
515 572
516 561
514 561
513 557
516 551
512 548
512 539
513 536
513 529
517 520
512 517
513 508
512 501
513 495
512 491
515 483
515 480
514 474
514 469
512 465
513 460
515 455
513 451
512 445
513 439
513 434
514 428
514 420
513 416
514 409
528 400
513 397
527 390
514 385
510 381
514 476
513 473
513 469
512 466
514 459
513 456
514 449
514 444
514 438
513 432
514 427
515 421
516 415
514 405
516 403
514 395
515 390
514 384
513 378
513 372
514 366
514 361
515 356
514 350
513 345
514 339
513 335
514 329
513 325
513 320
514 315
513 310
514 305
514 300
513 297
514 291
515 287
514 283
513 280
513 275
513 271
514 266
512 262
512 257
516 253
514 248
517 244
525 228
686 238
768 237
716 231
706 226
640 223
659 218
638 212
681 210
659 205
548 119
565 118
574 117
549 117
587 116
535 115
562 116
587 115
535 111
536 113
555 110
558 113
532 113
538 113
545 112
542 111
530 112
529 113
550 113
529 113
537 114
522 113
541 115
513 115
515 118
515 120
513 122
513 124
514 127
514 129
513 130
514 132
514 133
514 135
514 136
514 137
513 138
513 141
513 143
513 145
513 147
514 151
505 152
513 156
514 158
514 161
517 162
516 166
510 169
513 174
513 176
514 176
513 183
513 186
513 185
513 191
510 198
514 399
514 407
514 410
509 418
513 425
513 432
512 438
513 445
512 450
514 454
513 460
512 463
513 468
513 473
514 475
503 481
511 488
515 510
497 496
514 503
513 502
506 517
515 520
509 530
513 537
513 542
512 548
513 553
513 557
515 563
511 569
514 572
513 577
510 582
513 587
512 594
514 597
513 606
512 610
513 616
511 623
514 629
513 634
512 641
512 647
513 653
513 658
512 663
513 670
513 676
511 681
512 685
514 692
513 697
512 702
514 707
513 711
510 785
507 787
510 791
484 792
281 797
311 804
335 808
377 810
414 814
362 819
352 823
394 827
385 832
367 835
392 839
394 843
415 846
375 853
386 852
426 856
396 859
391 861
399 862
407 868
398 871
380 874
384 879
405 881
402 884
420 885
452 888
383 890
404 891
459 893
463 895
430 896
422 898
465 899
407 901
408 902
482 904
423 905
478 907
441 908
451 909
484 911
422 912
454 909
448 914
487 915
428 917
471 917
471 919
446 919
449 920
472 921
491 922
513 915
513 914
512 912
512 909
514 908
513 907
513 905
514 905
510 902
514 902
512 900
513 899
515 896
513 890
514 893
514 890
505 887
512 884
514 881
511 879
510 875
513 874
513 870
513 867
503 864
513 862
513 858
513 854
513 851
513 848
513 842
513 838
513 834
515 829
512 823
513 819
513 816
512 809
513 802
512 799
513 795
514 789
513 786
513 781
513 774
505 771
513 766
504 756
513 753
514 750
512 746
514 740
513 733
511 730
513 724
514 718
514 583
516 580
512 577
515 574
514 568
514 565
514 557
514 555
513 550
513 542
513 538
513 534
511 526
514 519
514 512
514 507
512 498
515 495
513 490
516 482
513 479
510 473
511 468
513 464
513 458
512 455
513 448
513 443
514 438
514 431
513 428
515 419
513 413
515 407
512 409
513 395
513 388
503 383
513 378
513 371
513 365
513 361
512 353
509 349
513 344
510 339
513 334
513 329
513 325
514 319
513 314
512 308
514 305
514 299
513 295
513 290
513 287
514 146
599 145
592 136
592 141
580 143
575 140
607 138
590 137
581 134
549 131
600 130
599 130
564 129
613 128
565 126
586 124
545 124
563 123
589 123
546 120
578 120
571 120
583 118
556 116
542 116
568 116
553 115
553 115
551 114
551 114
545 116
528 113
564 113
548 112
535 124
543 110
554 114
529 112
534 112
