862 211
767 207
781 205
782 203
745 199
737 207
796 195
713 191
727 187
764 184
772 180
723 177
746 173
757 170
756 167
750 165
715 161
757 159
747 155
704 152
739 150
675 149
650 146
669 145
677 143
690 144
642 140
650 138
651 135
656 135
637 132
654 132
690 131
615 129
651 128
652 127
597 128
627 134
620 123
678 122
631 122
629 119
610 118
629 118
631 118
606 118
624 116
609 119
581 115
623 113
632 113
581 112
584 110
587 112
630 111
563 113
554 111
334 885
323 888
313 888
325 891
358 893
361 895
374 896
372 897
353 899
359 900
397 903
351 902
362 906
410 908
398 910
422 910
354 910
424 912
389 913
395 913
393 915
396 917
433 917
403 918
435 919
398 920
387 921
414 921
425 921
414 922
401 924
414 924
424 924
455 925
423 926
455 924
446 923
433 924
454 922
464 925
467 923
446 926
476 925
464 924
485 923
488 922
493 922
510 920
507 918
513 916
513 914
516 910
515 908
513 908
513 907
516 905
514 903
637 121
666 120
640 119
593 118
612 117
639 116
597 114
634 114
595 114
598 113
619 113
600 113
593 112
600 111
564 111
582 111
604 112
579 111
562 109
563 111
561 112
580 111
542 112
538 113
544 114
530 114
519 116
516 118
511 121
496 109
512 125
514 126
514 129
511 130
513 132
511 132
512 134
515 136
514 138
513 141
518 142
513 144
514 147
514 148
514 152
515 154
513 157
514 159
513 162
514 166
513 169
513 172
514 175
514 178
513 182
515 187
513 189
513 519
509 526
514 531
513 537
513 545
513 548
514 556
513 558
516 564
514 568
514 573
512 579
514 583
513 589
513 594
513 600
512 604
514 612
513 618
513 624
513 630
513 637
513 643
514 649
514 654
511 659
513 666
514 671
513 677
513 682
513 687
516 693
513 698
513 703
512 708
513 713
513 717
512 723
513 728
514 733
513 738
513 743
512 746
513 750
514 754
513 760
514 763
512 768
513 771
514 777
511 781
510 782
357 783
277 789
346 794
185 795
158 801
279 877
266 878
294 881
288 883
337 885
309 887
350 889
328 892
314 894
398 895
368 896
364 899
357 900
383 898
389 903
363 904
383 906
376 908
389 908
386 909
414 910
394 913
378 914
403 913
418 914
399 916
389 916
403 918
424 919
414 919
385 922
394 922
433 922
404 923
426 921
438 925
423 926
427 925
443 924
449 925
446 930
448 927
456 925
461 925
473 927
468 925
469 923
463 926
484 923
493 925
495 922
499 921
510 919
513 916
511 913
511 911
511 861
513 861
513 855
512 853
513 851
514 848
513 843
514 840
515 834
511 830
511 825
511 821
511 815
513 809
513 805
513 801
514 793
514 788
516 785
513 780
513 774
513 770
513 763
514 756
513 754
513 750
513 745
512 740
511 735
513 728
513 724
509 719
513 712
513 707
513 699
513 695
513 688
512 687
512 677
513 678
514 670
513 665
513 661
518 655
513 648
517 645
512 634
513 631
513 623
513 615
513 608
515 602
514 594
512 591
512 584
512 580
511 575
512 458
513 457
513 451
515 447
513 441
514 435
513 431
514 424
514 417
513 410
514 406
514 398
513 393
514 388
516 381
513 375
514 371
514 362
514 359
512 354
514 349
514 343
514 338
517 333
513 329
513 324
515 320
512 313
512 308
513 305
519 299
514 293
518 290
513 284
513 281
513 278
514 274
513 269
515 264
513 261
514 256
519 252
523 250
785 250
796 244
690 237
956 238
935 230
917 226
800 222
814 218
818 214
796 209
784 204
762 202
774 198
766 194
721 146
667 144
653 144
654 141
648 142
672 139
680 138
641 136
686 135
629 133
667 131
656 130
657 128
628 125
585 127
665 125
623 133
665 125
616 123
613 121
642 120
584 118
660 118
629 118
622 117
631 115
601 113
627 112
610 114
560 111
624 112
590 107
589 112
570 111
570 111
559 111
572 111
583 111
547 111
560 111
555 112
572 113
542 112
532 114
518 115
522 118
513 119
515 127
516 124
515 126
513 128
514 130
513 132
513 133
514 134
513 135
512 137
513 206
513 210
513 219
507 217
514 225
514 230
513 233
514 239
513 245
515 247
513 253
514 259
513 262
513 266
514 275
514 278
514 284
514 290
515 295
514 298
513 305
513 312
513 314
513 319
513 327
514 328
513 335
513 340
512 348
513 352
514 359
513 363
512 367
514 375
512 374
516 373
512 385
511 389
514 400
513 408
514 413
513 425
514 428
513 436
511 442
513 447
514 452
515 458
515 461
514 466
510 471
514 473
513 478
515 484
513 488
512 494
513 499
514 637
512 641
512 645
513 646
513 656
512 663
513 666
513 673
513 679
511 684
513 690
517 694
513 700
513 704
513 709
518 714
513 719
512 725
513 729
513 733
513 739
513 744
513 747
515 751
513 754
513 760
513 763
515 769
513 774
512 777
512 781
511 785
297 785
268 790
320 796
163 797
117 802
150 807
215 812
230 815
232 821
255 825
192 828
229 831
252 836
278 839
277 843
261 846
311 849
300 848
262 856
279 858
288 859
290 865
277 866
257 873
280 874
459 926
452 926
466 924
461 924
440 925
458 925
473 926
477 926
461 925
466 923
466 924
501 922
501 921
515 919
511 918
513 915
512 912
512 910
513 909
512 907
512 906
513 904
514 903
513 902
510 897
517 896
511 896
513 895
513 891
513 889
514 886
513 885
513 881
513 879
513 877
513 873
514 870
513 867
513 866
513 862
513 858
512 855
513 851
515 846
512 844
513 837
513 832
513 829
515 824
513 818
513 814
514 809
513 802
518 798
514 795
517 789
513 784
512 763
514 759
513 751
518 746
512 742
517 739
513 733
513 727
513 721
513 717
513 711
513 705
513 701
513 695
514 688
513 686
513 678
513 673
513 673
513 662
513 659
514 652
512 646
513 644
517 635
513 626
513 622
514 614
513 609
512 599
513 594
513 588
513 583
512 578
515 572
514 571
513 566
514 561
512 557
514 553
514 546
513 542
513 535
513 526
511 524
514 515
512 509
511 501
514 496
514 491
514 485
514 481
515 474
512 471
514 466
512 461
516 456
512 394
513 390
514 386
515 381
515 375
514 368
515 363
513 358
512 352
513 347
513 342
520 336
517 330
514 327
513 322
513 316
513 312
513 307
514 303
514 298
513 293
514 290
514 285
513 281
514 277
515 272
513 268
513 264
516 259
517 255
519 251
525 247
827 248
763 244
728 239
909 236
881 230
890 224
793 221
766 215
839 212
792 211
771 205
753 200
756 197
751 194
773 191
724 189
737 185
730 182
755 179
765 176
713 172
754 167
751 165
737 163
778 158
667 135
635 135
658 133
612 132
643 129
652 130
638 128
624 124
584 126
649 136
620 124
629 122
613 121
637 120
626 120
607 119
645 117
623 116
579 116
618 117
629 115
622 113
606 113
571 112
611 111
600 111
569 111
579 112
578 113
568 112
572 112
575 111
554 112
549 113
559 113
544 114
542 116
516 115
516 118
511 119
524 123
511 126
514 128
514 128
512 127
514 132
514 132
513 134
512 136
514 137
511 139
513 140
514 143
513 146
515 148
514 151
513 187
514 189
514 190
514 194
514 203
513 206
515 212
513 218
515 222
514 228
514 230
511 235
513 241
514 244
514 248
513 252
513 259
513 265
511 270
514 274
513 281
514 284
512 291
511 295
513 301
512 304
514 310
513 316
514 321
513 327
514 333
514 339
513 342
514 348
514 356
513 359
514 364
513 368
516 388
514 376
510 381
513 388
513 397
514 401
513 409
514 418
515 422
512 432
514 438
513 442
513 448
513 454
514 458
513 462
513 467
514 469
513 476
512 550
513 553
513 557
513 562
512 569
512 572
513 579
513 582
513 586
514 593
513 597
512 605
513 612
512 616
511 622
513 627
513 634
513 640
514 646
514 652
514 657
513 665
514 669
513 675
513 680
514 685
514 691
513 696
514 701
514 706
512 712
514 715
513 720
515 726
511 731
514 735
514 741
512 744
512 748
513 752
513 756
509 761
513 765
513 770
512 774
512 778
512 783
508 785
284 786
300 792
252 795
159 800
183 803
183 808
240 812
233 818
212 820
241 881
323 884
274 884
324 887
320 888
336 892
351 892
370 892
383 895
341 898
346 898
382 901
364 902
364 902
356 905
402 906
364 908
366 908
398 909
397 910
401 912
381 912
402 911
402 915
395 916
433 918
400 918
398 920
399 920
439 921
434 922
407 922
401 923
440 924
434 926
414 924
445 927
430 926
445 924
455 926
457 926
470 922
422 928
463 924
470 925
472 923
472 924
459 924
503 921
501 920
509 917
512 918
513 913
513 912
511 912
517 909
513 908
514 864
511 862
513 859
512 856
513 853
513 849
513 847
513 845
512 838
513 829
512 826
512 823
515 817
513 812
514 805
515 803
514 797
512 791
514 787
513 783
512 777
513 773
513 769
513 762
514 758
513 750
514 748
514 742
514 737
513 732
514 728
513 721
513 716
514 712
513 706
512 697
513 694
513 689
514 683
512 680
515 674
514 667
513 665
513 656
514 658
516 649
513 639
512 636
514 628
514 622
512 614
514 606
517 601
512 592
516 590
513 582
514 577
514 476
514 472
513 469
512 465
514 459
513 457
514 451
513 445
513 439
513 433
511 427
513 420
515 415
513 409
515 402
514 394
514 391
514 385
513 379
514 373
514 368
513 363
515 356
513 352
515 346
515 339
523 333
509 330
514 326
514 321
514 317
515 310
513 304
513 301
513 296
513 293
513 288
514 284
513 279
517 276
514 270
513 266
511 262
516 258
515 253
520 249
709 252
812 245
768 240
932 239
890 233
848 229
842 223
794 220
828 215
763 211
814 207
728 159
732 157
715 155
700 153
692 149
709 149
685 146
658 147
649 142
690 142
654 141
642 138
641 138
672 135
667 135
644 132
662 132
634 130
615 128
635 127
644 126
608 129
628 112
660 123
612 122
634 121
618 120
638 119
637 117
593 117
635 117
613 117
605 116
615 114
615 113
593 111
576 113
606 112
611 112
570 112
564 112
564 112
590 112
563 111
570 113
576 112
530 113
542 113
543 114
534 116
521 117
515 118
508 119
510 92
514 126
514 127
513 130
512 177
514 180
513 178
514 184
515 189
514 193
514 198
514 201
514 198
513 210
518 213
514 216
513 228
513 233
514 236
514 241
513 244
510 250
513 256
515 259
514 265
513 270
513 277
513 280
514 286
513 293
514 296
512 301
514 307
513 309
513 318
515 324
513 328
515 334
514 339
514 343
513 348
515 355
514 358
514 363
514 370
514 373
511 382
515 396
513 388
519 397
514 404
514 410
514 417
514 425
513 431
515 438
514 444
513 451
513 455
513 458
513 463
512 579
514 582
513 587
514 593
511 599
513 605
512 610
513 616
513 623
512 629
513 635
513 642
512 647
514 653
513 659
513 665
513 671
513 677
514 682
513 686
513 692
513 696
512 701
512 707
513 713
513 717
514 721
513 725
513 732
514 736
514 741
513 746
514 752
514 754
513 758
513 762
514 765
514 771
513 774
511 779
511 784
405 783
277 788
302 795
197 797
174 799
205 805
193 809
203 809
225 818
218 823
217 826
230 831
243 834
249 838
287 841
268 845
398 901
373 902
373 903
340 905
366 906
381 906
426 908
360 910
425 911
405 912
384 912
431 913
355 917
400 916
390 916
411 918
436 919
404 920
397 920
411 921
449 922
430 923
402 923
417 924
457 922
432 924
445 924
435 925
447 924
471 925
469 925
467 927
430 925
456 924
483 926
471 924
479 925
468 925
506 923
500 921
512 919
510 916
512 913
510 914
513 908
515 914
514 906
513 909
514 903
513 902
513 902
513 898
513 897
513 894
515 894
513 891
513 889
513 837
513 834
513 830
513 825
513 821
513 815
514 810
514 807
514 800
513 795
512 790
513 785
513 784
513 777
513 770
514 764
512 760
513 759
511 755
513 747
514 740
515 736
514 731
513 725
514 721
512 715
513 708
513 704
515 700
513 691
512 687
513 684
512 676
513 672
512 670
513 660
513 659
513 651
514 644
512 640
514 631
512 627
514 617
513 612
513 606
513 597
514 594
514 586
514 583
514 576
513 572
514 570
513 563
512 562
513 555
514 550
514 419
513 412
513 411
515 407
512 401
512 394
514 389
515 385
515 378
512 372
514 366
514 362
514 354
513 349
513 345
514 338
514 333
515 329
512 325
513 319
514 313
513 309
517 304
513 300
513 296
513 290
514 287
513 283
514 278
513 274
513 266
512 265
515 261
516 256
517 252
521 248
749 250
772 243
709 238
874 238
886 234
866 230
854 224
797 219
812 214
785 210
798 206
830 202
738 199
754 195
757 190
739 189
732 186
755 183
741 180
740 177
764 174
744 126
605 126
603 125
643 123
621 141
645 122
641 121
600 121
624 120
635 118
642 115
602 118
614 117
604 115
598 115
639 114
618 113
582 113
573 111
591 112
582 112
581 112
572 111
570 112
565 112
585 111
554 112
572 112
533 116
549 113
544 115
528 115
518 118
510 118
515 123
502 125
515 143
514 129
514 129
514 132
514 132
514 134
514 135
513 137
514 139
513 140
513 143
515 145
514 147
513 150
513 153
513 155
514 157
515 160
513 163
513 165
513 170
515 274
513 277
514 283
516 286
514 294
512 298
514 301
513 309
513 314
513 318
513 323
513 330
513 334
513 339
514 349
513 350
514 354
513 362
513 368
514 371
515 377
514 380
530 387
513 382
514 397
513 406
513 410
513 420
513 425
513 434
513 440
513 444
513 452
515 454
513 460
515 464
513 467
518 472
514 477
515 482
513 486
511 493
513 496
513 505
515 511
514 517
511 525
513 529
512 538
514 543
513 548
514 553
513 560
513 564
511 572
512 574
513 577
513 601
513 606
513 608
513 613
513 617
513 623
513 629
513 636
514 642
512 648
514 653
512 659
513 665
513 669
513 677
514 683
513 687
514 693
513 698
513 704
517 707
513 712
512 717
513 722
513 729
513 733
514 736
514 742
513 746
513 750
513 755
514 759
513 763
513 767
512 772
513 776
511 781
509 785
273 785
296 791
352 797
217 796
148 800
167 806
220 812
226 814
206 820
259 824
214 829
197 832
259 836
230 840
300 843
249 847
253 850
302 852
303 856
360 893
317 894
308 894
335 896
340 897
356 899
399 900
401 902
339 903
376 906
383 907
368 908
400 909
390 911
379 910
416 912
417 913
405 915
401 915
372 917
387 917
410 918
429 919
401 921
431 922
403 922
401 922
433 924
452 924
419 925
426 925
457 925
454 925
421 923
452 924
452 924
446 927
465 923
450 925
469 926
472 923
477 924
486 924
486 924
496 924
507 921
515 919
511 921
511 913
512 910
514 910
513 908
513 907
512 904
512 903
513 901
513 901
513 871
515 870
513 868
513 864
514 862
513 856
513 855
513 850
513 846
513 843
514 840
512 834
512 829
513 825
515 819
513 813
512 808
514 806
513 800
511 792
513 789
514 784
513 779
516 777
513 769
513 764
510 760
512 753
513 748
512 744
513 742
514 736
513 729
513 724
513 719
512 711
513 708
513 702
513 695
512 691
513 688
514 680
513 675
512 670
513 666
513 663
513 652
512 650
514 643
513 636
513 632
513 621
513 618
516 612
514 601
511 597
513 589
515 529
518 527
513 518
513 508
512 501
513 497
514 492
514 485
512 483
510 474
513 472
513 468
514 461
513 458
514 453
515 446
513 441
513 435
513 429
514 425
515 417
513 412
514 405
515 398
512 393
512 387
513 381
513 378
514 371
514 364
512 360
515 354
514 348
514 343
514 339
532 330
514 328
514 322
513 318
513 313
513 309
514 303
513 297
512 294
513 290
513 286
514 281
512 279
514 272
512 268
514 264
515 260
516 256
517 253
521 248
805 249
781 243
764 197
751 193
769 194
734 188
736 185
745 183
733 180
766 175
747 173
758 169
741 164
738 163
790 159
727 157
691 154
746 152
695 150
694 149
670 146
668 143
686 144
628 141
680 139
663 137
658 139
666 134
683 132
634 131
616 128
656 129
627 128
659 126
625 125
612 116
664 123
620 122
629 120
611 119
620 119
603 118
626 118
655 116
593 116
580 113
632 115
616 111
603 113
576 115
590 111
604 112
585 111
574 111
582 111
564 111
565 112
577 111
563 112
513 139
512 141
515 143
512 145
514 147
514 150
514 154
514 155
514 159
512 161
515 162
513 167
514 171
513 175
514 177
513 180
513 183
513 187
515 190
514 194
513 196
514 206
518 211
510 216
511 220
510 225
515 229
512 235
514 241
514 244
509 248
514 255
515 259
514 265
513 269
513 274
513 276
513 283
517 289
513 291
513 299
514 305
513 309
514 313
514 323
513 326
514 329
513 340
514 342
514 345
514 355
512 358
513 363
514 371
513 357
505 376
513 488
514 491
514 494
512 502
514 505
513 513
513 520
513 526
513 533
513 539
513 542
514 551
512 555
513 560
513 566
515 565
513 574
512 580
514 585
511 589
513 597
513 600
513 608
513 613
513 620
513 627
514 631
514 639
513 644
513 650
513 657
514 661
513 668
513 673
513 678
512 683
513 688
513 694
513 699
513 703
513 708
514 712
513 718
513 723
515 729
513 732
515 738
513 743
514 747
513 750
513 755
513 759
513 763
513 768
513 772
513 776
511 782
510 851
288 852
315 856
266 860
285 862
288 865
259 868
289 871
295 876
269 878
283 879
306 884
340 885
325 892
305 891
343 893
394 895
372 896
329 898
353 899
401 900
334 901
368 904
383 906
349 906
411 908
405 910
396 908
396 912
383 911
401 914
387 915
379 918
389 916
423 918
432 919
385 920
381 920
420 921
435 922
419 923
412 920
441 924
407 922
445 925
467 924
438 925
439 925
448 925
474 923
463 925
446 927
462 926
475 926
461 923
485 922
489 921
479 903
515 901
513 900
514 899
514 898
513 894
512 895
513 892
513 890
513 887
513 884
513 881
516 879
513 876
512 873
513 870
513 868
514 862
513 861
513 857
512 853
513 850
515 847
513 843
514 837
513 832
512 828
513 825
514 820
513 814
513 807
514 803
514 797
514 793
513 788
511 782
513 778
515 775
511 768
513 762
513 757
513 753
513 749
514 745
514 739
513 732
513 728
514 723
513 718
514 711
514 706
513 701
513 695
514 688
513 685
513 679
514 671
516 552
513 551
515 551
513 546
513 543
514 535
513 529
517 519
513 516
514 506
513 502
514 496
516 490
513 487
513 478
510 474
513 470
513 465
512 463
514 454
513 453
513 446
514 439
513 435
512 428
514 421
514 416
514 409
513 404
513 396
513 390
515 386
514 380
512 373
514 367
514 363
513 356
514 352
513 347
513 342
514 336
514 330
518 327
513 320
514 318
515 311
510 305
514 303
513 300
513 293
513 289
514 284
513 281
513 276
513 273
513 267
513 262
754 187
767 187
729 184
717 180
784 176
770 175
733 182
749 168
754 166
781 162
725 158
718 157
692 152
692 150
741 148
656 147
666 144
673 142
644 142
698 140
644 139
644 136
660 135
650 133
678 131
610 130
658 129
623 128
677 128
628 124
611 133
636 115
605 122
641 121
632 121
640 118
629 117
603 116
641 117
594 116
614 114
611 114
609 114
617 113
592 112
603 112
592 112
591 111
585 111
588 111
543 111
575 110
569 111
597 113
539 111
569 111
544 112
514 152
514 154
514 156
514 158
514 161
514 164
513 168
513 170
514 174
514 177
513 175
514 184
513 190
512 192
513 196
513 201
514 205
520 212
515 219
508 219
519 230
513 232
513 236
514 241
511 246
513 251
514 255
513 260
513 267
513 270
513 275
512 281
512 283
512 290
514 298
513 301
513 302
514 310
513 319
514 322
513 328
514 334
513 338
514 343
513 350
513 355
514 358
513 364
513 369
514 363
500 380
514 381
511 392
518 395
515 402
509 410
513 416
514 495
514 498
513 501
512 510
513 517
512 521
513 529
514 537
513 542
512 545
512 553
513 557
513 563
512 568
509 563
512 578
515 580
513 586
513 589
514 597
513 604
514 609
513 617
512 622
512 628
511 634
516 641
512 647
513 652
514 658
513 663
513 669
513 675
512 680
514 685
513 691
513 696
514 701
513 705
514 710
512 715
513 721
514 726
513 730
514 735
513 740
513 744
513 747
513 752
514 755
512 761
513 765
514 769
513 773
509 778
511 783
508 786
242 869
282 871
324 874
229 876
267 879
300 882
322 885
353 887
294 890
328 891
331 893
379 895
373 898
383 897
375 900
333 902
390 903
392 904
358 906
408 907
397 909
419 910
359 912
414 911
406 912
385 914
401 915
392 916
438 914
409 919
389 919
390 920
366 920
440 921
430 923
418 924
396 924
414 924
445 925
437 925
449 926
450 925
436 924
451 924
464 923
460 923
452 923
457 922
461 923
489 925
501 923
465 922
500 923
511 920
508 921
514 912
514 914
513 868
513 865
513 862
513 858
513 856
515 853
513 849
514 844
514 841
513 837
513 832
513 828
513 822
513 819
513 811
513 806
514 801
514 795
513 791
513 788
512 783
513 777
513 771
513 766
513 762
514 758
514 752
513 747
513 742
512 737
513 733
512 728
513 721
513 716
513 710
513 705
513 697
514 693
513 687
513 681
512 679
513 674
513 665
511 665
513 656
511 651
513 647
514 636
513 634
514 627
513 619
513 615
512 603
513 600
514 592
512 586
513 421
513 418
513 413
513 408
515 401
514 395
514 390
514 384
513 378
513 373
515 366
513 361
515 355
513 351
514 345
514 339
514 335
510 330
513 325
514 320
514 315
514 310
513 306
514 300
514 296
514 292
513 288
512 284
512 280
515 275
514 271
514 267
513 263
516 259
517 253
522 248
722 251
791 244
764 239
807 238
865 235
854 228
844 223
811 220
834 216
788 211
812 207
784 203
768 199
775 195
750 196
766 169
748 187
706 184
742 181
765 179
741 174
767 160
731 158
717 156
695 154
692 152
687 151
721 149
665 146
661 145
678 143
682 141
642 140
652 138
652 136
674 134
672 134
