514 336
514 334
515 330
514 327
513 323
513 315
513 313
513 308
513 303
513 300
513 294
514 290
514 287
513 283
514 279
513 256
514 270
514 264
515 259
514 256
567 253
623 251
664 247
658 242
665 239
862 237
890 232
868 226
783 225
794 218
869 210
799 209
783 206
784 202
795 198
754 195
713 192
769 184
750 184
730 182
730 179
763 175
772 173
755 169
760 165
732 159
744 159
769 157
710 154
727 153
667 150
697 147
738 146
670 144
637 142
670 141
635 139
514 771
513 777
511 783
423 784
383 788
392 792
314 795
206 797
187 802
204 807
219 811
231 816
222 820
236 824
214 829
252 833
229 835
236 839
286 844
257 847
272 849
277 853
256 856
273 859
275 863
237 865
278 869
277 873
252 876
326 879
278 882
296 884
323 887
356 889
369 892
317 893
347 895
361 897
371 898
360 900
355 902
384 903
366 905
408 906
357 907
382 908
381 910
415 911
399 912
385 913
388 914
410 915
395 915
379 917
411 918
414 919
383 920
514 529
513 523
513 520
513 513
516 506
512 499
512 493
514 487
513 484
511 478
515 472
512 468
512 461
513 458
514 454
513 445
513 443
514 438
513 431
514 425
514 419
513 413
512 406
514 402
515 394
514 389
514 383
513 376
513 374
515 366
514 361
513 359
512 350
514 344
513 341
512 335
515 333
513 326
515 323
513 315
514 310
513 305
513 301
513 296
515 293
513 288
512 285
514 280
513 275
510 225
513 265
515 261
513 259
519 254
623 252
660 247
650 244
637 125
615 124
626 123
614 122
652 121
634 121
623 118
596 118
629 117
630 116
595 115
589 117
621 115
627 106
568 111
610 113
616 114
581 113
576 113
587 112
554 112
585 112
562 113
567 112
540 113
572 114
553 113
553 116
514 116
525 117
515 119
513 122
515 124
514 128
514 129
514 129
514 132
513 133
514 134
514 135
514 138
514 138
513 141
514 143
514 134
521 150
515 148
508 155
514 153
513 158
514 160
514 162
513 165
514 169
514 172
513 175
513 177
514 270
513 272
517 278
512 282
506 289
513 291
514 296
513 302
513 307
514 313
512 320
513 323
513 331
514 335
514 338
513 346
513 350
512 355
512 360
514 364
513 369
512 376
515 379
513 385
513 391
514 396
512 406
514 410
514 419
513 424
514 430
512 442
515 443
515 450
512 455
514 445
514 464
514 470
510 475
513 478
513 483
515 485
513 492
513 499
513 502
513 512
513 516
513 524
513 532
514 537
514 544
514 548
513 554
512 561
514 564
515 572
513 694
513 698
513 702
513 705
513 711
513 716
513 722
513 730
513 732
513 736
513 741
513 745
514 749
514 753
513 757
513 762
513 766
514 769
513 775
513 781
496 782
415 788
377 791
365 795
280 795
189 799
187 803
188 804
234 812
229 816
202 821
219 825
255 829
212 833
258 838
268 842
235 843
313 847
288 850
277 853
289 856
263 860
297 862
292 865
229 870
278 872
309 876
284 879
289 882
301 885
350 886
344 889
322 893
367 892
372 895
370 897
340 897
372 921
402 922
409 922
428 923
419 924
405 924
430 923
464 924
430 922
444 924
457 925
471 925
458 925
452 922
478 925
479 924
470 923
485 923
485 922
493 922
513 920
514 921
514 917
514 913
512 911
513 909
513 908
513 905
512 903
513 903
516 903
513 901
513 898
514 897
515 895
513 891
513 890
515 887
514 885
513 882
513 879
513 876
513 873
512 872
514 868
512 865
513 861
514 859
512 852
511 850
510 851
513 844
514 840
514 835
512 830
513 824
513 819
513 738
513 736
512 734
513 731
513 725
513 720
513 714
513 708
513 703
513 698
514 693
514 687
513 682
512 677
514 671
513 667
514 661
513 656
514 651
514 644
512 639
515 633
513 626
510 619
514 611
513 605
514 598
514 592
514 587
513 582
513 576
513 576
514 569
513 563
512 562
513 556
512 550
514 546
515 538
513 534
512 527
514 518
513 512
513 505
514 499
515 495
512 487
513 484
510 477
512 473
514 468
514 466
514 458
514 455
514 447
513 442
514 437
513 307
513 304
513 300
514 296
513 291
513 288
512 284
513 281
515 275
510 265
513 266
514 261
515 256
517 254
651 251
646 247
677 244
671 236
888 238
830 233
881 227
816 224
788 220
832 215
785 211
785 207
817 204
740 199
767 195
769 193
734 189
749 187
747 183
743 181
745 178
773 173
758 171
738 166
740 164
767 161
717 158
701 155
731 155
694 149
686 148
693 147
707 145
650 143
667 141
656 141
650 137
711 136
603 133
687 134
662 132
643 129
649 130
599 113
571 113
586 112
563 112
577 112
568 112
532 113
564 114
537 115
534 116
519 117
516 121
514 123
514 125
514 126
514 128
514 129
513 132
514 133
513 134
516 135
513 137
513 138
513 140
513 140
513 146
513 144
511 146
513 153
514 155
513 159
513 159
514 164
513 166
514 169
512 171
513 176
513 179
514 182
513 186
513 189
514 194
513 199
514 204
513 207
513 213
514 217
513 223
513 230
513 236
513 238
514 243
514 246
513 251
514 258
513 263
514 269
514 480
513 484
513 488
514 491
514 503
513 504
513 513
513 519
516 523
512 533
513 538
516 544
513 551
514 555
514 560
514 565
513 570
512 574
512 579
514 585
513 590
513 595
513 601
513 607
514 613
514 620
512 626
513 632
513 638
514 643
510 646
513 655
513 661
513 667
513 672
513 678
512 683
513 687
513 693
513 698
513 703
512 708
512 713
513 717
513 723
514 727
512 733
513 737
513 742
512 746
513 751
514 754
514 760
513 763
513 766
513 771
513 775
339 795
348 796
162 797
167 801
179 805
225 810
221 815
199 818
229 824
232 827
221 831
236 834
209 836
266 841
277 843
261 848
295 852
268 855
278 859
306 861
276 865
262 867
283 871
285 873
291 877
271 881
322 882
314 884
311 887
328 890
331 891
392 893
349 895
334 896
369 898
380 900
399 902
349 903
390 905
400 907
371 907
368 908
406 909
412 910
369 913
407 911
399 913
399 913
386 916
405 917
403 917
408 919
413 920
397 920
425 921
399 920
420 922
463 924
467 924
474 923
483 923
501 922
496 920
511 918
512 916
512 914
514 911
513 909
513 908
512 905
512 904
513 902
516 900
514 901
514 900
512 898
515 897
514 892
513 891
511 890
513 886
513 885
514 882
511 879
513 876
513 873
514 872
513 867
512 864
513 860
512 857
510 855
512 850
513 847
513 843
513 838
513 834
513 830
513 824
513 820
513 814
514 810
514 802
513 797
513 794
513 786
513 785
514 779
513 774
512 769
513 764
513 761
512 754
513 750
513 690
513 685
512 681
513 675
513 670
513 667
513 661
514 656
513 650
510 643
515 639
513 630
513 624
508 619
513 609
512 604
514 597
514 592
513 586
514 576
512 575
513 570
512 568
512 562
514 558
514 555
514 548
513 544
512 538
513 531
512 524
512 517
513 511
514 506
514 498
514 492
514 486
512 481
514 474
513 471
513 466
514 462
513 457
514 452
516 447
513 440
513 435
514 428
513 425
512 417
513 410
513 404
513 399
514 392
514 386
512 381
513 318
515 315
514 312
514 307
513 303
514 299
514 294
512 290
514 285
513 282
514 278
512 273
510 265
513 265
513 260
517 255
575 254
609 251
672 246
689 241
669 238
919 237
852 231
853 227
811 222
793 219
841 209
841 209
785 206
748 202
769 199
765 196
766 192
741 188
747 186
744 183
733 180
742 175
758 173
749 170
771 166
753 163
742 161
719 157
718 154
718 157
699 157
690 148
672 147
662 145
683 143
660 141
702 140
658 136
643 136
661 134
646 133
677 120
618 118
629 113
644 117
629 117
591 116
617 114
615 115
585 113
578 113
602 125
611 113
564 112
560 113
591 113
583 112
558 112
554 114
592 113
580 112
548 112
553 113
546 114
553 114
512 116
519 116
515 119
514 121
514 124
513 129
514 130
514 130
514 131
514 134
514 134
514 137
514 137
514 138
513 142
515 144
507 144
511 149
517 141
511 156
514 155
514 157
516 161
513 163
513 167
514 169
513 173
514 177
514 179
514 181
514 188
513 191
514 195
516 297
513 299
515 304
512 309
513 310
513 320
512 327
513 331
513 336
513 343
513 347
513 352
513 360
514 361
513 366
512 374
513 377
512 384
514 386
512 396
512 401
514 405
512 418
514 419
513 428
512 437
514 439
513 450
514 451
515 473
491 460
511 471
515 472
516 476
513 479
513 483
514 490
513 495
514 499
512 507
513 514
512 518
512 526
513 532
514 540
514 545
512 552
513 555
512 558
514 565
512 570
513 577
515 580
512 586
513 590
512 597
514 601
514 704
512 710
513 714
513 719
513 724
513 729
513 734
513 738
513 742
513 747
513 751
513 756
513 760
513 764
514 766
513 772
514 775
512 782
452 783
392 787
395 791
342 795
164 798
172 802
202 806
237 811
236 815
193 820
219 824
252 829
221 833
254 836
249 838
281 843
294 846
232 850
307 853
300 849
248 859
286 860
274 865
269 869
285 873
264 873
307 878
295 878
299 883
343 887
302 888
349 890
341 891
333 896
363 895
339 892
402 899
373 900
324 901
424 922
413 923
400 922
415 923
438 924
446 925
429 924
422 924
449 925
448 924
474 919
415 924
475 921
482 925
477 925
446 925
498 922
488 924
498 922
500 921
509 921
512 915
511 916
512 914
513 911
511 908
512 907
513 906
513 904
513 902
513 901
512 900
513 898
512 895
512 894
513 892
513 889
511 885
512 882
514 880
512 878
513 875
514 873
513 872
512 866
513 861
513 860
515 854
513 852
513 849
514 845
513 841
513 837
513 829
513 826
513 821
511 817
512 743
513 738
514 733
514 727
513 722
513 716
514 710
513 705
513 700
512 692
513 691
513 686
513 679
513 675
513 669
515 664
513 660
516 647
512 649
513 637
514 636
513 627
514 620
511 613
513 608
513 601
512 595
513 586
512 584
514 579
514 574
514 568
513 566
513 560
513 557
513 551
513 546
513 542
514 534
514 528
514 523
515 514
513 511
513 499
513 495
513 491
515 482
512 480
512 476
514 469
513 465
513 459
513 450
513 450
514 444
513 439
514 433
514 312
514 309
513 305
514 302
512 296
513 293
514 289
509 286
514 281
510 277
514 272
509 266
513 264
513 261
514 255
552 254
651 249
669 245
640 240
679 238
903 236
885 230
846 225
800 222
812 218
841 213
808 207
756 206
771 201
812 199
737 194
742 191
763 189
745 185
753 183
736 178
761 176
773 172
716 169
780 167
745 163
709 157
751 157
732 154
722 153
670 145
673 147
673 146
677 144
683 136
651 141
657 139
656 138
641 136
675 134
646 133
674 131
584 113
557 112
615 115
573 112
546 111
562 112
588 112
546 112
559 110
538 112
583 113
537 113
527 115
527 116
515 118
513 120
514 122
515 125
513 127
513 129
514 131
513 132
513 133
514 133
510 136
514 137
513 138
513 143
514 143
517 150
509 148
517 149
510 153
512 156
513 159
515 162
511 164
514 166
513 171
514 174
513 177
514 181
514 184
514 188
513 192
514 197
514 201
514 206
514 211
513 215
513 222
513 228
513 231
513 235
513 240
514 244
513 250
514 356
514 359
513 363
514 366
513 375
514 378
513 384
513 391
513 388
512 405
514 408
513 416
511 424
514 428
513 433
514 442
514 447
513 454
514 457
509 464
516 470
514 473
516 488
514 480
514 482
513 490
513 497
513 501
512 510
513 515
514 522
513 530
513 535
510 542
513 547
513 553
514 558
514 562
515 568
512 572
513 576
513 582
513 587
513 593
514 599
512 604
512 610
512 616
514 623
513 628
513 632
513 641
514 646
516 652
512 659
515 664
512 753
513 755
513 759
513 761
517 765
513 769
513 773
513 779
512 781
437 784
393 788
377 793
350 797
129 798
165 802
181 809
211 813
221 816
228 821
240 826
182 831
238 833
265 838
279 841
239 842
272 846
337 843
253 853
272 856
288 860
290 863
304 866
228 869
280 873
297 876
290 879
311 882
291 885
333 887
347 889
330 891
390 892
335 893
373 897
370 897
339 900
365 901
377 902
385 903
372 905
381 906
405 908
411 909
342 910
411 911
409 913
404 914
400 924
481 924
479 924
487 922
498 921
506 919
513 919
512 916
513 913
514 911
513 909
514 908
513 903
513 904
513 903
510 901
513 901
513 898
512 896
514 893
515 891
514 890
514 888
513 884
512 882
514 878
513 877
513 874
513 871
514 868
515 865
513 862
514 859
515 856
513 852
512 849
513 844
513 840
513 834
514 832
512 826
513 820
513 816
511 810
513 805
512 801
513 796
512 790
512 785
513 783
513 777
512 770
513 760
511 760
512 753
511 750
513 749
515 624
513 621
513 612
513 610
514 607
514 598
512 594
514 585
508 583
513 578
514 565
513 571
513 557
513 561
513 557
513 552
513 546
513 539
514 533
513 526
513 521
516 514
513 507
513 500
515 493
511 489
513 484
514 478
513 474
513 468
513 464
513 458
513 454
513 451
513 443
514 438
514 432
515 431
513 420
515 415
514 408
514 394
512 396
512 381
512 384
514 376
513 370
513 366
514 362
513 356
513 350
514 345
512 340
513 335
514 331
513 326
515 320
513 220
828 218
826 215
784 209
774 208
833 204
800 200
734 194
774 194
748 189
746 187
739 185
736 181
790 177
746 174
751 170
748 167
753 165
747 161
708 159
747 156
706 154
672 150
723 150
677 147
718 146
657 143
630 141
664 140
646 138
692 137
658 135
661 133
625 130
680 130
643 130
599 129
649 128
637 126
647 122
631 124
646 123
642 122
618 120
610 124
602 118
665 117
617 117
611 116
618 116
589 116
624 115
618 114
569 113
608 118
589 114
595 112
567 112
546 112
552 115
559 112
569 116
560 112
544 114
540 114
531 115
518 117
515 119
513 121
514 124
514 126
514 126
515 129
513 131
514 132
513 132
512 134
514 137
514 139
514 140
513 142
514 144
513 150
512 154
512 150
513 156
514 158
514 160
514 164
514 163
513 169
513 172
513 175
512 178
514 181
514 184
513 189
514 193
514 197
513 202
513 207
514 211
514 212
513 221
513 227
513 233
514 239
512 242
513 246
513 251
514 253
513 262
514 265
512 268
513 338
514 345
514 352
512 355
513 358
514 367
512 371
514 372
513 381
514 387
512 392
514 397
514 404
513 412
514 416
512 428
514 430
514 439
512 443
514 448
511 456
513 446
510 463
529 466
512 472
524 474
513 483
513 487
514 491
515 497
513 505
514 511
513 516
514 523
512 532
514 536
514 543
513 549
514 554
513 559
512 568
512 568
512 577
513 577
514 584
514 588
513 593
514 599
513 605
515 612
513 618
514 624
514 630
513 637
513 642
516 647
515 666
513 719
513 727
511 727
513 732
514 736
513 741
513 745
513 750
514 754
513 758
514 762
513 766
514 771
513 775
513 779
510 780
407 786
370 790
379 794
360 799
165 799
158 808
174 809
248 816
230 817
224 822
160 827
252 831
276 834
235 836
255 842
287 844
283 848
260 850
256 855
288 857
328 861
218 863
268 866
304 871
286 874
309 877
239 881
307 882
347 884
310 887
343 887
329 891
355 893
349 895
356 897
372 898
342 903
395 901
357 903
390 904
383 905
414 919
425 920
411 920
430 921
410 924
420 922
439 923
419 920
431 924
428 923
448 925
448 931
457 925
451 930
463 924
474 925
433 924
467 924
467 925
473 923
486 923
494 922
504 921
504 920
510 917
513 916
511 912
512 910
511 909
512 906
513 904
514 904
514 903
514 902
512 901
514 898
512 895
513 893
516 890
513 889
514 886
514 884
514 889
514 878
513 880
514 874
513 871
513 866
514 865
513 862
513 848
511 853
512 851
513 847
514 844
513 838
514 834
513 767
513 766
513 765
513 758
513 754
513 748
512 745
513 743
514 737
512 730
513 724
514 718
513 713
514 708
512 703
513 698
512 692
513 685
513 682
512 676
513 669
513 666
513 661
514 656
512 651
512 644
513 634
513 631
513 626
514 619
514 609
513 607
514 595
514 592
513 590
513 580
513 579
514 571
512 569
513 565
514 559
513 555
513 550
514 544
514 539
514 533
513 524
514 519
514 512
513 504
513 500
514 492
513 487
512 482
515 477
514 473
514 356
514 354
514 350
513 343
513 339
514 333
512 331
513 323
514 318
514 315
513 309
513 303
513 298
514 296
512 294
515 287
513 282
512 278
515 274
515 258
507 270
513 260
516 256
549 254
610 250
648 246
674 244
662 237
805 238
917 233
854 227
873 223
807 220
787 215
826 210
803 208
786 202
744 199
779 196
769 193
744 189
717 185
798 182
723 181
754 176
750 174
727 169
801 166
728 163
725 161
745 157
695 154
729 152
684 147
662 148
687 146
643 144
693 119
650 120
634 119
581 119
607 117
620 116
605 115
609 115
597 122
602 117
609 106
576 107
586 115
579 112
570 112
589 112
570 111
564 122
562 112
606 112
544 112
538 112
557 113
550 114
522 115
512 118
514 119
514 121
514 124
514 125
514 128
514 130
513 131
514 133
513 135
512 136
514 137
513 139
513 141
514 142
514 146
508 154
515 148
512 155
515 156
514 161
513 161
514 162
514 168
514 169
514 172
514 176
512 180
514 183
515 187
513 191
514 194
512 293
515 296
513 296
513 308
513 310
514 313
514 320
513 325
513 330
514 336
513 340
514 346
512 351
513 358
513 361
513 366
511 372
514 376
513 384
514 387
513 392
513 401
514 403
514 414
515 421
514 425
512 436
514 438
513 448
514 451
514 457
511 458
516 462
506 460
515 473
513 482
514 483
513 487
512 494
513 500
513 506
513 512
513 519
514 525
513 534
515 539
514 544
511 551
514 555
513 560
514 565
514 569
513 575
514 579
513 585
514 590
511 596
514 674
513 677
513 681
514 684
513 688
513 696
514 698
513 708
513 708
513 717
513 718
513 723
513 728
513 734
513 738
513 740
513 747
512 750
514 755
513 758
513 763
514 767
514 772
514 777
512 780
451 783
395 787
388 790
369 799
279 796
125 800
139 806
208 811
221 815
202 819
199 824
245 829
221 832
235 836
282 839
313 850
235 846
257 857
302 851
323 854
252 859
244 861
294 866
292 868
287 872
234 874
268 878
343 881
306 883
324 887
293 887
340 888
434 921
429 920
411 923
416 922
408 920
420 922
426 923
416 923
431 924
449 924
430 925
439 925
422 925
468 924
455 926
437 925
450 924
497 925
478 925
454 926
477 924
507 924
494 923
496 922
509 920
513 917
512 915
512 913
514 910
513 908
513 907
512 905
512 905
513 900
511 902
513 900
513 898
512 897
512 893
512 896
512 890
512 891
514 885
512 879
514 877
513 876
514 873
513 869
513 866
513 865
511 861
513 857
513 854
513 850
514 846
512 841
513 840
512 734
512 728
512 723
513 718
514 710
514 707
513 700
514 695
513 691
511 687
512 678
513 675
513 669
513 663
512 662
512 652
512 646
513 644
511 636
512 632
514 622
512 617
514 609
513 604
514 597
515 588
513 587
512 577
512 576
514 572
516 566
514 564
512 559
513 553
514 548
513 544
513 536
513 530
513 522
514 517
513 511
513 502
514 496
513 492
514 484
514 488
513 476
514 471
514 467
514 463
514 456
513 452
515 443
513 440
513 435
513 429
514 423
513 313
514 307
515 305
513 298
514 294
517 289
512 286
514 281
514 277
513 274
514 269
514 264
512 260
515 255
535 253
639 250
646 243
659 241
647 237
909 236
919 240
886 226
797 222
797 218
833 213
833 209
769 205
782 201
799 200
753 194
708 189
766 188
757 182
724 182
765 178
716 174
781 171
752 169
721 165
768 165
718 159
728 158
720 154
708 151
688 150
664 147
711 144
659 144
652 141
672 140
639 139
659 136
666 136
699 134
636 133
627 131
650 128
620 114
615 114
610 114
591 114
595 114
578 116
562 112
582 112
598 112
539 112
587 113
563 112
573 112
528 113
562 108
571 113
560 113
518 112
528 115
518 118
514 119
515 123
514 125
515 134
513 132
514 138
514 132
513 132
513 134
513 144
515 138
513 139
514 142
513 143
514 146
515 146
517 149
514 152
512 155
514 161
514 161
514 165
513 166
514 170
513 173
513 176
513 179
513 183
512 187
513 192
512 193
513 200
513 205
513 208
514 214
514 221
513 229
513 349
513 352
513 354
514 358
512 365
514 366
513 374
513 379
511 382
513 390
514 395
513 402
513 411
513 414
513 424
513 428
512 436
513 442
514 446
514 452
514 456
514 464
515 467
530 472
512 469
510 478
511 487
514 491
513 495
515 501
514 508
510 514
513 520
512 529
515 533
513 541
514 545
514 552
513 559
514 562
512 566
513 571
512 576
514 590
514 586
512 595
512 596
513 612
515 609
513 615
513 621
511 627
511 634
514 639
513 646
512 652
512 768
513 773
513 773
513 777
513 782
434 784
411 795
370 792
363 798
144 797
199 803
213 808
200 812
233 816
248 820
223 824
224 830
223 833
274 836
250 840
216 843
293 846
305 850
261 853
246 856
298 859
293 862
274 866
245 870
282 873
325 875
286 878
292 882
293 882
286 886
363 888
335 891
335 893
350 895
364 896
371 898
348 900
368 901
375 902
370 904
347 906
380 907
403 908
400 910
386 910
388 911
419 912
409 915
395 914
419 915
399 917
396 918
401 906
512 905
512 903
514 902
515 900
514 899
512 907
514 896
512 895
514 891
512 888
513 888
514 884
513 880
513 877
515 876
513 880
513 869
514 875
513 863
512 859
513 857
512 852
513 849
513 845
513 840
514 835
512 832
513 828
513 822
512 817
508 812
513 808
513 802
513 796
514 792
513 785
514 782
514 777
514 774
513 764
513 762
514 756
513 754
513 749
514 741
513 737
514 733
513 727
514 723
512 717
513 711
514 705
513 709
514 693
513 687
514 684
512 662
513 657
516 653
514 651
514 644
512 645
513 631
512 628
513 621
514 613
512 609
516 597
512 595
513 590
514 582
512 580
513 573
513 571
512 565
514 560
