423 925
447 925
443 925
450 925
462 925
458 924
468 925
457 925
459 924
481 925
464 924
462 924
502 921
507 922
500 920
511 919
513 917
511 914
512 912
513 910
513 908
515 907
513 906
512 906
513 903
513 899
512 899
513 897
513 895
513 893
513 891
513 889
513 887
512 883
513 880
513 877
513 874
513 872
513 869
513 865
512 862
512 859
513 856
511 854
513 848
513 844
514 843
513 839
513 832
513 829
512 824
513 818
512 813
512 808
513 804
513 797
514 791
514 125
514 126
513 127
514 130
513 132
513 132
513 136
514 135
514 134
513 138
513 141
511 143
513 146
513 148
513 151
514 147
518 154
513 155
513 159
513 160
512 165
513 169
512 172
513 177
512 178
514 182
513 185
513 188
514 192
515 198
512 201
514 206
514 210
513 214
513 221
513 227
514 233
514 236
511 241
513 247
513 249
513 256
513 260
514 266
513 269
513 275
512 271
509 287
517 285
513 296
513 300
514 304
513 312
513 316
513 320
513 327
513 332
513 866
513 865
514 861
513 863
513 856
512 854
513 849
513 845
512 840
513 835
513 832
513 827
515 822
513 815
514 811
514 805
515 802
513 796
514 792
513 785
513 782
513 777
513 773
512 770
513 762
511 756
513 753
511 749
514 741
513 737
513 733
513 725
513 720
511 717
512 710
513 704
513 700
512 693
514 688
513 685
513 677
513 673
513 669
517 662
512 659
513 651
514 646
514 641
516 633
513 630
513 619
515 615
513 608
517 599
507 595
514 585
511 584
516 254
515 256
565 249
622 249
656 245
656 241
662 239
915 233
872 230
842 225
812 221
797 218
787 212
832 208
773 205
769 201
755 199
760 195
744 192
712 188
754 186
752 182
724 179
743 176
769 172
722 170
768 166
757 162
723 160
711 155
692 151
717 143
694 150
676 149
673 147
656 144
652 143
661 141
681 140
653 139
670 136
631 135
643 133
664 132
651 131
640 129
628 128
636 127
613 126
641 124
633 124
636 123
623 122
591 120
651 120
600 119
601 118
520 117
516 119
514 122
513 124
514 126
514 128
514 130
515 131
514 132
514 134
513 135
514 138
513 140
514 141
514 143
514 146
514 148
513 149
516 150
514 154
514 158
513 162
514 163
513 165
514 172
513 171
513 174
513 179
511 182
512 186
513 190
514 194
513 196
513 202
513 207
514 215
514 217
510 222
514 228
513 234
513 238
514 241
514 247
513 250
514 256
514 261
513 267
513 272
514 277
516 282
521 286
513 280
508 297
514 306
513 306
513 315
513 428
514 434
515 437
512 443
513 447
513 454
500 457
515 459
509 465
511 463
511 476
514 479
510 486
514 490
513 493
515 502
513 508
514 515
513 522
513 529
512 535
511 544
513 546
513 553
512 558
514 562
513 568
513 573
513 577
513 582
512 586
514 593
513 594
513 605
512 610
514 618
512 623
513 630
513 635
503 644
514 649
511 653
512 658
517 664
513 670
513 676
513 681
514 686
513 691
513 696
512 706
513 705
513 710
513 716
513 721
513 726
513 731
514 816
230 821
207 823
210 826
245 830
257 833
247 837
253 841
295 844
257 852
271 852
277 853
273 857
267 860
266 864
292 868
256 870
276 872
311 877
255 880
302 882
320 884
297 886
364 889
335 892
349 892
358 894
342 896
372 897
363 900
402 900
368 902
368 904
372 906
373 910
366 908
398 909
427 910
407 912
404 912
384 913
411 914
372 915
384 916
421 917
399 918
398 924
426 920
415 922
386 921
415 922
445 923
426 927
399 923
459 924
452 924
434 924
448 907
513 906
514 905
512 905
513 906
513 902
513 902
518 898
513 895
512 896
513 892
513 890
513 887
513 885
513 883
513 879
513 876
513 874
513 871
513 865
515 865
512 861
513 858
512 854
513 854
513 848
513 844
513 838
512 835
514 829
514 825
514 820
514 813
513 809
514 806
515 799
513 795
514 789
514 785
515 779
515 773
513 770
514 764
514 759
515 754
515 750
512 744
514 741
513 735
513 730
513 726
513 721
515 713
513 710
518 705
513 698
513 693
513 561
514 558
517 556
514 555
517 546
513 546
513 537
513 533
513 527
517 519
514 511
514 505
513 498
512 493
513 489
514 482
514 477
513 473
514 468
514 467
514 458
512 453
516 447
514 442
514 436
513 431
514 428
514 418
512 413
514 406
515 401
513 393
511 388
514 383
516 374
513 373
514 366
512 361
513 356
513 354
514 345
512 340
514 334
514 330
514 324
513 319
513 314
514 308
513 303
512 298
513 296
514 291
513 288
513 283
514 279
514 282
513 270
712 181
726 179
769 177
767 174
720 171
761 167
763 163
753 160
734 157
702 155
689 150
721 148
703 148
660 145
665 145
670 142
663 142
663 141
681 139
667 136
629 135
648 134
678 133
615 131
617 129
670 129
630 128
633 126
649 124
623 124
625 123
586 122
634 121
636 121
617 120
605 118
603 120
608 117
604 116
598 116
624 114
585 114
597 113
602 113
556 114
579 113
567 113
575 111
586 112
570 112
568 113
553 113
558 113
551 114
538 113
551 115
526 117
514 249
513 248
514 252
513 256
513 263
513 269
513 274
513 279
514 280
514 287
513 295
514 300
513 304
514 310
513 314
513 318
514 324
513 330
513 334
513 343
514 347
514 351
512 358
514 360
511 367
512 374
513 375
514 386
516 381
514 393
511 402
513 403
513 414
510 422
515 426
509 434
515 437
513 448
516 450
513 457
511 458
512 467
512 468
512 465
513 479
513 480
513 489
514 492
513 499
511 506
513 510
512 519
515 525
513 532
512 539
513 543
511 552
514 568
514 571
513 574
513 579
513 583
513 590
513 595
513 601
514 608
514 613
513 620
513 626
513 631
512 637
513 642
515 650
513 652
509 658
513 666
513 671
513 677
513 682
514 688
513 692
513 698
513 704
514 708
513 713
513 717
516 722
513 727
513 733
513 737
512 742
513 746
514 750
513 754
514 758
514 762
513 766
516 774
514 775
513 779
511 783
427 788
388 791
358 794
279 791
152 801
154 806
212 811
273 814
204 818
225 822
229 828
219 829
239 834
278 874
295 876
264 880
300 877
345 885
327 887
333 889
321 891
390 893
390 895
340 897
364 899
378 900
370 902
380 902
400 905
380 905
364 906
377 908
399 909
411 912
368 911
411 911
412 913
399 913
422 915
420 916
374 917
405 918
412 919
410 922
448 921
398 924
410 922
443 923
424 923
429 924
434 924
448 924
437 924
455 924
456 925
477 924
449 924
461 925
492 924
462 925
487 923
487 922
500 922
503 920
515 918
513 917
512 913
512 912
513 910
513 907
513 888
513 887
514 883
513 880
513 878
512 875
513 872
513 869
513 866
512 864
513 863
514 857
513 855
514 850
513 846
513 842
514 837
514 833
514 828
514 821
514 819
512 815
513 809
512 804
514 800
513 795
511 790
512 786
511 779
513 773
512 767
514 766
511 759
513 752
512 748
512 745
514 738
513 733
512 729
513 724
513 718
513 716
514 707
513 701
514 697
513 691
513 687
514 679
514 676
514 669
513 666
514 660
513 655
514 651
514 644
513 639
515 562
512 563
514 561
515 557
513 556
516 549
513 544
512 538
513 531
513 523
516 517
513 511
513 503
512 498
512 492
513 486
515 481
513 478
515 472
515 466
513 463
516 457
513 452
514 450
514 439
512 435
513 429
515 423
514 415
513 410
513 404
513 397
512 392
513 388
514 382
514 375
514 370
514 365
513 359
515 354
513 349
513 343
513 338
513 333
513 328
513 323
513 318
513 314
514 308
513 304
513 299
513 295
513 291
514 285
514 282
514 277
514 274
513 221
818 220
822 216
811 213
808 210
797 205
751 201
765 198
742 196
742 191
738 189
763 186
734 181
733 179
740 176
746 172
747 170
722 165
747 162
752 162
700 157
706 155
704 151
693 150
690 148
675 145
653 146
677 142
655 142
674 139
689 137
605 136
677 134
654 133
644 131
622 130
642 126
666 126
591 127
669 125
624 124
628 123
646 122
610 121
638 121
613 119
620 118
599 118
629 117
619 118
585 115
609 114
620 115
561 115
596 113
596 119
559 125
580 132
514 134
514 137
514 136
513 137
514 139
514 143
515 144
514 146
514 148
512 150
517 152
515 154
516 159
513 161
514 164
513 168
515 171
514 174
514 177
513 181
513 183
513 186
514 192
512 198
514 200
513 205
514 210
513 216
514 221
511 227
513 232
513 237
513 241
514 246
513 251
514 256
513 260
512 264
514 268
515 275
514 279
515 281
509 294
521 291
514 299
513 307
514 311
513 315
514 321
514 327
513 331
513 339
514 344
514 343
513 352
512 360
512 461
515 467
510 472
517 472
513 480
515 482
513 490
508 496
514 501
511 508
513 514
513 522
513 528
513 534
514 540
513 546
512 551
511 556
513 561
513 566
513 570
513 575
512 581
513 583
514 591
513 598
513 604
512 610
512 615
513 622
514 627
514 633
512 639
511 645
511 652
512 659
514 656
513 668
513 673
513 679
514 683
513 689
512 695
513 701
514 703
513 708
513 714
512 720
513 724
513 730
513 734
513 739
514 743
513 748
512 751
513 756
513 760
257 839
311 842
293 843
300 845
263 850
323 852
279 857
273 860
289 863
267 865
276 869
295 873
263 876
287 879
297 882
316 885
363 887
313 889
324 889
348 892
376 894
342 896
351 897
398 899
337 901
376 902
377 903
373 905
395 907
382 908
416 909
392 910
408 912
384 912
392 913
419 915
392 915
392 917
437 919
403 919
388 920
426 919
439 920
412 922
412 922
435 923
422 923
396 923
455 925
451 925
416 925
453 925
456 923
447 923
436 925
467 924
474 924
512 904
513 902
512 902
513 901
513 900
514 897
513 896
513 892
514 889
513 887
512 887
513 880
512 880
513 877
513 874
511 872
513 868
513 865
513 863
513 860
513 856
514 853
513 848
513 844
513 840
513 835
513 831
515 823
513 821
514 816
513 809
513 806
514 802
513 798
516 791
514 787
515 780
513 776
513 772
514 766
513 763
514 756
514 752
515 746
512 742
513 738
512 736
513 725
512 722
513 717
513 710
513 704
513 698
513 694
513 688
513 683
513 678
511 560
515 555
513 552
514 547
514 541
514 535
514 527
515 520
513 514
513 509
516 501
513 496
517 489
514 488
513 480
513 474
512 471
514 465
512 460
513 455
520 449
513 445
514 439
513 433
514 428
513 421
513 414
513 407
513 402
512 397
515 390
514 386
513 379
514 372
513 370
513 363
513 356
513 352
514 347
513 342
512 337
513 331
515 328
513 322
513 317
513 312
514 306
514 302
512 298
514 291
514 289
513 283
512 280
513 276
513 268
513 269
513 263
746 180
732 180
728 177
741 173
723 171
800 168
772 163
723 162
728 160
697 155
755 154
710 153
632 150
669 145
640 145
656 142
680 140
696 140
649 138
644 135
637 131
658 133
689 131
622 130
671 130
621 128
646 128
615 126
648 124
656 124
564 122
643 121
649 121
651 119
610 117
636 117
629 118
564 115
633 115
641 114
563 115
579 113
625 113
579 113
569 112
598 112
559 112
590 112
558 112
576 112
560 112
563 111
556 113
552 113
546 114
547 114
529 117
514 159
514 161
514 162
514 167
513 169
514 171
513 175
513 178
514 181
513 185
514 189
513 193
513 198
513 204
513 208
513 212
513 216
514 223
513 229
513 235
513 238
513 241
513 245
514 251
513 259
514 263
514 267
514 269
513 277
513 285
514 284
514 290
511 297
513 302
513 305
514 314
513 319
513 322
509 329
513 335
513 339
514 345
512 352
515 354
512 359
513 365
514 370
512 375
513 379
513 384
510 392
515 396
513 405
512 411
513 415
513 427
514 516
514 521
514 525
513 530
514 535
511 543
513 548
513 554
513 558
514 564
513 568
512 569
513 577
513 583
513 589
514 594
512 600
511 605
513 611
512 618
514 624
513 630
513 636
514 642
512 648
506 651
511 660
514 665
513 673
513 676
513 681
513 687
513 692
512 697
513 702
513 706
513 711
513 716
513 721
513 726
513 731
513 734
512 739
513 744
511 749
513 752
512 757
513 762
514 765
513 770
513 774
512 779
513 783
469 786
399 789
375 792
356 797
160 885
334 885
351 887
350 889
338 891
356 895
310 892
382 896
402 897
362 899
352 901
352 902
366 904
369 905
400 907
413 908
392 909
385 910
395 911
419 912
361 913
385 912
419 915
400 916
417 917
416 916
414 920
397 920
402 921
436 921
430 922
406 921
422 923
451 924
441 924
432 924
448 924
469 925
426 925
471 925
444 925
480 924
451 925
463 926
470 924
484 922
478 923
500 921
510 920
509 918
512 915
513 912
512 911
513 910
513 908
512 906
512 904
513 842
514 837
513 835
513 829
513 825
515 821
511 814
515 810
512 802
513 798
514 794
513 791
514 786
513 779
513 775
514 770
513 762
515 759
515 754
515 749
513 746
515 738
514 734
513 732
513 725
513 720
512 715
514 709
513 703
513 696
513 691
511 683
513 681
514 677
513 670
515 665
513 660
512 656
515 649
512 646
513 637
514 632
513 626
515 616
513 611
515 605
515 598
512 593
514 586
513 583
514 577
514 574
513 568
512 564
513 561
514 554
515 550
513 410
513 402
513 400
515 393
512 389
515 383
513 375
513 372
512 367
514 360
514 356
514 351
513 345
513 340
513 332
509 330
512 325
513 320
513 315
514 309
513 306
513 301
518 297
515 291
514 287
513 284
513 281
513 276
515 271
513 267
514 261
514 258
515 254
560 251
650 247
655 243
670 239
850 237
895 233
830 228
774 223
812 220
812 215
790 211
795 207
757 203
758 199
745 197
749 193
738 187
753 187
735 186
737 180
743 177
781 173
750 171
727 167
724 155
695 151
702 154
684 152
686 148
678 147
659 144
651 143
681 141
632 138
663 137
669 135
655 134
649 133
638 131
665 131
624 128
617 128
625 126
642 125
613 124
625 123
640 122
624 121
627 120
621 120
639 118
606 118
617 117
628 115
612 115
597 113
605 113
615 112
581 113
603 113
575 113
601 109
584 112
553 112
587 116
594 113
541 112
549 112
555 113
555 113
522 114
533 114
542 116
514 117
515 120
514 122
513 124
513 125
513 128
513 129
514 131
514 165
514 160
511 168
513 165
513 169
514 172
513 176
514 179
513 182
513 186
513 190
513 196
515 198
514 204
514 210
514 213
513 220
514 226
514 230
514 233
513 239
513 244
513 247
515 251
513 258
513 263
513 268
513 273
514 278
514 282
510 287
512 306
515 297
512 303
513 309
513 313
513 318
513 325
512 330
514 334
513 340
514 346
513 354
512 358
513 361
514 368
514 372
514 375
514 384
515 388
514 394
513 400
513 405
512 415
514 419
513 432
513 433
511 303
513 305
514 311
513 315
514 319
513 325
513 332
514 338
513 342
513 347
514 349
513 358
511 364
514 367
513 374
513 378
514 383
511 390
513 393
514 402
512 408
512 413
511 423
514 428
513 437
514 440
513 448
513 452
513 456
510 462
510 462
513 470
514 469
511 478
512 484
514 488
513 498
515 499
512 508
513 513
514 520
512 528
513 533
512 542
515 545
513 552
513 556
513 561
513 566
513 571
513 576
513 581
512 586
513 591
514 598
512 604
512 609
513 779
513 781
461 783
406 788
375 792
368 796
227 797
164 802
189 807
227 812
250 816
197 820
241 824
254 828
204 832
251 836
263 839
301 843
282 846
276 849
301 852
301 854
285 859
290 863
250 865
271 868
300 868
243 875
274 878
322 881
307 884
357 886
336 888
333 890
340 892
380 895
384 895
343 897
397 898
373 901
358 903
360 903
397 905
382 907
363 907
409 908
419 910
372 910
414 912
413 913
381 914
402 915
417 916
426 918
379 918
407 918
436 920
514 899
513 897
513 896
514 893
513 891
513 889
513 885
513 883
513 880
513 877
513 875
514 872
513 869
511 866
513 862
511 859
513 855
513 852
512 845
512 843
513 841
513 836
514 831
512 825
512 821
512 816
516 811
513 806
514 801
513 791
512 791
513 788
513 784
514 775
513 770
514 766
513 761
514 756
515 749
513 746
514 741
514 737
516 730
513 726
513 721
513 715
513 712
513 704
513 697
514 695
513 689
513 684
513 680
514 673
515 667
513 666
513 548
513 545
513 540
515 534
513 529
515 521
514 515
513 508
513 501
514 497
513 490
514 485
514 479
514 472
513 470
513 463
510 461
513 455
514 449
514 445
513 438
513 433
513 427
514 420
514 414
513 409
514 404
514 397
513 391
514 386
513 379
513 375
512 369
514 364
515 356
514 351
514 346
513 341
515 335
513 330
512 327
514 322
513 314
514 311
513 304
513 301
513 298
513 291
513 288
514 285
514 280
513 277
514 273
513 264
513 262
515 258
515 254
519 179
773 176
788 175
722 170
751 167
756 164
754 162
702 158
704 155
761 152
717 150
662 158
676 146
656 145
644 142
667 141
694 140
670 138
614 137
648 135
645 133
669 132
620 131
665 129
629 129
614 127
636 127
628 125
620 123
597 123
621 120
636 121
640 120
642 119
617 118
613 117
613 117
608 116
613 115
605 116
573 116
596 114
597 113
573 112
583 113
573 111
578 108
565 112
547 111
589 112
551 113
533 112
555 113
555 114
523 117
528 115
522 116
514 154
514 162
514 163
514 166
514 169
513 172
513 175
513 178
514 182
514 185
516 190
513 193
514 198
514 203
513 205
512 208
514 217
514 222
513 227
513 232
514 236
514 242
514 247
513 251
512 255
514 262
514 267
514 270
513 275
513 283
514 284
514 293
515 303
512 301
513 306
513 311
513 317
513 323
513 327
514 333
513 339
514 345
514 350
513 355
513 359
513 364
513 370
514 374
513 379
512 387
514 390
513 397
514 404
513 409
513 417
512 425
514 430
513 519
513 523
512 530
514 536
511 542
513 548
513 553
512 558
513 564
514 568
513 575
513 577
513 582
513 589
513 594
513 598
513 607
512 610
513 617
511 623
513 629
513 635
512 641
514 647
512 657
512 656
513 665
514 666
513 675
512 680
512 685
513 690
513 696
513 702
513 707
513 713
514 717
513 723
513 725
513 731
513 735
516 740
513 745
513 749
512 752
514 756
513 761
514 765
512 769
513 774
513 778
509 785
435 785
396 790
374 793
358 795
196 799
314 883
299 884
327 885
325 887
334 890
341 890
340 896
360 895
384 898
378 898
355 900
390 901
375 903
373 904
369 905
402 907
416 909
382 910
409 911
387 912
407 911
409 914
384 915
424 915
404 916
411 919
394 921
418 920
426 921
380 921
444 924
461 923
380 923
441 924
460 925
432 925
433 927
462 924
465 925
434 926
469 925
470 928
449 926
467 925
498 924
454 925
485 924
484 923
505 921
505 920
516 918
512 915
512 910
513 911
512 909
513 907
513 906
513 845
513 843
513 837
513 832
513 829
515 825
513 818
514 813
514 808
513 809
514 800
513 793
513 790
514 785
514 782
514 776
514 771
514 764
513 759
513 757
514 750
512 745
513 740
513 735
512 728
513 724
515 719
513 713
513 707
513 703
513 697
514 691
513 687
514 681
513 676
513 672
514 664
512 663
513 656
517 648
513 645
514 637
513 629
513 627
516 618
513 611
513 606
513 597
514 591
512 586
513 582
513 576
512 574
514 567
512 564
514 559
512 555
513 425
514 421
514 418
515 412
515 407
514 401
513 394
513 389
514 381
514 378
514 371
512 368
513 361
514 352
512 350
513 344
515 339
514 334
513 330
512 325
513 320
514 315
513 310
514 305
515 300
514 297
513 292
513 288
514 284
512 281
514 276
515 271
513 266
514 260
514 256
515 253
523 250
638 246
656 243
646 239
650 239
873 230
857 232
844 224
839 220
780 216
834 211
812 208
770 204
745 199
750 195
766 194
744 191
703 187
741 184
788 180
703 179
652 133
647 133
644 131
677 131
617 129
630 129
660 127
635 126
619 125
587 125
632 123
598 122
639 120
652 119
635 119
596 118
577 117
631 115
597 115
583 115
616 113
589 114
585 112
590 113
593 112
577 116
566 114
576 112
570 112
564 112
562 112
561 112
556 113
561 113
527 114
540 114
529 116
519 116
514 119
516 122
514 123
514 127
514 129
513 129
514 130
515 131
513 133
513 136
513 138
514 139
513 140
514 142
514 145
514 147
514 150
514 152
512 162
513 259
514 263
515 268
514 273
514 277
514 283
514 288
513 293
521 299
518 308
514 311
513 315
511 320
514 326
514 331
513 330
513 342
514 347
513 353
513 359
514 362
512 368
514 371
513 377
513 383
513 387
512 394
513 399
513 412
513 411
514 420
511 431
515 432
514 442
512 445
513 450
512 458
515 459
515 466
519 473
512 472
516 480
512 481
511 490
515 492
513 499
514 506
514 512
512 517
514 525
512 534
514 538
512 546
514 550
513 556
512 561
513 699
513 702
512 702
513 709
513 712
514 717
512 722
512 727
513 732
513 736
513 740
513 745
512 750
512 754
513 758
512 762
514 767
514 771
513 775
512 779
513 783
430 787
398 791
374 795
366 797
191 799
207 802
179 809
256 813
233 817
212 822
227 828
237 830
223 835
242 837
274 841
272 844
293 847
293 851
292 856
278 857
296 860
298 864
257 867
258 869
293 874
294 876
314 879
291 882
307 884
348 887
319 891
344 891
348 893
367 894
347 896
384 898
423 911
513 910
513 909
513 907
513 906
513 906
512 903
513 902
512 900
515 898
512 897
513 894
513 891
513 889
516 887
511 885
514 881
513 879
512 876
513 873
513 870
513 868
