340 912
363 912
372 912
371 913
349 915
341 914
388 917
337 918
320 918
372 919
360 920
405 920
389 921
356 921
377 922
380 922
412 922
408 924
394 923
413 923
443 924
416 924
441 923
417 925
451 923
437 923
455 922
470 922
478 921
496 919
512 917
512 916
508 913
513 910
514 908
513 903
514 905
513 906
513 903
513 901
513 901
513 898
508 896
513 894
515 891
513 890
514 888
513 885
513 882
513 879
513 876
512 874
513 872
513 868
513 865
513 861
512 858
606 113
588 113
610 114
585 115
588 113
596 110
613 114
550 115
549 118
554 116
533 114
514 120
516 121
515 125
514 127
513 128
519 129
513 131
516 132
514 134
513 136
513 136
514 138
513 141
515 143
515 145
514 148
514 151
514 153
513 155
514 157
512 160
513 165
517 166
514 169
513 173
514 177
513 179
513 184
514 187
513 189
514 194
512 199
514 204
515 208
513 214
513 223
514 225
510 233
514 234
513 238
513 243
514 249
513 254
514 258
512 261
514 268
512 890
513 888
513 885
512 883
513 881
512 878
513 876
513 873
514 870
513 867
513 864
512 860
513 857
513 855
512 849
514 846
513 843
513 839
513 832
515 828
514 823
512 819
514 814
511 809
513 803
515 796
514 792
513 790
513 785
513 779
513 773
513 766
514 761
513 758
513 754
513 750
513 743
514 741
516 733
512 729
513 724
512 717
513 711
513 708
506 702
513 695
514 689
513 682
513 678
514 675
513 670
513 665
513 659
514 653
513 649
513 642
514 638
514 287
513 285
511 281
513 278
515 275
513 269
514 264
512 258
515 255
521 251
652 250
806 252
862 247
860 241
930 240
1014 234
1019 231
971 224
945 221
989 216
933 212
968 207
910 205
880 200
882 198
847 193
885 191
845 188
836 184
860 181
846 178
860 174
848 172
851 167
895 165
846 162
829 161
832 157
821 155
808 150
760 151
769 147
740 148
735 145
767 144
705 141
773 141
719 138
746 136
722 135
715 133
691 132
719 131
700 130
652 130
725 127
685 115
574 114
588 114
584 115
580 116
522 116
530 118
529 119
515 121
516 123
515 126
513 129
515 129
516 129
513 131
514 135
516 137
516 137
513 138
513 140
515 142
514 144
513 147
513 148
514 151
513 154
513 157
515 159
514 161
514 165
513 167
514 170
513 174
512 177
514 180
514 184
513 189
513 193
513 198
512 201
514 205
514 210
517 214
514 235
513 233
515 233
514 236
515 241
513 246
513 250
513 255
513 260
514 265
513 268
514 275
514 278
514 284
512 413
513 414
514 421
514 429
513 435
513 439
513 449
513 452
513 458
513 460
514 466
516 470
514 474
513 479
514 480
513 489
513 495
513 501
513 507
513 514
513 520
514 527
513 534
514 539
512 545
514 550
513 556
513 560
513 565
515 574
513 571
514 578
513 584
513 591
514 597
514 602
513 608
514 614
513 620
513 626
514 634
513 638
514 644
514 651
516 656
513 662
513 668
513 674
514 678
513 685
513 690
513 694
512 700
514 704
513 708
513 714
514 719
514 815
94 817
87 822
67 827
55 830
161 835
106 838
147 841
180 845
171 847
198 851
156 854
185 856
187 860
131 863
178 866
117 868
183 872
201 875
155 879
214 877
211 884
250 886
308 888
255 890
291 891
268 893
289 894
327 897
280 898
302 899
259 901
303 903
291 903
354 905
332 906
313 908
337 909
352 910
326 911
315 913
372 913
329 914
357 915
368 916
354 917
383 917
355 919
360 919
377 920
368 922
359 923
394 922
388 922
424 923
365 922
417 924
426 904
514 904
511 904
513 901
513 900
512 899
513 897
512 894
513 892
513 889
513 890
513 886
513 882
513 879
513 876
513 874
513 872
513 867
514 865
515 862
513 859
514 856
513 853
513 848
513 845
512 840
514 835
513 829
513 826
513 822
513 817
512 811
513 807
513 801
513 796
513 791
513 785
513 781
513 776
512 773
513 766
513 761
513 758
513 751
513 746
513 743
513 738
514 733
513 728
513 721
513 715
514 712
512 704
513 698
514 694
513 688
512 683
512 552
513 548
513 541
514 536
513 527
514 522
513 516
513 509
514 501
514 494
512 491
513 487
514 480
514 479
513 469
513 466
513 459
514 456
514 451
514 445
514 437
513 435
514 425
512 421
513 415
513 408
512 402
513 396
513 392
513 385
515 381
513 375
513 368
514 363
513 358
514 352
514 346
514 341
513 336
514 331
512 328
513 322
513 317
513 313
514 308
514 301
514 298
513 293
513 289
513 285
515 281
513 275
512 271
514 267
514 263
515 259
518 254
550 167
811 162
867 162
837 159
801 156
822 155
767 152
779 149
791 148
711 146
750 144
756 143
705 141
736 140
753 138
733 135
719 136
707 132
703 130
717 130
690 128
691 128
666 127
708 126
708 109
704 125
673 123
645 125
681 122
664 112
701 119
669 118
626 118
682 116
683 116
638 116
636 111
650 113
625 114
613 114
633 114
615 114
581 113
627 113
594 112
598 114
571 114
560 114
583 114
569 115
530 116
529 118
514 120
516 122
515 123
514 126
517 128
511 275
514 277
514 281
513 288
513 292
514 296
513 302
513 307
514 310
514 319
513 324
513 327
513 334
513 339
513 342
513 351
514 358
514 359
513 365
514 369
513 372
513 381
513 382
514 374
520 397
511 402
513 412
514 415
513 425
513 430
513 437
513 443
514 447
514 455
514 456
514 463
513 466
514 471
514 474
514 481
513 486
514 489
514 498
514 501
513 508
513 515
513 522
511 529
513 534
514 541
513 546
512 551
514 556
513 562
513 562
514 570
515 570
512 603
514 607
513 610
513 616
514 621
513 628
514 635
513 640
513 646
513 652
514 657
514 663
513 667
514 675
514 680
514 685
514 689
513 695
513 700
514 705
513 710
514 714
513 721
513 725
513 731
514 735
513 740
512 736
512 749
511 754
518 755
510 763
513 765
513 769
513 773
511 778
510 782
417 785
205 786
186 791
173 793
67 797
72 798
33 806
61 811
102 815
75 819
67 823
97 828
70 833
161 836
135 840
134 841
178 845
186 848
186 851
179 855
162 857
291 894
277 894
278 896
294 897
319 898
308 900
294 901
317 903
301 903
338 906
318 907
323 908
352 909
368 911
344 912
313 913
357 913
340 915
343 916
339 917
356 917
383 919
335 919
364 920
354 922
382 921
376 922
398 922
388 923
427 924
395 923
422 923
435 923
414 924
431 924
428 924
457 923
438 923
465 924
450 923
472 922
489 920
506 919
506 916
512 914
512 911
513 909
511 909
511 906
513 905
513 904
513 903
513 901
513 901
513 897
513 896
513 894
509 853
513 850
511 848
513 843
513 838
513 834
513 830
513 826
513 820
513 814
513 810
514 805
513 799
513 794
513 788
513 784
514 781
513 777
512 769
513 764
513 759
513 754
514 750
513 746
515 740
513 735
512 728
512 725
512 718
512 713
511 707
514 701
513 697
512 693
513 685
513 681
514 676
513 670
515 665
514 663
515 656
513 650
513 647
514 639
513 632
515 626
513 620
513 611
513 606
513 598
512 592
513 588
514 582
514 578
514 572
514 569
513 565
513 485
512 483
514 479
513 474
514 469
514 466
514 459
513 454
513 449
513 443
514 438
513 432
514 426
512 420
513 413
513 407
514 401
514 396
514 389
513 385
514 379
515 373
516 367
513 364
514 356
513 349
511 345
512 340
511 335
513 329
514 327
513 319
516 315
513 312
515 306
513 301
513 297
514 292
513 287
513 283
513 280
513 276
514 272
513 267
514 261
516 258
518 257
536 252
666 250
925 248
912 242
922 239
994 234
1023 230
991 227
934 220
977 173
862 171
882 170
846 166
873 161
853 161
861 158
791 156
779 152
780 150
768 148
787 147
746 145
713 144
743 142
692 140
734 138
744 136
754 135
702 133
717 132
678 131
718 130
693 129
687 128
690 127
623 126
733 125
689 124
684 121
678 122
650 119
669 120
671 119
682 119
671 117
628 116
656 115
662 116
624 116
641 115
619 114
626 114
621 114
610 114
578 113
618 113
590 114
578 115
581 115
569 115
574 114
562 115
530 116
531 119
516 120
516 122
515 165
514 166
513 170
514 173
514 176
510 179
513 182
514 186
513 190
514 195
514 199
514 205
514 208
514 213
514 219
513 222
512 229
516 241
514 239
514 244
514 249
513 254
514 257
513 261
513 269
514 274
513 279
514 284
513 288
513 294
513 299
513 304
512 309
513 314
513 320
514 323
514 330
513 336
513 341
514 347
514 351
514 357
513 362
513 366
514 372
513 376
515 381
519 387
513 393
514 400
513 405
513 413
514 420
514 425
513 435
513 439
514 443
514 559
514 562
512 565
513 571
512 572
516 588
519 581
513 589
512 594
513 600
513 606
513 612
513 618
513 624
513 631
514 636
513 642
514 647
513 653
514 659
513 665
513 670
514 677
514 682
513 687
513 692
513 698
513 703
514 708
513 713
514 717
513 722
514 727
515 731
514 737
513 740
514 746
512 751
514 753
513 755
504 765
514 766
514 770
514 776
512 779
507 783
389 784
171 786
178 792
90 795
56 798
81 803
39 807
76 813
94 816
82 820
69 825
96 830
252 891
269 892
302 893
267 894
288 896
272 898
336 899
367 901
282 902
337 904
297 905
311 906
315 907
333 909
359 910
353 911
356 912
334 913
358 916
335 914
339 917
351 918
335 917
382 918
366 919
365 920
403 921
380 922
384 923
415 921
392 925
419 923
410 923
427 924
424 923
425 925
465 924
417 923
437 923
452 922
482 922
444 922
460 922
493 918
503 919
511 915
512 914
513 913
513 910
512 908
519 907
513 904
514 904
513 902
514 901
513 898
511 898
511 850
513 847
513 845
514 842
514 838
513 832
514 828
514 824
512 819
513 813
513 809
513 800
513 799
512 792
513 789
513 783
513 778
514 774
513 769
514 764
512 758
513 753
513 746
513 744
512 738
514 734
512 728
513 724
513 719
515 712
513 707
513 701
513 696
513 689
512 683
514 680
514 675
513 669
513 663
514 658
513 655
513 648
514 644
514 635
514 629
514 626
512 616
513 609
513 603
513 596
511 591
513 584
513 581
513 576
513 571
513 568
513 563
513 430
513 426
513 424
513 419
513 412
512 408
511 400
513 395
512 389
514 383
513 377
513 370
516 365
514 361
515 354
514 349
513 344
513 338
513 334
513 329
512 323
511 319
514 314
513 310
515 306
513 299
513 294
514 291
513 287
513 283
512 279
514 276
513 270
513 265
513 261
516 256
520 253
622 251
647 250
938 247
922 242
950 238
997 235
997 230
999 225
963 222
933 217
970 212
928 208
936 205
883 200
888 202
862 194
861 191
836 186
824 184
890 183
710 131
688 130
678 128
687 127
665 127
680 124
701 125
691 122
660 122
674 121
702 121
648 120
671 119
662 117
649 117
637 115
648 117
670 116
611 115
617 114
648 114
614 114
617 114
604 113
589 113
607 112
584 114
592 112
581 114
555 114
570 115
571 114
542 116
517 118
515 120
515 122
515 125
513 127
513 129
513 130
519 135
521 133
514 136
514 136
514 139
514 140
514 141
513 143
515 146
514 149
515 150
513 154
513 157
512 158
514 161
513 164
513 167
512 275
513 277
513 281
514 285
514 291
514 297
514 301
513 305
513 310
514 314
513 322
513 327
514 331
514 338
513 343
514 347
513 354
513 358
513 363
514 368
514 370
513 379
514 384
512 390
509 396
514 403
513 408
513 415
513 420
513 430
514 434
513 442
513 447
514 452
514 458
514 459
513 466
514 468
514 475
514 476
513 484
513 489
513 493
513 502
513 504
514 513
513 514
513 526
511 533
514 538
513 545
514 549
513 556
514 560
516 566
512 572
515 684
514 685
513 688
513 694
513 699
513 703
514 708
514 713
514 718
514 724
513 728
513 733
513 739
514 743
509 751
513 749
506 757
513 756
505 767
514 768
513 771
515 777
510 781
508 785
288 783
193 788
165 793
54 795
50 800
50 804
72 809
85 812
90 818
73 822
92 826
78 830
105 833
161 838
137 840
178 844
156 848
134 849
210 853
193 856
166 860
155 863
186 862
158 869
177 871
176 875
168 878
222 884
235 883
228 887
254 887
259 890
280 891
275 893
275 921
377 921
387 921
390 923
407 921
383 923
436 923
387 923
425 925
435 924
420 924
430 924
421 924
460 923
451 923
460 923
451 923
484 922
492 921
509 919
510 917
511 913
511 912
512 907
510 908
513 905
510 904
513 903
514 902
513 900
513 899
513 898
513 896
513 892
513 890
513 889
513 887
514 884
512 880
514 877
513 875
512 870
509 870
513 866
513 864
513 860
514 858
513 854
512 848
514 845
514 840
513 838
513 833
514 828
512 822
513 816
513 811
512 679
513 673
513 673
513 666
513 664
512 661
516 652
515 649
514 639
515 637
513 627
513 619
513 617
513 604
514 601
513 595
513 588
513 584
514 578
513 575
513 568
514 567
513 562
514 557
513 553
513 547
514 541
513 535
513 530
513 522
513 516
513 510
514 502
512 497
513 490
512 486
514 481
513 475
513 470
514 469
513 461
515 456
513 452
513 445
514 440
514 434
514 428
513 418
513 416
512 410
513 403
513 398
513 392
513 387
513 381
512 375
513 369
514 251
650 249
800 250
901 245
938 238
1023 237
1003 231
1023 228
974 223
928 220
988 215
950 210
940 206
879 202
869 199
877 188
849 194
843 192
868 187
864 186
841 181
884 178
874 174
856 170
893 168
832 164
848 161
820 158
821 156
828 153
778 152
789 150
756 149
770 147
771 146
732 142
743 142
720 139
720 137
712 136
759 135
724 133
717 132
704 130
724 129
687 128
659 127
699 126
681 125
700 116
679 123
700 122
678 121
662 119
672 118
673 120
666 118
646 114
623 113
604 113
613 111
578 114
609 113
572 113
599 113
606 114
566 113
552 113
587 114
540 115
524 116
519 119
514 120
512 124
514 126
514 127
515 130
513 129
513 133
514 133
514 135
513 137
513 139
514 138
514 143
514 145
514 147
513 150
513 152
512 153
514 157
516 160
514 161
516 164
514 167
514 172
514 176
514 179
513 182
512 186
513 188
513 192
514 197
514 202
513 207
514 212
513 216
514 223
513 228
514 235
516 227
514 241
514 246
513 250
513 320
513 324
514 329
513 332
513 339
513 345
513 351
514 355
513 358
513 364
514 370
514 373
513 381
514 384
510 395
514 385
514 405
514 412
514 415
513 422
513 431
513 436
513 444
513 449
514 454
513 458
514 465
513 466
513 470
513 476
514 479
513 486
513 491
514 497
514 502
513 509
514 518
513 523
512 529
513 535
513 543
514 546
514 552
512 557
513 561
513 567
514 571
514 576
507 581
514 586
513 593
513 598
514 604
514 610
514 613
514 622
513 699
513 702
513 706
513 710
513 715
513 721
513 724
512 730
513 735
513 740
514 746
512 748
516 752
514 756
516 761
513 764
512 769
514 774
511 778
510 782
462 787
274 785
187 788
181 795
37 799
8 802
75 810
72 811
86 815
85 819
77 822
77 827
90 831
160 836
132 838
164 842
155 844
160 848
190 850
206 854
121 857
160 859
192 863
149 867
173 871
125 874
162 877
223 880
200 882
234 883
218 887
237 888
300 891
277 894
267 894
278 895
308 897
301 900
299 916
340 916
360 916
360 917
362 917
366 920
372 919
364 921
382 921
389 922
371 922
397 923
443 924
362 924
405 923
427 923
428 926
421 926
419 923
464 923
425 924
442 923
478 921
448 922
458 921
508 918
508 917
511 915
511 913
514 912
512 909
514 907
512 904
513 904
512 905
515 901
513 900
514 897
513 896
513 894
514 892
513 889
513 887
513 885
513 882
512 879
513 876
513 874
511 869
513 870
513 863
513 862
513 859
515 856
513 851
512 848
513 844
512 774
514 767
513 765
513 761
513 755
513 752
513 746
514 739
513 735
513 731
515 726
513 719
512 716
513 709
512 703
511 698
513 692
511 689
513 683
512 678
513 672
512 666
513 663
513 654
512 652
513 645
513 637
513 635
514 622
512 621
513 612
509 604
513 600
513 590
514 587
513 582
513 577
514 574
513 567
515 567
514 560
515 556
513 550
514 546
513 538
513 534
514 527
514 519
514 513
513 506
513 500
513 495
512 489
513 483
512 479
514 475
513 471
514 351
514 348
512 343
513 340
507 335
513 331
513 326
513 320
514 315
513 312
513 305
513 301
512 296
513 293
514 288
513 284
513 280
513 275
512 272
514 267
514 262
514 257
519 252
591 251
643 248
918 247
889 242
832 237
1023 236
1023 231
1011 226
959 222
975 219
954 214
953 213
909 204
910 201
915 198
863 196
847 192
844 190
868 185
815 184
877 181
885 177
847 172
907 172
848 166
856 163
838 161
843 158
846 155
754 153
749 150
808 150
732 149
771 145
655 120
627 117
647 119
656 117
662 116
657 116
625 117
647 116
635 114
621 114
630 114
630 113
599 113
583 113
634 112
601 113
591 113
567 113
599 114
561 114
563 114
540 115
530 119
515 117
515 122
515 124
514 128
515 128
514 130
514 129
515 145
514 133
514 135
514 137
513 139
514 140
513 141
514 145
515 147
514 148
513 152
514 155
512 159
514 161
514 163
514 167
513 168
514 172
513 176
513 179
514 182
514 186
513 191
513 195
514 200
514 203
513 208
514 315
513 320
514 323
514 330
514 335
514 339
513 348
513 352
514 356
514 362
514 366
514 372
513 377
515 381
515 389
515 394
524 398
513 409
514 412
513 420
514 427
513 434
513 440
514 445
513 451
514 454
513 462
514 463
514 473
514 472
513 477
512 483
514 485
514 494
514 497
515 503
513 512
513 516
512 525
514 531
513 537
513 542
514 548
513 553
513 559
512 565
514 570
515 573
510 581
520 587
511 594
513 595
513 600
514 607
513 613
514 619
514 625
513 714
513 717
514 721
514 727
514 733
514 737
513 742
513 747
519 749
512 756
514 759
516 758
511 766
512 772
511 776
510 780
510 785
432 785
216 786
166 791
203 796
44 798
15 803
2 808
62 812
78 817
116 821
51 825
91 829
136 832
132 837
144 839
156 843
189 845
194 849
151 853
161 857
197 859
146 864
168 865
178 868
131 871
220 881
234 877
187 881
192 883
210 883
274 888
255 890
276 890
230 893
300 895
303 896
310 897
314 899
261 900
305 902
298 925
397 922
411 922
423 923
414 922
426 925
422 924
420 924
438 923
452 922
470 923
441 922
481 921
495 920
504 918
510 916
511 914
512 910
513 908
512 907
513 906
512 904
512 902
512 901
513 901
513 899
513 897
513 895
513 893
513 891
514 888
512 886
513 885
515 881
513 879
515 875
513 872
513 868
513 867
513 862
513 860
513 859
514 853
513 852
512 845
513 843
514 838
513 833
513 829
511 824
514 818
513 815
513 808
513 803
514 799
513 794
513 789
513 674
512 672
513 668
515 658
513 655
513 649
514 641
512 641
514 629
513 624
513 620
514 609
513 605
513 595
513 592
513 584
513 581
513 577
514 570
513 570
513 562
512 559
513 554
512 552
513 544
514 537
514 532
514 524
513 519
513 510
513 505
514 498
514 493
514 487
514 481
513 477
513 471
513 468
513 461
513 457
513 453
513 447
513 441
515 436
514 430
513 423
513 417
513 411
514 405
513 400
514 393
512 388
513 382
513 377
513 370
513 365
513 358
514 253
644 250
776 250
892 245
852 240
946 239
1023 233
1023 228
995 224
946 219
904 214
961 210
949 207
903 203
846 200
886 197
863 189
843 190
829 188
866 184
864 182
846 178
857 175
844 171
861 169
879 165
836 162
827 159
802 157
810 154
809 152
785 152
760 148
715 146
746 144
767 143
723 141
735 140
777 139
740 136
673 134
745 133
711 132
680 131
723 130
687 129
701 128
676 128
692 125
706 123
670 123
672 122
662 120
698 121
687 120
655 119
631 118
538 117
516 114
517 119
518 121
514 123
515 126
513 129
514 130
515 131
513 129
513 128
512 135
514 136
513 138
515 141
514 143
513 145
513 147
514 148
512 151
514 154
513 156
513 160
514 162
513 165
513 170
513 171
514 175
514 178
514 180
513 184
513 188
515 192
514 196
514 200
514 205
514 210
514 211
514 220
514 225
513 229
514 237
515 242
513 245
514 249
514 254
515 259
513 264
513 271
514 275
513 280
509 285
513 291
510 295
512 302
513 306
513 309
514 458
514 461
514 465
513 469
514 474
514 479
513 484
513 487
513 494
513 499
512 507
513 513
513 520
514 525
512 531
512 540
514 543
512 549
515 554
517 560
513 566
513 568
519 575
512 575
513 583
512 590
513 595
514 601
514 608
513 614
513 620
514 626
514 633
516 638
513 644
513 650
512 655
512 662
513 667
513 672
514 678
513 683
514 689
517 694
514 699
514 704
513 708
514 714
513 720
513 724
514 729
513 734
514 739
513 743
513 743
512 751
513 746
176 845
160 848
210 850
171 853
182 855
170 860
164 862
163 866
122 869
195 873
188 877
150 878
222 881
218 879
259 886
263 889
244 889
293 892
268 894
291 895
318 897
289 898
289 899
301 901
304 902
303 904
334 906
332 907
352 908
337 909
327 910
327 911
329 912
341 913
377 914
338 914
353 916
372 917
332 918
361 920
381 920
369 920
346 921
367 922
397 923
399 922
390 923
402 924
416 923
414 923
426 923
409 923
428 923
438 923
454 923
445 923
423 915
511 911
512 910
512 908
