512 765
514 767
515 770
513 772
513 776
513 780
467 782
369 786
284 789
251 793
114 795
42 800
26 804
51 809
118 814
56 817
64 822
88 825
90 830
121 837
108 837
144 842
148 843
185 845
172 850
154 854
178 856
164 861
157 863
131 867
173 869
180 873
168 876
200 879
195 883
226 884
252 886
229 889
261 890
276 892
268 894
308 895
269 898
306 899
304 900
308 902
311 904
303 904
320 906
305 907
353 910
303 910
334 911
344 913
335 913
339 913
356 915
369 916
513 324
513 321
514 316
515 312
513 308
514 302
513 298
514 293
513 289
513 286
515 281
512 277
513 274
513 270
515 263
515 258
517 256
593 253
678 250
769 247
805 242
812 238
1023 238
1023 232
996 228
964 223
946 219
953 215
980 211
933 207
887 203
911 199
842 196
869 193
883 189
873 187
860 183
858 180
868 176
903 174
874 171
854 167
888 165
845 161
843 158
830 156
759 153
793 151
797 150
760 147
749 146
751 143
727 141
729 140
768 139
736 137
716 912
319 915
316 912
333 913
364 915
327 915
344 917
368 918
364 919
355 920
340 920
361 921
405 921
370 923
359 922
409 923
381 923
411 924
405 924
412 924
419 924
431 926
412 925
426 925
431 924
472 924
448 923
449 923
476 922
499 922
498 920
514 918
512 915
512 914
512 911
512 910
513 909
513 906
513 905
515 904
513 903
513 900
513 902
512 896
514 894
514 892
513 890
513 888
514 886
513 883
513 880
514 879
512 874
513 870
512 868
513 865
513 864
513 639
515 635
513 630
514 621
513 621
513 611
511 609
512 597
512 592
513 589
511 579
512 578
513 572
513 569
514 565
513 560
513 554
513 549
513 546
515 536
515 535
513 525
513 521
513 514
514 507
513 501
515 493
513 489
513 483
512 479
514 474
513 471
512 465
514 459
513 455
513 449
513 444
514 437
514 431
513 425
513 422
513 414
513 407
513 402
514 396
513 390
513 384
513 378
512 374
513 369
512 362
513 356
513 351
513 346
514 341
514 336
514 331
513 236
1023 233
1015 229
1008 226
961 221
933 217
970 213
964 209
938 205
897 201
874 198
896 195
854 192
861 189
861 185
850 182
883 179
857 176
881 172
870 169
853 165
851 163
859 160
864 157
812 156
758 152
822 150
795 148
759 147
785 144
719 143
731 140
737 138
755 144
705 135
719 135
733 133
711 132
717 131
696 129
723 128
672 126
687 126
692 124
681 124
701 122
649 121
690 121
682 118
668 118
676 118
646 118
686 116
673 116
639 115
667 112
618 113
514 130
514 132
514 134
514 135
513 136
514 137
514 141
517 143
513 145
513 147
513 149
514 152
513 155
513 158
514 160
513 163
513 167
513 169
514 174
514 175
513 180
514 182
513 184
514 187
513 194
513 199
513 203
513 206
514 214
513 218
514 224
514 230
513 235
513 238
514 242
513 247
514 252
511 256
510 263
514 268
513 272
514 278
513 285
514 289
513 294
514 299
513 302
512 307
513 314
514 317
514 322
514 330
513 336
514 339
510 344
514 344
513 356
513 485
512 489
513 493
514 497
513 504
514 511
510 518
512 530
514 533
512 538
514 543
513 550
514 553
513 559
513 563
513 568
513 574
513 577
513 583
512 587
513 594
512 600
513 604
513 612
514 618
513 623
513 630
513 638
513 643
513 648
513 653
512 660
514 664
513 672
512 676
513 681
513 686
513 692
513 696
513 710
511 705
515 722
513 716
513 721
512 726
513 731
513 736
514 740
513 745
513 748
514 752
513 757
514 761
513 766
514 773
513 775
513 844
112 846
175 850
115 852
165 855
156 858
147 862
151 866
137 869
168 872
170 875
211 879
197 881
165 882
226 886
239 888
260 891
300 893
227 894
290 896
314 898
257 899
313 900
298 902
320 903
308 905
305 906
323 908
319 908
355 909
315 910
347 913
364 915
322 914
338 915
330 916
341 917
363 918
358 920
340 920
367 920
368 922
389 922
378 923
378 922
385 924
381 923
391 924
448 924
411 925
430 925
421 925
453 924
432 924
426 925
449 924
446 924
460 874
513 871
512 868
512 865
513 862
513 858
514 854
513 851
513 847
514 843
512 838
513 835
513 830
514 824
513 819
513 815
513 810
513 802
513 799
513 795
513 789
514 784
514 778
513 772
513 769
513 767
514 760
512 752
513 748
513 747
513 741
514 733
513 730
512 725
513 718
512 713
513 708
513 701
513 696
513 690
513 687
514 681
514 676
514 670
513 665
512 661
514 655
514 649
513 644
514 638
514 631
513 624
513 617
516 608
514 604
515 598
513 591
513 464
507 461
513 457
513 452
511 446
513 441
512 436
514 429
513 424
514 417
513 412
512 406
513 399
513 395
513 388
512 382
514 377
513 370
513 365
514 361
513 354
513 349
514 343
514 339
513 334
514 329
514 325
514 319
514 314
514 310
512 304
513 299
513 295
513 291
513 287
513 284
513 279
514 275
513 270
513 265
514 261
512 255
521 253
655 249
783 248
763 242
764 241
877 239
1023 234
985 231
967 225
985 220
975 217
903 214
976 207
963 205
902 200
685 116
628 114
618 113
639 115
610 113
613 112
607 112
579 112
628 113
603 113
592 113
568 112
578 113
575 114
570 114
553 115
527 117
522 117
515 119
515 121
514 125
514 126
515 128
514 129
514 131
514 133
514 134
514 135
514 135
514 138
514 141
514 143
514 144
514 148
514 150
514 153
514 155
515 158
514 161
513 164
514 166
510 170
513 174
514 174
514 180
512 183
514 187
512 202
509 196
513 200
512 205
513 211
514 213
511 220
514 225
513 232
514 235
513 254
513 259
512 263
514 269
513 276
514 281
513 285
513 290
513 295
514 300
514 305
514 310
514 314
514 321
513 324
514 331
513 339
519 348
513 352
517 353
513 359
513 363
512 369
514 372
514 377
512 384
514 389
512 395
514 401
514 408
513 415
512 422
510 428
514 434
513 441
513 447
514 452
514 458
513 461
514 466
511 471
514 474
513 479
513 485
513 488
513 496
514 501
513 506
512 514
513 519
512 527
509 534
514 540
513 546
514 550
513 556
513 561
513 629
512 633
514 639
511 644
513 651
513 655
514 662
514 668
514 674
513 678
513 684
514 689
513 694
511 699
516 706
512 710
515 715
513 719
514 724
513 729
513 733
513 738
513 742
516 745
520 751
514 753
514 758
513 763
514 767
512 771
514 776
512 780
482 782
410 788
281 790
246 793
95 795
48 800
69 804
46 809
93 813
102 818
63 824
72 826
100 830
159 833
111 839
146 842
170 843
173 840
143 851
161 854
196 857
161 860
157 864
128 867
179 870
178 898
332 898
320 900
326 899
355 903
231 904
295 905
319 906
315 908
324 907
316 911
391 912
300 913
349 910
315 915
327 914
378 916
346 918
383 918
348 919
356 920
372 922
364 922
383 922
400 922
356 923
412 924
406 925
399 924
399 925
414 925
403 924
438 924
425 925
430 925
436 924
446 924
466 924
462 923
482 923
504 919
503 919
513 917
513 914
513 912
513 910
513 909
512 906
513 906
513 904
513 903
514 902
512 900
515 897
513 895
513 893
513 891
513 852
513 849
513 845
513 841
514 837
513 834
512 827
517 821
513 816
514 812
514 807
513 803
511 799
509 792
513 785
513 782
513 779
513 771
513 767
513 760
514 757
512 754
513 749
512 742
513 737
513 734
513 728
513 720
513 717
513 716
514 703
513 699
511 697
513 689
513 683
513 679
513 672
513 671
513 664
513 659
513 653
514 647
511 643
514 634
511 630
513 622
514 613
512 608
511 600
513 595
513 589
511 585
512 580
513 577
514 572
514 564
512 564
513 485
513 482
513 479
514 474
513 471
512 464
513 460
513 456
514 449
513 444
513 439
513 434
514 426
513 421
513 415
514 409
513 401
515 396
513 391
513 385
513 379
514 374
514 370
514 363
514 357
514 352
513 346
513 342
513 336
512 330
513 326
513 322
510 317
512 313
510 307
512 302
514 297
514 293
513 289
514 283
508 282
513 276
512 272
513 268
511 263
513 258
515 254
593 253
647 250
761 247
809 242
825 239
997 237
992 232
985 228
944 223
970 219
949 150
769 150
790 147
771 147
731 144
795 144
696 140
734 141
729 138
722 129
750 135
697 136
738 132
725 131
701 130
696 129
709 128
703 126
665 125
684 124
685 123
683 122
686 121
687 120
700 119
643 118
650 117
675 115
681 116
643 116
630 115
660 114
618 114
641 113
619 113
606 115
606 112
604 113
594 113
595 115
578 113
601 113
572 113
581 115
534 115
543 116
540 116
515 118
515 121
514 123
514 129
515 128
512 129
514 131
513 134
514 133
513 135
522 192
516 195
514 197
513 202
513 207
512 214
513 217
514 221
513 226
512 232
514 238
513 243
514 245
512 249
514 255
513 262
514 265
514 270
514 276
514 280
513 288
513 291
513 295
515 302
513 308
514 311
513 318
513 322
513 327
514 330
511 340
513 345
512 349
515 354
513 360
514 363
513 368
513 376
514 379
513 386
513 391
512 394
513 404
512 410
513 414
512 425
511 430
514 436
512 445
510 446
513 454
511 458
514 463
513 468
514 471
513 476
513 480
513 597
514 599
513 605
513 609
515 616
512 623
513 629
513 634
513 641
515 646
514 652
513 658
513 666
514 670
514 675
512 681
514 686
513 691
513 696
513 700
511 700
515 709
512 716
513 720
512 726
513 731
513 736
514 740
512 745
515 749
512 753
513 757
513 762
513 763
513 768
513 774
514 778
512 781
402 785
315 787
258 792
215 796
73 797
79 802
41 806
80 811
128 816
42 819
87 823
89 829
78 832
123 831
120 840
167 844
155 845
149 850
166 852
162 855
259 892
256 894
311 896
304 899
293 899
296 901
286 900
326 904
320 904
317 907
312 907
332 908
341 911
307 911
339 914
376 915
362 914
333 915
347 916
342 917
355 918
361 919
352 920
391 919
383 924
353 922
392 923
395 923
404 923
376 923
429 924
411 924
427 924
421 923
418 924
440 924
431 923
459 923
443 922
452 923
490 922
501 922
499 919
514 918
512 915
512 913
510 910
513 908
513 908
513 905
513 905
513 903
513 901
513 900
512 899
514 896
512 894
513 821
513 818
513 815
514 809
516 805
513 800
513 795
512 791
513 786
512 784
513 775
512 770
513 766
513 760
511 756
513 751
513 745
513 742
513 736
513 730
513 727
513 720
513 714
513 710
513 706
513 696
513 693
513 689
514 680
512 679
513 671
513 665
513 664
514 656
513 653
513 648
515 637
513 634
513 625
513 620
513 613
516 606
513 598
516 592
515 588
513 584
514 577
513 574
512 569
512 565
513 559
510 557
513 551
511 546
513 540
511 532
514 405
513 400
513 394
509 389
514 383
508 377
514 371
514 366
514 361
513 356
513 350
513 345
512 340
513 335
513 329
514 324
513 320
513 315
513 309
512 306
513 300
514 296
514 292
514 286
514 283
514 279
513 275
513 270
512 266
514 260
515 256
537 254
625 250
727 250
786 245
802 242
817 238
998 236
1009 231
1000 227
961 222
975 218
971 213
961 208
904 205
894 201
900 197
872 194
855 192
864 188
863 184
874 182
857 178
843 175
903 172
896 169
812 166
875 127
678 125
674 124
683 123
701 123
694 122
678 121
654 119
653 118
674 118
676 118
657 116
627 115
639 114
663 114
636 113
610 113
628 113
623 112
630 112
592 113
600 113
607 112
583 113
606 111
562 113
570 116
574 115
560 115
530 116
525 119
515 118
514 122
516 124
514 126
514 128
513 129
514 130
514 131
514 133
514 135
513 136
514 139
513 140
514 143
515 146
514 150
513 150
514 152
514 155
514 158
513 161
513 163
514 167
516 170
513 173
512 176
513 270
513 275
515 279
512 283
511 287
513 295
513 300
514 302
513 308
513 316
513 318
508 321
513 331
514 335
514 339
510 342
517 361
518 354
512 361
513 366
514 371
512 377
513 380
514 389
514 393
514 397
513 406
514 412
513 419
514 427
513 434
514 438
513 448
514 451
513 453
512 461
514 462
513 469
513 472
513 477
512 483
513 486
512 494
514 497
513 505
514 511
514 518
513 522
514 529
515 540
513 543
514 549
514 553
514 560
514 564
512 568
511 575
512 711
511 709
513 719
512 716
513 723
513 729
513 732
513 738
514 742
512 747
513 750
513 755
514 759
514 763
513 767
513 770
515 776
512 780
476 783
363 786
268 790
242 794
159 796
85 798
46 804
68 808
90 812
77 817
68 822
66 826
67 830
83 833
143 847
152 839
181 846
155 844
167 846
180 854
191 856
161 860
160 863
144 866
131 870
185 874
157 877
129 879
188 881
225 885
271 887
257 889
214 891
286 891
299 894
249 895
320 896
285 899
262 900
336 902
398 924
404 924
425 924
418 924
416 924
426 924
428 927
439 924
459 923
452 923
464 923
478 922
488 921
512 919
511 917
511 915
512 912
512 910
513 908
513 907
513 904
512 904
512 903
513 901
513 899
513 898
512 896
512 894
514 890
513 889
513 886
513 883
513 880
513 879
513 877
513 873
514 869
513 866
509 864
513 864
518 856
513 853
513 849
514 845
513 842
513 839
514 832
512 827
513 823
513 818
513 813
513 808
513 802
513 796
513 792
513 789
513 785
512 651
513 647
513 644
514 637
513 628
512 624
514 615
513 609
514 601
514 593
514 592
515 582
512 580
513 573
515 572
515 567
515 562
513 558
514 552
514 549
509 543
515 536
512 532
513 523
514 518
512 512
514 503
514 499
513 490
513 487
513 480
510 476
514 472
515 467
513 462
513 457
514 453
514 447
514 440
513 436
513 428
512 423
514 417
514 410
513 404
513 399
513 393
513 386
514 381
513 376
513 370
514 364
513 360
514 354
513 348
513 343
513 338
513 311
515 309
513 304
513 299
512 294
514 290
512 287
513 282
514 277
515 273
514 268
513 265
513 259
516 256
579 255
640 251
747 248
787 244
788 238
919 239
1016 234
989 229
996 224
980 221
956 215
948 211
963 207
946 204
867 200
904 196
876 193
863 189
876 187
831 183
865 181
898 176
847 173
860 170
878 167
858 163
869 161
833 161
797 156
808 153
786 151
806 149
769 147
755 146
705 145
752 141
745 142
730 139
758 138
705 135
736 133
724 132
698 117
650 117
661 117
639 117
648 115
671 115
655 115
599 115
648 112
644 113
588 113
635 113
606 113
615 113
588 113
603 112
586 114
587 112
583 113
575 113
552 111
547 115
546 115
520 117
516 120
514 123
515 125
514 127
514 128
514 130
513 131
514 133
514 134
514 137
513 137
513 139
514 144
511 144
514 146
514 148
513 150
514 154
514 151
512 159
514 161
520 165
513 169
513 172
513 171
519 178
514 180
516 184
514 187
514 192
512 204
513 201
514 204
513 277
514 280
514 282
514 285
514 289
514 295
513 301
514 305
514 310
513 316
514 321
514 325
514 332
518 340
514 342
516 348
511 354
513 357
512 363
512 369
514 372
513 379
514 383
514 389
512 395
513 402
512 409
514 415
513 423
513 430
514 434
512 443
514 447
513 454
513 457
513 462
514 465
513 470
514 474
514 479
513 485
515 487
519 497
514 501
518 507
513 515
513 520
503 536
508 532
506 547
514 546
513 552
513 556
513 562
513 565
513 571
513 575
514 655
514 658
513 662
514 669
513 673
513 678
513 684
513 689
513 695
513 699
515 705
512 711
513 714
513 718
513 724
514 729
513 734
513 739
513 743
513 748
516 752
513 755
516 760
513 764
513 769
514 772
513 777
511 782
445 785
327 787
281 791
275 795
150 796
71 800
59 804
60 809
100 814
70 818
63 823
81 826
84 832
97 834
139 839
137 844
163 843
195 851
118 855
154 854
203 858
145 861
148 866
146 868
173 871
196 873
193 877
216 880
182 882
237 884
306 908
328 910
324 909
334 910
334 911
337 915
370 915
324 915
360 916
350 918
323 917
377 918
364 919
344 921
354 921
400 921
398 922
347 923
407 923
418 923
380 924
422 923
401 925
443 924
426 924
416 925
426 924
439 923
452 923
454 924
449 923
469 923
484 922
498 920
507 918
512 918
513 915
511 912
513 909
514 908
512 908
512 905
513 903
513 902
512 900
514 899
513 897
513 895
513 892
513 891
513 890
519 886
511 883
515 880
513 878
514 876
513 871
519 790
514 787
513 783
512 777
513 771
514 767
513 762
513 758
513 751
513 746
513 741
512 737
513 734
514 725
512 722
513 718
513 709
513 704
513 700
513 695
513 689
513 683
514 677
513 674
513 669
514 662
513 658
513 652
513 647
513 641
514 634
512 629
514 620
513 614
513 606
513 601
522 594
513 590
519 585
513 577
513 576
511 570
520 565
509 563
513 557
514 553
512 547
513 540
513 533
513 529
511 522
515 516
512 510
515 500
511 496
514 490
508 486
513 378
512 374
518 367
513 362
520 357
513 352
513 346
513 341
513 336
513 332
513 326
514 323
515 316
514 310
515 306
513 301
514 296
513 293
514 289
514 283
513 280
514 275
513 269
514 266
513 262
513 258
516 251
589 252
680 250
791 245
806 241
773 241
1003 238
1023 232
973 227
987 220
971 217
959 214
921 209
939 205
928 201
900 197
846 194
897 192
856 186
840 185
892 182
826 179
880 176
864 172
876 169
853 166
834 162
913 161
826 156
799 155
764 122
680 122
697 120
683 121
684 116
664 118
658 117
679 116
646 117
617 115
650 114
656 113
630 114
619 113
638 113
623 112
594 113
610 112
606 113
584 112
593 113
595 107
567 113
582 113
564 114
554 112
541 114
528 118
514 119
516 121
514 123
514 124
514 128
515 130
516 130
514 133
514 133
513 135
513 137
514 137
515 141
514 142
513 145
514 147
513 149
514 151
514 155
514 158
515 161
513 164
513 166
514 169
513 171
513 176
514 179
513 182
513 186
513 261
514 263
514 267
514 271
514 277
514 284
513 289
513 292
514 297
514 304
514 308
513 312
514 320
513 324
514 328
513 334
513 342
514 345
513 351
505 355
511 360
513 364
514 371
514 375
514 381
520 386
514 392
520 399
513 405
514 411
513 419
513 426
514 430
513 439
514 445
514 449
513 456
514 459
512 463
513 467
513 473
514 476
514 482
513 488
514 490
513 499
514 503
513 511
513 517
513 528
503 539
514 540
511 544
514 548
513 554
514 558
514 564
513 687
514 689
514 693
512 696
513 701
512 703
510 706
516 713
510 721
514 727
513 730
513 737
515 740
513 745
514 749
513 753
513 757
514 763
514 766
513 770
513 774
513 778
509 783
407 785
319 788
275 793
248 795
118 797
56 801
51 807
79 810
57 816
98 819
83 824
64 828
87 831
122 836
143 834
156 843
150 844
187 846
214 851
129 855
167 858
174 862
176 865
137 868
142 871
196 874
170 878
170 880
201 882
220 885
259 887
222 890
257 891
305 891
289 898
374 921
390 922
399 923
374 923
391 923
427 925
402 923
424 924
414 924
436 925
422 924
454 924
414 924
455 923
466 923
467 922
460 922
481 921
505 920
510 918
509 915
511 913
512 911
513 909
513 908
513 906
513 905
514 903
512 903
513 900
513 899
513 897
512 894
513 892
513 891
512 888
512 886
512 883
513 879
512 876
514 874
513 872
513 868
513 865
513 861
513 858
514 855
513 851
512 845
513 843
513 839
520 833
514 830
519 824
513 818
514 814
513 809
513 696
513 694
513 686
513 681
513 677
511 670
513 667
513 662
514 655
513 651
515 644
513 640
513 631
513 624
515 618
514 610
513 604
513 597
514 591
513 587
514 581
511 578
513 573
515 568
513 569
514 557
513 556
512 551
512 545
513 537
513 531
512 525
514 518
512 511
513 506
512 499
513 493
514 487
513 483
514 475
513 473
514 467
512 464
516 458
513 454
513 447
513 441
513 436
514 431
514 424
514 419
514 413
514 407
513 403
514 394
513 389
513 383
514 292
513 289
513 287
513 283
514 279
513 274
513 270
513 265
513 260
517 257
520 253
651 251
770 248
796 242
803 240
870 238
988 234
981 230
980 226
989 221
949 216
952 213
946 208
942 204
910 200
885 196
895 195
884 189
849 187
838 185
855 182
896 179
883 175
858 171
855 168
891 164
849 161
847 158
840 155
784 154
816 152
783 150
738 147
762 145
747 144
745 142
719 139
774 139
727 138
705 134
737 134
700 132
715 131
683 130
705 129
695 128
687 127
586 113
564 115
574 114
564 114
552 113
550 115
517 117
517 119
516 122
515 124
514 127
515 128
513 130
514 131
514 132
513 134
513 136
514 136
513 138
514 140
514 142
514 145
513 147
514 149
514 154
514 154
513 159
515 160
514 164
514 167
514 170
514 173
513 176
514 180
513 184
514 188
514 191
514 202
514 199
514 204
515 210
513 215
513 219
514 223
512 229
514 235
513 239
514 244
513 249
514 251
514 259
514 265
514 269
513 273
514 278
512 282
513 416
514 421
512 426
514 430
514 435
513 443
513 449
515 451
513 458
514 463
515 465
511 472
514 472
517 480
514 482
513 489
514 493
513 500
513 507
513 512
517 521
514 526
514 536
513 540
516 546
513 551
514 556
513 561
514 565
512 571
514 574
514 580
511 586
513 591
514 597
514 602
512 608
514 615
513 620
511 627
513 632
513 637
513 645
514 650
513 656
513 662
513 667
513 673
513 679
513 683
513 689
518 694
513 699
514 702
514 706
509 714
515 717
509 859
150 862
134 864
157 865
192 869
153 872
142 875
198 879
188 882
219 884
228 887
224 888
261 890
292 892
241 894
293 896
290 895
298 898
304 899
297 902
307 903
301 905
