514 382
515 380
515 374
513 367
515 362
515 357
514 352
514 346
514 341
514 336
514 331
514 327
514 322
513 317
513 311
514 307
513 302
517 297
514 293
515 289
513 285
518 281
515 276
516 272
514 266
517 263
513 260
514 254
514 251
514 246
514 242
515 239
514 234
513 229
514 224
515 222
513 216
514 213
515 211
516 205
513 202
514 201
515 196
514 194
513 191
513 186
514 184
515 180
513 177
514 174
515 170
514 167
517 163
514 161
514 158
512 156
514 155
515 902
513 902
513 903
512 905
514 907
514 908
513 908
514 911
514 911
513 914
514 913
514 915
512 915
514 916
514 918
516 919
514 920
513 920
512 920
514 921
511 921
513 922
513 921
514 922
515 922
514 923
513 922
513 922
514 923
514 922
514 923
513 923
513 922
514 919
514 923
514 923
513 921
514 921
513 918
513 917
514 913
514 912
513 910
513 907
514 905
513 905
514 902
513 901
513 900
513 900
514 896
513 893
514 892
514 891
513 888
513 887
513 883
513 584
513 591
511 595
512 600
511 607
511 614
514 618
512 625
511 631
514 637
512 644
513 649
513 655
512 662
513 667
513 671
514 678
513 684
514 689
512 694
513 698
513 703
513 709
512 712
513 718
512 724
513 728
514 733
513 738
512 742
512 742
512 751
513 751
512 759
514 763
514 768
514 771
514 777
513 780
513 784
514 788
513 792
514 800
511 802
514 805
513 811
513 814
514 818
514 824
513 827
513 836
513 834
515 837
514 841
513 845
515 846
514 850
514 919
513 919
513 920
514 920
515 921
514 921
513 923
514 922
514 922
514 923
512 922
513 923
513 925
513 924
513 923
513 923
514 924
514 922
513 922
513 923
513 921
514 921
513 919
512 918
514 915
513 910
513 912
514 908
513 905
513 904
515 903
512 902
513 901
514 899
519 899
514 893
514 894
515 889
512 890
513 887
513 884
514 881
514 879
514 876
513 874
513 871
513 868
513 865
513 862
514 858
511 855
513 852
513 848
513 845
514 840
512 832
514 832
513 751
515 747
513 744
515 741
515 736
513 731
514 726
514 721
514 714
513 710
513 704
516 695
513 693
514 689
515 681
513 679
518 672
514 667
513 665
514 657
511 654
514 648
519 640
512 637
513 629
516 622
513 614
512 606
514 600
514 593
511 589
514 583
514 579
512 575
515 570
515 566
514 562
512 559
513 553
514 548
513 541
515 536
511 531
517 523
514 517
513 512
516 502
511 498
514 492
513 486
514 485
516 475
513 472
516 466
512 462
514 455
513 362
514 358
515 352
513 348
514 342
513 338
515 332
514 326
514 323
515 317
514 311
514 308
513 303
514 298
514 293
514 290
513 284
514 281
515 278
514 274
515 268
515 263
515 258
516 255
514 251
515 243
512 242
515 239
514 235
513 230
515 225
515 222
513 218
516 215
514 210
514 206
512 202
513 199
516 195
514 193
514 190
513 183
513 184
514 176
512 176
514 174
514 170
514 168
514 165
514 159
512 160
512 156
513 151
518 155
526 144
511 150
523 148
517 124
512 123
513 122
514 122
514 120
514 121
513 119
513 117
513 117
514 116
514 115
513 117
513 115
513 114
513 114
514 113
517 111
513 115
514 114
513 114
513 114
513 113
514 114
513 114
514 115
513 115
514 116
514 117
514 119
513 120
513 121
514 125
513 128
514 130
514 131
513 131
513 134
513 135
514 135
514 135
514 139
514 141
513 143
514 145
513 147
513 150
513 150
513 155
513 155
512 160
513 163
513 167
514 167
514 172
513 176
514 179
513 183
514 237
513 236
514 240
512 244
511 248
513 253
514 257
513 261
514 268
510 273
514 275
513 280
514 290
509 296
516 298
513 303
514 306
512 313
513 319
513 324
513 328
513 334
515 339
513 345
513 351
514 353
512 361
516 365
514 370
511 377
515 380
512 386
513 387
513 396
513 402
511 411
514 418
513 423
508 424
517 437
514 444
514 449
513 454
508 461
514 461
514 468
514 471
514 476
511 480
514 485
510 490
512 495
513 503
515 506
512 514
515 522
515 527
513 632
513 635
512 641
513 647
515 652
514 657
512 663
514 668
514 679
513 680
512 685
514 689
511 696
512 700
513 706
512 710
513 715
513 721
513 726
513 731
514 735
513 738
511 748
513 748
513 751
512 756
514 759
514 765
512 770
512 774
511 779
511 783
514 786
513 791
512 796
513 799
514 804
511 809
514 811
514 816
512 819
514 822
513 826
515 831
513 834
510 839
514 842
513 846
513 848
514 851
512 855
514 857
513 861
513 865
515 853
512 871
513 871
511 907
513 908
515 909
514 910
512 912
514 912
514 915
514 913
513 917
515 919
513 919
528 915
514 919
514 920
514 920
513 921
512 922
513 920
512 920
513 923
513 924
513 923
513 923
513 924
513 924
514 923
512 923
513 923
513 922
514 923
513 922
515 918
513 920
514 918
513 916
514 914
515 911
514 909
514 908
514 904
513 906
512 904
513 902
510 900
513 899
506 894
517 895
513 894
513 889
511 889
513 885
513 881
515 881
513 875
512 875
514 874
516 871
520 722
513 719
514 717
514 711
518 704
511 702
513 695
515 689
513 686
514 681
512 676
513 673
517 664
513 661
513 656
515 650
512 645
514 639
515 631
513 624
514 619
516 609
512 607
503 596
516 591
514 587
514 581
513 578
512 571
511 569
515 566
515 559
513 557
514 549
515 545
512 538
516 532
512 528
514 519
514 513
513 507
515 501
516 494
512 490
514 483
511 478
513 474
514 469
513 464
516 458
515 455
515 449
514 443
514 437
515 440
513 425
514 420
513 396
515 392
513 389
515 382
515 378
514 371
514 367
516 360
514 356
514 350
514 344
514 339
514 334
511 331
514 325
512 320
515 314
513 309
518 306
514 300
513 296
513 291
514 287
514 282
515 279
514 275
515 271
514 266
515 258
514 258
523 248
516 248
514 244
511 240
514 236
515 232
514 230
513 226
514 221
515 216
512 213
516 208
515 203
512 202
514 198
513 195
513 191
514 189
514 186
513 182
515 178
510 176
516 172
514 170
513 166
515 163
514 161
508 144
513 144
513 141
514 140
515 141
510 137
514 135
512 135
514 132
512 131
513 130
513 129
513 127
513 126
513 125
513 123
516 121
514 121
513 119
513 118
513 119
515 118
514 115
515 116
513 116
514 116
513 114
513 115
514 114
514 114
513 113
514 110
513 113
514 114
513 114
514 114
514 113
513 114
513 114
513 113
512 115
513 116
512 117
513 118
511 121
514 123
514 126
514 129
513 130
507 129
511 133
514 134
510 135
514 136
514 138
513 139
514 142
514 157
513 159
513 162
514 166
513 168
513 171
513 173
513 178
514 180
515 185
514 187
514 191
513 195
514 200
513 205
514 210
513 215
514 220
513 224
514 230
513 236
513 241
514 244
513 248
514 254
511 261
515 264
514 269
513 273
513 280
513 286
513 290
512 294
513 300
510 306
514 310
514 314
512 321
514 325
514 329
511 338
513 342
514 348
511 352
513 359
511 363
512 367
514 372
511 378
514 381
513 389
514 392
514 400
512 407
513 413
507 424
514 459
510 462
518 463
513 469
509 474
513 475
513 484
513 485
513 493
516 498
513 505
511 511
514 517
510 525
512 531
513 538
514 544
514 552
514 555
513 562
511 564
511 568
507 576
513 577
513 583
511 589
513 594
508 603
512 606
513 612
512 618
513 625
513 631
513 637
511 643
513 649
513 655
511 661
513 666
513 671
513 690
513 681
513 688
513 693
513 698
513 703
513 707
513 712
512 718
514 723
513 728
513 733
512 739
514 743
513 748
513 750
513 755
512 788
513 791
514 795
513 798
512 803
514 807
516 809
513 813
513 818
513 821
512 826
513 828
515 830
514 838
515 841
513 843
514 848
513 851
514 853
512 857
513 859
513 863
512 866
514 870
513 871
513 875
514 876
513 880
513 883
513 885
514 887
513 888
514 891
513 894
515 895
513 896
513 903
515 899
513 901
514 904
513 905
514 904
513 907
514 907
514 910
514 909
514 911
512 913
513 914
513 915
514 915
513 919
513 918
513 920
511 920
514 920
512 921
514 923
513 924
514 923
513 923
514 922
514 920
514 919
514 918
513 915
514 913
514 910
514 911
513 907
516 905
513 904
514 902
514 901
513 900
514 898
511 896
513 895
513 892
513 889
514 887
514 884
513 883
515 879
513 877
514 873
515 870
510 869
513 866
514 862
513 859
513 855
514 852
514 848
514 845
514 839
513 836
514 832
514 826
512 822
514 816
514 812
514 806
513 800
513 794
514 790
513 786
513 783
513 778
511 773
519 767
515 762
516 755
513 752
513 684
513 680
514 676
514 673
513 667
516 663
514 659
517 652
509 647
513 639
513 634
513 630
517 618
513 616
514 606
516 602
515 612
518 591
513 585
514 575
513 577
513 569
512 565
514 563
518 557
515 554
513 548
515 543
513 535
513 530
515 522
512 519
516 509
513 506
514 498
516 494
513 488
515 481
514 477
515 472
511 468
513 461
516 457
514 452
515 446
512 440
514 434
506 425
514 418
510 420
514 411
514 403
514 398
514 392
509 386
514 381
514 375
514 297
513 293
515 290
513 286
515 282
514 277
515 273
514 269
516 265
514 262
514 255
512 253
514 247
513 242
514 236
514 234
512 232
509 226
515 227
513 220
513 220
513 211
514 208
513 203
513 200
514 197
515 195
514 190
513 188
513 184
512 182
514 178
516 174
514 171
515 167
514 164
514 161
508 159
514 155
513 154
513 152
517 149
521 149
515 137
515 142
513 145
514 141
512 140
515 137
514 136
513 134
512 134
515 131
514 131
513 128
512 127
513 126
513 117
513 118
513 116
513 116
513 117
513 115
514 115
514 114
513 115
512 118
517 110
513 113
513 113
513 116
514 114
514 114
514 114
514 114
514 114
514 116
514 115
514 118
512 120
513 122
514 125
514 126
514 129
514 131
513 132
514 132
513 135
514 138
516 136
514 138
513 141
513 145
515 144
513 148
513 150
513 152
513 156
514 158
513 161
514 163
513 166
514 170
513 171
513 175
513 176
514 182
515 186
513 190
515 195
513 198
513 203
513 208
513 212
512 292
512 295
514 297
514 302
513 308
514 304
514 317
511 325
513 329
514 336
513 339
515 343
514 349
513 355
513 359
514 364
512 370
513 374
513 380
514 385
514 391
513 397
512 403
512 410
514 416
511 424
514 431
514 436
509 443
515 448
514 453
511 458
513 465
514 467
514 473
511 475
513 479
513 486
513 490
517 494
510 501
513 507
511 514
514 522
514 528
511 533
510 538
514 543
511 552
514 554
514 562
509 566
515 567
513 578
514 580
513 586
513 592
513 686
514 691
512 695
509 700
512 706
513 711
512 713
517 720
512 725
513 730
513 735
513 741
513 744
512 749
513 752
513 757
512 761
513 764
513 771
512 773
514 778
513 783
515 791
514 792
513 801
514 800
514 803
513 807
510 811
513 815
514 819
512 824
513 827
512 832
514 835
511 838
513 841
513 845
514 849
512 852
511 855
515 856
514 861
517 864
513 866
518 871
514 873
514 877
512 879
514 881
513 884
514 885
514 887
514 890
514 891
513 893
511 895
514 916
513 919
515 917
513 919
506 920
514 920
513 921
514 921
514 922
514 922
513 921
514 922
513 922
513 922
514 923
514 923
514 923
513 923
514 924
512 923
513 923
515 922
513 922
513 921
515 918
514 918
513 917
514 914
513 910
514 909
514 907
513 906
514 906
514 902
514 903
513 900
514 899
513 897
515 891
513 893
513 891
513 889
514 886
514 884
513 880
513 877
514 874
517 873
513 869
513 868
513 863
516 861
513 858
513 854
513 850
514 846
513 795
513 787
516 784
514 780
514 774
514 760
508 762
514 759
516 753
514 752
517 746
514 739
515 733
514 733
515 724
518 717
511 714
508 708
516 701
512 696
514 691
516 684
513 682
513 675
515 670
513 665
514 661
514 656
514 650
513 644
513 639
514 632
514 625
521 617
513 612
514 603
512 593
517 593
522 584
513 583
514 576
516 574
513 567
517 565
514 561
514 556
514 549
517 544
514 541
516 530
511 528
513 520
519 514
514 507
520 501
513 496
515 486
511 382
519 378
516 375
515 371
514 366
515 360
514 355
516 349
513 344
515 340
515 334
514 330
514 325
515 320
514 315
514 310
514 305
514 300
514 296
514 291
513 288
513 283
514 280
514 276
513 270
515 265
510 261
515 257
509 250
510 249
514 244
513 241
513 236
515 233
512 229
515 225
515 221
515 217
515 212
512 209
514 204
514 201
514 198
517 195
513 191
518 189
514 185
513 183
513 178
513 175
513 174
514 168
513 166
513 163
516 159
514 159
513 156
513 126
514 127
513 126
514 124
514 124
516 121
514 121
514 121
513 118
513 118
514 117
513 117
514 116
513 115
513 115
513 114
513 114
512 114
514 113
512 114
511 114
513 114
514 112
513 114
514 114
514 114
513 114
514 115
514 115
514 117
514 117
513 118
514 120
514 124
514 125
514 128
514 130
515 132
513 133
513 134
514 135
514 137
513 139
514 141
513 141
514 144
513 146
513 149
514 151
514 154
513 157
514 159
514 161
513 165
514 166
513 170
514 174
514 255
514 258
513 263
513 270
510 276
515 280
514 283
514 290
510 295
514 300
513 305
513 309
513 314
514 321
513 326
514 331
511 337
515 342
514 347
510 354
514 356
514 362
511 366
515 372
514 378
513 383
513 387
512 395
514 400
513 404
509 413
514 419
511 427
513 433
513 440
516 446
513 451
512 457
513 460
511 465
513 469
514 472
514 479
515 482
515 487
511 491
511 498
513 504
512 511
513 516
513 526
510 530
515 536
510 542
512 549
510 553
512 558
510 576
515 579
513 584
512 588
512 594
513 598
514 606
514 612
515 614
514 626
512 630
505 636
513 642
512 649
513 656
512 660
511 666
513 672
514 677
509 682
512 688
516 692
513 698
513 702
512 707
513 712
512 718
514 723
513 726
513 733
513 737
513 742
512 746
516 751
513 755
512 758
513 762
513 767
512 771
514 775
514 779
513 786
514 790
513 793
512 799
513 800
513 805
512 810
508 813
513 817
514 821
512 825
513 830
514 834
513 837
513 839
514 843
513 860
514 863
514 866
513 868
512 872
513 874
514 878
514 880
513 882
513 884
514 888
514 889
515 890
513 894
514 892
513 898
512 896
513 899
514 901
513 902
512 904
514 904
512 907
514 907
514 909
514 910
513 914
513 912
513 914
514 914
515 916
513 917
514 917
513 914
513 919
513 920
514 920
513 922
513 921
514 922
513 922
513 920
513 923
514 922
514 924
513 924
513 923
514 922
513 923
513 923
513 923
513 923
513 920
512 922
513 922
514 919
513 917
514 901
513 904
513 902
513 901
514 900
514 898
514 897
514 891
514 893
514 889
513 887
513 884
514 882
515 881
515 875
514 873
513 870
513 868
513 865
515 862
514 860
514 856
514 854
514 849
513 844
513 841
512 833
513 832
514 827
514 821
514 817
513 812
514 807
514 802
514 795
514 791
514 787
513 783
515 777
515 771
517 766
520 765
513 758
515 750
516 745
511 743
514 739
514 733
516 726
514 720
513 717
514 709
513 705
514 696
516 692
512 690
513 684
515 653
514 650
513 647
515 641
512 635
515 626
515 622
514 614
520 606
512 604
514 594
510 591
515 585
520 578
513 577
517 569
511 568
514 562
513 558
513 554
517 548
517 543
517 537
512 529
513 524
515 516
514 511
513 505
517 498
513 493
515 486
513 481
514 477
517 470
513 469
516 460
512 457
514 453
514 449
515 441
514 435
513 428
523 421
511 415
512 409
515 404
512 398
514 391
512 388
514 381
514 377
515 370
514 363
515 358
515 352
513 348
516 342
514 302
514 298
515 293
515 289
514 286
515 279
514 278
514 273
516 268
514 265
514 254
514 252
516 254
521 247
519 241
514 240
514 235
515 230
514 227
513 223
515 218
513 215
513 210
516 206
514 203
514 200
514 197
514 193
512 191
513 189
514 184
515 183
517 177
513 175
515 171
514 166
514 162
511 162
515 159
512 156
516 154
515 152
513 148
514 146
513 146
513 148
514 143
515 141
512 140
517 138
513 136
512 135
516 133
514 134
514 129
513 131
514 116
514 117
513 115
513 115
514 114
512 115
514 114
513 113
513 118
515 113
514 112
514 114
513 114
514 114
513 116
513 114
513 115
513 116
514 116
513 118
513 120
513 123
514 124
513 128
513 130
514 133
511 133
513 134
513 135
514 136
514 137
514 139
514 141
514 143
513 145
514 148
514 150
513 153
514 156
513 159
514 160
513 163
512 166
514 168
513 172
513 175
514 178
514 183
513 186
514 190
513 194
511 199
513 202
514 207
513 212
515 216
513 222
513 283
513 285
514 293
511 299
517 303
514 306
511 312
514 317
513 323
511 330
513 333
514 339
514 341
510 350
515 354
514 359
514 366
514 369
513 376
515 379
514 384
510 391
509 396
513 403
514 408
514 417
511 423
513 430
512 438
513 446
511 449
516 452
515 458
510 463
516 466
514 469
511 476
513 478
511 485
513 489
513 494
508 502
514 507
509 514
513 520
513 528
515 531
512 538
512 545
511 550
510 555
518 561
516 568
515 569
514 574
512 582
511 586
503 814
512 817
512 819
511 820
512 825
515 828
514 833
513 836
513 840
512 843
515 846
513 850
512 853
513 855
514 859
509 863
513 863
517 869
512 872
512 874
513 877
510 881
514 881
513 885
512 889
513 888
513 892
513 891
511 896
512 897
513 896
513 900
514 898
511 903
514 903
513 906
513 905
514 907
513 910
514 910
513 912
513 913
512 915
515 912
513 916
514 917
514 918
512 919
514 919
513 917
518 921
513 921
514 921
514 922
513 923
513 923
510 923
513 890
513 890
513 888
513 885
513 882
513 880
513 877
513 874
513 873
514 869
514 866
510 862
513 860
510 854
513 855
514 848
514 845
513 840
513 837
514 832
514 827
513 823
514 817
514 811
514 806
514 802
514 797
513 791
514 786
515 780
513 778
514 774
514 767
515 760
514 754
512 752
513 748
513 744
514 736
516 733
514 727
514 722
516 716
513 713
512 706
515 698
512 694
513 689
511 682
515 678
513 673
514 669
515 663
514 659
513 645
514 645
513 644
516 457
516 449
516 448
514 441
513 436
513 430
516 427
516 415
513 410
516 406
514 399
514 393
515 387
514 381
514 374
514 370
514 364
516 359
513 354
515 348
514 345
514 337
514 334
514 328
515 323
513 317
515 312
514 308
515 304
511 298
512 294
514 290
513 286
514 282
514 277
514 274
514 269
514 263
513 260
517 252
515 252
513 252
514 243
513 238
514 233
515 230
514 227
514 221
515 218
514 216
514 210
514 206
514 204
514 199
515 197
514 191
513 190
513 149
516 148
514 145
516 142
511 141
513 141
515 139
514 138
516 136
514 135
514 133
514 133
514 129
513 130
512 129
513 127
515 125
515 124
513 123
514 122
513 120
517 119
513 119
513 118
513 118
515 117
514 115
513 116
514 116
513 115
514 112
510 113
514 113
518 115
515 114
514 111
515 114
514 113
514 114
511 114
513 114
515 114
514 116
513 115
513 116
514 118
514 119
513 122
513 125
513 128
514 129
513 132
514 133
513 134
514 134
512 135
513 137
514 175
514 178
514 182
513 185
513 189
513 194
513 199
512 203
513 206
516 212
513 217
514 221
513 226
513 233
513 237
512 243
513 247
513 252
510 256
514 261
513 266
512 270
507 277
514 281
513 285
514 293
507 299
515 302
513 306
512 314
514 314
513 322
513 329
515 334
513 339
513 345
514 348
513 355
511 361
514 364
514 370
512 374
514 380
508 387
514 389
514 399
515 402
513 408
508 418
513 420
513 432
516 434
514 443
510 450
513 452
513 461
515 461
514 512
512 516
513 520
513 528
507 534
513 539
511 546
516 549
512 554
517 560
513 563
509 572
514 572
513 581
515 584
513 590
512 595
514 602
514 609
513 614
513 621
514 627
513 634
512 641
514 645
512 651
512 657
513 663
511 670
513 674
513 682
511 685
512 690
514 696
512 702
513 704
513 710
512 715
513 721
513 725
513 732
512 735
513 740
513 744
512 748
513 751
516 754
513 760
512 765
514 768
513 775
513 778
513 782
511 789
513 793
514 794
513 801
513 864
513 868
514 869
514 872
513 877
514 879
514 883
513 884
512 885
512 888
509 890
513 892
514 894
513 896
513 896
514 897
513 900
513 901
514 903
513 905
511 907
514 907
514 909
515 908
514 910
514 912
513 913
514 913
513 917
513 915
513 917
512 918
514 918
513 921
514 920
515 920
513 922
514 921
513 906
514 923
513 922
515 923
514 922
513 923
513 923
514 922
514 923
514 923
513 923
513 923
513 923
514 922
514 921
513 920
514 919
513 917
512 884
514 881
514 880
513 878
512 875
515 874
513 871
513 867
513 864
513 861
513 857
513 855
513 850
513 846
514 843
513 839
514 833
514 828
515 824
514 820
515 815
514 809
513 805
514 799
511 794
513 790
511 786
513 779
515 773
514 768
512 764
512 758
511 754
515 749
514 743
513 738
513 734
512 730
513 726
514 718
517 713
513 709
513 703
513 697
513 692
515 685
511 682
513 679
514 671
512 667
513 663
518 655
513 653
515 642
511 641
513 633
520 623
514 460
513 456
514 454
513 450
515 447
515 438
513 435
513 426
515 422
516 413
517 408
518 401
514 394
514 390
515 385
513 378
513 373
511 366
513 362
516 356
515 352
514 345
514 341
515 335
515 330
514 325
513 321
514 316
514 310
514 305
514 301
513 296
514 292
515 288
514 284
514 280
514 275
514 271
514 266
514 261
513 258
528 258
511 250
518 240
514 241
514 236
513 232
514 229
513 225
513 222
515 216
513 213
513 210
514 205
513 202
513 199
515 195
512 181
513 179
514 177
514 176
513 174
515 170
514 166
513 164
513 161
515 157
514 156
514 154
514 151
513 150
514 148
512 147
510 139
511 139
514 141
513 140
513 137
513 136
514 135
514 132
513 133
514 131
517 129
513 127
513 126
513 124
513 123
513 122
515 121
514 121
515 118
513 119
513 117
513 117
513 117
513 116
513 116
513 116
514 115
513 114
513 114
513 114
513 113
514 114
508 118
514 111
513 114
513 114
514 114
514 114
513 114
513 115
514 115
514 130
514 136
512 132
514 134
514 136
514 136
513 138
513 140
513 142
514 144
513 146
513 149
514 150
514 153
513 156
513 159
513 161
514 164
512 167
513 170
513 173
513 176
513 180
516 185
513 188
515 191
514 197
515 199
514 203
514 208
513 214
513 221
514 226
513 232
513 234
513 241
516 244
513 249
513 252
513 257
514 264
513 269
515 274
515 279
513 286
514 290
