572 118
542 116
523 116
556 117
535 116
535 111
557 112
570 108
567 114
555 118
525 114
533 114
561 114
539 114
522 114
520 114
542 114
535 115
523 116
528 116
522 117
519 119
513 121
514 123
513 124
514 129
514 131
514 132
514 133
514 134
514 136
514 138
516 139
514 141
513 142
513 145
513 146
513 149
512 152
514 152
513 157
513 161
513 162
513 167
503 169
514 172
503 173
515 176
517 180
513 184
508 186
513 190
514 195
513 199
513 205
513 209
513 215
493 920
495 923
493 921
511 922
500 920
508 917
515 915
513 913
513 910
513 908
513 907
513 904
512 903
511 900
513 901
511 899
513 897
513 896
513 894
513 892
513 890
513 886
514 885
512 884
513 880
513 876
514 873
513 872
513 867
513 864
514 862
515 859
512 850
514 852
513 847
513 845
514 841
512 834
513 832
514 827
514 821
514 815
513 812
513 807
514 803
513 797
514 792
513 782
515 783
513 778
514 772
513 766
515 762
514 758
513 752
513 749
515 741
536 115
520 115
520 115
522 116
522 118
516 120
514 122
515 129
513 127
513 131
513 131
513 133
513 134
513 135
513 137
513 138
509 138
514 141
513 144
513 146
514 148
514 150
513 152
518 155
513 158
514 161
513 163
514 166
513 169
514 172
513 174
514 179
513 183
513 185
514 189
513 193
513 197
513 201
513 208
513 211
513 216
514 219
513 226
513 230
513 237
513 243
513 248
512 251
513 259
516 262
514 266
513 270
514 276
513 281
513 288
518 291
514 295
513 599
514 604
514 609
511 616
512 621
513 627
513 635
512 641
513 646
513 652
514 657
514 661
513 669
513 673
512 679
512 685
512 688
513 695
513 698
514 704
510 709
510 711
511 718
512 721
514 729
511 733
513 739
511 743
512 747
512 748
514 754
513 759
513 763
514 769
513 773
513 778
513 778
508 786
370 786
305 792
325 797
348 800
404 803
381 808
360 813
359 816
370 821
385 827
374 829
372 833
374 837
418 840
388 845
380 847
406 850
426 853
395 856
485 893
475 895
474 896
468 899
440 900
455 901
394 903
461 903
442 905
468 906
431 908
444 909
461 911
451 910
451 913
452 914
473 915
454 916
461 916
440 918
452 918
479 919
474 920
465 919
435 921
490 922
492 922
485 923
448 923
470 922
489 923
493 922
468 924
461 922
488 922
502 923
491 923
486 922
491 922
494 922
505 920
497 921
510 918
513 916
513 915
512 912
513 909
513 906
512 906
514 904
513 903
512 901
513 901
513 898
513 897
513 895
513 847
510 845
513 841
514 839
514 835
513 829
513 826
511 820
513 816
514 809
513 804
513 799
515 794
513 791
510 781
516 780
514 775
513 769
513 766
515 761
513 754
512 749
513 745
513 740
513 734
513 731
515 728
513 721
514 712
514 709
513 704
513 697
516 692
513 688
513 682
513 676
514 673
513 668
514 663
513 658
514 651
515 645
513 641
514 633
511 626
513 620
519 613
513 609
518 602
509 593
515 586
512 583
512 577
512 574
513 570
516 564
513 560
514 473
513 472
513 464
512 461
517 454
513 449
513 443
519 436
516 436
517 428
511 418
513 414
513 407
514 401
513 395
514 389
513 384
515 378
514 374
514 366
514 362
513 357
512 349
515 345
514 339
511 336
512 331
514 326
514 321
513 316
513 311
514 306
514 302
513 297
513 293
514 288
514 284
513 281
513 277
513 276
520 266
510 266
517 257
516 253
516 250
520 247
823 247
793 240
715 233
642 230
627 228
691 223
655 218
643 215
660 211
658 207
643 203
639 165
586 163
613 161
619 158
575 161
632 159
629 153
600 153
584 148
567 145
616 144
572 143
604 139
570 139
596 137
590 136
561 134
561 132
577 131
615 130
586 129
586 127
546 126
585 125
573 124
560 123
575 123
525 121
604 120
584 120
570 119
557 118
554 117
581 116
551 115
563 115
538 97
544 114
568 106
525 114
530 116
557 109
558 114
553 113
535 114
532 114
521 114
557 114
530 115
522 115
524 116
523 117
513 119
514 120
514 123
514 127
514 129
514 163
512 164
513 167
513 170
513 173
513 177
513 179
514 182
513 187
513 191
513 196
514 199
512 204
512 208
515 213
514 218
513 227
516 231
513 235
514 237
514 244
513 249
513 254
514 259
512 263
514 267
511 273
513 280
514 285
515 289
515 296
516 299
513 303
513 310
513 314
513 317
514 325
513 331
513 334
513 341
512 348
513 350
513 357
516 362
514 364
516 374
513 376
515 378
511 389
513 390
513 399
513 405
515 410
509 419
513 423
509 434
512 438
513 538
514 542
513 546
514 550
513 553
512 559
515 565
514 568
514 573
511 578
512 582
512 588
513 595
515 599
512 608
513 612
514 618
512 625
514 630
513 637
512 644
513 649
512 654
513 661
512 665
514 672
514 676
513 680
512 689
515 694
513 699
512 703
512 707
513 713
512 716
510 721
512 727
510 731
512 736
513 741
513 745
513 748
511 751
512 757
512 760
514 767
512 771
513 775
514 778
510 783
510 787
288 787
317 794
314 798
378 802
395 806
380 810
456 903
445 903
424 904
463 905
426 906
450 908
452 909
465 910
436 911
451 912
451 913
468 910
478 914
440 917
445 917
453 917
489 920
478 919
459 920
453 920
475 920
487 921
484 923
456 922
481 922
483 922
498 923
477 924
458 920
502 923
493 923
479 923
478 921
493 923
496 922
504 921
496 920
506 919
513 918
512 914
513 913
513 911
514 908
514 907
512 904
513 903
514 901
511 904
513 898
514 897
513 896
513 896
514 891
512 891
513 887
514 885
515 885
515 872
513 869
514 868
516 865
513 862
513 860
513 857
512 853
514 847
514 843
511 840
513 837
513 831
513 827
511 822
513 817
513 812
514 807
513 802
513 796
513 791
513 788
510 789
514 778
513 773
513 767
512 763
509 758
513 753
513 750
513 744
515 738
513 732
513 729
513 722
513 717
513 712
513 706
513 699
513 697
512 692
513 686
514 682
512 675
514 670
514 665
514 659
513 654
511 650
513 643
514 637
513 631
513 623
513 617
513 612
514 603
513 602
513 564
513 562
513 560
517 553
513 550
512 543
513 537
513 531
515 524
514 518
513 511
515 504
515 498
513 493
519 486
513 482
513 477
513 471
513 467
515 463
515 459
513 452
515 447
513 441
513 445
515 444
510 425
515 417
514 411
514 404
514 399
514 393
514 387
514 381
514 375
513 370
514 365
514 359
513 354
514 349
513 343
514 337
513 334
513 328
514 324
514 321
512 314
514 309
514 305
514 299
511 295
514 291
512 287
514 283
514 279
514 269
512 276
779 242
726 237
684 233
653 229
664 225
649 221
648 217
635 213
682 208
639 205
628 201
642 198
643 195
620 192
647 190
610 186
625 182
671 179
636 176
614 173
610 169
633 165
627 164
617 159
607 157
607 155
613 143
609 152
596 148
615 147
580 144
589 143
560 141
586 139
599 139
578 136
574 135
554 133
619 131
591 130
591 130
555 128
576 128
575 128
571 125
572 124
542 123
578 122
580 122
581 120
560 118
551 119
583 118
566 117
561 116
546 116
556 115
554 111
555 114
531 115
526 113
561 114
542 114
533 115
520 115
526 116
531 116
518 119
513 120
515 123
514 125
514 128
514 130
513 131
514 133
514 134
514 137
516 136
513 137
514 139
514 142
514 143
513 144
513 147
514 149
518 153
514 155
517 165
514 160
513 163
513 167
513 170
513 173
512 174
513 179
513 182
514 186
513 189
513 193
513 197
515 201
514 207
512 212
513 217
513 222
514 223
517 232
512 237
512 240
514 246
513 250
514 254
513 261
513 294
513 297
513 302
513 304
514 309
513 316
514 323
513 325
514 331
513 338
515 343
513 349
513 355
514 356
513 365
514 369
514 372
512 380
515 382
513 388
511 397
513 398
513 407
513 415
514 421
510 431
514 432
517 443
512 447
513 451
514 458
514 461
513 466
511 471
515 475
514 479
513 484
513 489
514 497
514 501
511 507
511 512
511 520
513 528
514 532
510 540
515 544
512 551
513 556
513 562
513 566
511 572
514 575
514 581
511 585
514 590
512 596
511 674
513 676
514 679
513 685
515 689
514 696
518 699
513 704
509 707
513 714
516 718
513 723
512 728
513 732
512 733
512 741
513 746
512 750
513 755
517 759
512 763
509 766
513 771
509 776
513 781
515 784
450 784
282 790
300 795
324 801
381 806
367 810
365 814
379 816
367 821
357 825
379 828
387 833
406 836
401 838
373 842
383 845
412 853
407 853
384 855
372 859
432 860
395 866
388 869
400 871
391 875
424 878
416 881
398 883
447 885
426 888
436 889
394 911
472 912
477 913
462 913
462 913
444 916
452 917
476 917
476 917
463 918
462 932
434 919
462 920
496 920
483 922
471 921
458 922
496 922
497 921
488 923
479 923
483 923
491 924
498 922
480 923
478 923
485 923
506 923
483 922
492 921
501 920
507 919
511 917
514 914
515 912
510 907
517 907
513 905
514 903
514 904
517 902
541 901
513 899
513 898
518 895
513 894
510 891
513 888
517 887
515 884
510 881
513 879
514 876
513 874
513 872
513 868
514 864
513 800
514 796
514 794
513 789
512 784
513 779
512 776
513 771
514 763
513 759
516 757
513 751
515 745
517 741
513 736
512 730
513 725
513 720
513 715
514 708
513 703
513 698
513 695
513 688
514 682
513 677
514 672
513 669
514 663
513 658
514 652
514 647
512 641
513 635
516 627
512 621
513 615
514 606
513 598
511 589
511 589
513 582
514 579
513 576
513 567
512 569
513 560
512 558
510 551
514 545
518 543
516 532
517 529
513 520
513 515
515 507
511 503
514 456
514 451
514 449
515 444
514 438
528 430
514 426
520 420
514 415
514 408
514 401
511 396
514 391
519 385
513 379
512 373
514 366
513 358
513 357
514 351
513 346
510 342
513 335
510 332
514 327
514 322
514 316
514 312
514 306
514 302
514 297
514 293
514 289
510 285
514 281
516 277
514 268
511 282
520 259
512 265
517 255
516 250
518 248
692 251
771 243
706 234
725 231
669 225
663 223
647 220
667 214
664 211
650 207
628 204
617 200
643 197
628 194
618 145
634 143
601 142
616 140
608 140
583 138
580 136
565 134
583 134
576 133
560 131
557 130
595 129
574 128
570 126
566 124
567 123
581 123
584 122
555 122
547 120
563 118
588 118
567 118
539 117
537 116
567 116
585 115
542 118
526 115
582 100
544 114
573 112
533 113
534 113
549 114
548 114
542 115
529 114
526 113
550 115
521 116
521 115
514 118
513 119
515 123
513 125
514 128
514 130
514 131
513 133
514 134
514 136
514 137
514 139
514 138
513 142
513 188
513 191
517 194
514 201
519 204
514 209
513 214
514 218
513 223
513 230
515 234
513 239
513 243
513 248
514 253
514 258
513 261
513 269
512 271
515 277
515 282
513 290
513 294
514 297
513 301
514 310
513 314
513 318
514 324
510 330
514 332
514 340
514 348
513 348
513 357
514 361
514 362
513 373
513 376
515 382
512 389
513 391
514 399
513 404
513 411
511 419
513 423
513 432
514 439
513 443
513 449
513 457
515 458
514 464
514 469
514 471
512 478
514 563
514 569
514 573
512 578
513 583
518 587
513 594
513 599
513 605
514 612
513 617
511 623
512 631
512 637
514 643
513 647
512 653
513 660
514 664
513 670
512 677
512 681
510 686
512 691
510 697
513 701
511 705
511 712
510 714
511 719
513 725
512 732
513 736
511 740
513 746
511 747
513 753
514 756
512 760
514 764
515 769
512 773
514 776
513 781
509 786
275 787
313 792
361 799
333 803
355 807
367 811
414 814
370 818
365 823
386 826
391 830
370 835
415 870
401 870
432 874
382 877
396 878
388 883
434 883
458 888
412 889
440 891
434 892
433 892
433 896
456 897
429 899
442 897
461 903
419 903
455 905
451 907
466 907
460 909
442 909
455 911
462 912
466 913
434 915
456 920
452 914
470 918
454 918
449 918
463 919
481 920
477 921
469 927
482 920
465 922
480 922
488 922
474 922
452 923
508 923
493 924
493 921
468 923
497 922
489 922
506 920
483 922
488 923
495 921
512 920
509 918
512 915
515 913
513 876
513 879
514 875
513 872
513 864
514 866
513 864
514 860
514 856
518 853
513 850
519 844
513 843
513 839
513 832
513 827
513 823
512 819
512 813
514 808
515 803
513 797
514 792
513 787
513 784
519 775
511 773
513 771
514 763
514 758
514 752
512 749
512 744
513 739
513 732
514 728
513 724
513 718
515 716
513 708
513 700
510 696
513 689
510 688
514 680
513 675
513 669
514 667
513 657
512 657
514 651
513 641
511 639
514 629
511 626
514 616
516 609
513 510
513 506
513 504
514 501
513 493
513 488
512 484
514 480
516 473
514 467
513 462
513 459
514 453
513 449
516 442
514 437
514 431
532 421
512 417
514 413
513 407
514 399
514 394
513 388
514 382
514 376
513 370
514 365
513 360
513 355
514 348
513 344
514 338
513 334
514 329
513 325
514 320
515 314
514 310
517 305
514 300
515 296
514 292
513 288
515 284
513 278
513 276
515 271
509 277
520 260
520 259
516 253
518 248
522 245
803 247
763 240
739 233
673 168
622 165
612 165
634 162
634 161
608 159
593 155
581 154
626 162
624 147
577 147
567 141
584 143
606 142
576 140
587 135
571 137
604 135
603 135
571 133
561 131
550 130
586 129
566 128
567 125
569 125
591 124
582 123
561 123
537 122
563 119
580 118
573 121
563 118
556 117
552 117
580 116
550 116
542 115
547 118
562 111
575 110
540 113
531 115
555 114
556 113
536 113
528 114
534 114
540 115
532 115
540 116
512 117
522 117
514 119
513 121
513 123
514 133
517 133
515 134
513 135
513 136
514 139
519 139
513 140
514 142
514 146
512 147
510 152
515 153
513 153
515 155
513 157
511 163
514 166
513 168
513 172
514 175
514 178
514 182
513 184
513 189
512 193
514 198
513 201
513 207
513 211
513 213
514 222
513 226
513 230
514 238
518 241
513 246
518 250
513 252
510 261
513 268
513 271
514 275
512 279
513 287
515 291
514 295
513 302
515 305
513 310
513 316
513 322
512 326
513 333
513 336
513 342
513 349
514 393
514 396
513 402
513 407
513 413
514 421
512 428
512 436
513 441
511 448
515 451
509 457
510 462
513 466
515 471
517 473
513 477
513 483
514 489
511 495
510 499
513 510
518 513
513 522
511 526
515 535
513 540
512 545
513 551
512 556
514 560
513 566
513 570
513 573
512 580
511 587
514 591
513 597
512 602
513 608
512 614
514 620
513 626
514 632
512 639
514 645
513 650
513 656
512 663
516 667
512 673
515 678
513 683
508 689
515 699
517 699
514 704
517 742
515 743
513 747
513 752
513 756
511 760
512 764
511 768
513 772
512 775
510 781
510 784
400 784
321 790
328 795
365 801
336 804
366 809
404 812
364 816
389 821
386 825
371 829
384 832
354 836
405 838
432 844
367 844
395 849
403 858
393 852
426 858
373 859
395 865
401 868
415 871
410 875
397 878
407 881
424 883
409 885
427 887
432 889
448 891
439 892
440 894
426 896
461 897
482 899
404 901
476 902
416 903
462 904
418 910
448 907
448 909
463 908
451 917
481 918
469 917
479 918
497 920
436 920
451 920
483 921
488 921
489 921
462 923
478 924
488 923
484 924
471 922
480 923
478 924
500 923
489 923
491 922
475 923
510 921
504 926
502 920
506 920
514 917
514 915
515 912
513 911
514 908
513 906
512 905
516 903
513 903
513 901
518 899
514 898
514 896
513 894
512 891
513 890
513 886
513 884
509 882
513 878
513 876
514 875
514 869
513 867
513 863
514 862
513 858
514 856
511 851
513 847
513 843
511 838
514 809
513 806
514 803
512 795
513 789
512 786
513 780
512 766
513 771
513 764
512 760
513 756
514 751
513 742
512 741
514 737
513 730
514 725
514 721
513 715
513 707
513 705
513 698
513 692
513 688
513 684
514 677
513 674
514 668
518 663
513 659
513 651
513 647
514 640
513 634
515 629
516 619
512 615
516 607
513 601
516 595
503 595
513 583
515 578
513 576
516 568
512 568
513 560
513 557
513 555
516 546
513 543
514 533
512 528
513 523
513 516
516 508
513 433
512 413
509 417
517 415
512 409
514 403
512 397
513 389
515 384
513 381
514 373
514 368
517 363
515 358
514 352
516 349
514 341
513 336
513 331
514 326
514 321
514 317
513 312
514 307
514 301
513 298
513 293
513 291
514 286
513 281
514 277
514 273
514 269
514 261
518 258
514 247
515 254
521 247
737 250
780 243
741 239
695 230
682 228
673 225
640 219
636 215
633 211
651 208
638 207
635 201
606 197
634 192
631 191
641 187
623 184
633 182
644 144
632 144
617 143
569 142
556 139
592 139
576 137
590 135
563 134
611 134
578 131
593 128
562 126
573 126
582 126
584 125
568 124
548 120
573 123
583 121
560 120
560 120
547 118
577 117
584 119
555 117
539 116
563 115
569 115
557 109
540 113
533 115
561 114
540 117
561 114
527 116
542 113
563 113
554 114
525 114
520 115
521 116
526 119
516 118
514 123
513 123
514 125
514 128
514 129
513 131
513 132
514 134
513 135
517 136
514 138
514 140
514 141
513 178
514 180
512 183
514 187
514 192
512 195
513 196
513 200
514 208
513 213
513 217
513 224
514 230
513 235
513 240
513 242
514 245
513 252
514 259
512 262
514 265
513 271
513 279
515 286
514 289
513 293
513 297
513 303
514 307
513 311
513 318
513 325
513 329
514 335
513 340
513 344
513 350
514 357
513 361
513 365
513 370
513 375
514 380
513 388
514 390
513 398
502 405
513 409
513 421
513 423
513 430
509 441
514 441
513 451
516 454
514 459
511 464
513 508
513 512
513 516
513 523
514 529
512 536
513 540
514 548
511 552
514 557
511 564
514 567
513 572
513 578
513 582
514 589
514 593
505 599
512 603
506 610
512 616
513 623
512 629
503 635
513 643
515 648
514 656
514 659
513 665
513 670
513 676
511 681
512 686
512 691
513 695
513 701
515 705
513 711
512 716
513 718
514 724
511 729
513 734
514 740
513 745
513 746
515 753
511 757
516 761
511 765
513 769
512 776
512 778
513 782
509 786
366 785
298 791
310 853
382 855
386 858
415 860
420 863
377 867
357 870
389 873
435 876
420 879
396 881
419 883
417 885
450 888
427 890
454 892
445 894
423 896
456 897
402 900
453 901
439 902
447 902
450 905
445 905
474 906
434 912
478 910
412 911
446 911
462 913
476 913
449 916
424 916
469 919
472 917
474 918
462 919
471 920
468 921
481 922
463 921
459 923
483 923
482 922
476 922
476 923
473 923
490 922
491 922
487 923
455 922
469 923
493 921
512 922
482 923
478 920
515 891
513 889
512 888
513 885
513 880
513 879
514 878
501 875
513 871
504 869
514 866
513 864
514 860
513 856
512 855
513 850
513 846
513 842
513 837
513 833
513 827
514 824
512 819
513 815
514 807
514 804
515 797
514 791
513 786
514 783
513 778
516 775
513 771
513 762
516 756
513 753
513 750
514 742
512 738
513 734
513 729
513 722
513 716
513 713
513 709
513 702
513 696
519 690
513 686
513 681
513 676
513 670
513 667
503 660
513 655
502 651
513 644
517 555
504 552
513 550
513 545
514 541
514 533
512 527
508 520
512 514
513 505
514 500
513 495
516 488
514 484
513 477
515 474
513 467
514 463
513 459
514 452
512 450
514 442
514 437
513 432
514 427
508 416
514 412
513 407
513 401
515 394
513 389
513 382
514 377
513 372
516 366
514 361
518 355
513 349
513 344
512 339
513 334
514 329
515 325
513 320
515 315
514 310
515 305
514 300
513 296
514 292
514 289
513 285
514 279
514 275
514 271
514 265
521 251
647 218
682 214
650 213
636 206
656 202
656 198
638 196
604 193
603 189
655 186
630 182
600 180
634 176
631 174
646 166
635 168
598 162
643 160
619 158
631 155
584 154
604 152
613 151
574 150
593 145
588 144
600 142
603 141
577 139
604 139
553 135
605 134
601 133
589 132
578 132
574 129
575 127
562 126
565 126
542 125
598 124
583 121
581 122
550 120
588 120
572 120
558 118
552 118
545 116
574 116
566 115
546 115
558 115
545 115
557 114
556 113
537 113
513 133
514 134
514 135
504 136
515 138
514 140
513 140
514 142
514 145
514 148
513 150
513 153
513 156
514 157
513 160
520 163
513 165
513 168
514 171
514 174
513 177
513 181
515 184
513 189
511 193
513 197
512 201
513 205
514 212
514 216
514 221
513 222
513 229
516 234
513 241
513 247
513 250
514 255
513 260
514 265
506 271
514 277
515 279
513 283
513 291
514 297
503 300
514 305
514 311
514 314
514 320
513 327
513 332
514 335
508 341
513 348
513 352
511 454
510 458
507 461
515 466
504 470
514 474
511 478
513 481
512 489
516 492
514 500
511 505
512 512
513 519
514 526
514 532
513 538
511 545
513 549
511 556
515 559
513 564
513 570
513 573
512 581
512 584
513 590
515 595
512 601
512 608
515 613
512 619
513 626
513 632
513 638
512 645
512 650
514 656
512 662
512 666
514 672
510 678
513 683
513 687
513 694
513 699
512 704
513 709
512 714
513 719
513 724
511 730
513 735
511 737
514 742
515 747
513 838
381 840
403 842
382 846
402 849
388 852
415 855
416 858
383 861
420 864
398 867
395 872
411 874
393 878
408 881
418 883
404 885
430 887
411 888
460 890
415 892
436 895
422 896
457 897
453 898
424 901
443 902
433 903
447 905
482 905
426 907
434 910
454 912
464 911
459 912
442 913
453 914
466 916
477 916
440 904
480 919
453 918
482 919
467 920
450 921
468 920
493 921
481 919
481 922
464 922
480 922
500 922
494 924
458 923
474 923
483 922
509 922
503 921
495 921
504 919
510 918
516 917
512 914
513 912
513 911
503 907
514 904
511 904
512 903
513 902
515 901
512 897
526 896
513 896
514 893
516 891
513 889
513 884
512 884
513 881
513 880
513 876
513 873
513 870
514 868
513 864
513 862
513 859
515 855
514 851
513 848
514 845
514 840
513 835
514 831
513 825
514 821
513 817
513 810
513 806
512 800
512 794
515 791
514 786
513 783
515 775
511 778
514 767
513 762
514 754
514 750
513 746
513 741
513 736
514 696
514 694
514 688
513 684
512 678
513 674
513 668
512 665
513 659
513 655
513 649
514 641
513 636
513 628
513 621
513 614
515 609
514 601
513 594
512 590
522 583
513 580
513 575
514 570
513 569
513 561
514 558
513 553
515 546
511 543
513 534
515 530
513 523
514 515
513 512
516 503
512 499
516 491
513 486
513 481
515 475
514 469
515 465
515 462
514 456
514 451
514 447
513 440
509 435
515 428
507 434
519 425
513 410
512 404
514 397
514 391
515 386
515 350
520 347
514 343
514 340
514 336
514 331
512 327
514 323
513 317
514 313
514 307
515 303
513 298
515 294
513 290
514 287
514 281
514 278
513 274
514 268
513 268
516 250
517 258
528 252
515 248
730 254
788 243
747 236
677 232
634 229
662 224
694 220
628 216
