513 330
514 333
513 338
513 341
514 346
513 350
513 356
514 358
513 365
513 369
512 375
513 382
515 384
514 393
515 398
513 401
514 411
513 414
507 424
514 432
513 438
514 441
513 450
514 453
513 458
512 463
514 465
513 472
514 473
513 480
511 485
513 488
510 496
515 499
514 509
514 514
513 522
510 529
515 533
512 542
513 545
511 551
513 552
514 561
512 566
513 570
511 576
514 579
513 586
512 592
513 596
513 604
514 609
512 615
514 621
513 628
513 634
509 626
514 617
513 613
515 603
512 600
513 590
511 589
513 580
516 574
513 575
513 565
512 567
514 560
516 557
513 552
515 544
514 541
516 533
513 527
514 521
514 514
513 508
514 499
511 496
515 490
514 484
515 479
512 475
514 470
513 464
513 460
513 455
515 450
516 446
515 438
513 432
514 426
515 420
513 410
514 407
514 402
515 396
513 391
514 383
515 378
513 372
514 368
513 361
519 356
513 351
513 345
514 340
514 334
513 330
513 326
512 321
514 314
514 574
513 577
512 582
513 588
513 594
513 599
514 606
512 612
513 619
513 625
513 631
512 638
513 643
515 649
508 655
510 660
514 666
513 671
513 676
512 681
513 687
513 693
513 697
512 703
512 708
513 712
512 718
513 723
514 729
513 733
513 739
512 743
514 746
513 750
513 756
513 758
513 763
514 767
513 772
513 776
513 781
509 785
416 786
417 791
371 795
377 801
369 805
360 808
412 811
381 816
355 821
372 826
379 829
375 833
380 839
371 839
416 842
496 918
486 918
483 919
480 921
475 924
440 922
473 920
497 922
464 922
468 923
483 923
493 923
487 923
474 921
494 923
492 923
478 922
473 922
493 924
506 921
509 921
482 921
514 919
507 917
509 920
516 915
514 913
514 911
513 902
512 906
512 905
513 903
513 902
511 903
513 899
514 898
514 895
513 894
513 892
514 890
513 887
513 884
512 882
514 880
514 877
513 873
513 871
514 868
514 868
513 864
513 859
513 856
510 852
514 848
514 844
514 840
512 836
514 658
514 655
513 654
514 646
514 643
513 636
513 630
509 625
514 617
514 608
513 600
513 597
514 588
514 584
514 578
514 572
514 572
514 566
512 564
514 558
513 553
513 549
514 543
514 537
514 530
512 524
514 517
514 511
515 504
513 499
513 492
512 491
514 482
515 479
515 474
517 469
513 464
513 457
513 453
513 449
515 446
518 431
516 430
512 426
516 417
515 411
514 405
514 398
513 393
514 388
514 380
513 376
515 370
512 363
514 359
515 353
513 269
514 275
523 269
514 264
513 260
513 255
517 251
627 250
640 245
655 240
653 236
675 232
651 228
644 224
640 220
649 217
691 212
643 209
635 204
647 200
647 198
626 194
621 191
626 189
624 186
627 182
603 179
639 175
661 173
623 169
608 165
657 165
627 165
601 159
605 159
612 153
622 150
571 149
576 147
592 146
571 144
604 143
565 140
609 139
577 138
586 136
566 134
607 133
612 131
547 130
594 128
581 128
589 127
565 125
578 124
575 122
582 122
556 114
534 113
539 113
533 116
546 115
526 114
528 117
518 116
536 119
527 117
514 119
513 120
515 122
513 125
513 127
514 128
514 131
513 133
514 134
514 135
513 137
513 137
513 139
513 142
514 143
513 147
517 147
515 144
514 152
528 136
513 158
514 161
513 162
513 167
513 169
513 174
513 176
516 179
514 182
513 185
514 189
513 194
514 196
513 202
513 209
514 213
513 215
513 222
513 228
514 233
513 239
514 243
513 245
514 250
515 256
513 262
513 267
514 328
513 332
513 335
514 344
515 345
514 349
513 357
513 360
513 366
513 369
514 375
513 380
513 386
514 392
513 396
513 402
513 412
514 415
512 426
514 429
513 438
512 444
513 447
514 455
514 456
513 462
513 466
514 471
511 475
513 478
514 487
514 488
513 498
514 500
514 507
513 514
512 519
512 528
514 531
511 540
515 545
513 550
512 556
514 561
513 566
513 568
512 577
514 579
512 584
511 592
514 595
514 603
514 607
512 615
511 622
514 627
513 634
513 729
513 732
513 736
514 741
514 747
512 749
513 752
514 757
513 760
514 764
513 770
513 774
512 779
513 783
509 786
406 788
355 794
366 798
394 802
369 805
394 809
386 813
371 817
379 821
363 825
383 830
377 832
380 836
395 841
426 848
381 846
401 850
409 852
402 859
381 860
389 866
403 866
403 870
420 873
384 875
382 878
415 881
433 882
430 887
416 887
428 888
415 890
457 893
405 894
450 895
455 897
448 898
434 900
422 901
462 903
400 904
450 907
493 923
493 922
488 926
492 923
489 923
503 923
462 923
502 922
509 924
485 923
487 922
500 922
502 922
499 922
503 921
515 918
514 916
512 914
511 913
514 910
513 907
514 907
514 904
513 905
513 901
513 900
514 899
513 897
514 895
514 893
513 891
514 893
514 887
515 883
512 881
513 878
513 875
513 875
513 870
513 866
513 863
514 860
513 857
513 854
513 851
513 846
514 844
513 838
513 833
514 828
513 824
513 818
512 815
513 809
521 806
514 798
513 794
513 680
512 678
513 672
514 665
512 661
513 657
514 650
513 646
514 639
514 632
513 623
514 615
513 614
514 606
513 598
513 594
514 592
512 582
514 578
513 573
513 569
514 565
513 562
514 555
511 552
514 545
513 540
513 534
515 528
515 521
514 515
514 506
516 502
512 495
514 489
513 485
513 480
515 473
512 471
516 465
513 460
513 456
516 449
511 444
503 439
514 452
515 427
515 420
514 416
515 408
514 402
514 395
513 390
514 385
513 379
514 374
513 368
514 346
513 343
514 337
514 334
514 330
513 325
515 320
514 315
515 310
514 307
513 301
514 295
513 294
513 288
514 286
513 281
512 275
526 259
513 266
515 262
516 256
515 253
519 249
645 241
659 243
659 235
649 234
635 232
646 227
669 224
639 222
630 214
663 211
634 207
659 202
622 200
627 196
648 194
606 189
610 186
657 184
638 180
631 177
623 175
633 171
636 168
604 165
628 161
614 160
611 154
603 154
561 153
631 151
595 149
581 147
581 144
601 144
590 132
583 131
569 129
582 129
551 127
598 126
574 125
583 124
548 122
608 121
560 120
539 118
574 116
564 117
580 117
568 118
525 117
587 117
567 122
525 116
571 113
548 114
533 114
551 114
525 114
548 114
543 114
519 114
528 115
549 115
518 116
523 111
525 118
522 117
517 118
513 120
516 124
514 126
513 127
514 133
514 132
514 134
514 134
515 135
513 137
514 139
513 141
513 140
515 145
513 148
517 150
517 143
512 158
512 153
513 159
513 160
514 164
514 186
514 189
514 191
513 195
514 198
514 203
514 209
514 213
514 221
514 226
513 231
513 233
513 239
514 245
513 247
513 254
513 260
513 262
513 268
513 276
513 279
514 279
516 290
513 297
514 299
513 305
513 311
514 314
513 319
513 327
514 331
513 336
514 343
513 348
513 352
514 358
514 363
513 367
514 373
514 370
513 383
513 387
513 394
512 400
513 405
514 413
513 419
513 426
513 434
514 441
512 447
514 450
513 456
513 460
514 464
512 470
514 505
513 509
513 513
514 518
513 524
512 531
513 536
513 543
514 548
513 553
515 558
513 558
510 570
514 573
513 577
514 581
513 587
512 593
512 599
512 605
513 611
511 618
513 625
514 630
514 637
513 641
512 649
512 653
512 660
513 665
512 670
513 676
513 679
513 687
514 693
513 697
513 702
513 707
513 712
512 716
512 722
513 728
512 732
513 737
513 743
512 746
513 751
513 753
513 758
513 762
514 766
512 771
514 775
511 781
510 785
439 787
402 791
389 818
393 823
358 825
355 828
386 831
363 836
396 836
391 841
372 845
416 849
409 852
369 855
406 858
398 860
399 863
416 862
379 871
419 874
422 878
397 881
405 882
431 883
450 886
389 888
450 889
440 892
438 893
422 895
414 896
459 898
452 902
435 901
420 903
451 904
453 905
422 907
441 908
460 909
469 911
450 912
443 914
453 914
451 915
444 916
442 916
469 918
473 920
443 920
459 921
470 921
472 922
480 921
467 919
481 922
475 924
489 923
470 924
490 910
513 908
513 915
513 906
513 904
519 903
513 902
513 901
513 900
512 898
513 896
513 894
513 892
513 890
515 887
513 884
514 882
514 880
513 876
515 875
513 872
513 871
513 864
514 863
513 860
514 856
514 853
514 850
513 846
514 841
514 836
513 832
513 827
513 821
515 817
513 814
514 808
514 801
511 796
513 792
514 786
514 782
513 779
513 771
513 767
518 761
513 757
513 751
513 747
514 742
513 739
513 733
513 727
513 720
513 716
513 710
513 702
514 631
513 627
513 622
512 615
514 608
512 601
513 595
513 589
514 586
513 578
513 577
514 571
514 568
513 564
513 559
512 555
515 548
512 547
513 538
515 531
513 526
515 518
512 513
513 505
513 499
513 494
514 487
513 484
513 478
515 474
514 464
514 464
514 459
514 455
513 445
515 441
514 439
521 431
515 424
513 418
515 412
513 405
514 399
514 393
514 388
513 382
515 376
514 372
514 364
513 359
514 354
514 348
514 343
513 338
513 333
513 328
514 324
513 260
515 257
515 254
520 251
582 246
629 244
634 242
667 236
641 233
653 229
642 225
677 221
633 217
645 214
662 209
668 206
638 201
619 198
657 194
624 195
622 189
619 185
627 182
644 175
616 176
614 171
629 169
673 166
629 164
587 158
607 157
622 156
623 153
593 151
619 150
569 147
581 147
590 144
599 143
610 139
568 139
586 136
556 137
619 132
561 133
554 130
602 131
574 129
588 127
556 127
593 125
576 124
580 123
549 122
583 121
570 119
544 114
536 113
540 114
543 114
547 115
537 111
537 114
541 114
535 113
528 112
529 115
541 114
531 116
524 116
518 116
520 118
514 120
514 123
513 122
514 128
514 130
514 131
514 128
514 134
513 132
513 136
516 138
513 140
513 142
513 142
513 146
516 153
516 151
519 156
515 156
512 161
513 160
514 164
513 166
513 168
514 172
507 175
514 179
513 183
513 182
514 189
513 191
513 197
514 203
514 208
514 212
514 216
513 222
513 228
513 231
513 237
513 241
513 247
512 330
514 334
513 338
513 344
513 350
514 354
513 360
516 366
514 364
513 375
513 380
514 384
512 392
513 395
514 403
514 409
514 416
512 423
513 429
514 437
515 441
514 448
513 451
514 458
512 464
514 463
513 471
513 475
513 477
513 485
515 488
513 495
511 500
513 506
512 513
513 520
514 528
513 533
514 539
512 539
512 550
511 551
513 559
514 565
512 570
516 576
510 580
513 584
512 589
513 597
513 601
511 608
515 615
513 621
513 626
512 632
513 640
512 722
513 725
512 729
513 735
514 739
513 743
512 748
512 749
512 757
512 759
513 762
513 769
513 774
514 777
514 782
499 786
418 791
400 792
401 797
376 801
369 803
384 809
391 812
349 817
361 821
380 826
373 829
361 833
388 835
403 839
402 836
379 846
401 843
428 853
387 856
410 859
382 865
394 866
433 866
375 873
417 875
408 878
406 880
411 883
411 883
432 888
419 888
431 893
435 893
452 893
438 895
418 898
450 898
432 900
477 901
419 903
474 904
466 921
483 922
483 921
481 922
466 921
493 922
481 920
487 923
480 922
486 924
489 921
493 924
472 922
493 922
504 921
493 922
487 921
501 921
507 920
506 918
512 916
513 913
513 912
513 910
514 906
513 904
513 904
513 902
513 902
513 901
514 898
513 897
513 894
514 895
514 891
513 888
514 885
515 884
515 885
514 878
511 875
515 873
513 869
513 867
513 860
513 860
514 855
514 853
512 851
515 848
512 843
513 840
514 834
513 829
513 823
515 819
513 763
515 760
514 757
513 754
513 752
513 747
513 740
514 736
513 730
512 724
512 720
513 711
512 706
514 703
513 698
514 690
513 687
513 683
513 673
514 672
512 667
514 661
514 657
513 651
514 645
514 640
513 633
514 625
514 616
518 613
514 601
512 600
514 594
514 587
513 583
512 576
513 574
514 570
514 566
513 561
514 553
512 553
513 547
511 541
513 535
519 526
513 523
517 515
515 508
512 504
515 495
512 491
513 486
514 481
515 477
514 471
516 466
513 356
514 353
514 350
515 348
512 341
514 333
514 331
513 319
514 322
514 317
514 311
514 307
515 301
513 297
514 292
514 288
513 284
514 280
513 282
515 271
511 269
513 263
514 258
513 253
519 250
652 248
628 244
638 238
670 235
642 232
643 226
641 224
668 216
683 215
643 209
644 206
686 203
630 199
627 196
647 194
636 191
625 188
613 185
616 181
646 178
650 175
627 171
602 168
670 164
622 162
609 160
609 166
592 154
648 152
592 151
609 149
608 147
568 122
577 120
569 119
578 119
567 118
549 117
596 117
556 116
553 116
537 110
531 117
575 103
533 114
531 106
542 114
560 114
526 114
538 113
536 114
550 114
538 113
526 115
529 115
540 115
530 116
513 118
517 119
515 120
513 123
513 126
514 127
514 129
514 131
513 134
514 134
513 136
515 137
513 138
514 139
513 141
513 144
514 146
518 146
513 148
512 151
516 158
514 159
514 161
513 164
514 167
513 170
513 174
514 176
515 179
515 183
514 186
513 191
513 280
513 292
513 284
522 292
513 299
513 305
514 307
513 313
513 322
514 325
514 328
513 338
514 342
514 346
516 354
513 361
513 361
513 367
514 371
513 379
513 381
513 387
514 394
514 398
512 407
513 412
514 419
513 426
513 432
512 441
514 442
513 452
513 454
513 461
511 464
514 463
513 473
513 475
513 481
514 485
512 492
514 497
514 503
511 511
514 515
513 524
517 529
513 536
516 539
514 548
511 553
514 556
510 563
513 565
513 573
512 576
514 582
514 604
513 607
512 611
513 617
512 622
511 627
515 635
513 639
513 648
514 654
512 659
513 664
512 670
514 676
512 681
513 687
513 691
514 698
512 702
513 707
513 711
514 716
513 722
513 727
513 731
513 737
512 741
512 746
512 749
513 753
512 759
513 762
514 767
513 770
512 775
514 779
512 784
439 787
395 791
378 794
403 799
381 803
389 806
367 811
394 814
374 818
337 818
382 826
397 828
382 834
375 834
399 841
397 844
394 848
391 849
398 854
427 856
418 872
408 882
372 883
419 886
463 887
447 889
433 891
389 893
435 894
411 897
440 898
472 898
432 898
475 901
410 903
453 904
461 907
453 906
438 909
440 910
489 912
449 913
446 913
465 915
442 915
455 918
441 918
461 919
484 920
482 921
440 923
461 915
483 922
495 922
452 922
474 922
497 923
491 923
465 923
474 923
498 926
483 925
485 922
486 923
499 921
492 917
491 922
502 920
507 920
512 918
512 915
513 912
513 910
514 908
513 907
520 905
513 904
513 894
513 893
512 891
513 888
513 886
513 882
513 880
515 878
515 874
515 872
512 871
514 866
514 865
513 859
514 857
514 853
513 846
512 845
513 839
513 837
514 834
513 828
514 823
514 816
514 813
513 807
514 805
516 805
514 791
513 790
513 783
512 779
514 772
513 766
511 763
513 757
513 753
512 748
513 743
515 736
513 733
513 727
513 722
513 718
514 713
512 706
514 700
514 695
513 690
512 686
512 680
513 674
514 670
512 665
514 659
515 653
513 651
513 609
515 602
513 598
514 585
513 587
513 580
514 577
513 573
514 567
513 564
513 558
513 556
515 549
514 546
516 537
513 532
514 526
514 519
514 513
516 505
511 501
513 494
515 489
513 485
515 480
514 474
514 470
515 463
513 459
514 453
512 449
514 444
514 437
514 430
523 424
512 418
513 413
515 407
514 400
514 394
514 388
513 382
515 376
514 372
515 365
513 360
514 355
514 349
514 343
513 338
514 334
514 329
514 324
514 319
514 314
514 308
515 304
514 277
514 274
516 268
510 264
513 259
514 256
515 252
578 250
642 246
644 244
640 238
649 234
638 229
662 228
628 222
673 219
694 213
643 210
644 207
638 202
649 198
644 195
623 190
609 189
653 186
614 183
622 181
649 177
591 173
676 170
622 167
657 163
612 161
576 156
637 157
613 152
614 145
596 143
572 147
618 145
580 149
604 142
582 143
605 139
606 140
568 135
574 136
572 133
599 132
567 131
573 131
601 128
579 126
563 126
568 124
589 122
569 113
519 113
550 115
554 114
537 113
531 117
550 114
533 114
543 115
520 115
538 115
529 114
529 118
514 118
512 119
515 123
514 124
514 127
514 129
513 130
514 132
514 134
513 134
514 136
514 137
514 140
514 140
514 143
513 145
515 146
515 141
512 152
510 156
515 163
515 161
514 162
513 165
513 167
514 171
514 175
513 177
515 181
514 185
513 189
513 192
513 197
513 201
513 205
514 211
513 214
512 220
514 225
513 229
515 235
513 243
513 248
513 250
513 319
514 323
513 327
513 331
513 339
513 344
514 349
513 354
513 359
513 365
514 370
513 373
513 381
514 383
514 389
511 398
514 399
513 410
514 414
513 422
513 431
514 433
513 445
514 447
514 452
510 459
513 460
513 467
514 469
513 474
514 478
513 483
513 487
513 494
513 500
514 507
509 513
514 520
514 526
514 531
513 539
512 550
514 550
510 561
513 558
514 566
516 569
514 577
510 579
513 583
511 590
514 596
512 601
514 607
513 613
512 620
512 625
513 693
513 707
514 706
512 709
514 714
512 719
512 725
513 729
513 734
513 739
513 743
514 747
514 751
514 755
513 758
513 764
514 767
513 773
514 776
511 781
510 785
412 788
367 793
375 798
388 801
380 805
361 808
392 812
380 817
344 821
380 826
377 827
374 832
397 836
381 839
395 843
397 845
387 849
397 852
428 856
385 859
370 863
395 866
423 870
409 871
363 877
389 878
429 880
435 882
413 884
410 884
430 888
429 890
430 892
432 894
457 895
451 897
428 910
445 911
435 911
449 914
462 913
428 913
433 915
477 916
435 918
458 918
456 919
462 919
498 921
435 922
479 922
491 922
483 924
458 922
487 928
490 924
496 923
473 923
476 923
499 922
490 921
480 922
502 921
498 921
489 921
486 921
511 919
509 919
515 917
512 915
511 912
512 910
514 908
513 906
513 905
513 903
513 902
514 903
517 899
513 897
513 894
513 894
513 891
513 889
513 886
514 884
514 882
511 880
514 876
512 873
514 871
514 867
514 865
512 792
513 790
512 784
513 780
513 776
514 770
513 766
513 759
512 763
513 751
513 747
514 741
513 737
513 731
513 725
513 720
514 716
513 708
513 702
513 698
514 693
513 687
514 683
513 675
514 671
513 672
514 662
513 664
512 650
513 646
513 642
515 632
513 629
513 618
513 612
515 608
513 599
513 594
514 588
512 584
513 578
514 574
513 570
514 568
513 561
513 558
513 552
514 546
513 543
517 547
515 531
513 534
515 515
513 511
515 502
512 497
513 492
513 407
513 403
515 396
513 392
514 385
513 380
513 375
513 368
514 363
514 357
514 352
519 346
513 341
513 336
514 332
513 330
513 321
513 316
513 311
514 307
513 302
514 297
513 293
514 289
514 285
513 280
513 276
514 268
511 265
518 266
515 259
514 254
516 255
629 248
659 244
665 239
649 234
652 232
652 228
648 223
665 220
659 215
664 210
650 208
636 204
628 200
651 197
623 194
617 191
631 188
615 185
610 181
630 179
630 171
617 173
640 168
623 166
582 133
594 133
577 132
554 130
577 129
577 128
588 126
581 125
580 124
583 124
562 121
561 121
566 119
590 119
574 118
537 116
562 116
562 116
558 115
559 116
532 112
564 113
535 95
536 118
533 113
557 114
542 114
535 114
531 114
553 114
526 115
523 115
538 115
546 116
516 117
515 119
514 114
514 123
513 134
516 131
514 133
513 132
514 132
514 132
513 135
513 136
514 138
514 140
513 144
516 144
513 146
513 150
515 150
513 136
515 155
504 150
518 161
514 199
514 204
514 212
514 213
513 218
513 224
513 229
514 234
512 238
519 243
513 258
515 252
514 255
513 262
513 266
513 270
514 278
512 283
514 289
509 298
523 297
513 303
514 307
514 313
513 318
514 324
513 330
514 335
513 340
513 346
513 351
513 355
513 362
513 365
513 372
513 376
514 380
512 387
514 391
514 398
513 404
513 409
513 419
514 424
512 432
512 438
514 444
511 455
514 452
513 460
513 463
513 466
513 472
515 474
512 481
512 485
514 490
512 594
513 597
514 616
514 610
513 616
511 623
513 628
513 635
513 641
512 646
512 653
511 659
514 664
515 669
512 686
515 682
513 689
512 691
512 700
513 700
513 706
512 711
513 717
513 721
514 727
513 731
513 736
514 740
513 745
514 749
514 753
513 756
514 762
513 765
513 770
513 775
513 778
511 784
487 786
394 798
384 793
362 809
388 803
358 809
377 811
384 817
371 818
389 835
359 827
387 830
390 834
367 839
387 840
425 843
381 846
397 849
408 855
439 896
448 908
431 899
437 904
442 902
459 916
414 904
461 906
464 907
456 908
433 910
445 911
461 912
451 913
436 915
440 915
478 917
453 920
447 918
462 919
461 920
488 921
460 921
475 922
477 922
481 923
465 923
461 923
494 923
482 923
475 923
487 922
501 923
481 923
483 924
505 921
492 922
503 920
491 919
512 919
514 917
513 916
512 913
513 910
513 912
513 906
513 905
514 903
514 913
513 901
512 902
512 898
514 897
514 893
513 893
513 892
513 812
512 807
513 802
514 797
512 789
513 788
513 784
513 778
513 773
514 767
513 763
513 758
513 753
513 748
513 743
513 737
513 732
514 729
513 724
513 717
514 711
513 707
513 701
514 695
513 690
513 690
513 679
513 680
514 671
512 666
512 661
512 656
515 649
513 644
514 639
513 631
514 624
513 620
514 610
475 603
513 597
514 592
514 586
515 581
515 576
512 572
515 568
513 566
513 561
515 554
512 551
514 543
510 540
512 531
513 527
514 522
517 512
513 487
514 484
514 481
514 477
516 473
513 469
515 464
513 460
513 455
515 449
516 443
514 437
513 428
512 430
517 420
515 412
514 406
513 401
514 393
513 388
513 383
515 377
513 372
516 366
513 361
512 356
514 349
512 345
513 339
516 335
514 330
514 325
513 319
513 315
513 310
514 305
513 300
515 296
514 291
514 287
513 281
515 279
514 275
519 271
516 261
510 259
512 257
515 251
563 250
633 246
630 242
640 238
624 234
665 230
677 225
645 223
628 217
672 192
617 191
632 189
631 186
642 184
615 180
605 177
654 174
626 170
634 167
608 159
631 171
636 159
597 146
608 161
608 154
594 150
572 148
582 145
605 152
595 143
593 141
570 140
584 138
590 136
571 135
579 133
610 131
581 131
570 130
567 128
606 127
585 125
565 125
591 123
566 122
579 121
558 120
558 119
586 118
551 116
548 117
557 115
578 115
545 126
549 116
550 111
555 117
546 122
537 114
549 114
538 114
543 114
525 114
546 115
550 114
535 116
519 124
514 125
513 127
513 129
513 131
513 132
514 134
514 135
514 137
514 134
514 139
514 140
513 143
514 145
513 147
513 151
510 155
514 150
508 158
514 160
515 166
514 173
513 168
515 181
514 174
514 178
513 181
513 186
513 188
513 193
514 195
514 200
513 206
514 210
513 215
513 221
514 227
513 232
513 235
513 241
513 246
513 250
513 255
513 259
514 263
514 267
513 277
513 281
513 286
513 289
518 294
515 301
