578 114
573 115
564 115
575 115
543 115
588 115
560 115
533 116
538 116
540 117
517 120
513 121
514 124
514 126
514 128
513 130
514 132
513 134
513 135
514 135
516 137
515 138
518 131
516 144
513 144
514 147
512 150
513 151
514 154
514 158
513 160
513 163
514 165
513 170
514 172
513 175
514 178
514 181
513 185
514 188
513 193
515 196
513 200
514 205
514 210
514 217
513 222
514 226
514 232
513 236
513 242
514 247
514 249
514 258
513 262
515 265
509 273
416 918
414 920
431 920
427 920
399 921
432 921
435 921
432 922
458 922
428 921
447 929
470 922
442 923
452 922
446 921
479 922
465 921
468 923
462 923
469 920
501 922
488 919
505 916
514 915
512 913
512 908
513 907
512 906
513 904
513 904
511 903
513 901
513 899
513 898
512 896
515 896
514 892
512 889
513 888
512 883
514 881
513 878
514 876
513 875
513 871
512 868
513 867
512 862
513 859
513 855
513 850
512 847
514 845
512 839
512 835
513 829
513 825
512 187
514 189
513 195
514 199
513 203
513 207
514 211
514 216
514 222
513 228
514 233
513 238
515 242
514 247
513 254
508 259
515 274
521 268
516 271
509 276
514 282
513 288
512 292
513 298
514 302
514 307
514 314
513 319
514 324
514 331
513 335
514 339
513 347
513 349
513 355
513 363
513 363
513 370
516 377
514 378
513 389
514 391
513 397
514 407
514 405
511 421
513 422
513 431
513 442
518 440
513 449
513 454
513 460
514 461
514 468
512 470
513 477
514 689
513 693
513 696
513 701
513 706
513 711
512 716
514 721
513 729
513 731
514 735
512 741
514 745
513 749
513 753
514 757
514 761
513 766
513 769
514 775
510 778
508 782
479 786
284 787
208 790
222 796
230 800
210 803
241 808
235 812
222 816
220 821
206 825
240 829
260 833
232 841
274 840
301 843
295 846
286 849
292 853
296 855
288 859
282 862
284 865
269 868
282 872
272 874
317 877
303 879
321 882
318 883
335 887
315 888
341 890
390 892
360 893
413 914
421 915
415 916
433 917
385 916
392 918
430 920
443 919
425 919
434 921
441 922
443 921
452 927
443 922
445 922
442 922
461 923
454 922
465 922
455 923
459 922
467 921
490 922
449 922
479 922
497 920
510 919
509 916
512 915
513 910
509 909
517 905
513 905
514 904
512 903
512 902
512 901
514 899
513 897
513 895
514 893
513 890
513 888
511 886
513 884
513 880
513 879
512 874
514 871
513 869
512 868
514 864
511 860
514 857
513 853
513 849
514 769
513 765
513 764
514 759
512 754
513 749
513 743
513 740
513 734
513 728
514 725
514 718
513 711
513 708
514 703
513 695
514 690
515 682
513 681
514 680
512 670
513 664
513 661
511 655
513 649
513 644
513 638
513 630
513 626
513 616
513 610
512 607
513 595
513 594
513 586
514 581
512 577
513 570
512 572
515 561
513 561
514 555
514 550
513 546
513 543
514 534
513 526
512 521
514 512
513 508
514 500
513 495
512 490
514 483
514 479
514 473
516 470
512 653
513 643
512 641
513 636
513 629
513 621
513 616
513 606
514 603
513 597
513 589
514 584
513 577
513 576
513 570
513 569
513 563
513 557
514 553
513 548
513 544
513 540
513 530
513 528
516 518
512 511
515 504
513 498
514 493
514 487
514 482
513 476
513 471
512 467
518 459
514 458
514 454
514 447
514 441
514 435
514 430
514 424
513 417
514 410
516 404
512 399
514 392
512 386
513 380
514 376
514 371
513 365
514 359
513 352
514 348
512 343
513 339
515 203
792 200
755 198
761 196
721 192
737 190
747 185
752 183
758 179
733 177
728 172
778 175
783 168
708 164
713 163
741 158
709 156
689 155
661 152
666 150
665 148
655 146
667 146
682 143
665 142
674 140
631 138
671 137
661 135
655 133
636 133
656 130
648 130
639 128
649 128
623 126
615 125
610 123
625 122
642 121
623 121
597 123
608 119
622 116
589 119
599 123
601 115
619 116
623 116
580 115
563 115
575 115
593 115
561 115
587 114
546 115
600 115
536 194
513 198
512 200
513 201
513 206
514 212
513 217
513 223
513 228
513 234
513 239
513 243
514 247
514 250
513 246
511 262
514 254
513 272
516 268
514 282
513 291
516 292
513 302
515 302
513 306
513 313
513 318
515 322
513 329
516 334
514 339
514 346
514 351
515 356
514 360
513 364
514 370
514 375
513 381
514 386
514 390
515 398
513 403
513 410
513 417
514 423
513 431
513 436
512 447
530 432
514 454
513 460
513 463
513 467
513 470
513 476
513 477
514 591
513 596
512 603
514 609
514 615
513 621
512 627
512 633
514 641
513 646
514 651
514 657
513 663
514 668
513 674
512 680
515 683
512 691
513 697
516 700
513 705
515 709
513 715
513 719
513 726
513 731
513 734
513 740
513 747
514 748
513 751
513 756
513 760
513 765
513 769
512 773
514 777
510 784
510 786
401 787
210 790
175 794
177 801
224 804
251 807
237 812
248 816
212 820
253 825
209 828
236 832
279 836
253 839
286 844
300 846
270 850
270 850
414 916
389 918
427 918
425 916
400 919
394 917
428 920
442 919
422 920
409 921
425 921
454 921
454 922
445 922
432 922
470 922
463 922
465 923
444 922
474 922
485 921
472 922
464 922
470 921
500 920
499 920
508 915
513 915
511 912
512 909
510 908
512 907
513 903
511 903
513 901
513 901
513 898
513 897
513 896
513 894
516 890
513 888
515 888
514 884
513 880
513 878
513 876
513 873
513 869
513 866
512 864
513 860
513 858
514 856
512 850
514 848
514 844
513 824
513 820
514 820
513 815
513 809
513 805
513 798
513 793
511 788
513 785
512 780
513 774
513 771
513 764
512 758
513 755
513 750
512 745
513 739
513 736
514 729
513 722
513 719
514 714
514 707
514 701
514 699
513 690
513 685
513 683
513 677
513 672
514 667
513 660
513 651
513 651
513 644
513 640
513 632
513 627
514 618
512 611
513 608
513 599
514 595
515 587
512 582
513 576
512 573
513 569
514 565
512 562
514 556
514 551
512 547
513 540
513 534
513 486
514 483
513 479
513 475
514 470
513 466
508 458
513 456
514 452
514 445
513 439
513 432
513 427
514 421
514 414
513 409
513 403
516 396
513 389
514 384
513 379
513 373
514 368
514 362
513 358
514 351
512 346
514 339
513 335
514 330
513 326
514 320
514 316
513 312
512 304
513 300
515 296
513 292
513 287
512 281
506 284
513 276
514 272
514 267
514 262
514 259
517 252
524 251
633 248
641 248
904 243
888 237
881 232
799 228
759 224
822 220
817 215
759 187
709 185
724 181
755 178
757 175
744 172
721 167
751 167
740 164
749 161
715 157
702 156
691 154
674 150
705 149
701 147
671 146
645 142
639 141
660 140
686 138
629 138
674 136
679 134
646 134
638 132
617 130
639 129
631 128
608 127
633 125
642 124
669 123
614 122
612 121
614 120
611 120
637 118
601 116
597 120
588 127
585 116
591 116
618 115
561 116
567 115
584 115
578 115
569 114
542 114
568 115
587 115
559 115
535 116
555 115
566 115
550 129
514 130
514 130
514 132
513 137
513 134
514 135
514 137
513 138
514 141
517 149
515 146
518 147
515 149
514 151
513 154
514 158
514 159
514 162
513 164
514 167
513 171
513 173
514 177
511 179
513 184
514 187
514 191
514 194
514 201
513 204
514 209
513 214
514 219
514 222
515 231
513 236
514 239
515 243
514 248
513 253
513 260
513 264
521 275
512 270
529 280
513 286
513 291
514 294
514 300
514 305
513 309
514 315
513 320
513 324
514 331
513 337
513 388
513 392
514 396
514 399
513 407
512 412
513 420
515 427
514 433
513 439
514 449
519 445
512 455
513 460
513 463
513 468
514 471
513 477
514 481
513 486
513 492
514 497
513 506
515 510
514 516
516 523
512 529
513 536
513 542
513 547
514 554
513 558
513 562
512 567
514 572
512 577
514 582
516 588
513 593
513 599
513 605
514 611
513 617
513 624
512 630
512 636
513 643
515 648
511 653
513 659
513 665
514 670
513 676
513 681
514 686
514 692
512 698
513 764
513 766
513 771
513 776
512 781
512 783
480 786
284 786
209 790
194 796
186 802
201 806
240 811
262 815
214 818
216 822
208 827
255 831
246 835
254 837
278 841
297 844
288 848
261 850
292 853
283 856
295 859
273 863
243 866
300 870
304 874
302 875
302 876
296 880
318 883
343 885
367 885
340 890
319 891
380 892
368 894
387 896
323 898
393 899
391 902
357 902
376 903
356 905
450 905
386 908
389 910
366 910
393 909
421 913
373 911
402 915
379 914
432 923
431 923
431 922
459 922
470 922
482 922
475 922
452 921
473 922
506 919
508 919
510 916
512 913
513 911
512 908
512 904
512 904
513 905
513 901
514 903
511 900
513 900
513 898
512 895
513 893
513 889
513 888
513 884
514 882
514 880
515 878
514 875
511 872
513 870
513 866
513 862
513 859
513 857
512 853
513 850
513 844
514 841
513 836
514 831
513 839
513 821
513 816
513 812
512 807
513 802
513 797
512 791
513 788
513 782
514 776
514 771
512 768
514 686
513 682
513 681
513 674
513 666
512 665
513 658
513 644
511 648
513 643
513 637
513 628
513 624
514 614
513 611
513 603
514 592
513 593
513 583
514 582
514 574
514 570
512 569
513 561
513 559
513 553
514 550
511 545
513 539
512 530
513 526
513 519
513 511
513 506
512 499
513 494
513 488
514 484
513 478
513 473
514 469
515 463
513 449
513 452
513 448
513 445
513 435
514 430
514 424
513 419
513 412
514 406
514 399
513 393
513 387
513 383
514 376
514 314
514 308
513 304
513 299
515 294
514 290
513 287
513 284
515 273
513 273
513 270
513 265
514 260
514 255
524 250
612 248
658 245
860 245
855 239
841 234
812 232
803 227
786 223
775 219
802 213
809 210
759 206
794 202
777 199
759 195
725 193
722 190
744 186
744 184
738 183
732 177
767 174
732 170
758 173
731 170
765 161
732 160
682 157
701 154
699 152
689 150
673 149
660 146
688 145
643 144
714 139
664 140
642 139
674 136
649 136
661 133
645 132
593 124
577 116
592 116
590 115
581 117
583 114
600 115
567 115
599 115
558 114
557 114
572 114
592 115
564 114
559 115
544 115
562 118
542 116
524 117
522 120
517 121
514 125
516 125
513 131
514 131
515 132
515 133
514 135
514 135
514 138
513 141
515 139
520 141
514 139
514 148
513 152
515 153
514 157
514 158
513 160
512 163
511 170
513 169
515 172
513 175
514 179
513 183
514 186
513 189
513 193
512 198
514 201
514 206
513 211
513 218
514 223
514 227
514 315
513 319
514 322
514 329
514 332
513 340
512 343
514 349
513 355
513 360
514 364
514 370
514 374
514 380
513 384
514 386
513 397
513 401
514 407
512 419
514 420
513 431
513 435
511 441
514 444
505 452
514 459
514 461
513 465
514 470
513 472
514 480
516 482
512 489
513 494
514 500
512 505
512 513
513 520
512 526
514 533
513 538
514 545
513 550
514 554
513 561
514 564
514 570
514 574
514 579
514 584
512 591
512 597
514 600
511 608
512 615
514 620
513 712
512 715
515 719
513 724
513 729
514 734
513 738
514 744
514 747
513 751
513 755
513 760
513 763
513 768
513 774
513 778
513 782
507 785
447 788
199 788
195 792
199 799
185 803
218 809
201 811
262 816
242 821
197 824
245 829
260 832
239 835
277 838
275 841
280 846
323 849
253 851
285 855
286 857
276 860
280 865
276 866
302 871
293 874
285 877
303 878
310 881
348 883
320 887
333 887
385 888
336 892
389 893
319 895
380 895
372 898
367 899
354 916
404 916
415 917
404 917
396 916
425 918
432 919
457 918
387 920
440 920
460 921
453 921
414 922
444 921
463 923
440 923
455 923
451 923
452 922
463 922
454 918
479 922
464 921
479 921
468 920
513 919
505 917
510 914
514 912
512 911
511 908
514 906
512 904
513 902
511 902
513 902
512 898
513 897
513 894
513 894
513 891
513 890
513 885
511 884
513 880
512 880
514 875
512 875
514 871
513 867
514 864
514 863
513 859
514 855
513 852
513 847
514 843
513 750
509 746
513 741
514 737
512 729
513 724
512 719
512 714
514 708
513 703
513 697
513 692
513 688
513 681
513 678
509 671
514 667
513 663
513 655
513 653
513 645
513 639
513 637
513 624
513 623
513 612
514 605
513 602
514 589
511 591
513 581
513 578
513 573
512 569
514 567
511 560
513 558
511 551
514 548
513 542
512 535
514 529
514 522
513 516
514 509
513 503
514 497
513 492
513 486
512 480
514 477
514 471
512 467
514 461
517 460
513 452
514 446
513 332
513 329
512 327
512 321
514 316
513 310
514 306
512 301
513 297
513 292
514 288
513 284
516 277
510 276
513 273
514 268
513 263
512 256
516 252
523 251
607 247
663 243
884 245
867 238
876 233
819 229
814 223
797 220
793 217
780 212
812 207
780 204
748 201
766 199
743 195
744 192
724 189
763 187
739 183
724 180
769 176
742 172
726 169
753 164
736 185
757 160
702 158
674 156
705 154
708 152
705 150
649 148
656 147
679 145
678 141
655 141
639 140
694 107
601 115
607 117
569 114
571 116
624 116
586 115
576 115
562 115
586 115
577 114
559 114
559 115
564 114
551 115
557 116
534 116
548 117
524 119
514 121
513 120
514 125
512 128
514 129
514 132
515 132
514 134
513 135
514 137
514 138
515 140
517 138
514 148
515 148
506 149
512 150
513 153
514 156
512 160
514 162
515 164
513 167
514 170
514 173
514 175
513 180
514 182
513 186
514 190
513 195
513 200
513 204
513 208
513 214
514 218
514 221
513 230
514 247
513 250
514 252
513 257
517 266
516 267
511 274
516 274
524 286
513 289
513 294
512 302
514 302
514 307
513 315
512 320
514 324
514 331
513 335
514 338
513 348
514 351
514 356
514 362
514 367
513 372
513 377
514 380
513 389
514 391
514 399
513 407
513 409
513 419
513 423
511 432
514 439
513 444
513 453
510 454
513 461
513 463
514 467
514 472
513 476
512 479
512 486
514 489
514 496
514 503
512 507
513 518
514 522
513 529
512 535
514 540
513 547
513 590
514 594
514 598
513 605
514 611
515 616
512 622
513 629
514 634
513 641
514 646
514 651
513 658
513 664
513 669
514 674
513 679
513 685
513 690
513 696
513 701
513 706
513 710
512 716
513 720
513 726
514 731
513 737
513 740
513 745
514 749
513 753
513 756
513 761
512 766
514 770
514 776
514 779
510 784
496 786
355 787
186 790
202 795
190 801
208 805
182 810
250 814
219 817
227 821
262 825
241 830
246 834
244 837
288 840
297 843
282 846
266 849
309 876
321 877
280 880
322 882
325 884
351 889
343 888
377 890
318 892
338 893
363 895
428 897
374 899
351 901
371 900
356 903
402 904
360 905
375 908
383 907
421 909
380 911
390 910
400 913
410 915
402 915
388 917
398 916
418 918
403 919
438 918
417 921
419 920
422 921
455 922
444 922
428 922
445 922
421 922
466 923
459 923
432 922
447 922
485 922
459 923
462 921
466 922
482 921
485 924
499 919
500 918
516 917
511 913
513 911
513 910
513 908
512 905
515 894
512 894
513 890
512 888
513 888
513 883
514 880
513 877
514 874
514 871
512 870
513 868
513 863
512 860
513 858
513 853
513 851
512 845
512 841
512 837
511 832
510 828
513 823
513 817
513 813
513 808
513 805
512 799
514 794
514 788
514 782
513 778
513 774
513 768
513 762
514 759
513 754
513 751
513 742
512 740
510 734
513 729
513 723
514 720
512 713
513 705
514 700
513 696
513 689
514 685
512 681
514 676
514 670
513 666
514 659
513 655
513 649
513 590
513 585
513 583
514 576
513 571
513 569
513 563
513 558
513 555
514 550
513 545
512 539
515 533
513 525
512 520
514 513
513 506
513 500
513 493
513 488
511 483
513 478
511 475
514 468
513 465
514 459
509 453
513 449
512 443
514 438
514 430
512 426
516 419
514 413
513 407
514 400
513 395
514 389
513 383
513 377
514 371
513 366
514 361
514 356
512 351
514 344
513 339
514 334
514 327
513 324
513 317
511 316
513 309
513 304
513 299
513 296
513 238
872 233
857 229
840 227
824 223
818 218
770 215
782 211
798 206
755 203
767 199
746 197
720 194
735 190
741 187
722 185
756 181
745 177
764 174
757 171
707 167
752 166
686 166
735 160
721 155
685 154
696 153
664 150
689 149
670 146
651 146
680 143
632 145
660 140
630 139
706 137
609 137
655 134
644 132
664 130
677 130
596 126
616 128
646 126
678 125
600 124
652 123
621 122
627 121
610 120
586 119
631 118
615 109
602 115
605 120
612 118
587 115
590 117
525 118
517 119
513 121
514 124
514 126
515 129
514 130
514 131
513 132
513 134
514 136
514 137
514 139
514 140
514 137
517 142
511 141
513 150
511 153
513 155
514 157
514 161
514 167
514 164
513 168
514 171
512 175
514 178
513 181
514 185
513 189
512 191
513 196
514 202
513 207
514 211
515 215
514 220
514 227
514 233
514 238
513 240
511 243
514 248
515 256
512 261
513 265
511 261
513 272
509 276
517 287
513 291
514 294
513 302
514 308
514 310
513 385
513 389
514 392
513 396
514 401
513 408
513 414
513 421
515 428
513 435
513 441
513 447
512 458
516 458
513 461
513 464
514 469
514 474
515 478
514 482
513 487
514 495
513 498
514 506
513 512
513 519
513 526
513 531
513 539
514 543
512 551
514 554
513 560
513 564
511 569
513 573
512 578
514 583
514 590
514 595
514 601
513 607
514 614
514 618
514 628
513 631
513 636
512 644
512 653
514 655
513 661
515 667
512 673
513 678
514 683
514 688
513 694
512 747
513 750
514 753
513 755
513 759
514 764
513 768
514 770
512 777
510 783
512 784
430 787
263 788
192 793
176 797
212 802
219 807
194 812
216 814
239 819
240 823
251 827
203 832
282 832
292 839
273 844
276 844
287 849
318 851
309 855
241 856
271 859
322 863
291 865
246 869
258 872
319 875
296 875
313 881
321 883
325 885
387 887
323 882
352 890
364 892
349 894
371 897
365 897
401 899
346 901
406 901
375 903
356 902
390 907
362 905
417 908
391 908
445 923
457 922
454 921
447 923
471 922
459 922
456 922
448 922
490 921
475 925
504 920
486 920
512 917
513 915
516 913
512 909
513 908
513 907
514 905
513 905
515 901
513 901
511 899
513 897
513 896
513 895
513 892
512 890
514 886
513 885
512 881
512 879
511 876
513 876
514 871
512 868
513 866
513 861
513 858
514 856
513 850
512 847
513 842
512 839
513 836
512 831
513 827
517 822
513 817
515 811
513 807
513 802
513 796
512 792
513 784
514 781
512 775
513 692
513 689
514 687
514 682
513 679
514 672
514 667
512 664
514 657
513 652
513 676
513 642
513 634
513 628
513 624
513 614
513 608
513 600
513 594
514 590
513 583
513 579
514 575
513 571
513 567
514 562
513 558
513 553
513 548
513 542
513 538
514 530
513 524
512 515
513 510
513 504
513 497
513 493
512 486
513 482
513 478
513 472
513 467
513 465
512 456
515 454
514 447
514 441
516 436
513 429
514 423
514 417
514 409
514 408
515 398
512 393
514 387
513 297
514 290
514 290
515 285
513 282
513 262
509 272
513 269
514 263
516 259
514 255
519 251
629 248
627 246
901 245
850 241
819 234
779 230
819 226
810 222
766 217
787 214
807 209
789 206
742 202
760 198
775 195
749 192
706 188
741 186
779 183
768 180
735 178
712 173
795 170
761 167
722 164
706 159
685 158
745 156
706 153
667 152
677 150
693 149
643 146
658 145
668 142
696 142
665 139
639 138
653 137
627 135
662 133
640 132
648 131
659 130
639 128
647 117
614 112
587 118
609 116
597 116
579 115
583 115
596 116
601 114
589 115
547 115
564 115
577 115
578 114
551 118
573 115
536 114
556 116
545 116
534 118
517 120
514 122
514 125
516 127
514 129
514 131
514 131
514 134
514 135
513 136
515 139
513 138
513 141
517 144
508 149
517 143
513 150
513 152
514 155
513 160
512 161
514 165
516 166
514 169
513 173
514 176
514 179
513 182
513 185
514 191
514 194
513 198
514 202
513 209
516 213
514 221
517 223
513 319
513 323
512 331
513 335
513 339
513 346
513 350
514 356
516 359
514 362
513 369
514 377
517 380
513 388
516 388
513 400
514 403
513 410
514 419
513 424
513 432
513 437
513 445
514 448
511 446
513 459
513 462
514 468
514 471
514 475
514 480
513 485
513 490
513 496
513 502
514 508
513 516
513 520
512 527
513 534
513 539
513 547
512 551
513 556
512 563
513 566
513 572
516 575
514 581
512 585
513 590
513 597
514 602
514 609
512 614
513 621
513 725
513 730
515 735
514 739
515 745
513 748
513 752
513 757
514 760
512 765
514 769
513 775
515 781
511 783
510 785
408 787
209 789
197 794
163 800
218 805
240 808
215 812
248 817
229 820
232 825
260 828
250 832
238 836
304 839
247 842
269 845
306 849
281 852
292 855
248 858
298 861
309 864
283 868
288 872
252 873
316 877
352 879
279 881
383 884
322 886
344 888
330 892
383 891
397 896
334 895
374 896
346 898
392 901
363 901
349 902
393 903
384 906
410 920
480 922
450 923
450 923
459 922
465 922
481 922
452 921
495 922
489 920
506 919
508 916
512 915
511 912
513 909
513 907
513 905
514 904
513 903
513 902
512 900
513 898
513 898
513 895
513 894
510 891
513 889
513 887
512 884
514 882
512 879
514 876
513 872
513 871
513 867
512 861
513 862
513 856
513 854
513 849
513 848
513 842
514 839
513 834
513 829
513 824
513 820
512 814
514 810
513 804
515 798
514 793
513 789
513 786
514 780
514 773
512 768
513 748
511 745
511 743
514 738
514 735
513 728
513 725
513 721
514 712
513 709
513 702
514 697
511 692
514 688
514 682
513 676
514 670
513 666
513 661
512 655
514 650
516 643
512 639
512 632
514 623
513 620
513 610
513 604
512 599
512 591
513 588
514 581
514 577
513 572
513 569
513 565
514 561
512 557
513 550
513 546
513 539
513 534
514 527
514 521
513 513
513 507
513 502
513 495
514 491
513 485
513 478
513 476
511 469
512 467
514 461
516 455
504 452
513 395
513 392
514 387
513 383
513 378
