513 676
514 667
514 668
515 665
513 661
513 658
514 650
513 646
514 641
515 633
513 626
515 617
511 614
512 605
516 598
515 594
517 586
513 583
514 577
513 574
513 569
513 565
513 561
516 557
515 552
515 546
516 540
513 533
512 527
513 520
516 515
513 507
513 501
518 495
524 489
513 484
513 479
513 474
514 468
513 465
517 458
511 455
513 450
515 444
512 437
515 431
514 426
513 419
515 413
514 407
515 401
512 395
514 387
527 383
513 378
525 372
513 366
514 449
513 454
510 462
513 463
513 467
527 472
513 476
510 483
512 486
511 492
515 497
509 505
514 509
511 518
513 525
522 529
511 537
514 543
513 550
515 554
513 561
512 563
513 568
513 572
512 579
513 583
513 591
511 597
513 600
513 606
511 612
514 619
513 625
513 631
513 638
513 643
513 648
512 654
513 661
514 665
512 672
513 678
512 682
513 687
511 693
514 699
513 702
513 709
523 712
513 717
513 722
512 728
514 732
513 737
513 742
513 745
512 749
514 559
514 555
516 552
516 548
513 543
513 535
512 531
517 524
512 518
513 510
511 506
513 498
512 494
514 488
516 481
513 477
514 471
514 467
514 461
515 460
513 453
515 447
511 442
513 435
513 428
515 423
515 417
514 412
513 405
513 399
514 392
515 383
510 381
513 376
514 369
514 363
514 358
514 355
512 348
514 342
513 340
515 333
514 329
513 324
514 320
508 314
519 306
513 304
514 298
514 294
513 291
514 287
514 282
514 279
515 271
514 270
513 265
567 117
541 117
526 118
555 116
547 115
548 115
564 117
547 114
542 114
558 114
538 114
526 113
550 113
540 114
532 114
525 114
556 114
514 115
522 115
544 116
518 116
520 115
515 120
513 121
506 124
513 124
507 129
513 132
512 132
522 135
516 130
511 136
514 137
513 139
514 140
513 142
514 145
513 148
514 151
513 153
513 156
514 158
513 161
514 162
513 163
510 169
510 171
510 175
514 180
513 181
512 185
514 189
513 192
513 197
513 201
514 207
513 211
513 298
513 302
511 307
514 312
514 314
514 323
512 327
514 331
514 337
513 343
515 346
514 354
511 361
512 364
514 369
513 375
513 375
509 384
513 388
513 394
512 401
512 408
516 417
510 417
517 427
512 436
513 443
514 447
511 454
513 455
512 461
511 466
512 471
513 473
513 478
513 483
513 487
512 495
513 500
513 507
511 513
512 520
512 527
513 533
513 540
515 545
513 550
513 556
513 561
509 566
513 569
514 577
516 579
514 585
508 592
515 604
512 693
512 698
513 700
513 704
512 709
513 713
513 719
515 724
512 729
513 733
513 739
514 743
513 746
513 751
514 755
513 759
512 764
514 768
513 772
512 777
512 782
507 784
429 787
385 793
359 797
391 801
394 804
387 808
382 812
384 817
375 821
382 825
382 829
360 833
368 836
418 840
384 843
377 847
429 849
405 853
362 856
407 858
394 862
393 866
412 869
392 872
369 874
423 878
434 882
403 883
396 886
436 888
400 890
410 892
480 893
393 895
470 896
444 919
469 919
466 919
480 921
496 921
434 922
490 922
485 921
466 922
483 924
489 923
467 922
494 923
498 923
480 925
495 923
488 921
501 924
478 922
494 919
496 922
487 921
509 921
496 918
512 914
510 915
513 917
513 909
514 908
513 905
515 904
514 902
514 901
514 899
513 899
513 897
513 896
513 894
513 892
514 889
513 888
513 884
514 881
513 879
514 876
513 873
513 871
514 866
513 865
514 863
514 858
513 856
513 858
513 848
512 842
513 840
512 834
513 770
513 766
513 764
512 760
514 753
514 751
513 746
512 741
515 734
512 733
513 727
513 718
514 715
503 709
514 703
504 698
514 691
513 682
514 684
513 677
513 670
513 669
515 659
511 659
515 653
516 646
511 642
513 634
513 627
514 621
515 613
514 608
517 600
513 595
513 588
515 585
513 578
516 571
513 572
513 565
510 562
513 556
505 553
513 548
514 540
513 535
518 527
515 523
514 514
513 509
514 502
513 496
510 490
515 485
513 480
516 474
506 471
514 360
514 357
513 352
514 346
513 341
513 336
514 331
515 327
514 321
515 315
514 312
520 307
514 302
514 297
509 293
513 289
515 285
514 281
513 277
514 272
515 267
514 264
514 258
515 254
517 250
627 249
657 244
665 239
642 235
628 231
634 230
660 224
632 220
647 215
651 212
632 208
624 204
665 199
613 197
639 193
677 191
599 188
637 181
656 181
622 177
636 176
626 170
619 167
609 165
637 162
634 159
571 156
621 154
614 151
577 149
610 148
604 147
551 113
554 119
570 121
574 119
573 118
555 117
547 116
572 115
546 115
545 115
567 115
539 114
544 114
548 111
547 114
530 111
543 114
536 113
539 114
521 114
551 114
525 115
525 115
539 115
518 116
512 118
515 120
515 122
514 126
513 128
514 129
514 130
513 132
511 132
512 136
512 138
513 137
513 140
514 142
514 146
513 146
511 148
513 150
514 153
513 155
514 159
514 161
514 163
514 166
514 170
515 174
513 175
514 180
513 183
513 187
513 190
513 194
513 363
511 369
513 372
514 375
513 380
514 386
513 391
512 397
513 404
524 409
509 411
512 423
525 419
512 438
504 444
514 449
512 455
513 458
513 463
511 467
513 471
513 476
514 480
515 486
514 490
511 497
512 502
512 509
512 516
514 523
503 530
514 535
503 543
513 547
512 553
512 558
513 564
514 568
513 573
513 578
513 581
512 588
517 593
513 606
511 606
513 611
514 618
513 623
512 630
512 635
514 642
513 648
513 654
513 659
513 665
512 670
513 676
513 696
512 698
512 702
512 707
514 712
511 716
514 721
513 727
513 731
513 735
513 739
512 745
504 748
512 751
510 757
513 760
511 765
513 769
512 774
513 778
512 783
495 786
420 789
390 794
350 799
394 802
392 805
373 809
378 813
388 819
373 825
363 826
387 831
383 833
392 839
397 842
381 844
379 848
402 847
382 854
377 857
434 860
358 863
372 867
419 871
369 874
413 877
404 880
424 880
412 885
411 886
447 888
414 890
437 891
436 894
419 896
434 899
460 909
463 910
460 911
477 913
451 914
461 914
456 916
447 918
455 918
474 918
459 920
475 920
469 920
471 921
440 921
475 921
494 922
452 923
487 923
496 923
472 923
482 924
496 923
475 924
493 924
492 923
494 923
492 922
494 924
506 923
488 921
507 919
517 917
514 914
513 912
513 911
514 909
512 905
513 906
510 902
513 903
505 903
515 899
513 899
513 897
513 896
513 893
513 890
513 888
513 885
513 883
513 880
513 877
513 875
513 872
511 870
512 867
513 838
513 836
513 832
513 828
513 824
513 819
513 813
514 807
514 803
512 798
513 794
513 791
514 784
514 778
513 774
513 769
514 762
513 758
514 755
514 750
513 744
513 738
512 734
506 735
513 725
506 717
513 713
513 707
514 701
514 698
513 690
514 687
503 681
514 675
503 672
513 665
516 657
514 659
515 646
510 648
513 640
519 628
510 628
513 614
509 615
513 606
517 597
514 593
515 585
511 584
514 577
513 573
511 567
515 563
515 561
512 553
511 499
516 480
513 488
514 482
513 478
514 472
514 468
513 463
514 457
513 453
515 448
512 442
514 436
516 430
514 425
504 417
514 413
513 405
514 399
505 394
514 387
516 381
513 377
514 370
513 365
514 359
513 353
513 349
514 344
514 339
514 335
514 329
514 324
515 318
514 315
513 310
512 300
514 301
513 296
514 292
514 287
514 283
513 278
515 275
514 270
514 266
515 262
514 258
514 253
523 250
634 247
631 241
652 237
624 234
631 230
664 226
635 223
651 192
626 191
653 189
609 186
659 184
640 180
600 175
652 168
654 169
606 166
638 163
635 160
607 157
619 155
618 152
598 151
579 148
612 146
591 145
569 144
610 143
597 140
579 138
582 136
588 135
572 134
568 132
592 132
556 130
598 129
560 128
556 126
558 125
564 123
567 123
563 120
594 121
557 120
551 120
575 118
550 117
554 116
567 117
541 116
550 118
545 115
558 114
543 114
532 113
564 114
534 113
529 113
550 114
535 114
533 115
536 113
541 115
514 138
513 138
514 139
513 141
517 142
514 144
513 147
514 149
513 152
513 155
514 157
513 160
513 162
518 164
514 168
513 171
513 174
512 179
513 181
513 185
515 188
513 192
512 196
513 200
513 205
514 212
514 217
513 222
513 224
513 232
514 235
513 242
512 248
514 250
516 254
514 259
513 266
512 270
514 273
513 280
513 287
514 295
513 295
514 299
514 305
513 310
513 314
515 320
513 327
514 332
513 337
510 343
513 348
514 352
513 359
515 362
514 366
511 462
512 465
513 468
513 475
514 478
514 483
512 488
513 493
511 499
515 506
512 512
513 519
514 526
514 531
514 539
510 544
512 551
513 556
513 561
515 566
513 569
513 574
513 580
514 584
512 590
514 596
511 600
512 609
512 614
513 620
514 626
512 633
516 639
513 644
513 650
512 655
513 661
512 667
514 673
513 679
511 684
513 688
512 695
513 699
513 703
514 708
513 713
513 718
513 723
512 728
513 733
514 737
513 743
513 746
513 750
512 755
512 759
513 651
514 654
513 658
514 662
513 669
513 675
512 680
513 685
513 688
513 695
513 700
512 704
511 709
513 714
508 720
514 724
513 729
512 735
513 739
512 745
516 748
513 752
513 755
514 759
512 764
513 768
513 772
513 777
512 783
513 786
419 789
355 793
389 797
407 800
375 805
389 808
404 813
352 817
376 820
386 826
374 829
379 833
385 837
396 841
396 843
387 847
403 850
422 853
388 856
402 860
396 862
397 866
413 869
388 873
404 876
418 880
387 881
488 922
479 922
451 922
480 922
494 923
465 922
476 923
497 923
478 924
478 925
500 923
472 923
482 924
494 923
493 922
483 922
507 921
507 920
511 920
513 915
516 914
512 910
514 907
515 907
513 905
517 903
514 903
515 900
514 900
514 897
513 899
513 895
514 895
515 891
513 889
513 886
513 883
513 881
513 877
513 875
513 872
516 870
513 866
513 864
514 860
514 858
513 854
513 851
513 847
513 842
513 838
513 832
513 828
515 823
513 820
514 815
513 811
515 618
513 611
514 605
513 598
513 595
515 589
514 583
512 578
512 573
513 569
512 564
513 561
516 556
515 552
514 547
514 540
512 533
511 527
513 521
515 515
513 508
513 501
514 496
516 490
516 484
513 480
513 473
513 469
513 463
514 458
513 454
513 450
516 443
512 438
513 431
513 426
515 420
515 414
514 406
513 401
514 395
514 390
514 382
514 378
515 373
514 365
512 360
515 355
512 351
514 345
513 340
514 335
514 330
514 326
513 322
515 316
514 311
652 237
650 235
645 232
632 227
652 223
658 219
634 215
641 211
656 207
638 203
635 200
627 197
623 190
635 190
642 187
612 183
625 179
661 175
646 172
617 188
633 166
623 166
614 162
627 159
603 157
602 153
604 152
598 149
587 147
585 146
612 143
587 144
586 141
593 139
594 138
575 136
583 134
605 133
547 131
611 130
559 129
562 127
580 127
575 124
579 123
572 124
593 122
550 122
587 120
568 120
554 116
562 118
558 116
568 116
538 114
562 115
564 115
514 122
514 124
513 126
516 128
514 129
515 132
513 131
513 133
502 145
514 132
507 139
513 140
513 142
512 143
513 147
512 149
513 151
513 154
513 156
513 159
513 162
513 165
512 167
513 171
515 174
513 175
513 181
513 185
513 187
514 191
513 196
514 199
513 204
513 210
514 214
513 218
513 225
513 231
514 236
516 246
513 241
509 255
515 253
513 260
517 264
513 266
517 271
514 279
511 285
514 289
513 294
513 299
513 304
513 311
513 315
513 318
514 393
513 397
511 403
508 407
515 412
515 423
513 426
515 434
515 439
513 444
512 451
514 455
514 460
515 464
512 467
511 474
515 475
512 481
514 486
514 492
515 498
513 505
512 511
512 517
513 524
513 531
513 537
513 544
515 548
513 554
512 558
512 563
515 569
514 573
513 579
513 583
512 589
513 594
511 598
512 604
514 612
512 618
512 625
514 631
515 637
513 643
515 648
512 654
512 661
514 666
512 672
513 677
513 682
514 687
513 692
512 697
512 702
512 794
392 797
390 799
398 802
392 805
388 810
371 813
375 819
384 823
379 827
376 831
390 834
379 837
407 842
411 845
371 848
424 850
428 853
359 857
411 860
413 864
390 868
403 871
386 874
387 877
412 881
430 881
438 885
382 887
459 889
407 890
408 892
476 895
404 895
452 897
437 899
459 901
423 902
430 904
472 905
416 906
460 908
461 909
431 909
435 911
460 913
450 913
466 914
461 916
479 916
446 918
450 918
486 919
436 920
473 919
493 921
434 921
491 911
513 911
512 908
511 908
513 905
513 904
512 903
513 901
513 900
510 899
513 896
511 894
513 892
513 890
514 887
514 885
513 883
512 880
513 877
513 877
513 871
514 869
513 866
513 862
513 860
513 856
513 852
514 847
525 845
514 841
516 838
513 831
512 826
512 822
513 816
514 812
513 807
512 802
513 795
514 793
514 787
513 782
514 778
513 773
514 768
514 758
514 757
514 753
513 747
513 743
513 738
514 731
513 728
513 723
513 717
515 712
513 706
514 583
513 580
512 576
514 571
514 568
513 562
512 559
515 553
516 549
513 543
516 535
512 530
515 526
512 517
513 510
512 504
514 498
514 492
513 486
515 481
513 476
516 471
514 468
513 463
516 457
512 453
514 446
516 441
514 435
519 429
513 422
515 416
515 410
514 405
514 399
513 393
515 387
514 380
513 376
514 369
515 364
515 359
516 354
514 348
514 343
513 338
512 333
514 328
513 323
514 319
514 314
513 308
509 289
514 307
511 295
514 291
514 287
514 272
512 267
513 267
513 262
514 257
516 252
543 251
617 246
651 242
666 236
625 234
629 230
649 226
637 222
660 218
660 213
655 210
629 206
647 202
646 197
616 195
640 192
651 189
595 185
629 182
645 179
625 176
646 176
624 170
637 166
636 163
637 159
607 157
590 155
610 153
594 151
600 149
590 147
591 145
574 143
584 142
599 141
561 138
608 137
558 136
589 133
578 133
583 130
598 129
535 129
608 127
550 126
584 123
574 123
571 122
561 122
563 120
540 114
539 115
548 115
537 114
545 113
524 113
542 115
540 114
544 115
549 116
530 115
532 115
538 115
523 116
517 116
516 120
514 121
515 123
514 127
515 129
514 130
514 132
514 133
514 137
526 132
509 131
515 134
514 140
513 143
513 145
513 147
513 150
512 152
513 155
514 160
513 162
511 164
513 166
513 169
514 172
514 176
513 178
513 183
514 186
513 189
513 193
514 197
513 202
516 206
514 211
513 216
514 221
513 227
514 233
513 237
513 241
515 246
513 289
513 294
513 297
513 301
513 304
513 313
512 316
510 319
513 328
512 334
513 336
514 344
511 350
513 353
514 359
510 365
513 365
513 374
515 377
513 382
512 390
513 394
513 401
514 408
513 413
512 417
511 427
508 439
522 444
513 447
512 452
513 456
511 461
513 464
511 470
514 474
511 480
515 483
512 490
515 494
511 500
512 507
513 513
513 521
514 527
513 535
513 539
513 546
510 553
512 556
514 561
514 565
513 571
514 575
513 581
512 585
512 591
513 638
513 642
514 645
512 651
512 657
514 662
513 667
513 676
514 678
512 685
512 687
513 694
511 700
513 703
513 710
513 714
513 722
513 723
512 730
513 733
511 739
514 742
512 746
513 751
512 754
513 758
513 763
512 767
514 771
514 775
510 780
511 784
448 787
388 790
361 793
387 800
368 805
369 810
385 812
391 816
369 820
374 825
387 828
375 832
373 835
409 839
380 843
404 846
406 851
374 852
410 855
403 859
382 862
394 865
406 869
402 872
399 875
429 893
452 894
441 896
431 896
464 898
440 902
455 900
458 902
418 903
452 905
443 907
454 908
441 908
478 910
476 910
432 913
489 912
445 914
444 915
463 917
448 919
470 918
463 919
491 919
454 919
457 921
486 922
477 921
464 922
481 922
472 923
463 923
479 922
490 923
466 922
497 923
485 923
483 923
494 923
497 921
489 920
498 919
508 920
509 919
514 917
513 915
512 911
512 908
512 906
512 907
513 903
513 904
513 902
514 902
511 898
513 897
510 853
515 850
513 846
512 843
513 839
511 835
513 829
513 823
513 819
514 815
514 810
513 806
513 800
513 792
513 787
513 787
513 783
513 778
513 770
514 765
513 759
513 755
514 748
512 744
513 741
513 736
514 730
513 725
511 723
514 714
513 709
513 705
513 697
514 693
513 688
514 682
519 678
513 673
514 668
514 661
514 657
512 653
513 647
516 640
513 635
514 625
513 622
515 614
516 605
513 598
512 591
513 589
512 580
514 580
514 575
516 568
514 568
516 477
513 473
516 470
515 453
515 460
516 454
512 450
513 444
514 438
515 433
513 426
513 421
514 414
515 409
512 402
513 396
515 391
513 384
514 378
513 372
514 367
511 362
514 356
512 351
514 346
513 341
513 336
518 329
514 325
517 322
513 317
514 311
514 306
514 302
531 285
513 293
515 289
513 285
511 281
514 277
521 272
514 267
518 265
514 258
514 255
515 250
603 249
649 246
637 240
656 235
657 231
640 228
641 223
649 220
662 215
645 211
652 207
627 156
598 155
600 154
586 152
633 149
568 147
604 146
621 145
563 143
610 141
582 140
592 138
553 137
600 134
584 133
571 132
604 131
551 129
588 128
568 126
596 125
561 124
582 123
591 123
554 120
573 121
553 115
563 118
542 118
585 117
545 117
546 118
582 116
548 116
543 115
565 109
547 114
529 114
559 113
534 114
535 114
545 115
535 114
541 115
525 114
548 115
522 116
511 116
532 117
515 118
515 121
514 122
516 124
514 128
513 130
513 131
513 133
512 154
513 156
513 157
517 159
514 162
513 164
514 170
514 170
514 172
514 176
513 180
513 183
513 187
513 191
514 194
513 199
513 203
514 208
514 213
513 218
514 224
514 228
514 233
514 238
513 241
514 267
509 251
513 266
514 262
513 268
512 274
514 276
514 280
513 288
513 295
514 297
514 301
513 309
512 314
514 318
513 324
513 329
513 334
514 340
513 346
513 350
513 355
512 361
516 366
510 370
513 375
514 380
512 387
513 390
514 397
512 403
513 410
512 508
512 510
514 517
515 523
511 530
513 537
510 541
512 548
514 552
511 560
510 562
512 569
512 573
513 577
511 584
514 587
513 594
514 599
512 596
517 615
513 617
510 624
513 630
510 636
514 643
513 647
513 655
513 659
513 664
514 671
517 676
512 681
513 686
513 691
512 696
514 702
513 706
512 711
513 715
513 721
514 726
513 730
513 736
513 740
517 744
513 748
512 751
513 756
512 761
513 764
513 769
513 772
513 778
514 781
508 786
411 789
397 792
407 860
400 862
395 864
381 866
396 871
402 873
374 876
394 879
424 881
427 885
408 886
419 890
412 890
432 892
439 893
478 895
437 897
424 898
458 900
398 902
461 903
458 905
434 905
468 907
441 908
463 908
458 912
451 912
452 912
443 914
457 915
470 916
461 917
458 918
487 919
431 920
469 920
496 921
464 922
484 921
482 922
464 922
490 923
490 925
474 923
492 923
488 923
494 923
481 923
494 923
503 923
475 923
501 922
502 921
494 921
512 919
510 917
510 885
513 882
513 881
514 878
513 875
513 871
514 869
513 866
514 863
513 860
513 856
513 854
513 850
514 846
514 841
513 836
513 833
514 826
514 822
511 816
514 812
513 810
512 804
513 797
515 793
513 789
512 785
510 780
513 774
512 767
514 763
513 760
513 753
514 748
514 744
514 738
513 733
512 730
513 724
514 718
513 713
513 707
514 701
513 697
513 691
513 686
513 681
516 678
513 672
514 665
514 661
516 656
514 651
515 644
515 639
513 633
514 623
514 560
513 555
513 554
514 549
513 544
513 540
513 534
514 526
513 519
513 512
512 505
513 499
515 494
513 486
529 483
513 477
515 472
512 468
519 462
513 458
517 453
515 448
519 443
513 436
512 431
516 423
513 417
514 412
513 406
514 399
514 394
515 388
513 382
514 376
514 371
514 365
514 360
513 355
514 349
514 345
513 339
514 334
514 330
514 326
513 320
514 315
514 309
513 305
514 299
516 305
513 290
513 288
513 285
515 280
514 275
514 271
515 266
616 191
640 189
612 181
644 183
614 180
633 176
637 173
640 169
600 166
629 164
653 161
582 159
606 155
612 154
580 151
628 149
591 147
580 146
582 144
582 142
600 141
581 139
592 137
592 136
565 133
589 132
578 132
561 130
588 129
578 128
562 129
565 125
577 124
565 123
547 122
593 121
544 120
546 119
599 114
553 118
562 116
564 116
548 116
556 115
554 115
540 116
541 113
541 114
548 114
537 114
558 114
554 115
533 115
535 115
548 113
529 114
537 151
514 153
513 157
514 158
513 159
513 162
513 166
512 168
513 172
513 174
512 179
512 181
513 185
511 188
513 194
513 196
514 201
513 205
513 211
513 214
514 220
513 225
514 230
513 237
514 241
513 244
513 249
512 256
514 265
513 264
514 269
514 274
514 279
514 284
513 290
512 297
514 299
513 303
514 311
512 316
513 320
513 327
513 330
513 336
513 343
513 347
513 352
512 357
513 361
514 369
515 372
513 377
510 383
514 387
513 393
512 400
513 406
513 597
512 600
529 606
511 609
512 614
514 620
516 625
514 632
513 638
511 644
512 650
513 656
512 662
512 669
512 672
512 679
513 683
514 688
513 694
513 698
513 703
513 708
513 712
513 718
513 721
513 727
512 733
513 737
514 743
513 746
512 749
513 753
510 758
513 761
513 766
513 771
513 776
514 779
514 784
460 786
401 790
392 793
382 799
360 803
365 808
379 812
374 816
374 820
386 824
377 829
340 833
411 833
406 839
367 842
417 845
422 849
383 852
413 867
361 867
404 870
429 872
403 876
415 877
407 880
418 882
448 885
415 888
417 890
437 891
461 893
435 894
454 895
435 898
402 899
443 901
437 902
458 905
428 906
477 906
443 908
445 910
492 910
431 911
474 913
457 914
450 915
455 916
466 915
446 918
439 921
496 918
453 920
460 920
483 920
468 921
473 921
476 922
493 923
466 922
481 923
493 922
472 923
474 922
499 923
478 923
492 922
496 922
490 922
496 921
504 920
507 922
511 919
514 918
514 913
512 899
512 898
514 897
514 894
513 892
514 891
516 888
513 885
514 882
514 879
513 877
513 873
514 871
513 868
514 865
513 862
514 858
514 856
514 852
513 847
513 844
513 839
512 836
514 830
512 827
515 822
512 817
512 811
513 807
513 802
513 796
514 790
514 786
514 780
513 775
513 772
513 767
513 761
514 756
514 751
513 749
512 743
