511 907
513 906
512 905
513 905
513 902
513 902
513 897
513 899
513 898
513 895
513 892
512 891
513 889
514 880
513 882
514 879
514 877
514 875
515 872
514 871
513 867
513 864
514 860
512 857
513 855
513 850
511 847
513 843
513 838
513 834
513 829
513 825
513 820
512 814
512 810
513 805
513 798
512 793
514 790
514 785
513 780
513 774
514 769
513 762
513 758
514 755
513 749
514 746
511 740
513 733
514 728
513 726
512 719
513 712
511 708
512 702
514 695
514 166
513 164
513 165
514 168
512 171
514 174
514 177
513 181
514 184
512 189
513 192
514 197
513 200
513 205
513 211
508 218
511 211
514 226
514 230
515 235
514 240
513 243
513 253
511 255
514 258
514 263
513 270
514 274
513 280
513 285
513 289
513 294
513 303
514 303
514 307
514 315
514 320
514 324
514 331
514 335
514 338
515 349
513 355
513 354
514 364
513 365
513 373
512 377
513 379
512 394
513 394
514 397
512 409
514 409
514 420
513 427
513 433
514 850
512 847
513 845
515 840
513 835
514 833
513 824
514 821
510 815
514 815
513 806
513 802
512 797
513 790
513 785
514 783
515 780
513 773
513 766
513 761
513 758
513 752
512 747
513 742
514 737
513 733
513 726
513 721
514 718
514 713
513 706
513 700
514 694
514 689
513 687
515 680
513 675
513 671
513 663
513 660
513 653
514 648
513 644
513 636
513 632
513 623
514 617
513 610
514 606
512 596
512 590
514 587
514 578
513 578
512 569
514 566
512 563
518 251
522 248
628 246
827 246
870 241
835 236
839 231
794 228
819 223
817 218
793 214
784 210
806 205
785 202
734 199
747 195
760 194
709 189
728 187
749 183
748 180
764 175
752 173
731 170
754 166
735 163
736 160
683 158
698 155
705 153
631 150
705 149
672 147
680 144
693 144
638 141
652 141
635 139
699 140
653 135
663 133
635 133
648 130
658 130
633 127
639 128
597 126
673 123
635 123
631 123
628 121
631 120
632 123
602 118
598 118
607 118
615 117
552 115
543 115
531 116
523 118
515 118
515 121
512 125
515 127
525 128
513 131
514 133
513 135
514 135
514 135
513 140
514 139
512 140
513 143
513 145
513 148
514 150
514 153
514 155
514 159
513 160
514 164
513 166
513 170
514 171
513 175
513 180
515 183
513 184
510 189
513 193
513 197
514 202
513 206
516 207
513 220
515 219
513 227
514 232
513 237
514 242
513 247
514 252
515 255
513 261
514 265
514 271
513 277
513 281
514 286
513 290
513 298
513 386
514 389
515 391
514 401
511 411
513 414
514 423
512 431
514 434
513 441
513 448
513 452
514 458
513 462
514 467
514 470
514 475
505 479
513 483
511 492
513 494
514 503
513 508
514 515
513 521
513 527
513 535
511 540
513 550
513 552
514 558
531 561
508 561
516 574
512 578
512 581
513 586
513 592
514 598
513 604
513 610
513 615
513 622
512 629
514 635
511 642
513 646
513 652
512 658
513 663
513 670
513 675
513 680
513 685
514 691
513 696
512 700
513 779
511 783
511 785
475 788
279 788
184 793
177 798
202 803
224 806
255 811
235 815
222 820
241 825
242 828
198 831
247 835
316 839
259 843
265 845
285 849
283 852
284 855
270 858
291 862
268 865
293 868
292 873
263 874
301 878
320 880
330 883
329 886
337 886
333 890
352 891
360 892
343 895
370 897
399 898
360 899
346 901
337 902
376 904
410 902
393 907
401 908
380 911
409 909
408 911
356 912
393 914
396 914
394 916
429 917
424 918
405 919
430 919
427 923
453 923
456 922
447 922
479 922
458 922
498 921
495 920
504 920
513 918
513 916
513 912
513 910
513 908
512 905
513 904
513 904
514 901
513 901
514 900
513 902
512 896
513 893
511 892
514 890
513 887
513 884
513 880
510 881
512 874
514 872
516 869
516 865
514 866
513 860
514 858
511 855
513 851
513 846
513 842
513 840
514 834
514 830
514 826
513 819
513 816
514 816
513 813
514 800
514 795
513 789
513 784
513 781
513 778
512 772
514 764
514 758
514 659
513 655
513 651
514 646
514 641
513 634
512 627
514 620
513 613
514 608
513 601
514 593
514 587
513 584
514 576
511 575
513 568
512 565
513 561
515 557
516 550
513 545
513 540
528 532
513 528
516 520
514 513
513 507
513 500
514 496
514 489
514 484
514 477
513 474
514 469
515 464
515 459
516 454
513 449
514 443
511 437
513 431
516 424
513 420
514 413
513 407
513 401
514 395
513 389
515 384
515 377
514 374
514 366
514 362
513 356
514 351
514 345
517 255
517 252
521 250
526 248
642 245
888 246
907 239
858 234
834 229
787 225
798 220
793 216
776 213
785 208
789 205
745 200
727 198
774 194
757 192
711 189
761 187
755 182
755 178
765 174
768 172
730 168
769 165
749 161
708 158
691 157
715 154
716 152
676 150
695 148
645 146
676 144
665 140
645 141
661 138
668 137
666 136
660 134
650 133
641 135
609 131
681 129
639 127
633 126
631 125
658 127
620 108
618 123
622 124
605 120
637 119
618 118
617 117
513 144
513 145
513 148
512 151
513 154
514 157
513 158
513 161
514 165
514 168
513 170
513 173
514 177
514 179
514 183
513 187
513 192
513 194
512 200
513 204
513 209
511 212
504 220
512 221
513 231
515 234
512 239
514 242
513 248
514 254
514 258
517 262
513 269
513 273
512 278
513 283
514 290
512 294
514 301
513 304
514 306
513 313
513 320
513 323
515 329
513 336
515 339
518 345
514 352
514 355
514 361
514 364
513 370
513 377
515 382
511 390
517 396
513 416
513 421
513 425
513 432
514 439
513 443
512 451
513 453
513 461
514 463
513 469
513 472
513 476
511 482
513 484
512 493
515 496
512 504
513 510
513 517
512 526
514 530
512 538
514 543
512 549
514 554
512 559
513 564
512 571
516 571
517 576
514 583
514 589
514 595
513 601
513 606
512 613
514 619
514 625
512 631
511 637
513 643
511 648
514 655
513 660
512 666
514 672
514 676
513 682
513 687
512 692
514 697
513 702
513 707
514 711
514 716
514 721
513 759
512 762
513 766
513 770
513 775
513 781
510 784
510 788
455 790
200 790
208 794
188 800
195 804
228 809
237 813
221 816
245 820
230 825
263 830
241 835
250 837
283 840
276 844
285 847
285 850
258 853
288 856
279 860
231 863
266 866
265 870
295 874
295 876
290 878
305 881
313 884
363 887
323 890
312 890
387 894
329 894
374 895
374 897
347 898
383 899
387 902
371 903
383 904
397 906
380 907
377 909
357 910
422 911
377 912
397 913
412 914
395 916
444 923
438 922
461 922
436 923
438 923
470 923
448 923
471 923
453 922
454 923
463 923
480 923
464 922
461 922
474 922
492 921
505 920
507 917
514 916
512 914
512 911
512 908
513 907
513 905
513 904
513 902
513 901
513 900
513 899
514 897
512 895
513 893
513 891
514 888
511 888
514 884
513 881
513 878
511 875
512 872
514 868
513 865
512 863
513 860
511 857
513 853
513 850
512 845
513 841
512 837
512 832
511 830
512 824
513 817
514 813
513 808
513 765
513 761
514 757
512 753
513 749
513 744
513 739
513 734
513 729
514 723
513 719
515 711
514 705
509 703
513 698
512 687
513 687
513 679
512 676
514 673
513 664
513 661
514 655
515 649
512 646
514 636
513 632
513 624
513 617
513 611
513 603
512 599
513 589
513 587
513 580
513 574
513 574
514 567
514 565
513 554
513 554
513 548
514 544
513 538
517 531
513 526
514 517
512 513
513 504
513 497
512 491
513 487
514 481
514 476
514 472
514 466
512 462
514 413
513 410
513 404
513 399
514 394
513 386
514 381
513 375
513 370
515 366
512 358
514 355
512 349
514 343
504 339
514 334
513 329
513 324
513 319
514 314
514 309
513 305
514 299
513 295
514 292
512 286
513 283
512 279
514 275
514 270
513 265
513 261
514 257
520 253
521 247
640 246
810 247
853 242
846 234
830 232
779 228
798 223
838 219
785 215
783 210
779 207
813 202
766 200
721 197
739 192
756 190
769 187
728 183
720 180
768 176
776 173
763 170
734 136
637 135
692 134
632 132
643 131
633 130
649 129
643 127
598 125
661 125
600 123
633 127
645 121
620 121
605 120
614 119
593 118
594 117
625 116
607 116
577 116
610 116
580 115
588 114
578 114
598 112
570 114
561 114
572 113
581 115
565 113
569 116
547 115
565 115
574 115
541 116
523 120
524 112
517 120
516 121
513 124
512 126
512 128
515 127
514 132
513 133
514 134
513 136
513 137
514 139
513 141
514 142
513 144
512 147
513 149
512 153
513 152
514 206
514 209
513 211
519 212
505 224
513 216
513 231
512 237
514 241
513 247
513 248
513 254
514 261
513 264
512 270
513 275
513 282
513 285
513 292
513 295
513 301
513 306
513 312
513 314
513 321
514 326
514 331
513 338
512 344
514 348
513 353
513 358
514 362
514 368
513 374
518 375
516 388
512 386
514 392
514 400
514 407
513 415
514 422
514 428
512 435
513 441
514 446
512 452
513 457
513 461
513 466
513 469
512 474
512 478
514 484
515 489
513 495
510 585
512 589
513 592
511 597
514 601
513 611
514 615
513 621
513 628
514 634
515 640
516 645
513 652
514 656
513 663
513 667
512 675
514 679
513 683
512 690
513 694
513 700
513 705
512 709
513 713
513 719
514 724
515 728
513 734
513 737
513 743
515 741
513 753
511 755
513 759
513 763
512 766
514 772
512 773
508 781
511 784
506 789
275 787
226 791
198 797
166 802
235 807
243 810
223 815
220 818
250 823
243 828
242 832
268 831
289 838
253 838
289 845
315 882
358 881
308 887
341 889
372 891
346 893
367 894
348 896
397 898
334 898
377 901
380 902
355 906
442 905
365 907
385 908
365 909
403 909
399 912
386 912
432 913
374 914
436 916
402 916
403 917
401 919
415 919
450 920
422 920
431 922
420 921
421 922
464 922
437 922
416 922
452 924
473 922
443 922
463 923
458 922
460 924
468 922
478 923
451 923
459 922
495 921
496 921
501 919
510 917
512 915
512 913
516 909
513 908
513 905
513 905
512 903
512 902
512 863
511 860
512 858
513 855
512 852
515 847
513 843
513 840
514 835
515 830
515 826
511 819
514 815
514 811
512 808
513 801
513 794
512 788
513 787
513 782
513 776
513 770
513 764
513 759
513 756
512 750
514 742
514 742
513 735
513 731
513 726
513 722
513 715
513 708
513 705
513 698
513 693
513 687
513 684
514 679
513 672
511 670
513 663
512 660
512 654
513 647
514 644
513 634
513 627
514 622
513 614
516 605
512 603
512 594
514 588
513 583
513 579
515 475
515 473
516 469
512 466
513 460
514 455
513 450
513 443
512 439
514 424
515 426
513 420
514 414
514 410
513 402
514 396
513 391
514 384
513 377
512 373
514 365
514 363
513 357
513 352
513 347
514 342
530 321
513 331
518 327
515 323
514 317
514 311
514 308
515 301
513 298
513 295
514 290
513 285
514 281
513 278
512 273
514 268
513 263
513 260
515 255
517 252
526 246
643 245
856 246
912 240
882 233
827 230
810 226
804 221
798 217
776 212
817 210
685 150
684 148
689 149
681 146
632 141
678 143
661 141
658 141
672 138
619 137
682 135
607 133
656 132
663 131
647 130
663 127
613 127
622 126
617 125
644 124
625 117
622 121
635 120
626 119
614 118
604 118
613 118
587 117
615 117
610 116
587 116
557 115
614 114
594 114
550 114
582 114
573 114
559 114
585 114
559 114
551 115
566 115
555 115
554 115
534 115
536 116
528 117
513 119
514 122
514 125
514 125
517 116
512 131
514 132
514 134
514 135
513 170
513 171
513 173
513 176
513 179
513 182
513 188
513 190
514 193
514 197
516 202
513 207
515 213
514 232
514 223
523 224
513 235
514 240
513 244
514 246
513 252
514 254
513 262
514 266
512 273
513 276
512 282
513 289
512 292
513 296
513 303
513 309
513 312
513 317
512 324
513 329
513 334
513 340
513 344
514 350
514 355
513 361
513 364
513 369
513 376
514 377
513 385
513 393
509 395
513 404
512 410
513 416
512 425
515 429
514 439
513 445
514 448
513 557
513 561
513 561
514 570
517 575
511 581
524 575
510 588
513 594
513 598
514 605
512 611
513 617
514 623
514 631
512 637
512 643
515 648
513 654
513 659
513 664
513 671
513 672
513 680
513 686
513 691
513 696
513 701
514 707
513 711
512 715
513 720
513 726
513 730
511 735
514 740
513 744
506 745
513 752
514 757
515 760
513 766
513 769
514 773
513 778
508 783
509 785
353 786
256 792
193 795
194 800
233 804
273 808
225 812
239 816
253 821
225 824
224 889
326 891
353 892
368 894
367 896
335 898
395 898
340 900
383 901
372 903
378 905
411 906
366 907
401 908
359 911
400 910
412 911
377 912
391 914
379 916
420 916
414 917
422 917
426 919
399 919
435 919
442 920
424 921
415 922
445 922
436 922
423 922
442 922
460 924
456 923
465 923
450 923
450 921
477 922
482 920
444 922
460 919
481 922
486 922
499 920
503 919
514 915
513 913
513 911
513 909
513 907
513 905
514 903
513 903
514 901
512 900
513 899
513 839
514 833
514 833
514 827
513 822
515 815
514 814
516 807
513 805
513 798
513 791
513 787
514 782
513 781
513 775
514 766
514 762
513 763
514 755
513 749
514 744
513 738
513 735
513 731
509 724
513 721
514 714
512 705
513 703
513 698
513 690
512 686
514 682
514 677
513 672
513 665
513 661
513 658
515 650
512 645
515 639
514 633
513 623
512 619
513 612
515 603
512 600
513 591
513 587
513 581
513 576
513 572
515 566
514 566
517 559
512 558
513 549
517 527
515 523
514 517
513 513
511 500
513 503
515 493
515 490
512 483
515 477
513 474
513 469
513 462
514 458
514 453
513 447
514 442
513 437
513 430
514 422
513 418
513 414
514 405
512 400
514 393
514 390
513 383
513 377
513 373
514 366
513 359
512 354
513 351
514 344
513 338
509 335
513 329
513 325
514 320
517 315
513 311
513 305
513 300
513 295
513 293
513 286
514 284
513 280
513 276
514 271
513 267
517 262
514 258
519 252
516 251
572 248
635 247
789 209
765 206
774 204
750 202
741 197
771 200
741 191
712 188
748 184
749 181
760 177
748 174
756 169
735 167
748 163
785 160
690 158
699 155
715 154
706 154
694 150
655 149
662 146
631 145
679 142
677 141
655 140
688 137
656 136
639 134
634 132
634 132
634 131
647 129
650 128
620 127
630 125
657 124
622 123
609 128
626 122
603 120
621 116
626 118
611 118
571 117
601 115
604 116
590 118
590 116
591 115
598 115
576 115
576 115
577 113
564 114
595 114
515 122
514 121
513 124
515 128
514 132
517 121
513 132
513 134
513 134
514 135
514 136
514 139
513 140
513 143
514 144
514 147
514 153
514 151
513 157
514 157
513 157
513 161
513 165
514 168
513 172
513 174
514 176
515 181
513 185
514 189
513 195
513 197
514 200
513 205
514 210
514 216
518 222
512 227
504 233
516 235
513 241
514 246
514 249
514 253
519 259
513 265
513 269
513 273
513 279
513 285
514 292
512 296
513 299
513 304
513 309
513 315
513 320
514 179
514 180
514 182
513 186
513 191
513 195
514 198
514 202
513 208
514 212
514 218
508 222
519 229
514 230
514 238
514 243
515 247
514 252
514 256
514 260
514 269
514 271
513 276
514 282
513 289
512 290
514 296
514 304
513 306
514 310
513 317
513 324
514 327
513 332
513 339
514 344
514 349
513 354
513 360
513 364
514 370
513 374
514 379
513 379
516 388
510 398
512 400
514 410
513 415
513 422
513 431
513 435
512 444
514 448
514 453
512 460
513 463
514 624
513 628
512 635
514 643
513 647
513 653
514 657
513 666
514 669
513 675
514 680
513 685
513 690
513 695
513 701
515 705
513 710
513 715
513 720
513 724
513 730
513 735
514 739
513 744
514 754
513 753
513 756
513 759
514 764
512 769
513 775
512 777
510 781
510 788
435 789
229 789
224 795
217 798
229 803
268 807
205 811
240 815
241 819
225 824
243 828
244 832
247 836
264 839
284 843
266 845
295 849
267 852
304 855
281 859
251 863
340 866
283 924
431 922
431 924
437 922
429 922
445 923
434 923
471 923
431 923
432 924
472 920
462 922
456 922
460 923
470 923
472 923
494 921
483 925
490 921
506 919
512 916
513 914
512 912
513 910
512 908
513 905
512 904
513 904
513 902
513 901
513 899
513 898
513 895
512 893
514 892
513 889
513 886
512 886
514 882
513 879
513 876
513 873
512 871
512 868
511 865
512 860
512 857
514 854
512 853
513 846
511 840
513 839
514 833
512 829
513 825
513 819
514 816
513 733
513 737
513 724
513 721
513 715
513 705
512 704
513 699
513 691
512 689
512 683
512 677
513 673
513 667
513 662
513 658
513 651
513 646
515 640
512 634
514 628
513 620
512 614
513 606
514 599
515 593
514 586
513 582
512 577
513 574
513 571
514 565
513 562
513 554
511 552
513 545
511 540
513 534
517 525
513 520
513 513
513 508
514 501
512 494
513 488
514 482
513 479
514 471
512 469
514 463
514 459
511 455
513 449
513 441
514 437
514 429
515 424
514 330
514 327
513 323
514 320
513 316
513 311
513 306
514 301
514 297
513 292
513 288
513 284
513 281
514 276
513 271
513 267
513 262
512 258
515 254
518 251
562 247
625 245
916 245
859 239
821 234
824 231
829 225
775 220
798 214
830 212
781 207
777 204
762 201
776 197
734 194
729 199
718 188
795 184
741 181
707 178
758 175
753 171
755 170
761 164
720 160
704 159
725 157
728 154
691 152
667 150
678 147
688 146
644 144
694 142
648 144
651 138
664 137
644 123
637 120
643 118
619 120
612 119
621 118
606 118
595 117
606 115
584 115
565 115
601 116
583 114
544 115
580 114
596 115
550 114
584 114
551 114
566 115
575 114
546 115
546 114
538 114
559 116
522 116
516 118
513 121
515 123
514 127
514 128
517 122
518 132
515 132
514 134
513 136
513 136
514 138
513 140
513 145
513 144
513 146
513 148
513 151
514 154
513 157
513 159
513 163
514 166
514 167
513 171
514 173
511 175
514 180
513 185
513 187
514 191
513 286
513 290
513 293
514 297
513 305
513 310
514 313
513 318
512 328
514 330
513 333
513 342
514 346
514 350
513 359
513 360
514 366
513 372
513 376
513 382
513 390
509 391
513 409
512 403
512 414
514 417
513 427
514 433
513 438
512 446
514 450
514 457
513 458
513 465
513 467
513 473
514 477
514 481
511 489
513 490
513 500
514 503
513 511
513 519
513 523
513 531
513 536
511 545
514 548
513 555
512 559
514 564
511 570
515 573
514 579
515 579
512 586
514 692
513 695
513 699
513 702
512 707
513 712
513 716
513 722
513 727
513 731
513 737
514 740
513 746
513 742
514 756
513 757
513 762
513 767
514 770
512 775
513 779
511 783
507 788
306 787
207 791
210 796
249 801
228 804
222 808
233 813
266 818
205 821
205 826
247 829
247 835
236 838
253 841
279 844
283 847
289 850
275 853
295 856
325 860
267 863
255 865
299 869
287 873
292 876
307 880
295 882
315 884
327 887
353 889
362 890
342 892
378 894
335 896
413 919
426 919
422 920
431 920
415 920
458 922
426 921
442 923
467 922
466 923
436 923
438 922
470 923
450 923
462 919
451 923
470 923
484 921
491 923
459 921
494 920
502 920
506 918
512 915
514 913
513 911
514 908
513 907
513 905
512 902
512 904
513 899
513 900
513 899
513 896
513 894
514 892
513 890
513 888
514 886
512 883
513 879
512 877
512 876
512 869
514 869
513 867
512 862
511 859
513 856
511 853
513 849
514 846
512 845
513 838
512 832
511 826
513 758
513 752
512 747
513 743
513 739
513 732
513 729
513 724
513 719
513 711
513 707
513 702
513 693
514 689
514 686
514 681
513 675
513 670
513 666
512 659
513 657
513 648
515 643
513 640
513 629
514 626
513 618
515 608
513 604
513 594
512 591
512 583
514 581
513 576
514 570
513 566
513 561
513 559
513 550
513 549
513 543
514 535
513 532
516 520
513 518
513 507
514 504
523 497
514 491
513 487
514 480
512 476
514 470
514 468
510 462
513 456
512 452
512 334
513 328
513 322
513 318
513 314
513 309
514 304
513 298
514 294
513 290
514 287
515 282
513 279
513 274
513 269
514 265
515 259
513 257
516 251
521 249
614 247
772 247
861 237
867 237
847 231
792 228
818 224
812 219
811 214
795 208
785 206
770 202
783 199
742 195
721 193
753 182
732 186
742 182
756 177
731 175
778 172
754 170
723 166
738 163
715 161
748 158
686 155
671 152
735 150
673 150
690 148
665 144
617 144
688 142
655 139
667 139
633 116
613 115
577 115
579 114
586 115
593 114
565 115
576 115
559 114
574 114
575 114
569 114
554 114
558 111
555 114
557 116
533 116
522 117
517 119
516 121
515 119
515 126
514 127
514 128
501 130
513 134
514 135
514 136
513 138
513 139
514 138
514 143
514 145
514 148
513 149
514 152
514 156
514 158
514 162
513 164
513 167
510 168
512 172
514 174
514 179
514 182
514 184
513 190
514 193
514 196
514 201
514 207
513 212
513 212
514 221
512 224
506 229
510 420
514 424
514 429
514 435
512 442
513 446
513 453
513 457
513 462
513 467
514 470
512 473
514 478
513 483
514 489
513 494
513 501
513 507
512 514
514 521
511 528
514 533
514 539
512 546
514 552
512 556
513 561
512 567
517 570
514 590
514 577
504 590
512 590
514 597
513 604
514 609
514 615
511 621
513 626
513 635
513 640
514 645
513 652
514 659
513 663
513 669
513 674
513 677
514 684
513 688
513 694
513 699
514 705
513 709
513 714
513 719
513 725
513 743
514 745
513 750
513 753
514 753
512 759
513 762
513 768
513 772
512 777
512 781
509 786
445 789
246 788
233 794
187 798
247 802
253 806
237 810
209 815
245 821
232 824
216 827
248 832
275 831
247 840
287 839
