512 631
513 636
513 639
513 643
514 648
512 654
513 660
513 665
514 670
513 676
513 682
512 687
513 689
512 696
513 704
513 707
515 714
497 718
513 723
515 727
513 730
513 736
513 742
513 745
513 752
512 752
513 757
514 761
513 766
514 770
514 775
514 779
513 783
474 786
362 789
270 792
281 796
269 800
258 804
257 808
256 812
247 816
200 821
244 825
229 827
250 833
225 838
262 841
295 844
274 846
261 849
295 852
322 855
264 859
255 861
278 865
289 868
511 316
514 313
514 309
513 303
513 299
513 295
513 291
513 287
513 284
513 279
513 275
513 270
514 265
515 260
514 258
513 252
555 249
696 248
752 243
778 239
765 236
767 229
796 228
802 224
788 220
769 215
774 212
801 206
765 205
773 199
760 196
720 193
757 189
763 185
721 185
755 181
747 178
734 174
796 171
739 168
715 165
726 163
756 160
734 156
658 155
702 152
705 150
676 148
688 147
657 145
665 143
669 141
669 142
645 137
637 136
660 135
666 131
373 788
342 791
303 795
269 798
229 802
272 805
237 810
221 814
234 818
230 823
239 826
260 831
207 835
277 837
288 842
263 844
301 842
261 850
305 853
273 857
237 860
298 863
222 867
290 870
321 873
276 876
323 879
293 882
330 883
367 885
349 887
356 890
323 891
381 894
361 894
363 896
395 898
324 899
407 901
337 899
377 904
398 906
407 907
397 907
377 909
418 910
388 911
409 913
388 913
422 914
421 916
396 916
418 917
416 919
424 919
392 919
424 922
513 787
513 785
515 781
513 777
512 770
513 766
512 760
513 756
514 751
514 746
515 743
514 739
515 731
513 724
514 721
513 716
514 709
512 704
512 698
513 693
513 689
514 682
513 677
513 673
514 667
514 664
514 656
514 653
514 649
514 639
512 636
513 628
514 624
514 615
514 609
513 601
514 594
513 590
514 584
513 578
513 575
513 570
513 567
513 561
514 558
513 558
515 548
512 546
514 536
513 530
514 522
515 516
513 510
512 502
511 497
513 491
513 486
514 388
514 384
516 380
514 373
513 368
514 364
514 358
514 352
514 346
513 341
513 336
513 331
513 327
513 323
513 317
513 306
513 305
514 302
515 297
514 296
516 290
515 285
513 281
514 278
515 274
513 268
515 263
513 259
512 254
520 252
625 249
689 246
776 242
766 241
763 234
784 231
793 236
775 222
819 218
805 214
791 209
768 205
772 202
777 199
721 195
729 192
774 189
723 186
739 182
767 180
728 176
755 174
761 173
718 167
731 167
737 161
729 126
626 125
609 125
618 124
599 123
637 122
624 122
635 119
622 120
598 118
616 118
584 118
592 117
614 117
558 116
621 116
590 115
579 109
573 114
578 115
571 114
570 108
564 114
546 110
571 115
568 114
560 115
530 115
566 115
553 114
525 109
517 121
515 123
514 125
514 127
514 130
514 130
514 133
513 134
513 136
515 136
513 138
513 139
514 141
513 144
514 145
514 149
514 150
513 146
514 156
514 162
514 161
513 168
514 166
513 169
513 173
513 176
513 261
514 263
513 267
513 273
514 278
514 283
513 287
513 292
514 297
514 303
514 308
514 313
513 320
513 321
514 329
513 335
513 340
514 356
512 352
514 357
522 355
514 365
514 369
513 367
513 381
514 379
513 392
514 397
513 403
513 413
514 415
513 426
514 430
514 437
513 444
513 449
512 455
513 457
510 464
515 466
513 472
513 475
513 480
514 485
513 489
513 496
514 498
512 509
514 509
512 522
513 528
514 535
513 550
507 547
513 554
515 556
513 563
514 642
514 639
513 651
513 653
513 658
513 664
513 671
513 675
511 681
513 686
513 691
512 696
513 704
513 709
513 711
525 715
512 723
521 730
510 730
512 735
514 740
513 743
513 749
513 752
513 755
513 760
513 767
513 770
513 777
514 778
513 785
465 785
387 792
300 792
264 796
269 800
287 803
232 807
253 811
260 816
237 820
205 825
251 828
233 832
231 836
295 838
257 843
272 845
285 850
297 852
289 855
297 858
304 862
243 867
298 868
303 876
268 875
289 911
419 912
411 913
376 914
392 914
414 916
422 917
417 922
388 918
420 919
435 920
436 922
421 921
435 924
430 922
456 921
449 923
435 923
463 922
463 923
430 923
445 922
478 923
466 922
444 922
484 921
478 922
488 925
489 919
508 918
512 916
512 914
513 911
513 909
512 907
513 905
513 904
513 902
513 901
514 900
514 899
513 897
513 895
513 893
513 884
514 888
513 886
515 883
513 881
512 878
513 874
514 872
513 870
514 867
513 864
513 859
514 857
514 752
514 752
514 746
514 739
514 734
513 730
511 724
513 718
512 714
513 707
513 701
513 697
514 690
512 684
512 681
512 676
513 672
513 667
514 661
513 656
514 650
513 645
514 638
513 632
514 626
514 612
512 612
514 603
512 599
513 591
514 587
514 582
513 577
513 575
514 568
514 567
513 561
514 556
514 552
515 543
513 539
514 534
511 528
513 521
514 514
515 507
513 502
513 496
516 489
511 484
514 478
515 474
513 469
515 464
512 460
513 454
513 449
513 266
514 263
514 257
517 253
568 251
651 249
757 244
765 240
765 239
764 232
784 228
779 226
788 220
786 218
782 211
792 208
778 204
759 194
726 198
749 194
726 191
733 189
748 185
723 182
749 178
744 175
736 172
780 168
706 166
721 163
733 160
699 157
729 155
663 150
722 152
702 149
637 147
681 145
651 144
715 142
641 140
658 139
654 137
625 135
653 133
649 140
660 131
619 130
671 129
599 127
660 120
675 125
617 118
634 123
614 122
652 121
591 122
601 118
572 117
586 116
596 117
603 116
602 115
571 115
585 115
583 115
571 115
555 114
586 115
570 115
553 114
571 115
541 116
567 114
552 116
534 111
528 117
524 127
515 121
514 124
514 126
513 129
514 129
514 133
513 133
515 135
513 136
514 136
513 138
514 141
513 141
514 145
515 147
513 151
515 152
513 154
513 156
514 160
514 163
515 165
513 167
514 171
514 174
513 177
515 182
513 184
513 187
514 196
513 209
513 203
513 205
514 209
513 215
513 220
513 276
513 280
514 282
513 288
513 298
513 300
515 303
514 310
513 317
513 321
514 324
513 330
513 336
514 342
513 347
519 355
514 356
505 358
514 369
514 373
513 378
513 381
514 389
507 393
514 401
512 406
514 413
512 420
513 426
514 432
513 440
514 445
514 452
513 458
512 460
514 467
511 469
515 472
513 478
513 481
513 486
514 493
514 499
514 506
513 511
513 518
514 524
510 527
507 538
513 539
512 557
514 553
514 559
514 563
511 569
512 573
514 579
513 639
513 643
513 648
513 654
513 661
513 666
513 671
514 675
513 682
513 688
513 693
513 698
513 703
513 711
512 711
507 719
512 721
515 726
515 733
513 738
514 740
513 745
513 750
513 753
514 757
513 762
513 766
512 772
513 776
513 781
511 785
433 787
323 790
279 796
266 798
269 801
253 805
282 806
240 814
198 813
275 819
234 825
223 830
252 833
255 837
260 841
283 843
299 846
298 846
295 854
260 856
309 856
268 862
277 866
269 869
239 873
309 894
392 896
383 896
339 898
364 900
371 901
350 903
350 904
440 905
381 906
378 908
409 909
378 909
402 911
388 913
394 913
387 915
422 915
429 917
420 918
431 918
421 918
388 920
423 919
449 920
433 920
400 922
446 920
449 922
441 923
448 923
450 922
450 922
457 922
479 923
443 922
480 922
487 922
459 922
482 921
506 921
501 919
509 917
513 916
513 912
511 911
514 908
512 907
515 905
513 904
513 903
513 901
513 899
513 897
513 897
513 894
513 892
513 859
513 859
514 857
513 853
514 849
513 844
514 840
513 835
513 832
513 828
514 821
515 816
513 812
513 808
513 800
514 794
513 790
513 787
513 784
513 778
513 771
513 765
512 763
512 760
512 752
511 746
511 742
514 736
513 732
513 728
512 719
512 715
512 710
514 703
514 697
514 697
512 688
514 683
511 679
513 674
514 668
513 665
512 660
513 653
513 648
513 642
513 636
513 629
513 622
514 616
515 608
513 603
514 596
514 590
513 586
513 579
513 585
514 483
513 480
513 477
514 472
513 467
515 462
515 458
512 454
514 448
514 442
514 435
513 429
514 424
513 417
514 411
514 403
513 398
514 392
512 387
513 383
514 375
513 370
513 364
514 358
514 353
513 347
514 342
513 337
513 332
514 327
514 323
514 318
514 312
511 308
513 302
514 298
513 295
513 289
514 286
514 283
514 277
514 274
513 268
513 266
514 260
516 255
516 251
586 251
709 246
770 242
786 239
801 235
745 230
772 227
774 222
811 219
785 215
793 159
722 158
725 157
716 153
704 152
684 150
652 148
706 145
616 144
660 143
658 142
642 140
708 138
623 137
664 135
653 134
647 138
633 131
641 127
661 129
634 127
624 126
617 124
656 124
595 123
613 122
636 121
635 120
600 119
602 118
611 117
587 117
604 118
594 115
590 118
585 115
603 117
558 115
570 115
594 115
562 114
567 114
576 114
559 114
565 115
553 116
556 116
535 115
539 115
525 127
538 111
514 122
513 124
515 127
514 129
514 131
514 132
514 171
514 172
513 176
514 178
513 182
514 186
513 190
511 193
522 199
511 203
513 207
513 213
514 217
514 223
513 229
513 233
514 237
513 241
513 247
513 250
514 255
513 261
513 268
513 273
513 275
513 280
513 288
513 294
514 298
513 300
513 307
513 314
513 316
513 321
515 329
513 330
514 337
513 344
512 349
509 355
519 359
517 358
514 370
514 374
514 379
514 385
514 388
513 398
515 400
514 411
512 418
513 421
513 432
515 435
513 442
513 447
513 452
514 512
513 516
514 520
513 524
510 533
516 539
509 549
510 550
512 557
515 560
513 565
512 570
516 576
513 581
513 585
513 591
514 596
513 602
514 609
514 614
511 621
514 628
514 633
513 640
513 645
513 651
513 656
513 663
512 667
511 675
513 680
514 685
512 690
512 695
513 698
511 704
514 709
514 720
515 720
515 737
513 733
513 735
513 740
516 743
513 748
514 751
512 756
513 759
513 761
513 768
513 772
514 777
514 781
511 785
428 788
316 790
264 795
269 865
296 868
287 871
280 875
275 877
317 879
359 882
311 884
329 887
372 888
330 889
340 891
378 893
362 896
384 897
350 898
387 902
349 901
386 903
399 904
348 906
414 906
439 909
369 910
411 911
379 915
378 913
404 914
366 915
426 916
421 917
408 923
418 919
414 919
441 920
395 921
411 921
462 922
416 922
437 919
457 922
436 923
470 922
455 920
448 922
460 923
471 923
460 923
454 922
478 923
493 922
457 921
467 920
507 920
508 917
512 914
512 912
513 870
513 869
513 868
514 864
514 861
514 858
513 852
513 850
513 847
512 844
514 839
513 834
513 829
513 824
513 818
513 815
513 808
513 803
513 798
514 794
513 790
513 785
513 780
513 775
515 771
514 766
512 760
513 754
514 749
514 747
513 741
512 735
513 730
512 724
513 721
515 712
513 711
512 703
513 697
513 693
513 686
514 683
513 678
515 670
512 666
524 662
514 656
513 653
514 644
514 642
513 633
514 626
513 621
510 611
512 607
513 599
512 592
515 490
515 484
513 480
514 476
512 470
512 465
515 459
514 455
515 451
515 445
514 439
513 432
513 425
512 421
514 412
514 408
513 402
513 392
511 391
514 386
513 376
513 376
514 368
512 359
513 356
514 350
513 345
514 339
514 335
513 330
514 325
514 320
514 315
514 310
513 305
514 300
514 296
513 292
514 287
513 284
515 280
513 276
514 271
514 266
513 262
513 258
514 251
520 250
614 246
724 245
798 241
809 237
767 232
790 229
768 225
774 220
807 176
730 170
762 171
729 168
738 166
758 163
754 160
701 157
690 156
687 153
682 151
709 148
656 148
649 147
696 144
646 142
642 140
681 138
686 138
634 135
661 134
639 133
647 133
640 130
634 132
638 128
612 126
633 125
624 124
644 122
639 122
613 122
594 121
616 119
654 118
612 117
579 118
615 116
606 116
602 115
581 115
580 115
589 114
580 115
562 114
569 115
595 114
559 114
545 114
585 114
552 114
547 115
560 115
540 116
534 118
521 120
510 119
515 170
513 172
512 175
514 177
514 180
513 184
514 188
513 192
515 189
506 201
510 204
514 209
513 215
514 220
513 226
514 229
513 233
512 237
513 243
514 247
513 253
515 257
514 261
512 270
514 275
512 278
513 286
513 290
514 294
513 301
513 305
514 307
513 314
513 320
513 327
513 331
514 337
514 339
513 347
514 352
513 357
515 364
512 367
513 371
513 376
514 381
513 386
512 395
513 397
513 407
512 415
513 420
512 428
514 435
511 439
513 446
513 450
512 566
511 570
512 574
514 581
512 583
511 592
513 593
513 600
515 606
513 612
513 618
513 624
514 631
515 636
516 643
513 648
514 654
513 660
514 665
514 672
513 677
513 679
512 688
514 693
511 698
513 703
513 707
513 711
511 716
513 720
514 715
514 729
510 737
513 741
513 747
512 749
513 753
512 757
513 761
512 767
514 771
514 775
513 780
512 784
492 786
388 789
287 792
254 797
236 800
231 805
266 809
264 814
210 819
252 820
263 826
204 829
240 833
296 894
394 899
377 894
332 896
373 901
343 900
368 904
372 902
383 904
400 906
359 907
398 908
383 909
421 910
350 911
376 912
421 914
380 915
400 916
395 917
410 917
416 918
419 918
403 920
421 920
455 922
421 922
427 922
445 922
471 922
421 922
447 923
471 923
454 922
440 922
465 923
455 919
465 923
470 922
463 923
490 918
485 922
487 919
513 918
514 916
512 914
512 911
513 909
512 909
512 905
512 905
513 902
513 903
513 899
512 898
514 896
513 894
511 887
512 885
513 883
512 880
513 880
513 874
515 872
512 870
513 866
513 863
513 860
513 856
513 852
513 849
514 846
513 843
513 837
513 833
513 830
513 822
513 822
512 810
513 806
511 801
515 797
513 791
514 787
513 788
513 778
516 775
513 767
514 764
514 757
513 754
513 748
514 740
511 737
512 734
511 727
513 722
513 716
513 711
513 704
512 699
514 695
511 688
514 684
515 677
514 673
512 669
514 664
513 659
513 656
514 648
514 644
514 640
514 630
513 572
513 570
513 569
513 565
513 558
513 556
513 548
512 545
514 537
514 532
513 526
515 517
512 514
516 504
511 501
514 493
512 488
513 482
517 478
512 475
514 467
512 464
513 458
514 456
513 448
515 442
512 437
513 432
513 423
512 421
514 411
513 404
514 398
512 392
514 388
514 382
512 376
514 370
514 364
513 359
500 353
514 348
514 342
513 336
512 332
513 329
513 323
514 317
514 312
513 308
514 303
514 298
513 297
513 291
512 289
513 282
514 277
765 242
798 239
819 234
795 230
795 226
779 220
807 220
773 214
791 210
791 206
765 203
741 200
755 196
759 194
735 190
741 187
725 183
773 181
742 178
731 175
743 170
746 168
766 164
720 162
709 159
741 156
699 155
668 153
696 150
676 149
694 147
658 144
647 143
673 142
648 139
647 138
679 138
676 135
638 134
630 132
633 127
641 129
639 131
630 127
636 126
632 125
636 125
604 122
639 121
645 120
599 120
609 118
612 118
611 118
596 118
586 117
603 116
542 114
570 114
542 115
585 113
526 115
550 115
526 117
517 119
514 121
514 125
514 126
514 129
514 131
513 133
513 134
513 134
513 136
513 138
514 139
514 140
516 142
514 145
513 148
514 150
514 152
513 156
514 157
514 161
514 162
513 165
514 168
513 172
514 174
513 178
514 182
514 185
512 189
514 193
511 195
510 199
509 206
514 211
511 217
514 222
514 226
513 230
514 238
513 242
514 246
514 250
514 255
513 260
513 266
514 273
513 279
514 280
513 286
514 332
514 334
513 338
514 342
514 350
513 353
511 358
505 364
514 368
513 374
514 378
512 382
512 392
514 392
513 402
514 409
514 412
512 424
514 428
513 435
514 442
513 448
513 452
513 458
513 462
513 466
513 470
513 473
513 478
513 482
511 488
515 494
514 500
516 506
514 513
512 521
513 524
512 534
511 541
514 543
516 555
515 556
512 559
513 564
512 570
515 575
513 579
514 585
512 591
514 596
513 601
514 609
514 614
513 622
513 626
514 635
513 732
506 730
511 739
513 739
513 743
513 748
514 752
513 757
515 760
513 764
512 768
513 772
512 777
513 781
510 785
437 787
361 790
290 794
223 798
200 803
258 807
250 812
249 815
223 820
236 823
260 828
238 831
243 835
272 838
315 842
244 845
265 848
328 855
327 853
279 859
270 860
295 863
290 867
293 869
274 874
252 876
301 880
320 882
315 884
359 887
343 889
321 890
345 892
392 894
375 895
366 897
377 898
368 900
385 901
372 903
375 903
370 905
404 922
449 921
443 922
463 921
433 922
468 923
437 923
435 922
466 923
456 923
441 924
454 923
462 924
474 922
460 921
481 922
472 921
505 920
503 919
508 917
512 915
514 913
513 910
513 908
513 906
513 904
513 904
514 903
513 900
512 899
513 897
513 896
513 894
513 890
514 889
515 887
513 885
513 882
513 879
513 878
513 873
514 871
513 867
513 865
516 862
514 859
515 855
514 852
514 847
514 843
513 840
514 835
513 830
514 824
514 819
513 815
513 811
513 716
512 712
513 709
513 702
513 701
514 693
513 689
513 681
513 678
513 674
511 668
514 663
521 657
515 652
513 648
516 638
512 636
513 625
514 620
513 615
501 605
513 602
513 593
513 590
513 582
513 580
514 574
514 569
513 568
513 559
513 559
513 556
513 547
513 543
517 535
513 531
516 520
511 516
514 508
513 504
513 496
513 491
513 486
515 480
515 477
515 471
513 466
513 460
514 455
513 451
514 445
513 439
514 433
513 426
512 420
513 415
514 410
514 340
513 339
513 333
513 330
513 327
514 320
514 316
513 312
514 306
513 302
514 297
515 293
513 289
513 283
513 281
514 276
512 272
513 268
514 264
514 259
513 255
516 251
613 249
686 247
754 242
808 239
819 233
813 229
777 224
769 226
784 217
789 213
761 209
794 205
748 202
737 198
743 195
732 193
754 189
760 186
723 183
736 181
770 177
768 173
711 169
732 167
773 164
699 161
727 158
725 156
681 153
721 151
662 150
673 147
677 146
635 143
692 142
601 118
593 118
630 117
582 116
599 115
589 116
604 115
583 115
579 114
587 114
566 115
571 114
575 115
565 113
566 115
567 114
553 115
539 116
573 115
533 115
532 117
527 117
514 119
514 124
514 124
514 127
513 130
514 131
513 133
514 133
514 135
513 136
514 137
513 140
514 141
512 144
514 146
513 149
515 151
513 154
516 154
514 158
514 159
513 162
513 166
512 170
513 173
514 176
513 180
514 184
513 187
514 191
514 194
524 205
513 205
513 209
514 212
514 306
514 308
513 313
514 318
513 324
514 329
513 333
513 340
512 346
514 351
525 349
515 359
513 369
512 374
514 375
513 381
513 386
512 392
514 397
513 404
512 412
513 419
513 427
513 430
513 438
513 444
514 449
513 456
515 459
513 463
514 466
513 472
513 477
513 482
515 486
514 489
514 497
515 504
514 509
510 515
513 522
512 530
513 533
513 540
514 544
510 548
513 557
513 562
513 568
515 572
512 577
514 583
514 586
513 593
513 599
512 605
513 611
523 720
516 729
514 731
513 738
513 741
513 745
513 749
513 753
514 759
513 762
513 764
513 770
513 775
515 778
513 784
507 786
410 788
313 791
284 795
219 800
192 805
229 808
263 813
216 818
234 821
270 825
208 828
251 834
259 837
286 839
301 843
281 846
260 848
314 851
303 856
274 858
283 862
265 865
292 868
269 872
289 874
277 881
309 881
352 882
320 885
369 886
342 888
337 891
340 892
358 894
418 896
331 898
353 900
373 900
378 902
362 904
399 905
433 919
429 920
419 919
432 921
426 920
421 923
429 922
428 923
448 922
455 923
469 924
418 922
480 923
458 923
451 923
456 922
481 921
466 922
485 920
483 921
497 919
512 918
511 916
512 914
513 911
513 909
513 907
516 905
513 904
512 904
512 902
513 901
513 899
513 897
513 896
513 893
514 890
513 888
513 886
514 883
512 880
513 878
513 875
513 873
513 870
514 866
513 864
513 860
513 857
513 853
514 849
513 845
512 842
514 837
514 833
513 828
515 823
513 714
514 712
513 705
513 700
513 697
513 688
513 685
514 681
514 677
514 669
514 667
514 660
512 656
513 650
514 642
513 640
514 629
512 625
513 618
514 610
511 604
513 596
513 593
515 584
512 583
513 579
516 572
513 571
516 564
513 561
514 555
513 551
512 544
513 540
513 532
514 526
514 521
516 512
513 507
512 499
512 493
514 488
513 483
514 478
514 474
513 470
513 462
513 461
514 455
513 449
514 442
513 437
513 431
514 424
513 419
514 412
514 300
514 294
514 291
513 287
514 282
514 279
513 276
514 269
513 265
513 260
514 257
513 252
574 250
636 247
751 243
764 240
752 236
765 232
782 228
802 224
772 220
814 215
799 211
780 208
769 205
796 200
764 196
735 193
743 190
716 188
748 184
742 181
726 178
726 175
750 172
762 168
719 166
729 162
695 159
688 157
735 154
711 153
666 150
652 150
670 146
649 145
668 144
685 141
618 141
697 139
648 136
640 134
642 134
669 132
655 130
584 132
670 127
631 129
649 128
642 127
622 126
614 124
624 123
636 123
616 121
609 121
623 119
630 119
607 118
582 116
598 117
608 116
607 115
567 116
594 114
601 115
560 114
572 114
571 113
581 114
560 114
557 114
565 114
554 116
573 115
545 113
531 115
553 116
534 118
515 120
529 122
510 128
516 127
514 129
516 131
514 132
514 134
512 135
514 136
514 137
514 140
514 141
513 143
516 145
513 149
512 151
514 154
513 157
512 157
513 162
514 164
513 167
513 168
514 173
514 254
512 259
512 265
513 269
514 272
514 276
513 282
513 289
513 293
513 298
513 303
511 307
514 312
514 318
514 323
513 330
513 334
514 339
513 346
514 349
514 354
513 368
514 364
510 369
516 375
513 381
513 385
514 392
513 396
513 403
513 412
514 418
514 423
513 432
514 438
512 445
511 448
513 455
512 459
513 463
512 467
513 469
513 476
514 479
513 484
513 489
513 495
512 502
513 506
512 515
514 522
513 529
514 534
513 541
521 545
510 550
516 557
516 613
513 617
