513 228
514 230
515 231
513 234
513 238
514 242
512 247
514 253
513 260
514 265
514 270
512 272
514 278
514 285
514 289
513 292
514 299
514 304
512 308
514 313
513 320
513 328
521 334
515 337
513 341
513 344
513 353
514 354
512 359
513 366
513 371
514 376
513 382
514 385
513 393
513 398
514 405
514 412
514 418
513 426
514 430
514 441
513 442
514 450
513 454
515 457
513 465
514 467
514 473
513 476
514 483
514 486
513 492
519 500
512 504
516 524
514 514
514 866
514 864
512 859
513 857
514 855
514 849
514 845
513 841
513 837
513 831
513 829
513 824
513 819
512 813
514 808
513 803
513 798
512 793
513 788
513 783
513 777
513 774
514 768
513 763
513 758
513 753
513 749
513 743
513 739
512 733
513 727
509 724
514 718
513 711
513 707
512 702
513 696
513 689
513 685
513 681
512 675
513 671
513 664
514 660
512 656
513 650
513 644
513 638
514 631
512 625
513 617
511 612
514 603
513 598
513 592
514 585
512 584
514 404
513 407
513 415
513 424
514 426
510 437
514 441
514 448
514 453
515 458
513 464
514 467
514 471
514 473
512 479
513 482
513 488
514 493
517 496
514 504
512 511
513 521
511 526
514 532
514 539
514 545
515 551
514 555
513 560
514 564
513 570
513 574
513 580
513 585
514 591
513 597
513 603
513 609
515 614
513 620
513 630
515 633
513 641
516 646
513 651
513 656
513 662
514 668
514 673
513 678
513 685
521 688
512 694
523 692
513 703
513 709
514 713
159 877
174 878
229 880
251 883
204 886
231 887
265 889
270 890
333 894
262 895
273 896
325 898
292 896
322 902
255 902
347 904
317 905
307 907
334 908
316 906
349 910
342 912
354 912
294 913
346 914
332 916
346 917
371 917
375 918
371 919
352 920
415 921
382 921
359 921
405 922
406 922
416 922
396 922
418 922
429 922
436 924
420 923
428 923
452 923
450 922
430 924
440 922
472 921
474 920
495 919
505 917
511 915
512 913
512 911
513 909
513 907
513 904
513 859
513 856
513 854
513 851
513 848
513 844
513 839
513 841
516 831
513 826
514 821
512 818
515 811
514 806
512 802
513 798
522 790
512 789
516 780
514 776
517 770
513 765
513 759
513 756
513 751
513 747
513 741
513 738
513 731
510 725
514 723
513 716
513 709
513 704
512 699
513 692
514 688
513 683
514 677
513 674
513 672
516 663
513 660
515 651
513 648
514 641
513 635
513 628
514 620
521 617
511 608
514 603
514 594
515 590
514 584
514 579
513 472
513 469
513 466
513 461
514 456
511 452
514 447
513 439
513 433
513 425
513 422
514 413
513 409
513 403
514 396
514 391
515 384
513 380
511 374
512 368
513 363
513 358
513 352
514 346
512 341
514 336
514 331
513 326
513 322
514 317
513 312
513 305
513 302
515 297
513 293
512 290
513 286
513 282
513 277
513 273
513 268
517 264
514 258
515 256
521 249
632 249
747 246
860 245
989 241
967 237
935 231
923 228
968 222
931 219
925 215
918 212
918 207
932 151
763 149
769 148
760 146
687 144
747 142
741 141
756 138
709 138
727 136
766 135
704 134
737 132
657 131
731 129
687 127
687 126
684 125
707 124
713 123
678 122
686 122
652 121
666 119
670 119
648 117
651 118
624 117
641 117
648 116
622 114
623 115
617 115
617 114
620 114
603 114
572 113
635 115
570 114
612 113
568 115
576 115
564 114
580 116
532 116
523 118
522 119
513 123
515 125
514 127
514 129
514 131
514 132
513 134
515 135
514 136
514 139
514 176
513 178
513 173
512 177
520 186
513 191
513 195
514 198
514 203
513 207
513 213
514 218
514 222
513 228
516 231
514 239
513 244
514 249
514 252
514 259
515 262
514 268
512 272
514 277
514 282
515 290
513 294
514 297
514 302
514 309
513 314
513 318
514 323
521 331
516 336
512 338
513 347
513 351
514 354
513 362
514 366
513 370
514 378
514 380
513 385
514 391
514 395
513 405
514 410
514 418
514 424
514 431
514 439
513 443
513 450
514 454
513 459
513 570
514 573
514 577
514 582
513 586
513 594
513 599
514 605
514 611
521 616
513 623
514 628
513 635
512 643
514 648
521 653
514 658
522 664
513 669
513 675
514 680
510 685
513 692
510 696
512 701
513 706
513 711
514 717
514 721
513 726
513 731
514 736
513 742
516 743
514 748
514 753
514 757
513 761
513 765
514 770
514 774
514 777
512 783
505 786
399 789
166 788
131 793
73 798
44 801
52 806
78 811
88 815
95 819
83 824
99 828
117 832
141 835
177 833
291 894
296 895
286 897
260 899
280 900
291 901
323 903
308 905
310 906
356 907
303 910
305 909
338 911
322 912
336 913
339 915
344 916
380 917
361 917
361 917
356 918
360 919
406 920
384 921
400 921
384 921
403 921
421 922
397 922
396 922
445 923
391 922
455 923
429 923
420 922
444 922
436 922
470 922
465 921
453 921
499 920
506 917
504 916
511 914
512 911
514 909
513 907
513 905
513 904
513 903
512 902
513 900
513 899
514 897
512 896
513 893
513 891
513 741
514 737
514 733
510 727
513 724
513 719
513 711
513 705
513 703
512 696
514 691
513 687
513 682
514 676
513 673
513 666
513 660
512 656
513 651
513 644
513 639
513 632
514 625
513 619
514 610
514 606
512 598
513 593
512 586
514 580
513 579
515 572
512 570
520 564
512 560
513 556
513 551
514 545
513 539
512 534
513 525
512 517
514 513
505 506
513 500
513 496
513 489
513 483
513 479
514 472
513 468
515 464
513 458
513 455
513 448
513 442
513 437
513 414
514 409
513 406
513 400
513 395
512 388
514 382
514 377
513 371
514 366
513 360
513 354
512 350
514 343
513 339
513 333
513 330
520 327
513 321
519 316
513 309
514 305
514 300
512 296
513 290
513 288
512 283
513 277
513 276
513 271
513 266
513 263
514 257
516 253
524 252
637 247
745 246
945 245
1011 240
999 236
1011 230
964 225
939 221
932 219
946 216
933 210
916 206
894 201
854 198
908 194
834 192
833 188
869 185
867 183
841 180
871 176
888 146
748 146
743 145
717 144
725 142
714 140
754 139
705 136
768 135
701 133
712 132
722 133
688 129
735 129
701 128
715 126
674 126
696 124
676 123
674 122
659 120
654 121
700 120
673 119
622 118
644 117
665 116
630 113
636 115
616 115
619 114
609 115
632 115
585 116
597 115
615 114
591 115
587 115
584 109
585 115
571 116
564 117
570 116
526 117
527 118
515 122
515 123
515 127
515 128
514 131
513 132
513 132
514 134
514 135
513 137
514 138
513 139
514 165
514 167
513 169
513 171
514 174
514 177
511 184
522 185
514 189
513 191
514 197
512 200
514 204
514 209
514 215
514 220
514 227
513 231
514 234
511 241
514 242
513 250
514 253
513 259
514 266
514 269
514 274
513 280
514 287
513 290
513 297
514 300
513 304
513 310
512 315
514 320
514 328
516 327
504 331
515 344
514 349
513 352
514 359
514 363
514 369
513 371
513 378
514 384
514 387
514 392
511 399
514 405
512 415
514 419
513 430
514 432
512 442
514 493
512 497
513 501
520 505
511 507
510 518
514 525
513 532
514 537
513 545
514 549
514 556
513 560
513 565
514 569
515 574
513 580
514 585
514 589
513 595
513 600
513 607
513 612
514 620
513 625
513 632
513 638
508 643
513 649
513 657
513 660
514 667
513 671
512 678
513 681
514 680
520 692
513 694
512 704
513 708
514 713
513 718
513 723
514 728
514 733
513 738
514 741
514 744
513 751
514 755
513 758
513 762
514 767
513 772
513 776
513 781
508 785
74 820
79 822
93 827
66 828
138 833
137 838
110 841
160 843
165 846
184 848
169 852
141 856
187 859
173 863
123 866
156 869
147 872
203 874
211 878
213 881
229 883
240 885
261 885
251 889
269 890
309 893
248 895
293 897
266 898
323 900
313 901
299 900
308 903
296 905
344 907
310 907
342 916
334 908
330 911
333 911
360 914
340 915
350 915
361 917
350 917
366 918
358 919
369 919
387 920
365 921
410 921
369 921
418 922
408 922
403 923
413 923
438 923
434 904
513 901
512 902
514 901
513 900
512 900
514 896
513 894
513 891
514 889
513 887
513 885
513 881
513 881
513 877
513 873
513 871
513 868
513 866
513 862
513 859
510 855
513 852
513 847
513 844
514 840
512 836
515 831
513 825
513 820
513 816
513 812
513 807
510 801
513 796
512 791
513 786
514 780
513 775
513 770
514 767
513 760
513 756
513 751
513 746
514 744
513 737
513 731
513 727
513 723
513 715
514 710
514 708
513 698
513 695
513 688
512 682
513 587
512 583
513 581
511 576
512 570
512 568
513 562
513 560
512 552
512 549
513 542
512 537
512 529
514 523
512 516
513 509
513 505
513 495
513 492
513 487
513 481
513 475
513 472
514 466
531 459
511 453
513 451
513 446
513 438
511 434
513 428
512 423
513 416
514 409
513 406
513 397
512 391
513 385
514 380
513 375
514 369
514 363
514 357
513 352
513 347
513 343
513 337
514 332
516 327
514 322
513 318
513 312
514 307
512 303
513 298
513 294
513 290
514 222
935 219
961 216
938 211
940 206
881 204
907 200
886 196
816 191
862 191
857 188
849 185
863 182
864 179
862 174
875 170
916 168
877 165
794 162
849 159
802 156
814 154
804 152
755 150
739 149
717 146
754 144
743 143
749 140
755 141
700 138
690 137
749 137
700 134
699 132
712 132
697 129
700 130
686 125
704 126
698 125
671 123
677 123
650 122
671 121
700 120
671 119
660 118
635 118
641 117
660 117
614 116
634 116
620 114
631 115
622 115
620 115
525 121
516 121
516 121
515 124
514 127
513 129
514 131
513 133
514 133
514 135
515 136
514 138
514 137
514 143
515 141
511 145
514 148
514 151
514 153
514 155
514 158
515 161
514 165
514 167
513 170
510 172
513 175
515 179
514 183
515 189
514 190
515 194
513 199
512 202
513 209
514 210
514 218
513 222
513 227
514 232
514 239
513 244
514 245
514 253
513 257
514 260
514 267
513 272
513 276
513 282
513 287
514 291
514 297
513 303
514 306
514 309
513 319
513 427
513 431
513 436
514 443
508 450
513 450
511 458
513 463
505 467
513 472
513 476
514 479
514 485
514 488
513 495
515 502
522 506
514 519
515 524
514 529
513 535
513 541
516 547
514 552
508 557
513 563
514 566
513 572
514 576
514 582
513 586
514 592
513 598
513 604
514 610
513 616
514 622
514 629
514 636
512 641
513 646
512 652
515 658
513 664
513 670
513 675
513 680
513 683
511 690
517 692
517 690
513 706
513 709
514 718
515 720
514 726
513 728
116 803
96 806
123 810
62 813
86 818
72 822
95 827
130 814
91 835
103 833
169 842
173 845
138 848
175 851
170 854
178 857
178 860
164 864
161 868
182 869
171 874
186 876
204 879
188 882
220 884
243 886
252 886
284 889
248 892
308 894
277 895
267 897
353 898
301 899
325 901
260 903
320 904
304 906
338 908
322 909
322 911
357 909
326 912
358 913
280 914
352 915
353 916
332 917
386 918
355 918
385 919
379 920
391 921
388 920
390 921
414 921
390 923
409 906
512 905
513 904
512 903
513 901
512 900
513 898
514 897
512 896
514 894
513 891
513 888
512 887
512 884
513 881
514 879
513 875
513 872
513 870
513 867
513 864
507 860
513 856
508 854
513 851
513 846
514 842
513 838
514 832
512 828
513 823
512 819
514 814
514 808
513 802
513 799
513 795
513 790
513 784
514 779
513 776
513 770
512 764
513 758
513 755
513 750
513 746
513 739
514 736
513 730
514 724
513 720
513 715
513 709
513 701
513 696
513 693
513 610
513 605
513 601
513 598
513 593
514 585
513 582
512 575
511 574
513 570
513 566
513 560
513 555
513 551
507 544
513 542
510 534
513 529
513 519
513 514
510 506
513 500
511 495
513 488
513 486
513 477
513 474
513 470
515 463
517 460
514 455
512 449
513 443
513 438
513 433
514 425
511 419
513 413
514 407
514 401
513 395
513 389
513 382
513 377
513 372
514 366
514 361
514 356
514 350
513 344
513 340
513 336
513 329
507 325
513 320
508 314
513 310
514 221
958 218
948 214
921 210
885 205
921 202
909 199
856 196
820 191
905 189
853 186
811 182
877 181
846 176
900 173
873 171
827 167
871 164
860 161
812 158
806 157
776 154
824 151
746 150
749 147
762 146
729 144
755 141
758 140
744 140
726 137
726 135
700 134
731 133
745 131
685 131
720 130
684 128
684 129
682 125
712 124
691 123
691 123
668 121
640 120
708 120
670 117
632 118
633 117
669 116
631 119
615 117
628 116
637 116
598 115
619 114
619 114
512 137
514 139
515 141
509 141
513 144
514 147
514 148
513 152
512 153
515 155
513 158
513 161
514 166
514 168
514 171
513 174
514 177
513 180
514 182
516 186
514 191
513 196
513 200
514 204
507 209
513 215
508 222
514 227
514 230
514 235
515 240
513 246
509 249
513 253
514 259
514 263
514 270
514 275
514 278
513 281
513 290
514 296
514 299
514 304
515 309
514 315
510 320
513 326
512 331
505 331
508 345
514 348
513 352
513 357
514 362
514 368
513 372
516 487
514 492
509 498
506 511
509 508
512 520
511 525
514 531
513 536
513 544
514 549
514 555
514 559
514 565
513 569
514 574
513 579
514 584
514 589
513 595
513 602
514 606
513 612
511 619
514 625
511 631
513 638
513 644
514 650
514 656
514 660
514 666
513 671
513 677
513 682
513 689
513 706
513 695
519 706
512 707
514 712
514 718
514 722
514 728
513 733
513 737
513 742
513 747
514 750
513 754
514 758
514 762
513 767
512 772
509 775
513 780
510 784
122 794
109 796
126 799
88 803
102 807
77 811
94 816
89 820
72 825
91 826
113 828
89 832
165 843
150 842
187 845
194 851
129 853
196 855
204 859
140 862
134 865
157 868
189 871
166 874
170 877
220 880
219 881
266 884
218 887
260 889
313 890
285 892
278 896
268 896
350 898
251 899
276 901
330 903
275 904
364 906
323 906
326 908
330 909
345 908
329 912
334 912
329 913
322 914
356 911
338 917
379 917
357 919
357 919
395 920
392 920
390 921
403 920
390 924
434 923
426 922
445 923
454 922
463 921
473 920
504 920
502 918
514 916
511 913
512 911
512 909
512 907
514 905
512 903
513 902
513 901
513 902
513 898
513 896
513 894
513 892
513 890
513 887
513 885
512 883
513 879
514 877
513 875
513 872
513 868
513 865
513 863
514 859
513 855
514 853
513 850
513 844
508 841
514 836
515 832
513 827
513 822
513 817
510 813
512 808
509 801
513 797
514 792
513 788
513 783
513 779
514 773
514 766
512 762
514 758
514 706
512 703
513 700
513 695
513 688
513 685
513 680
513 674
513 671
516 663
513 661
513 655
513 647
511 643
513 635
508 630
513 622
514 616
513 610
513 601
513 596
514 590
513 587
513 579
513 577
513 572
514 568
513 565
513 559
514 556
511 548
513 543
511 537
513 530
513 525
513 517
513 511
512 504
513 498
513 490
513 486
513 481
513 476
513 472
514 466
513 463
514 456
513 453
510 447
514 441
513 436
515 429
513 422
513 416
513 411
514 404
513 398
513 345
513 341
513 337
513 334
514 327
514 323
513 318
513 313
513 307
514 302
512 299
513 294
513 290
513 286
515 282
514 277
514 274
513 269
512 263
513 260
515 256
519 252
564 249
676 250
802 246
977 244
971 238
996 233
930 229
961 225
984 221
947 217
919 211
949 208
911 204
879 200
893 197
830 194
871 191
845 187
834 185
875 181
858 178
848 174
875 172
848 169
856 164
863 163
834 159
844 158
766 155
777 153
780 150
732 148
782 147
726 146
733 142
767 129
687 128
687 128
692 126
717 125
660 123
686 122
684 121
674 121
669 120
649 119
649 119
663 117
649 117
631 117
639 116
646 116
622 115
623 115
640 116
598 114
603 114
586 114
630 115
578 115
567 114
586 119
579 110
576 115
570 115
534 116
540 118
521 120
513 121
515 124
515 127
514 130
515 131
515 132
514 135
513 135
514 136
514 137
516 140
514 141
515 144
514 142
514 147
514 150
514 153
514 155
513 158
514 159
512 162
514 167
513 169
514 172
515 246
513 250
514 254
513 262
517 267
513 270
516 278
514 282
511 286
513 293
513 297
513 301
513 307
514 313
513 317
514 321
514 327
514 333
521 330
515 343
517 347
514 357
512 358
514 365
511 370
514 373
513 380
513 385
514 390
514 397
514 401
513 409
513 415
514 422
514 431
513 435
513 445
512 448
514 454
513 457
514 461
514 467
514 470
513 475
513 477
513 485
513 489
514 495
514 502
524 505
513 512
508 516
513 528
514 534
513 540
512 546
512 554
513 639
513 642
514 646
513 652
514 658
513 664
513 668
513 674
514 681
514 685
514 691
526 701
516 701
515 703
514 710
512 715
514 720
514 725
514 730
514 735
514 740
514 743
513 748
514 755
513 756
514 760
514 764
514 769
513 773
514 777
511 782
506 787
407 789
196 788
147 792
82 796
107 801
99 805
81 809
78 814
98 818
83 822
91 828
77 833
121 835
175 840
131 841
193 836
169 848
171 850
211 853
158 857
164 861
164 864
172 867
160 869
110 873
208 876
324 904
339 906
298 907
340 909
359 910
311 910
359 911
292 913
330 913
345 916
370 916
349 916
324 917
408 918
347 920
359 920
401 920
387 920
387 921
394 921
389 923
436 922
381 923
437 922
437 922
412 923
442 924
435 922
453 923
429 923
446 923
451 921
488 921
484 921
490 919
509 918
512 915
512 911
512 910
513 907
513 905
513 904
513 903
513 901
513 902
514 899
514 898
513 897
516 894
513 893
512 889
513 887
513 883
513 881
513 879
513 875
513 875
513 833
513 830
514 824
513 820
513 814
513 810
514 806
513 799
513 793
513 788
513 785
515 779
513 774
513 767
513 763
513 762
513 757
513 749
513 742
513 741
513 736
513 731
514 725
513 719
513 713
514 708
513 703
513 697
513 694
513 688
514 681
513 679
513 671
513 667
513 663
514 655
513 651
513 646
513 639
513 635
514 624
515 621
512 616
516 606
512 599
512 593
513 588
513 582
513 579
515 573
514 569
515 566
513 559
514 558
514 552
513 546
514 441
513 437
513 433
513 427
513 420
514 414
513 408
514 401
514 396
513 389
514 384
515 378
513 373
514 367
514 360
513 355
513 350
514 346
514 340
513 335
513 330
513 327
513 321
513 316
513 310
513 305
514 301
515 296
514 291
513 288
513 284
513 280
513 274
513 271
513 266
515 261
512 258
517 255
524 249
635 249
713 247
917 246
984 242
988 237
951 232
961 227
986 223
951 218
928 214
974 210
914 206
932 202
873 199
826 195
888 192
844 189
816 186
860 138
739 138
776 137
703 136
764 140
720 133
714 133
720 130
657 129
714 128
660 126
741 126
699 124
679 124
685 122
672 121
682 119
656 119
675 119
669 118
642 116
642 118
622 116
627 116
626 116
632 115
604 115
601 118
628 114
598 115
603 115
597 114
569 116
585 115
579 120
542 115
561 116
546 117
551 116
527 119
517 122
514 122
513 126
514 128
515 130
514 131
516 133
514 134
516 136
513 136
514 139
514 140
514 140
514 144
513 146
514 148
514 151
513 214
515 219
515 222
514 225
512 231
513 235
514 239
513 243
514 249
514 256
515 259
514 263
513 268
513 273
513 280
513 284
512 289
514 293
512 299
513 303
513 309
514 315
516 321
514 323
513 330
514 337
506 339
511 342
514 352
514 356
513 361
513 367
514 370
514 377
514 381
514 387
514 394
514 399
514 405
513 411
514 419
514 426
514 432
514 439
514 445
514 451
513 455
513 460
514 463
515 469
513 472
514 477
514 483
514 486
514 492
514 497
514 504
513 585
513 589
513 594
514 601
513 605
513 611
511 618
514 625
515 631
513 637
513 643
513 648
513 654
513 661
512 665
512 671
513 677
514 681
514 689
513 689
514 697
516 703
513 709
514 712
514 717
513 722
514 728
513 732
514 736
513 742
514 746
514 749
514 753
514 758
513 762
514 766
514 771
515 775
512 778
510 785
464 788
274 787
159 790
101 795
92 798
119 803
87 808
61 811
106 816
75 820
100 824
73 828
86 833
150 830
114 840
136 841
178 851
160 849
319 900
343 900
310 900
341 903
318 904
308 906
316 907
339 904
328 909
312 910
339 911
310 912
342 913
352 915
358 916
365 915
347 917
373 919
342 919
354 918
413 922
371 921
405 921
425 922
382 922
420 923
415 922
425 922
421 922
426 922
429 923
442 922
431 923
417 923
446 923
473 922
469 922
461 920
485 919
504 918
509 916
512 915
513 910
512 909
512 907
511 905
513 904
513 903
513 901
513 899
513 898
513 897
514 897
513 892
513 890
513 888
513 885
514 802
513 797
513 791
513 786
513 785
512 778
513 773
513 766
514 761
513 757
512 753
513 747
513 743
513 738
513 733
513 728
513 724
513 718
513 711
511 707
513 699
514 695
514 689
514 683
513 681
513 675
513 667
513 666
513 660
512 653
513 651
514 642
513 640
511 631
513 623
513 618
515 609
513 604
514 596
514 590
513 585
512 579
513 576
514 572
513 568
513 564
513 558
514 555
513 548
513 545
515 537
513 533
513 526
513 519
514 512
512 505
513 347
514 343
513 337
513 333
512 329
513 324
513 319
514 313
513 309
513 303
513 293
514 295
512 291
513 288
513 283
513 279
513 275
514 268
514 263
515 259
515 256
516 252
524 250
670 247
758 243
977 243
980 239
1003 234
963 230
968 224
986 220
937 216
964 212
945 208
922 205
843 200
884 197
884 194
828 190
828 189
853 184
866 182
845 178
882 175
871 172
847 168
868 166
879 162
802 159
817 157
772 154
789 151
794 152
771 148
752 148
734 146
712 143
734 137
711 135
693 134
720 134
714 132
729 131
675 130
719 129
701 127
722 125
667 126
663 124
706 123
689 122
632 122
678 118
664 119
660 118
673 118
622 118
633 117
660 116
629 116
620 115
616 114
620 113
599 115
618 115
606 115
598 115
567 114
615 114
602 114
565 115
577 114
560 116
572 116
531 118
525 118
514 122
515 124
514 127
516 129
514 130
516 132
514 133
514 135
514 136
514 138
514 139
514 140
514 143
514 146
514 148
513 149
514 153
514 154
514 188
513 192
513 195
513 193
513 197
512 201
