539 112
562 114
547 114
555 113
563 113
541 114
530 114
539 114
542 110
530 114
516 115
554 116
535 116
515 119
515 120
516 122
515 125
515 126
513 129
515 131
514 133
513 133
513 136
514 135
513 135
514 139
512 142
514 143
513 144
514 153
514 150
513 154
513 156
515 158
514 160
514 179
515 162
513 169
513 173
513 176
513 178
514 182
507 185
509 190
513 193
513 197
514 202
514 207
514 212
512 216
514 222
514 226
514 232
514 238
514 244
514 246
514 252
512 915
513 911
513 906
513 906
512 901
513 902
513 904
513 901
513 901
513 899
513 898
513 895
513 893
513 891
513 889
511 887
513 884
513 883
513 878
514 875
514 874
513 871
513 867
513 865
513 860
513 857
514 855
512 850
513 847
513 844
513 839
513 834
514 829
512 825
514 819
513 812
513 809
513 803
513 798
513 794
514 790
513 783
513 779
512 774
512 769
513 763
513 758
514 752
513 750
514 746
514 741
513 736
514 729
513 723
513 718
513 715
513 708
513 146
513 147
513 150
513 151
513 153
514 157
513 159
514 163
513 151
513 167
513 172
512 174
513 178
512 181
514 184
513 188
513 191
512 195
513 201
514 203
512 210
513 216
514 221
514 226
513 229
514 237
516 239
512 243
514 248
515 254
514 258
514 264
513 270
514 274
513 278
514 285
512 288
514 295
514 299
513 304
515 307
514 312
509 320
506 325
513 331
514 335
514 341
512 349
517 350
513 356
513 363
514 365
513 370
513 376
513 380
512 388
514 391
513 727
513 730
513 732
512 737
513 742
513 746
512 750
512 753
512 759
514 762
512 765
513 769
513 774
512 779
513 783
512 787
510 793
506 797
329 795
305 801
352 806
371 814
395 816
344 819
374 823
369 827
379 831
374 835
385 838
398 841
389 845
424 848
402 850
409 855
398 859
390 861
421 865
364 868
406 871
421 875
399 877
429 879
401 883
427 885
416 887
407 889
461 890
420 893
433 895
458 896
449 897
434 900
407 901
482 902
423 913
458 905
436 909
483 923
487 922
475 923
505 923
463 923
496 924
493 923
489 923
481 926
499 923
504 924
480 921
508 923
508 920
509 917
514 916
514 913
513 911
513 908
515 906
513 903
513 903
513 902
514 901
513 900
513 898
512 896
513 895
513 892
514 891
516 887
513 885
512 882
512 881
514 877
513 874
514 870
513 873
513 866
513 866
512 859
513 856
516 852
513 849
513 845
514 841
513 837
513 832
514 826
514 821
513 816
513 811
509 809
513 801
513 797
513 791
513 899
513 898
515 896
513 894
513 894
512 892
513 888
514 886
513 884
512 881
513 878
513 876
515 874
513 869
513 867
513 865
514 857
514 861
514 855
513 850
513 848
513 843
513 839
512 834
513 829
514 825
514 819
513 815
513 810
513 806
515 798
513 794
513 791
513 789
515 783
514 773
514 770
513 766
512 762
512 755
514 751
513 745
513 741
516 734
513 730
513 726
513 721
513 716
514 707
514 704
513 698
513 693
513 690
513 680
512 677
513 674
513 667
513 792
513 790
514 788
513 784
514 777
513 773
513 768
514 763
513 756
513 751
513 748
513 745
513 737
513 734
514 727
513 723
513 717
512 713
513 705
515 700
513 697
514 689
514 684
514 682
513 675
514 670
512 665
515 660
513 657
513 648
513 644
513 639
516 630
513 625
515 617
513 610
513 603
514 596
513 592
517 584
513 583
513 574
512 571
513 568
516 562
513 560
515 554
513 551
511 543
512 539
513 531
512 525
515 519
518 511
513 506
513 497
511 493
513 193
611 191
609 189
632 185
633 182
591 179
659 176
648 173
606 168
618 168
627 163
634 159
605 157
594 153
622 153
597 147
596 150
568 151
602 146
565 143
566 141
608 140
563 138
608 136
556 135
619 133
542 133
547 130
611 128
557 128
575 127
561 126
581 123
576 122
582 121
571 121
571 119
552 120
548 119
595 118
563 117
541 116
568 116
569 116
551 115
544 116
552 114
553 114
530 114
558 114
549 113
542 113
525 115
546 112
543 113
532 114
521 114
557 231
514 236
515 240
513 243
510 252
513 252
513 261
512 266
511 270
512 274
513 280
513 286
513 292
513 296
513 299
513 305
513 312
513 317
514 306
513 327
513 332
513 335
514 343
513 346
514 352
514 358
514 365
514 367
513 372
512 379
513 383
513 389
514 394
513 401
514 407
511 415
514 420
513 429
512 436
514 440
512 447
514 452
514 458
515 461
513 465
513 471
513 474
513 478
513 483
512 489
510 498
518 504
515 505
513 514
512 517
514 525
510 535
513 650
513 655
513 658
512 662
513 668
516 674
521 675
515 682
510 689
512 695
514 699
512 705
513 708
512 713
513 719
513 723
513 728
513 734
513 737
513 742
513 746
512 753
513 754
513 758
513 763
512 769
514 771
513 776
512 781
513 785
513 789
510 793
509 799
312 796
304 797
351 807
358 807
337 813
382 796
392 825
334 824
363 834
415 836
363 840
377 843
410 845
395 850
414 853
372 852
404 859
391 863
372 865
417 869
406 873
380 875
410 878
411 881
484 923
493 924
492 923
481 923
483 923
509 923
501 922
482 923
503 922
510 919
504 939
513 916
510 911
513 912
513 910
513 907
513 906
513 906
513 904
510 902
513 896
514 900
513 897
513 896
513 894
513 891
513 889
513 886
513 885
513 881
513 878
513 876
513 873
513 870
512 868
514 865
513 862
514 858
514 854
512 852
514 847
513 844
514 839
512 834
512 829
513 825
512 821
513 816
514 811
513 806
513 799
514 795
513 791
513 786
513 780
514 775
514 771
513 752
513 749
513 746
514 742
513 736
514 730
513 727
513 722
513 716
513 709
513 703
513 698
513 694
514 686
512 683
514 678
514 672
513 671
513 663
514 654
513 654
514 646
513 643
514 630
515 628
513 623
515 614
512 608
514 599
513 594
514 589
516 582
513 580
513 573
514 570
514 566
517 562
512 558
514 552
512 547
514 541
513 535
513 529
515 521
512 514
514 509
512 503
513 495
515 492
514 487
514 479
512 479
512 470
515 465
513 460
513 455
515 450
515 390
515 384
513 378
514 372
515 364
513 363
514 357
514 350
513 347
516 342
511 336
514 331
514 326
514 322
514 317
514 312
514 308
510 302
513 293
515 293
514 290
513 285
513 281
514 277
514 274
513 269
513 249
514 259
514 255
515 250
514 245
517 242
519 237
522 239
771 235
707 230
700 225
683 220
651 216
656 211
668 207
652 205
604 200
654 197
661 193
598 190
634 191
628 183
630 181
632 179
612 174
648 173
617 169
645 165
642 162
595 159
620 156
583 136
615 135
550 133
565 132
588 130
575 130
577 127
572 127
574 127
571 124
574 123
545 122
595 121
566 121
555 120
572 118
565 117
560 116
537 113
570 116
568 116
548 116
547 109
568 114
550 114
530 113
541 114
557 114
525 114
548 114
551 113
535 114
524 113
540 115
533 116
519 115
518 116
526 119
512 121
512 123
514 125
513 127
514 130
514 131
513 132
514 134
514 135
513 136
514 136
513 140
513 143
514 144
513 146
513 149
513 150
515 154
513 184
513 188
514 189
511 195
513 198
513 204
513 207
514 213
513 219
514 222
513 227
513 235
512 236
514 246
513 248
514 251
513 256
513 264
513 268
513 274
514 277
513 283
513 289
514 292
516 298
513 304
514 308
513 311
513 318
509 326
531 310
514 332
513 339
512 346
515 349
514 355
512 363
514 366
514 371
514 374
513 380
512 384
513 391
513 397
514 404
512 412
513 417
512 424
511 431
513 435
509 445
515 449
513 454
515 458
513 462
511 467
513 470
513 529
513 530
512 536
511 542
512 548
513 552
512 558
513 560
512 567
514 570
510 578
512 583
510 587
514 594
513 599
510 605
512 611
511 617
511 624
515 630
514 636
512 641
513 647
512 653
513 659
513 665
513 671
516 674
513 683
515 693
512 691
513 696
513 703
513 706
513 710
513 716
511 720
513 725
514 730
512 736
514 738
513 744
513 750
513 753
513 756
512 760
512 769
513 770
514 773
512 779
512 783
514 786
513 792
510 796
383 795
314 800
348 804
388 866
412 868
394 870
399 874
352 876
428 880
439 882
389 885
438 886
418 888
444 889
423 891
458 894
467 896
435 897
440 898
419 900
478 901
414 904
454 895
490 907
447 892
470 908
419 901
483 911
407 912
476 913
469 914
462 913
463 917
447 917
485 918
437 920
448 920
489 920
472 920
456 922
475 922
477 921
464 923
457 922
487 923
485 921
481 923
473 921
503 924
473 924
473 923
503 923
491 923
495 922
497 922
509 921
509 923
500 918
513 916
513 913
512 876
514 876
512 874
514 872
514 869
513 867
514 863
513 864
514 856
513 852
514 849
514 846
514 842
513 838
514 833
513 828
513 822
513 819
515 814
512 808
513 803
513 798
513 792
513 788
513 784
513 777
514 774
514 768
513 763
513 759
515 752
514 749
514 744
512 739
513 734
513 727
513 725
513 720
514 711
513 708
513 703
513 697
513 690
513 685
514 679
513 675
512 674
513 664
514 661
513 656
513 645
514 645
514 639
513 632
516 622
513 619
515 610
513 513
512 509
512 505
511 500
517 492
512 489
515 484
513 477
514 473
515 467
513 463
514 457
515 453
514 447
515 443
512 439
513 430
515 425
514 419
514 412
514 407
513 401
514 396
515 388
514 381
514 379
515 369
518 365
514 363
515 355
514 347
514 344
514 339
514 334
513 329
513 327
514 319
514 314
514 310
513 304
514 300
513 296
514 292
513 286
513 283
515 280
514 276
514 270
514 266
512 261
514 257
515 253
512 249
515 245
517 239
521 235
687 240
646 183
647 175
625 179
629 175
630 173
626 170
602 167
634 164
624 162
611 158
611 155
603 154
631 150
574 150
579 146
606 145
580 144
596 142
579 140
608 139
534 141
599 135
593 134
559 131
606 131
560 130
585 127
553 127
569 124
580 123
567 123
571 123
573 123
562 117
553 118
562 117
576 118
572 116
542 117
562 115
555 117
542 115
541 117
571 115
549 114
549 114
550 115
553 105
546 113
522 115
545 113
548 114
530 114
534 114
553 114
520 114
522 112
513 153
515 154
514 157
513 160
514 162
512 165
513 168
505 174
516 174
513 181
514 181
513 185
514 188
513 193
515 196
513 200
514 207
513 211
514 215
513 220
514 220
515 231
513 238
512 242
514 245
513 248
512 256
514 261
513 265
513 268
514 273
513 280
513 286
515 292
514 294
513 300
513 309
516 310
514 315
513 322
511 324
486 334
512 338
513 343
514 348
513 352
513 358
514 363
512 369
514 372
514 377
513 381
514 389
514 393
514 398
507 409
513 410
513 529
513 532
512 539
513 544
514 549
512 553
513 560
512 566
513 570
513 575
514 580
513 584
511 590
513 596
513 602
512 607
512 614
512 619
513 625
513 633
513 636
513 645
512 650
514 655
513 662
513 667
512 672
500 673
513 686
505 699
512 693
514 699
514 703
514 709
513 713
513 718
512 723
511 727
513 733
513 738
513 743
514 746
514 750
514 753
512 758
513 763
513 767
513 771
513 776
512 780
513 782
513 789
509 794
509 797
321 796
308 805
363 807
408 873
392 876
406 877
433 880
395 883
407 885
428 887
409 888
440 892
446 893
463 895
439 896
416 897
427 899
474 901
428 903
448 907
444 905
460 906
445 914
442 906
496 910
430 912
461 913
477 914
458 915
443 916
465 917
467 918
467 919
454 919
468 920
493 921
443 921
457 921
485 922
470 923
478 923
477 922
497 923
472 923
468 923
501 923
477 924
475 923
489 923
509 923
467 922
491 922
502 922
502 921
502 918
515 912
510 916
514 912
513 910
514 880
512 879
513 876
513 872
513 871
513 868
514 865
512 862
513 859
513 855
513 852
513 847
513 847
513 839
514 837
514 830
513 829
512 821
513 818
512 812
513 806
514 800
513 800
513 790
513 790
513 783
513 778
515 770
513 765
514 761
513 755
513 750
513 747
514 742
513 736
513 731
514 727
514 721
513 716
514 709
514 704
513 699
513 694
513 689
513 683
514 678
513 674
514 669
513 664
513 660
515 653
513 647
513 643
515 634
513 626
511 624
513 614
513 495
513 491
513 497
514 488
513 479
512 474
514 471
514 465
514 462
514 456
518 451
515 445
513 440
516 434
517 427
518 420
515 417
517 410
514 403
514 398
516 392
513 385
514 378
515 375
514 368
513 363
515 359
514 351
513 348
514 343
514 336
515 332
513 328
513 323
514 317
513 311
515 307
514 303
514 297
514 294
513 290
516 284
514 282
513 279
508 273
514 270
513 263
513 259
515 253
512 251
514 246
520 242
518 239
520 239
809 235
727 233
696 225
684 149
597 151
618 165
597 147
602 145
554 143
572 140
613 140
555 138
584 136
587 136
572 134
570 131
587 130
578 130
576 128
553 128
578 125
575 126
549 124
591 121
561 123
575 120
536 119
579 119
560 118
539 118
567 117
560 114
545 115
553 116
560 115
533 114
538 113
546 114
540 112
554 102
513 116
557 114
547 117
529 113
539 114
531 114
522 113
526 115
531 117
522 119
513 119
517 123
513 126
513 128
514 130
513 131
513 132
512 134
513 135
513 135
513 195
514 198
514 204
513 210
513 213
513 218
514 223
514 228
514 234
514 238
513 242
514 245
514 252
513 256
513 262
515 266
513 272
513 279
513 281
513 287
513 295
512 299
515 302
513 306
513 313
514 318
514 323
513 329
519 327
513 339
513 344
513 350
509 355
513 359
509 365
513 368
513 377
513 380
513 387
512 391
514 396
511 404
514 409
515 417
512 425
514 429
512 439
515 441
514 447
511 454
513 456
511 463
513 461
512 472
514 474
514 480
514 485
523 502
512 511
513 515
514 522
514 529
515 534
514 541
511 546
516 554
511 557
512 563
513 568
515 571
513 577
512 582
513 587
512 593
513 598
513 603
511 611
512 620
513 623
514 629
514 637
512 640
513 647
513 653
514 658
512 664
511 670
504 672
515 674
511 685
517 690
512 696
513 701
512 706
513 710
512 715
512 723
514 726
513 729
512 736
512 740
512 744
513 748
512 751
513 758
512 759
513 765
513 768
512 774
514 778
512 782
512 786
511 794
509 795
387 834
387 838
381 841
407 844
399 847
403 851
391 853
384 856
407 859
404 864
378 866
415 870
367 874
398 875
440 879
378 882
405 887
432 887
434 888
424 890
427 892
461 893
408 895
432 897
450 900
451 901
436 902
451 903
454 905
444 911
450 906
442 912
468 909
454 908
465 912
485 913
456 914
454 915
462 915
447 917
457 918
476 922
483 920
482 923
448 921
464 921
499 922
468 922
472 922
479 923
487 922
472 923
495 924
500 923
480 923
495 923
488 923
513 908
513 908
515 907
513 906
514 904
513 902
512 902
513 899
513 898
513 897
512 895
513 893
513 892
513 888
513 889
513 883
513 880
513 878
513 876
512 872
513 870
514 867
513 865
511 860
513 857
513 854
513 850
513 845
513 842
513 838
513 832
513 828
513 824
513 819
513 813
513 810
513 805
513 798
513 794
513 788
513 783
513 780
514 774
513 769
513 765
514 759
513 752
514 749
513 745
512 741
513 734
513 730
513 723
513 718
514 714
513 708
514 701
514 649
514 644
513 640
516 632
512 625
513 620
515 611
512 604
515 598
514 594
513 586
513 581
513 577
514 572
513 569
514 564
511 561
513 556
517 551
513 546
513 538
511 531
513 528
514 520
514 513
513 507
514 500
517 493
514 490
515 482
512 478
513 474
515 468
513 464
515 458
513 455
514 451
511 443
512 438
513 432
512 426
514 419
514 411
513 406
512 398
514 394
514 387
514 381
514 375
514 371
513 364
516 358
515 356
514 349
516 344
515 339
513 334
512 288
515 283
514 280
513 276
513 272
514 268
514 263
513 257
513 253
514 250
515 246
518 242
518 237
717 237
792 233
711 229
667 223
652 220
675 215
658 209
624 208
642 203
646 201
615 196
615 190
663 189
618 187
615 183
649 179
645 177
621 174
601 171
668 169
627 165
607 162
625 159
616 156
612 154
583 152
618 148
603 148
597 142
580 145
596 142
624 140
542 140
617 136
613 136
568 133
595 134
560 132
592 131
541 128
599 127
585 127
583 128
562 113
556 114
526 113
551 113
534 114
519 115
547 114
533 114
527 114
518 114
539 115
523 118
516 119
515 125
514 122
513 126
514 128
514 129
514 130
514 133
513 134
514 136
512 137
514 139
513 140
513 141
513 146
512 147
514 151
514 153
513 154
513 157
514 160
513 163
514 164
514 169
511 170
513 183
512 178
513 181
513 184
513 189
511 192
516 196
514 200
513 203
513 209
511 215
512 220
513 226
513 231
514 236
513 241
514 242
513 250
514 253
512 258
514 349
513 352
512 353
514 358
512 363
512 367
513 372
514 376
514 382
511 388
513 392
511 401
515 404
514 414
513 420
513 425
513 435
514 439
513 447
514 450
512 453
512 460
513 465
512 469
513 474
510 478
515 482
513 489
516 491
507 491
511 508
513 511
512 520
514 525
512 531
514 537
514 542
512 550
513 553
512 560
514 563
512 569
514 573
511 580
513 583
513 589
512 595
513 601
512 607
512 614
513 618
511 626
513 631
512 638
511 644
513 649
513 656
513 741
512 745
513 748
513 748
513 753
513 757
514 762
513 767
513 771
513 776
513 779
514 784
512 788
511 792
510 796
360 799
270 802
313 807
365 811
389 814
370 818
356 818
378 827
393 831
348 831
408 838
405 839
388 845
392 845
416 851
420 854
381 858
409 861
400 865
401 868
410 872
390 874
427 878
397 880
421 882
443 886
411 887
425 888
447 892
433 892
426 894
424 895
477 897
451 900
441 901
468 902
416 904
454 905
450 907
443 904
463 912
443 920
472 921
477 922
478 921
478 922
478 922
499 922
469 923
485 923
498 924
474 923
485 922
503 924
494 923
484 924
497 922
506 923
489 922
506 921
511 920
513 914
504 914
514 913
513 910
513 909
513 905
513 905
516 902
513 902
513 901
513 900
513 899
513 896
513 894
513 893
514 890
513 886
513 885
513 883
512 879
513 879
513 874
513 872
513 868
514 865
513 862
513 860
513 857
514 852
512 848
513 844
513 841
514 835
512 831
513 827
514 821
514 815
513 811
513 712
513 710
513 705
513 699
514 695
514 689
513 684
513 680
514 674
513 669
514 665
513 659
513 655
514 649
516 641
513 638
507 627
513 623
514 616
516 608
512 603
513 594
511 591
513 583
513 580
513 577
516 571
513 566
516 560
513 560
512 552
515 547
512 544
518 536
514 532
515 522
513 518
514 510
513 504
514 498
515 491
513 487
514 481
511 475
514 471
514 466
513 460
515 456
512 450
515 446
512 440
513 434
512 429
513 423
514 413
513 410
512 404
514 308
514 302
514 298
513 295
513 290
513 286
514 282
514 278
514 277
514 269
513 264
515 260
509 256
514 251
516 246
516 243
518 240
523 235
735 237
770 232
709 226
683 224
679 216
656 214
668 209
651 205
651 201
634 198
618 195
633 189
622 188
622 183
623 182
644 179
594 175
617 171
680 167
591 165
632 163
630 158
609 157
592 155
578 151
656 151
568 150
581 147
585 145
569 141
630 141
549 139
632 137
557 137
552 135
605 134
586 132
587 131
539 127
536 114
530 115
533 113
537 113
537 115
546 110
539 114
540 114
558 114
529 114
524 115
531 115
538 115
517 112
513 119
517 121
513 122
515 124
514 129
513 129
514 131
515 132
514 133
512 135
513 139
513 138
513 137
513 140
514 143
513 146
514 141
513 151
513 152
513 154
513 158
514 161
514 163
514 167
514 170
513 173
514 180
514 176
513 182
513 185
514 190
513 194
514 197
513 202
513 207
514 213
512 217
513 224
513 226
513 231
514 238
512 243
514 248
511 320
514 323
513 328
515 341
532 337
513 346
513 349
513 353
513 361
513 364
513 369
511 376
514 379
513 375
513 390
513 396
512 401
514 409
512 417
513 422
514 430
514 436
512 442
515 448
513 454
511 458
514 460
511 468
513 469
513 475
514 479
514 484
512 480
512 496
508 509
519 507
511 515
516 520
512 527
513 534
514 540
510 547
513 552
514 557
514 562
513 565
513 568
511 577
514 581
514 586
512 587
513 598
512 599
512 610
512 615
513 622
513 628
511 745
512 748
513 752
513 755
513 761
512 765
511 769
513 768
513 777
511 779
512 786
514 790
510 794
509 799
285 797
261 805
349 810
351 814
373 817
365 822
392 828
364 830
376 817
405 837
392 840
379 843
402 848
427 847
369 851
396 857
416 859
371 863
409 862
391 870
413 872
405 876
374 879
429 882
403 884
419 885
435 888
441 886
436 891
419 890
445 895
465 897
447 896
434 900
455 899
451 904
414 904
483 906
435 911
456 927
456 908
452 915
489 926
498 923
486 923
486 914
500 922
481 922
484 922
504 920
506 920
503 918
517 920
514 914
513 912
513 909
513 907
513 905
513 916
514 902
513 895
511 900
513 899
514 897
513 895
513 893
513 891
516 888
514 886
513 883
512 878
512 878
514 876
511 873
513 870
513 866
512 863
514 861
513 853
512 854
513 850
512 847
513 843
512 839
513 834
516 828
513 823
512 820
513 817
513 811
513 804
513 798
512 795
513 787
512 785
513 780
514 772
513 770
513 765
514 601
513 597
511 592
513 588
514 581
513 579
515 573
514 569
515 564
511 561
513 556
515 550
513 546
514 540
513 533
513 528
514 520
513 513
512 508
518 500
512 496
514 490
512 484
513 479
514 474
513 470
516 464
514 458
515 455
513 449
513 443
514 437
510 432
512 428
514 416
512 414
513 408
512 401
514 395
512 389
514 383
514 376
512 373
512 366
512 362
513 355
514 350
514 345
512 339
513 335
513 330
514 325
514 321
514 314
514 310
514 305
514 301
514 283
514 280
513 276
513 283
513 271
514 266
513 263
514 259
514 253
514 249
513 245
517 241
521 238
651 239
805 233
722 227
680 222
