513 439
513 435
513 432
513 428
513 422
515 416
514 410
513 404
514 397
514 392
515 385
515 380
514 375
513 370
513 363
514 358
513 353
514 347
514 342
512 337
513 332
515 328
513 323
513 318
514 312
513 309
513 304
513 298
514 296
513 291
516 287
516 282
514 278
514 275
515 268
513 266
514 261
513 254
518 252
519 248
528 249
811 243
733 238
931 237
910 235
828 227
818 223
794 218
830 214
783 210
757 207
783 202
769 199
735 195
755 193
742 190
740 187
512 688
513 687
513 690
513 695
513 700
514 705
512 712
512 715
514 720
514 726
513 730
513 735
513 740
513 743
513 751
513 751
513 756
514 760
512 768
514 769
513 772
514 776
511 781
509 785
390 785
286 791
312 794
193 798
170 801
190 814
227 811
264 816
231 820
198 828
247 829
230 833
254 836
280 840
247 843
282 847
288 849
301 851
297 855
285 862
300 861
280 865
303 867
266 871
278 874
310 877
295 879
303 883
320 885
361 885
330 888
333 890
356 892
512 260
516 259
516 254
517 251
523 248
696 249
791 242
728 237
923 235
889 230
864 225
792 221
781 217
821 212
793 208
775 204
776 201
733 198
766 195
754 191
743 187
704 184
755 183
780 179
717 175
748 171
735 168
739 166
761 163
694 159
730 157
691 155
699 151
677 152
687 148
694 146
657 145
686 142
655 143
637 140
679 137
622 136
699 135
612 134
693 133
647 131
639 129
636 130
601 127
681 125
627 125
638 116
612 121
629 115
627 121
616 112
629 118
512 223
514 231
512 231
514 235
515 241
513 244
515 248
514 254
512 255
513 263
513 268
512 273
514 278
514 285
513 290
514 295
509 297
515 305
514 313
514 313
513 322
515 325
513 329
515 335
514 343
514 348
514 349
513 357
513 361
513 364
513 372
514 373
513 380
513 388
514 391
514 400
514 406
514 412
514 415
513 426
514 429
514 441
513 446
513 450
512 456
514 459
512 463
512 470
513 471
515 491
514 479
514 482
514 491
514 499
513 504
512 511
513 518
512 632
513 636
514 642
512 651
513 657
513 660
502 664
513 670
513 676
513 682
513 688
513 692
513 698
513 700
513 707
514 711
515 716
513 720
513 727
514 732
514 736
513 741
513 739
512 745
515 747
513 758
514 761
512 767
514 770
513 774
510 779
510 783
511 787
292 786
305 793
319 797
138 799
177 800
178 811
215 813
267 818
211 822
232 828
249 830
257 834
251 837
282 840
272 844
278 847
275 849
301 854
306 856
241 859
277 863
323 867
275 869
276 907
420 908
402 909
382 909
422 911
373 914
415 912
418 914
396 915
433 916
385 917
405 918
407 918
429 919
456 920
401 921
425 921
458 922
450 922
426 923
435 922
465 922
443 923
453 923
443 923
463 926
458 924
477 924
468 924
453 923
479 915
498 923
482 922
488 921
508 918
513 916
512 914
512 911
514 910
512 907
513 905
513 903
512 903
513 899
513 901
513 898
513 897
513 895
513 893
513 890
512 897
512 885
513 883
513 881
513 877
513 874
513 872
513 788
514 782
513 781
514 778
513 771
512 767
513 761
513 757
512 753
513 749
513 743
513 737
512 733
514 728
513 722
513 716
513 709
512 706
513 701
513 695
513 691
513 686
513 679
513 676
513 670
513 664
513 660
513 654
513 650
515 643
513 641
513 629
513 625
513 617
513 609
513 606
514 596
513 590
513 584
513 581
513 576
514 569
513 568
514 563
513 560
512 554
514 549
514 543
513 538
513 532
514 525
514 518
514 511
513 507
513 499
515 493
513 487
513 406
514 402
514 399
514 393
513 380
514 381
514 376
511 370
515 365
513 359
513 354
513 348
512 339
514 338
513 334
513 329
513 324
513 315
514 313
514 308
513 303
513 299
515 293
513 291
515 288
514 282
514 280
513 274
513 268
516 267
516 255
516 258
516 247
521 248
528 249
789 245
742 240
804 238
857 234
875 228
866 223
785 220
820 214
815 211
802 206
763 203
777 199
753 195
741 195
748 190
711 188
717 183
743 180
745 174
750 174
733 171
735 168
778 126
625 126
644 125
637 123
633 123
628 123
615 122
611 119
638 118
607 119
607 117
586 117
617 117
598 116
574 112
595 116
597 115
592 115
579 115
579 114
572 114
579 112
578 114
545 112
550 114
555 115
586 115
547 114
536 117
549 118
529 117
517 119
516 120
517 123
514 126
514 128
514 131
513 131
513 133
514 134
515 136
514 138
513 134
514 140
514 137
511 144
514 147
513 149
513 152
512 154
513 157
513 160
513 164
513 165
513 166
514 171
513 170
513 274
514 280
515 284
513 288
513 291
514 295
509 297
512 307
513 306
514 316
512 323
514 327
513 326
513 340
513 337
514 347
513 355
514 358
514 364
514 368
513 372
513 379
514 383
514 390
513 395
514 400
513 411
514 414
513 423
514 430
514 434
513 444
513 444
513 455
515 456
514 462
513 466
513 469
512 475
515 477
512 484
515 487
513 495
513 500
512 508
510 515
512 519
513 528
514 531
513 541
515 543
512 551
510 557
513 561
513 566
514 567
512 575
512 784
508 787
405 785
308 786
339 795
237 799
155 795
161 807
219 810
229 815
245 817
240 824
225 828
213 832
279 835
263 837
300 841
293 844
242 848
311 851
290 855
273 854
264 861
266 863
317 868
269 871
293 874
291 877
269 879
344 882
337 884
328 887
340 889
334 892
368 893
363 894
368 895
357 893
406 903
334 893
358 901
415 904
360 904
411 907
347 907
406 910
378 910
378 911
399 913
402 914
388 916
402 916
422 918
387 917
407 918
421 919
433 919
422 921
440 922
442 922
440 923
445 923
434 923
467 922
447 923
457 923
446 922
482 922
468 921
469 920
449 925
495 923
477 932
493 917
493 919
511 917
512 917
512 914
512 910
513 908
513 906
513 905
515 903
512 903
513 900
513 899
513 898
513 892
512 894
513 891
513 889
513 887
514 884
513 882
513 879
512 873
513 874
517 870
511 868
513 865
512 862
513 860
513 855
514 870
513 849
514 844
513 839
513 834
514 830
513 826
514 821
513 817
513 812
513 805
512 756
513 750
511 747
513 742
513 735
513 731
513 727
514 719
513 716
513 711
513 703
512 698
513 693
513 687
512 683
512 678
514 672
514 670
514 661
513 658
512 652
513 645
513 642
514 633
513 630
513 620
513 612
513 608
514 599
513 595
514 587
515 582
513 581
514 574
513 568
514 565
514 564
517 556
513 552
512 548
514 539
511 535
514 526
511 523
513 515
513 508
514 502
514 496
513 491
513 485
515 480
513 476
513 471
515 465
514 461
513 456
513 451
515 392
513 389
513 385
513 379
514 371
514 369
512 361
512 356
514 352
514 347
512 342
515 336
512 332
514 326
514 322
513 317
514 312
513 307
513 300
511 297
513 291
513 289
512 284
514 280
515 275
515 272
513 267
515 264
512 258
516 255
517 251
520 246
528 247
793 242
740 239
859 236
926 231
859 226
853 221
815 217
809 213
793 208
786 204
772 201
743 198
754 196
726 192
738 189
730 186
729 182
725 178
735 176
751 173
734 168
777 165
718 164
714 143
661 140
629 138
695 137
657 139
648 133
632 133
644 126
663 129
637 128
650 128
593 127
627 124
616 124
640 123
614 122
660 122
639 119
597 119
608 118
597 116
617 117
606 117
583 115
606 115
573 115
592 114
608 114
572 114
547 113
563 113
582 114
564 113
570 115
549 114
584 114
535 113
543 117
553 115
530 116
525 118
517 120
514 122
512 127
515 128
515 130
514 132
514 132
513 133
514 135
514 136
515 137
513 137
515 141
513 144
514 146
514 148
513 182
514 188
514 185
513 191
513 196
515 199
513 203
513 207
514 213
514 217
514 221
513 229
514 238
515 239
513 243
514 246
513 252
514 257
514 264
513 267
513 271
514 275
513 283
514 289
513 293
513 298
519 302
513 309
513 315
513 318
514 324
513 328
514 336
513 340
513 345
513 351
514 355
514 360
513 366
514 370
513 376
514 380
513 385
513 392
514 396
514 403
514 411
514 416
510 426
513 430
514 440
508 444
514 449
514 459
514 458
513 465
513 467
516 356
511 357
513 366
515 368
514 372
514 379
513 376
513 389
513 392
513 401
513 408
515 415
513 422
513 428
513 435
514 440
514 448
513 451
514 456
512 467
510 465
514 470
515 472
513 478
518 479
504 496
513 494
514 500
511 507
514 510
512 519
515 522
510 532
513 538
515 543
513 551
514 554
513 560
514 564
513 570
514 573
513 582
513 584
514 589
513 596
514 601
513 607
513 613
513 619
514 626
514 632
513 638
511 645
513 650
513 656
507 660
507 667
510 837
296 840
274 839
247 847
302 849
315 852
280 854
279 857
271 861
291 863
270 867
298 869
268 874
268 875
338 879
329 882
331 885
320 885
345 888
368 889
358 892
367 894
330 896
378 897
402 898
332 900
384 908
340 902
381 904
372 906
402 908
378 909
398 910
436 912
378 916
381 909
390 914
416 915
387 913
403 918
403 919
425 919
418 918
422 920
418 921
431 922
415 924
453 921
432 924
427 923
447 922
452 923
455 927
428 925
467 923
468 922
470 921
511 839
513 836
514 831
513 826
514 821
513 816
512 810
514 805
514 801
513 795
513 795
513 786
514 784
514 778
514 772
513 766
513 763
513 757
513 752
513 744
513 740
513 738
514 734
514 723
513 723
513 717
513 707
513 703
514 700
513 693
513 689
513 685
513 678
513 674
513 669
513 664
513 658
509 653
513 648
513 638
513 636
513 629
512 620
514 616
513 605
513 603
513 593
514 588
513 584
514 577
513 577
514 567
512 568
514 562
512 559
513 554
515 547
514 473
513 471
514 466
513 464
515 458
513 451
514 446
513 440
513 435
513 429
512 423
514 416
514 410
514 403
513 397
514 391
514 385
513 380
513 374
513 369
514 363
514 358
514 351
513 347
513 343
513 337
514 334
514 327
513 322
514 319
513 309
514 307
513 303
514 297
514 292
514 288
514 284
515 280
516 273
515 275
515 267
514 264
514 259
520 256
517 249
519 248
706 250
779 242
765 237
832 236
832 232
854 228
850 224
798 220
785 215
808 209
808 205
685 148
692 147
650 144
636 148
664 137
649 145
667 139
652 136
659 135
680 134
615 129
688 131
637 132
612 128
628 127
639 126
644 124
656 125
628 124
611 122
608 120
618 118
644 118
614 118
605 112
590 116
607 116
589 115
579 116
597 115
589 114
568 114
578 115
576 114
567 114
586 114
576 113
548 116
563 113
550 114
584 113
546 115
534 112
544 116
529 118
516 120
515 121
513 125
513 127
514 130
514 130
513 132
513 134
514 134
514 137
514 139
513 139
515 194
514 199
514 202
513 208
513 214
514 218
513 221
514 228
514 234
513 239
514 244
513 247
514 251
514 258
513 264
513 267
514 276
515 276
514 280
514 287
512 293
514 297
514 301
514 301
513 313
513 317
513 323
514 331
513 335
514 338
516 347
513 351
516 354
513 362
515 366
514 368
513 376
513 380
513 385
514 392
514 395
513 404
513 412
514 416
513 425
513 431
513 438
513 444
513 449
513 454
512 459
514 464
517 467
513 472
514 475
513 480
512 484
513 593
513 598
512 603
512 609
514 617
514 623
513 627
513 637
516 642
515 646
513 652
513 658
519 663
513 683
512 675
514 680
513 685
512 691
513 696
513 702
513 706
513 710
513 715
512 720
512 725
513 731
513 736
513 741
513 744
513 748
512 752
513 757
512 760
513 765
513 769
514 773
513 783
511 782
511 787
386 786
297 793
326 798
194 798
189 800
212 803
209 808
215 818
209 820
243 825
234 829
215 833
257 836
272 840
250 842
283 846
294 849
286 891
352 893
374 894
400 896
386 898
340 903
368 901
386 898
398 903
405 904
383 907
373 909
394 909
419 910
409 911
385 912
398 913
399 914
427 916
405 916
378 917
418 918
419 918
392 919
452 920
433 921
421 921
435 923
454 922
427 922
419 923
461 922
468 925
439 923
426 924
487 922
449 923
464 922
475 921
479 924
476 922
496 913
486 921
499 919
512 917
512 915
509 911
512 909
513 908
511 906
512 903
513 903
513 902
514 900
514 899
513 898
514 896
514 819
514 813
513 811
513 810
513 804
513 797
513 793
513 788
513 784
513 781
511 775
512 768
513 765
513 760
514 754
513 748
513 746
513 741
514 734
513 728
513 724
514 719
513 714
513 708
513 703
512 697
513 691
513 687
513 681
513 676
513 674
513 666
513 660
513 655
513 653
514 644
513 638
513 635
514 626
514 622
514 612
515 605
513 599
513 592
512 587
513 579
512 578
512 573
513 569
513 565
515 560
512 556
513 550
513 545
513 538
513 534
514 527
514 398
514 396
515 389
514 383
513 378
516 373
515 366
514 361
513 357
513 351
514 345
513 340
514 334
513 330
514 325
514 321
514 315
513 310
514 306
514 301
513 298
512 293
512 289
511 285
512 281
513 276
512 271
512 268
511 263
516 258
514 255
515 250
522 246
779 246
773 241
716 235
870 234
861 230
896 225
857 218
767 216
824 212
816 208
782 202
740 200
740 198
769 193
733 192
716 188
702 186
754 181
755 179
723 175
741 172
734 169
763 166
767 162
699 123
638 124
623 123
616 122
616 120
629 120
629 118
602 118
625 116
607 115
584 117
585 116
582 117
589 115
581 117
577 114
563 115
583 114
570 111
583 114
567 115
541 116
551 116
576 114
554 114
525 117
541 115
546 117
520 118
513 120
515 123
515 124
514 127
516 129
514 132
515 133
514 134
514 136
514 137
513 137
514 140
514 142
513 144
514 145
513 149
514 153
514 155
513 156
513 159
514 163
516 164
514 167
514 171
513 175
514 178
513 183
515 185
514 201
514 203
514 206
512 211
513 213
514 218
513 224
513 231
516 235
514 240
514 246
513 251
514 252
513 261
515 264
512 268
514 275
513 278
512 284
513 290
514 295
513 299
513 295
513 311
513 314
512 322
514 326
514 330
515 335
514 344
514 347
514 349
513 357
513 360
514 366
513 371
513 377
513 381
513 389
514 393
514 399
513 407
513 414
516 418
513 429
515 431
514 441
513 447
513 448
513 459
514 459
514 470
514 463
514 474
513 477
513 481
516 488
510 555
510 556
513 560
514 563
512 569
516 572
513 580
513 583
513 589
515 595
513 601
512 605
513 612
513 619
513 624
515 630
512 636
513 643
514 648
510 654
514 659
511 668
504 673
514 677
513 683
514 687
514 693
513 697
512 702
513 707
512 712
514 716
514 722
514 726
513 732
514 738
515 741
513 745
515 749
513 753
513 758
513 762
512 766
513 771
512 775
513 777
511 784
507 786
303 789
338 794
331 798
192 798
191 802
174 811
244 813
203 821
230 824
286 857
302 859
297 862
264 866
290 868
262 872
284 875
310 879
312 881
303 884
315 887
341 888
350 889
366 891
324 893
396 894
411 897
325 898
374 897
339 901
410 903
381 906
378 905
383 907
363 908
418 909
396 910
407 908
375 912
425 914
414 915
394 915
397 917
409 917
444 919
394 921
411 921
433 921
429 923
453 922
434 922
441 922
444 922
454 922
463 922
448 923
414 922
478 924
471 922
446 922
448 922
487 922
463 923
501 923
472 921
480 914
506 917
513 900
513 897
513 898
513 894
513 892
513 890
513 888
513 884
514 884
513 880
513 879
513 875
514 872
513 867
514 866
513 862
513 860
514 856
513 852
512 851
512 845
513 841
513 837
513 832
513 826
514 821
514 817
513 814
514 808
512 804
515 796
513 791
513 788
513 782
513 777
513 772
514 766
513 763
514 758
512 753
513 749
514 745
514 736
513 734
515 728
513 722
516 715
513 713
513 706
513 697
513 697
513 691
513 683
513 680
514 673
512 672
513 666
513 603
513 595
513 592
514 584
513 581
513 576
512 572
514 568
513 563
514 561
514 553
514 548
512 542
511 538
513 531
514 525
514 518
513 512
513 504
513 498
513 493
514 487
514 482
512 476
513 473
513 467
514 462
514 456
514 453
513 447
514 441
512 437
513 431
514 424
513 417
515 411
512 405
514 399
515 393
515 386
513 381
513 377
514 370
513 364
512 360
514 353
514 349
514 341
513 339
514 335
513 330
513 325
513 319
514 314
514 308
514 303
514 235
873 231
900 226
879 221
800 219
798 215
859 211
794 206
748 203
778 196
744 196
751 193
724 189
696 187
751 186
752 181
727 177
711 175
752 170
776 167
739 164
700 161
676 158
720 156
705 154
685 152
685 149
675 147
654 144
665 146
659 142
681 140
660 140
660 137
646 137
631 136
662 132
638 131
658 130
623 129
654 128
667 126
654 126
619 124
636 123
610 123
615 122
617 120
627 120
623 118
611 120
589 117
626 116
586 116
602 115
621 115
569 118
574 126
513 128
514 131
515 130
513 132
513 133
515 135
513 134
514 138
514 138
513 140
514 142
511 145
513 147
512 151
513 151
513 156
515 156
514 161
513 164
513 166
513 162
513 174
513 175
513 179
513 183
515 183
513 189
514 192
513 198
514 203
513 205
513 211
513 217
513 221
514 225
514 229
513 237
513 244
513 248
515 251
514 255
512 259
514 267
514 272
513 275
513 279
514 286
513 292
513 298
513 301
513 305
515 296
513 318
513 322
513 327
513 332
514 434
513 438
514 443
514 447
514 452
513 458
515 462
514 465
513 469
514 473
515 479
514 483
508 502
522 496
512 501
514 508
514 513
512 521
514 527
513 534
514 539
515 544
513 550
513 555
514 561
514 565
513 571
515 574
513 581
512 586
514 591
512 598
514 602
513 608
512 615
514 620
513 626
513 633
516 639
512 645
512 650
513 657
513 659
517 666
507 675
516 677
511 684
514 689
513 695
513 699
514 705
512 709
513 716
513 719
514 724
514 730
513 733
514 787
254 788
291 791
321 796
358 796
195 800
176 809
195 810
229 816
231 818
210 825
238 828
226 832
268 835
261 839
246 844
276 845
303 848
279 851
275 855
285 857
305 861
277 864
252 868
274 870
291 873
311 877
313 879
307 881
319 885
348 886
368 890
372 891
310 891
378 893
334 897
367 897
380 900
341 898
413 920
367 901
369 919
390 907
379 907
401 908
390 910
402 911
368 915
431 913
401 914
406 916
396 916
412 918
446 918
388 919
430 919
432 920
510 915
512 914
514 912
512 910
514 909
512 907
513 905
512 903
514 902
513 900
513 900
514 897
513 896
512 893
513 891
514 890
513 886
513 884
512 881
513 879
513 876
513 873
510 870
513 866
512 863
514 860
513 858
515 855
513 851
515 837
508 846
513 838
511 834
512 831
512 823
513 821
511 816
513 809
514 804
514 803
513 795
513 790
513 786
512 781
513 776
513 771
513 765
514 759
513 755
513 752
513 745
513 741
513 736
513 732
513 724
513 720
513 716
513 602
513 598
513 590
512 586
513 583
514 576
511 576
513 569
512 566
513 561
513 557
513 552
514 546
513 542
514 534
514 528
514 522
513 516
513 508
514 501
513 497
513 489
511 487
514 478
514 475
513 470
515 464
513 461
514 455
512 451
513 445
512 438
513 433
515 427
514 420
512 414
513 408
511 403
514 395
513 389
514 384
514 379
514 374
513 367
514 362
513 358
514 352
514 347
514 340
513 336
512 331
514 330
511 321
513 316
513 311
513 306
513 302
812 218
805 217
866 213
785 208
745 204
790 201
781 197
727 195
718 191
768 188
730 185
719 182
725 179
715 175
776 174
749 169
734 166
734 164
696 161
745 157
698 156
682 153
694 151
653 150
648 147
666 146
662 144
705 143
659 141
627 139
624 136
652 134
665 135
658 132
649 130
632 131
641 128
656 127
615 126
606 127
636 124
622 123
640 122
608 121
624 118
639 119
592 119
608 117
607 117
598 117
618 114
594 115
596 115
582 112
596 114
599 116
578 115
513 130
514 131
513 132
514 136
512 135
512 136
510 137
512 142
514 139
514 142
516 144
514 146
514 147
513 150
514 154
512 157
515 157
513 161
512 164
513 163
514 171
514 172
514 177
513 180
515 185
514 186
513 192
513 192
514 199
513 204
513 209
513 213
512 218
514 225
514 228
513 232
514 237
514 245
513 245
514 254
514 259
513 263
513 268
514 274
515 276
514 283
512 289
514 295
513 299
513 303
514 309
536 313
513 320
512 323
514 330
511 336
514 340
513 461
514 464
514 468
513 470
514 476
513 482
514 487
515 481
511 499
511 503
515 508
513 516
513 521
512 530
511 537
513 540
513 549
512 554
514 559
513 564
514 568
512 572
513 577
513 582
513 587
513 594
513 599
512 604
512 610
514 618
513 625
512 626
513 636
513 641
511 647
513 654
513 660
513 669
512 664
497 677
513 681
513 687
514 692
513 697
513 702
513 706
514 711
512 716
514 722
514 727
513 731
513 737
513 742
512 746
513 750
513 753
512 843
256 843
315 847
253 850
266 853
312 856
293 859
250 863
281 865
275 871
324 873
286 875
280 878
320 880
300 883
343 885
339 887
353 889
381 891
341 892
372 894
344 896
386 897
351 901
396 898
398 906
329 899
443 908
360 907
388 907
373 909
417 909
398 911
401 913
403 915
369 914
428 916
407 916
426 917
389 918
412 919
442 921
424 920
419 921
433 918
439 920
437 921
430 922
452 923
436 923
452 922
468 923
466 923
429 922
483 923
477 922
477 923
450 827
514 823
512 822
513 816
513 812
513 808
512 803
512 798
514 793
514 786
513 783
513 779
514 775
512 768
514 764
513 758
513 750
511 749
512 740
512 738
513 735
513 727
514 720
513 718
513 713
514 705
513 701
513 697
513 688
514 685
513 681
512 674
513 670
513 665
514 661
513 656
514 650
513 644
513 637
513 633
513 622
513 618
513 611
513 601
513 599
514 587
513 587
513 577
511 577
514 571
512 567
513 565
514 558
513 556
512 548
512 543
513 539
515 511
514 506
513 502
512 499
514 493
