444 922
410 922
412 922
428 922
425 922
450 921
456 921
471 920
472 920
498 918
506 916
512 911
512 912
512 910
511 907
513 906
511 904
514 903
512 900
513 900
513 898
513 897
513 895
513 893
514 890
512 889
511 885
511 885
513 881
521 869
517 876
512 873
512 871
514 867
514 863
513 860
514 858
512 855
513 853
513 846
513 841
513 838
512 834
514 829
513 824
513 820
514 815
513 809
514 803
513 799
513 794
511 789
513 785
513 780
513 774
514 769
513 764
514 135
514 136
514 136
514 139
513 138
514 142
514 144
514 146
513 150
513 150
514 154
513 156
512 160
514 161
513 162
513 170
515 170
513 175
514 175
515 181
512 182
513 187
513 192
512 195
514 200
515 205
513 209
513 215
514 220
513 226
514 229
514 234
515 239
514 244
514 249
513 254
514 259
516 261
512 268
513 275
513 279
513 285
514 290
514 293
514 299
513 304
513 308
513 316
513 320
514 323
515 332
513 335
514 338
514 348
514 352
513 354
512 362
513 839
513 837
513 831
513 827
513 823
513 817
513 812
513 807
513 802
513 799
513 792
512 789
513 783
513 777
513 773
513 768
514 764
513 756
512 752
512 748
514 742
514 737
518 729
516 728
517 723
513 718
514 711
513 705
514 700
513 695
513 691
513 683
514 679
513 676
513 670
513 666
512 660
513 654
513 651
514 643
512 638
514 630
513 624
513 617
512 610
513 605
513 596
513 593
514 586
513 582
514 577
514 571
513 569
513 564
510 564
513 558
513 551
1023 235
1023 231
998 227
968 222
932 217
978 213
935 210
905 205
891 202
864 198
857 195
862 192
872 189
843 186
873 182
861 179
894 176
835 174
857 170
866 166
823 163
847 161
833 162
809 157
769 154
780 151
790 150
716 147
774 142
752 146
733 142
746 141
707 140
757 138
708 137
752 134
679 133
725 129
699 131
693 131
725 128
673 127
727 126
681 125
699 125
699 123
656 123
691 120
660 121
672 119
629 119
662 118
657 118
624 117
650 116
630 116
608 135
512 135
514 137
514 137
513 140
515 142
513 144
513 148
513 147
514 152
514 153
514 156
514 158
513 160
513 163
514 166
513 168
514 172
512 176
514 178
513 183
515 186
513 190
514 193
514 198
514 201
513 205
514 210
512 216
513 220
515 227
515 232
513 238
515 241
520 250
514 251
514 256
514 259
513 265
513 270
514 275
514 279
513 286
514 291
514 295
514 303
513 305
513 309
514 318
514 320
514 325
514 331
513 338
514 342
514 349
513 354
514 358
512 471
515 474
513 477
513 481
514 482
513 489
513 494
513 499
513 508
515 512
513 520
513 525
514 534
514 537
514 544
514 550
513 555
514 560
515 564
513 569
514 575
514 579
513 585
515 590
514 597
514 602
513 607
513 606
513 623
513 626
513 632
514 638
513 644
514 650
513 656
514 662
513 668
514 672
513 677
515 682
513 690
514 694
513 699
512 704
513 708
513 713
514 719
513 724
513 729
514 733
513 738
514 741
513 745
514 750
513 756
514 759
512 764
514 850
198 851
192 852
150 856
171 858
187 862
151 865
163 868
151 872
157 874
226 878
187 880
243 882
257 885
238 886
266 891
255 890
303 894
286 894
289 896
284 897
303 898
300 900
280 902
320 903
325 904
353 906
283 908
320 911
321 908
351 910
337 911
343 913
357 914
317 916
353 916
364 917
363 918
364 918
406 917
394 919
366 919
389 921
392 920
414 920
411 923
433 922
400 922
431 911
435 922
441 922
420 921
435 922
455 920
445 921
448 921
442 919
513 893
512 892
513 889
512 886
510 884
513 873
511 878
514 876
511 887
513 871
513 866
512 864
513 860
513 857
513 858
514 851
513 846
514 842
514 838
513 838
514 830
513 827
513 820
513 817
513 811
513 807
514 801
513 793
513 789
513 786
513 781
513 779
514 769
513 765
513 760
513 757
513 750
513 744
514 741
515 738
514 734
517 729
514 721
513 713
513 710
513 706
513 697
513 694
513 688
513 681
514 682
514 673
513 669
513 664
512 656
513 653
513 647
513 509
513 503
513 497
514 492
513 485
512 481
513 477
514 470
512 467
513 463
513 456
513 451
513 446
513 440
514 435
513 428
515 422
513 415
513 410
513 403
514 397
512 391
514 385
513 379
513 375
514 366
513 364
514 358
514 353
514 347
513 342
513 336
513 332
514 327
513 322
513 318
515 313
515 306
513 303
514 297
513 294
514 289
512 287
514 282
514 277
515 273
513 269
514 264
514 260
516 255
522 252
644 250
642 246
892 246
864 237
895 236
1023 236
790 158
777 155
800 150
801 153
791 149
724 151
716 145
713 144
728 142
761 141
746 139
717 138
742 135
706 136
674 133
745 133
666 131
739 130
723 128
685 127
692 126
718 124
714 124
658 120
664 120
662 119
704 120
665 120
616 117
646 116
620 116
636 117
633 114
617 117
605 117
611 116
624 114
601 115
600 115
593 115
590 116
597 115
560 117
575 115
588 116
576 117
557 116
528 119
512 120
516 122
515 126
515 129
513 131
514 131
514 133
514 134
504 136
514 284
514 289
514 292
514 298
513 303
515 308
513 314
514 319
513 324
514 332
514 334
514 338
514 347
514 350
514 358
513 360
514 368
514 370
514 372
514 380
514 385
515 392
513 398
513 403
513 411
514 416
514 425
513 433
513 437
513 444
514 449
513 457
513 459
514 463
515 467
513 471
514 475
513 480
514 483
513 491
514 496
514 502
514 509
512 517
514 521
514 531
513 536
514 541
514 547
513 551
513 556
513 563
513 567
514 571
514 577
514 580
514 600
513 609
514 614
514 616
513 622
514 628
513 635
512 642
513 648
513 652
513 658
514 664
513 670
513 675
514 680
514 685
514 689
512 696
512 703
513 706
513 712
513 716
513 720
514 725
514 730
513 734
513 740
514 745
514 748
513 752
514 756
512 760
512 765
515 770
514 774
514 778
512 782
496 775
411 784
193 789
202 793
200 797
25 800
34 805
63 810
93 814
64 820
39 823
106 827
119 831
108 834
164 837
169 841
141 846
165 848
186 851
178 854
170 856
267 887
276 891
240 893
315 894
306 897
290 897
353 902
309 899
308 901
271 903
340 904
359 907
303 907
360 909
288 909
366 909
326 912
355 913
327 915
325 915
381 917
369 917
356 917
364 920
381 919
395 921
364 920
408 920
415 922
377 920
416 921
400 922
412 925
427 922
402 922
429 921
447 922
418 922
444 921
459 920
454 921
436 920
495 919
500 917
505 917
508 914
512 910
513 908
513 906
513 904
512 903
512 901
513 901
512 901
513 899
512 897
512 897
514 866
512 866
513 860
513 856
513 853
514 850
512 845
513 841
514 836
513 832
514 827
513 824
512 818
512 813
513 808
512 804
513 798
513 792
513 788
514 783
513 778
513 775
513 768
514 763
514 758
513 754
513 748
513 744
529 747
509 730
518 728
513 717
513 718
514 712
513 707
513 702
513 695
513 691
514 687
513 680
514 678
512 671
513 665
513 661
514 655
512 650
514 646
512 637
511 633
513 625
513 618
513 612
514 604
512 600
513 592
513 586
513 582
513 513
512 509
514 506
513 501
513 495
513 490
513 483
513 480
514 473
512 470
513 464
513 459
513 455
513 449
514 443
513 438
513 432
513 426
514 420
513 412
514 407
513 401
514 394
514 389
514 383
513 377
512 371
514 366
514 360
513 355
513 350
513 345
513 339
514 334
513 329
513 325
513 319
513 315
513 311
514 304
513 301
513 295
517 292
513 288
515 285
513 280
513 276
514 271
514 266
515 262
514 258
516 253
526 251
631 248
785 248
890 244
860 238
825 190
844 188
845 185
850 184
846 179
835 176
863 172
882 170
869 167
844 164
818 162
809 158
816 156
769 153
783 151
768 151
734 148
747 148
720 145
780 143
747 142
724 140
746 138
702 137
769 135
678 133
715 132
724 131
661 130
695 129
711 128
728 127
675 125
681 125
693 123
660 125
677 121
682 122
671 120
646 119
634 119
629 118
677 117
625 117
612 116
626 115
623 116
629 114
610 114
582 116
584 115
612 116
589 116
564 115
593 117
579 116
565 116
514 152
514 153
514 156
514 158
513 161
512 162
513 165
513 168
513 171
514 174
514 178
513 182
514 186
514 189
513 193
513 193
513 200
514 205
513 211
514 214
513 220
514 227
514 232
513 236
513 238
514 244
513 250
514 255
514 260
513 265
514 269
513 274
513 281
512 287
515 291
514 297
513 300
512 304
514 311
513 316
514 320
512 326
514 332
513 338
513 342
514 348
513 354
514 357
513 363
513 368
513 371
514 378
514 383
515 385
513 397
515 399
513 508
514 513
513 517
513 526
514 532
514 537
514 544
513 548
514 555
513 558
514 564
513 568
514 574
514 578
514 584
514 589
513 594
514 601
514 607
513 612
513 620
513 622
513 630
514 639
513 643
513 649
513 655
513 661
514 666
512 671
514 676
513 685
513 688
513 693
513 698
513 703
514 708
514 712
513 717
513 722
513 727
513 734
512 737
514 742
513 746
513 750
513 754
514 757
514 761
513 766
513 770
512 774
513 780
505 785
421 792
216 787
208 792
202 859
182 862
128 864
144 867
197 871
196 875
147 878
187 878
236 883
255 885
254 887
237 893
282 890
275 892
319 896
289 894
286 897
283 897
306 900
312 902
283 902
347 902
339 905
342 907
299 909
376 909
302 913
330 911
323 912
318 911
394 915
335 915
376 919
372 917
352 918
379 920
384 920
411 920
376 920
375 920
417 920
413 921
408 914
390 926
433 917
427 921
439 922
424 921
430 920
439 921
473 920
431 921
464 922
475 919
501 918
498 917
512 914
513 885
515 883
512 882
513 882
514 870
515 875
514 871
514 868
513 864
513 860
513 858
513 855
512 849
513 848
513 843
513 840
514 835
513 831
513 826
513 821
513 814
513 811
513 806
512 802
513 796
513 791
514 786
513 782
511 778
513 771
513 764
513 761
513 757
513 752
513 746
513 740
513 736
516 736
521 724
516 725
511 718
513 710
513 704
513 700
515 695
513 687
512 685
514 678
512 673
513 670
514 663
513 657
513 653
513 646
513 644
513 632
513 630
513 514
513 509
513 505
513 496
512 490
514 487
513 482
513 478
513 470
513 468
513 461
513 457
512 451
512 447
513 440
513 436
513 429
513 423
513 417
512 410
513 403
512 398
513 389
512 387
513 379
513 375
513 369
513 365
514 358
513 352
514 348
512 341
513 337
513 332
513 328
512 323
513 319
513 313
513 308
513 303
513 299
515 290
513 289
513 286
514 282
514 279
514 274
514 270
513 265
513 260
514 255
520 252
608 249
662 247
874 246
878 238
908 237
841 161
814 158
812 158
756 155
819 153
784 151
784 149
775 148
697 146
743 144
738 142
730 139
743 139
728 137
724 136
715 134
719 131
700 133
689 130
711 130
678 129
693 123
696 127
709 125
724 123
677 122
656 124
702 122
673 120
629 119
687 118
633 117
627 117
648 116
613 116
617 117
625 115
605 115
606 113
619 115
589 115
611 116
600 116
585 115
572 116
586 116
575 116
578 116
557 118
529 119
518 120
518 123
515 125
514 127
514 130
514 132
514 132
514 184
514 187
513 189
513 194
513 198
513 202
514 208
514 212
515 213
515 222
514 229
514 233
512 240
514 243
514 246
510 248
514 257
516 262
513 266
513 271
514 275
513 282
513 288
513 292
513 296
514 301
512 309
513 312
514 316
513 324
513 327
515 332
514 340
514 342
513 350
513 356
514 360
513 365
514 369
514 375
513 381
514 384
513 391
514 397
513 402
513 411
515 417
513 423
513 429
505 445
512 441
514 449
513 455
514 456
513 464
514 465
514 471
513 567
514 570
513 573
513 577
513 578
513 586
513 591
513 596
514 603
514 609
513 616
513 621
518 627
515 634
514 640
513 645
513 652
514 657
512 663
513 668
513 674
513 680
515 686
514 690
513 695
514 700
514 704
514 709
515 715
513 719
513 725
513 731
513 734
513 737
514 744
514 750
514 751
512 756
513 760
513 764
514 769
512 773
513 777
511 782
509 785
413 780
199 789
190 794
206 799
78 800
83 804
69 809
65 811
69 818
63 819
107 826
92 830
96 834
309 895
306 897
274 899
285 900
333 902
304 904
349 905
336 906
336 908
328 908
359 911
294 911
341 912
299 913
341 914
385 916
379 916
354 916
324 918
373 916
388 919
403 927
376 920
384 919
434 921
412 920
394 921
406 904
446 921
412 921
424 921
438 922
444 922
425 922
455 921
454 921
440 921
461 920
481 919
494 918
511 916
510 913
512 911
513 908
513 907
511 905
512 903
513 902
513 900
512 900
513 895
513 897
512 894
513 893
511 892
513 887
513 794
513 791
514 787
514 782
513 780
513 776
512 770
512 763
513 757
513 752
513 751
514 746
513 737
511 735
515 734
518 725
514 719
514 717
513 708
513 701
514 697
513 692
513 686
514 681
513 677
512 674
513 667
513 661
513 659
513 651
513 647
512 640
514 633
512 629
513 617
513 614
512 606
514 599
513 595
513 586
513 584
513 576
513 575
514 564
513 569
513 560
514 556
519 570
514 545
512 542
513 534
513 529
514 522
513 516
513 509
513 500
510 497
513 356
513 352
514 350
514 345
513 340
513 334
514 331
512 326
514 320
514 315
514 311
513 306
513 301
514 296
513 292
513 288
513 284
513 280
513 276
513 272
513 268
513 262
515 258
514 255
520 250
636 249
770 248
902 243
869 238
897 237
1014 234
996 228
998 224
982 220
952 216
927 210
948 208
898 202
866 199
870 193
871 193
889 187
825 188
807 184
868 181
879 176
879 174
830 171
851 168
881 165
846 162
846 159
792 157
781 154
798 152
759 149
759 149
752 140
739 137
680 139
678 136
748 136
700 135
709 132
749 132
677 129
699 130
667 128
682 129
708 126
660 124
720 122
658 121
679 121
688 120
651 120
650 119
662 117
651 118
623 117
624 117
650 116
616 116
610 115
655 115
587 116
588 114
610 116
617 115
575 115
582 115
602 116
580 117
558 117
553 117
543 118
526 119
517 121
516 124
515 126
515 128
515 131
513 134
513 133
513 134
514 136
514 133
512 140
514 141
514 143
513 142
512 147
514 149
513 153
513 187
514 192
514 188
514 200
513 204
513 211
513 212
513 221
514 226
514 230
515 234
514 240
513 243
514 249
514 252
512 259
514 264
513 269
513 273
514 280
513 285
513 291
512 294
513 299
514 303
513 310
513 315
514 321
513 324
514 332
512 337
514 340
513 347
513 355
512 355
512 362
514 368
514 368
512 378
513 383
513 383
513 392
514 397
514 404
513 413
514 417
513 426
513 432
514 451
514 444
513 450
514 455
513 460
514 464
513 468
511 472
513 475
513 542
513 546
514 549
514 553
513 558
514 564
514 567
514 573
513 578
514 583
513 589
513 595
513 597
513 606
513 611
512 618
514 625
512 632
513 636
512 643
514 648
514 656
513 660
513 666
513 672
513 677
514 682
513 687
513 690
513 698
513 702
513 707
513 712
513 716
514 723
513 727
514 733
513 737
514 741
513 746
514 748
513 748
514 757
513 762
514 767
513 772
513 775
513 780
507 784
418 787
247 788
216 794
195 796
164 797
98 801
65 806
22 811
52 856
197 858
192 861
140 863
179 864
185 868
126 872
170 874
222 876
214 879
223 882
233 884
242 885
261 889
271 898
307 894
296 894
303 896
258 897
327 898
280 899
274 901
300 902
356 904
331 905
313 906
335 907
354 908
343 910
290 911
363 912
334 916
366 915
321 916
372 916
374 913
356 918
394 918
372 921
372 920
410 920
384 920
402 920
407 921
415 921
424 927
434 923
407 931
445 921
430 921
428 921
460 921
445 922
432 922
472 920
488 920
477 912
507 896
511 894
513 893
513 891
513 888
514 883
513 884
513 885
512 880
513 874
517 875
517 873
508 858
513 865
513 862
514 859
513 855
513 851
512 848
513 838
512 840
514 836
511 831
513 830
514 823
513 819
512 812
513 805
514 800
513 795
513 791
512 786
513 784
511 776
513 770
513 767
513 763
513 757
513 752
513 748
513 742
513 736
513 731
516 726
514 719
515 712
510 710
513 705
513 700
513 693
513 689
513 685
513 676
513 673
514 672
512 666
513 659
513 555
513 552
512 549
511 544
512 539
513 532
512 525
513 518
512 513
513 505
513 500
513 494
513 488
514 486
513 477
513 474
513 467
512 464
513 458
513 453
514 448
513 440
512 436
513 428
513 424
513 417
513 412
513 405
514 397
513 394
514 387
513 381
513 376
512 369
512 365
513 359
514 353
513 348
513 344
513 338
513 332
517 327
513 326
513 317
514 313
513 308
513 303
513 299
514 295
512 290
513 286
512 282
513 278
512 273
513 270
513 265
515 259
871 193
845 188
810 186
888 182
845 179
876 177
881 172
830 168
854 166
830 163
858 160
798 158
795 161
778 152
762 151
748 149
740 148
776 147
727 147
686 143
774 142
699 139
752 137
717 136
739 134
701 134
699 132
716 131
647 129
726 127
668 125
732 127
687 125
660 124
704 123
680 123
690 121
647 122
642 118
658 120
667 118
629 119
613 118
642 122
642 117
623 120
588 115
606 116
608 116
612 117
606 116
580 115
585 114
600 116
572 116
578 116
562 117
514 149
514 151
514 154
514 155
513 159
514 160
513 164
513 165
514 171
515 173
513 175
513 178
513 182
513 187
514 190
517 195
514 197
513 202
512 206
514 212
513 216
513 221
514 225
514 233
514 238
513 244
514 247
515 251
515 257
514 263
513 266
514 271
514 276
510 281
513 289
514 290
514 295
513 302
514 306
514 311
513 318
513 322
513 327
514 334
513 340
512 350
516 349
513 355
513 360
512 364
513 370
514 372
514 379
513 383
515 389
514 397
515 402
514 482
514 484
513 488
513 496
515 499
513 507
514 513
514 520
514 527
514 534
513 545
513 543
513 557
516 554
514 560
515 566
514 570
514 576
514 579
514 586
513 591
513 597
513 601
513 609
513 614
513 621
517 636
512 623
513 640
513 645
513 651
513 657
513 662
513 668
513 673
513 679
513 684
512 690
513 694
513 699
513 704
514 708
513 714
514 723
514 724
513 732
516 735
513 738
515 743
513 747
514 751
514 756
514 760
513 764
513 768
514 772
513 777
173 849
167 852
191 853
154 856
178 861
166 863
166 866
183 868
161 872
227 875
174 878
202 881
219 884
220 885
265 888
256 889
278 890
272 886
293 894
318 895
281 898
305 899
307 900
323 901
318 904
301 906
312 906
333 908
345 909
313 910
331 907
366 912
350 913
312 914
365 917
336 916
347 916
370 918
393 918
384 919
368 920
377 920
405 920
415 921
388 921
408 922
415 921
415 931
399 923
445 923
402 921
465 922
417 922
435 921
447 920
462 921
463 880
514 878
513 882
513 875
511 873
511 871
512 868
513 863
513 861
515 857
514 854
512 851
521 846
513 842
512 836
513 834
512 826
513 824
512 819
513 814
513 810
512 806
513 801
515 794
513 787
513 785
512 781
513 775
513 775
513 764
512 765
515 754
512 749
514 746
513 740
513 735
515 728
506 728
513 717
508 713
512 713
513 702
513 696
512 694
514 686
513 682
513 679
514 672
513 668
513 663
513 657
514 654
514 644
513 642
513 634
513 626
513 623
513 502
515 499
513 494
513 491
513 485
513 480
513 475
513 471
513 466
514 461
514 457
513 451
513 445
514 440
513 434
514 427
513 422
514 415
513 408
513 402
513 396
513 392
514 384
513 379
514 373
514 368
513 362
514 357
512 352
514 347
513 347
515 336
514 331
515 326
513 320
514 318
513 311
513 306
514 300
514 297
513 292
514 288
513 285
513 281
513 276
513 272
514 267
513 262
515 259
514 254
519 251
610 248
672 247
888 245
880 239
845 236
1012 234
1008 168
862 164
831 162
866 159
784 157
758 155
821 153
768 150
781 149
777 147
728 145
700 143
746 142
752 139
727 138
732 137
696 135
717 134
705 131
732 130
684 130
698 129
692 127
694 125
691 119
688 125
701 123
701 122
654 118
654 120
674 117
662 118
647 120
622 117
621 116
648 116
632 115
605 116
617 117
619 115
597 112
623 115
582 115
600 114
590 115
588 115
591 115
568 115
571 116
552 117
561 116
536 118
514 121
515 123
515 125
515 128
514 130
514 182
513 187
515 188
513 192
514 195
514 201
514 203
514 210
514 215
514 219
514 226
512 228
514 234
514 239
514 244
514 249
514 253
514 260
514 266
513 270
513 272
513 278
514 285
513 290
513 295
514 299
514 303
514 309
513 314
514 319
514 325
513 332
513 333
512 340
513 347
515 351
513 357
514 361
513 367
513 372
513 377
515 382
514 385
514 391
514 398
513 404
513 412
513 415
513 425
514 432
513 438
505 446
514 448
514 457
514 458
510 465
514 465
515 597
514 601
514 604
514 613
513 617
513 624
514 637
510 638
513 642
513 647
512 653
513 666
514 666
514 670
513 676
513 680
514 686
513 691
514 696
513 701
514 706
513 711
513 716
513 720
514 726
513 731
514 736
512 740
514 744
513 749
510 753
514 757
510 761
513 766
513 777
516 775
512 778
512 783
470 792
310 790
215 792
197 796
225 799
92 800
41 804
39 810
97 814
88 818
54 822
79 828
103 831
129 835
110 845
134 842
181 847
175 849
177 850
108 865
135 867
168 868
163 872
184 873
222 877
207 878
205 882
194 885
280 886
293 888
252 894
280 892
268 890
277 895
302 897
325 899
290 901
295 903
293 903
322 905
323 905
327 907
300 908
345 909
369 911
342 912
361 913
345 914
343 912
346 916
326 917
364 917
