514 747
512 745
514 745
513 742
521 738
513 729
513 724
513 716
513 700
511 709
513 706
514 698
513 692
513 689
513 682
513 678
514 672
513 668
513 664
513 657
513 653
514 645
514 641
512 634
514 627
512 621
513 613
513 607
512 600
515 594
513 589
510 582
512 579
513 572
512 570
513 565
515 560
512 559
514 551
512 547
513 542
514 534
513 527
514 521
512 515
515 506
513 502
515 495
514 492
513 485
514 478
512 476
514 468
512 467
512 460
516 454
513 450
513 373
512 377
514 380
513 385
512 393
513 397
513 406
514 410
514 421
513 425
514 432
512 440
513 441
513 452
514 453
514 457
522 463
513 466
513 473
515 475
514 482
516 485
513 492
514 496
514 503
513 511
513 516
511 523
514 531
517 536
515 542
513 549
512 553
513 558
513 565
517 568
512 573
513 577
514 583
512 587
513 594
513 599
512 604
513 611
513 617
512 624
512 630
514 636
513 643
514 655
513 653
514 657
519 665
512 670
513 676
513 682
513 686
513 557
513 554
514 550
513 546
514 537
513 533
513 524
514 518
513 511
514 505
513 498
514 494
514 488
515 483
513 478
513 473
514 467
511 462
515 458
513 453
514 448
515 441
513 436
513 430
512 424
514 415
514 412
513 406
512 398
513 395
515 388
514 380
513 376
513 371
515 365
511 361
514 354
513 349
516 344
513 335
511 334
515 328
510 324
513 319
514 313
515 307
512 305
513 301
514 295
513 291
513 287
513 283
513 279
513 274
514 269
513 265
513 261
585 117
583 115
601 115
582 115
571 114
570 116
589 115
565 115
556 115
567 115
565 114
559 116
534 115
576 115
549 115
554 116
533 116
534 117
515 118
515 122
514 125
514 126
515 129
513 131
514 132
514 134
514 135
514 136
515 138
513 139
514 141
512 143
514 145
510 147
514 152
513 152
511 155
513 157
513 160
514 162
514 166
514 168
513 172
513 175
514 177
514 182
512 184
513 189
514 194
512 197
513 201
513 207
514 208
514 215
514 221
514 225
514 231
514 334
513 334
513 336
513 345
514 345
510 351
514 360
513 362
514 365
510 375
514 377
514 382
512 391
514 393
513 405
513 407
514 414
513 421
513 427
509 434
513 439
511 449
513 451
512 458
513 463
513 465
514 470
512 475
516 477
513 483
514 489
514 492
514 498
513 505
514 512
514 519
515 527
514 532
513 539
514 545
515 549
511 555
513 557
511 565
512 569
511 574
513 579
514 585
512 591
511 596
513 602
514 608
513 613
512 622
513 626
512 632
511 739
514 742
513 743
513 748
512 750
514 754
513 758
512 763
512 768
514 772
514 777
513 781
512 785
416 789
383 794
397 791
403 795
154 801
209 805
233 809
216 813
218 818
200 821
233 827
233 831
212 832
266 838
282 841
222 845
273 847
306 851
291 854
308 857
263 860
288 863
313 865
269 870
292 873
278 876
276 880
321 882
309 884
326 887
336 888
367 891
349 892
364 890
391 895
365 898
347 898
361 900
356 902
397 903
386 905
389 906
389 907
374 909
382 923
440 922
446 920
457 923
473 918
448 926
459 923
497 922
456 921
471 921
495 920
505 916
502 917
513 911
510 912
513 910
513 908
513 907
514 904
512 902
513 902
514 900
513 899
512 897
513 896
513 894
513 892
513 890
512 888
513 884
513 882
513 880
513 876
512 874
513 873
516 867
514 866
516 859
512 860
515 854
513 852
513 848
513 846
513 840
513 834
513 830
513 824
513 820
513 816
512 811
513 805
513 801
512 796
513 790
513 786
515 781
513 776
513 697
513 693
513 689
513 683
514 676
513 675
512 670
514 662
513 657
516 653
514 648
510 641
514 635
512 629
513 621
507 613
513 609
514 601
513 595
513 591
514 583
513 580
513 575
514 570
513 567
514 561
514 557
513 552
513 546
513 540
513 537
515 529
514 523
514 517
513 509
514 502
512 497
514 488
512 486
514 483
514 475
514 472
513 465
513 461
512 456
514 451
513 446
514 439
512 433
513 429
514 421
513 415
510 409
513 404
514 396
514 391
513 384
514 275
514 275
513 271
513 265
511 263
510 259
511 255
514 251
609 248
650 245
660 240
649 238
788 238
873 233
883 227
820 223
822 219
810 214
834 210
769 206
761 202
783 199
743 195
740 192
753 188
754 185
733 182
752 177
741 175
754 172
765 168
733 165
739 162
724 160
722 158
687 154
736 153
704 151
669 150
668 147
646 146
711 145
643 143
666 141
672 139
632 138
671 137
634 134
675 134
647 132
649 131
618 129
633 127
673 148
628 126
623 124
634 123
537 118
523 116
539 114
521 118
514 116
513 123
515 125
506 128
514 129
506 131
514 131
506 134
513 135
513 137
514 137
513 140
513 141
514 144
514 146
514 148
513 169
513 153
513 155
513 158
514 161
514 164
514 167
513 170
513 174
514 177
513 179
516 185
514 186
514 190
513 194
514 197
513 206
512 209
513 212
514 216
511 222
513 227
514 233
513 238
514 244
512 248
513 253
514 259
514 263
513 266
514 272
506 285
513 283
514 288
514 291
514 295
513 304
515 520
514 525
512 528
514 534
512 542
514 545
513 554
513 556
513 563
512 567
513 572
511 577
513 581
513 589
514 592
506 600
512 604
513 609
512 616
513 622
512 628
513 636
513 641
513 647
507 652
512 659
512 664
514 669
512 675
513 682
513 685
513 691
513 693
513 700
513 705
512 711
513 715
513 719
513 726
513 730
513 735
513 739
513 744
514 748
513 752
513 756
513 761
513 764
507 769
513 774
514 778
514 782
489 786
408 790
384 794
381 800
278 797
213 814
210 817
213 822
204 824
214 828
228 833
225 834
274 841
265 843
250 846
303 849
295 852
258 855
306 859
275 862
257 864
275 868
286 871
309 875
287 879
300 881
358 883
345 884
338 886
319 889
349 890
393 914
374 901
362 897
355 896
379 899
337 901
390 899
374 905
382 905
385 906
386 910
397 909
394 910
424 911
390 912
384 912
388 916
398 914
393 916
421 916
439 917
427 919
378 920
419 920
472 920
426 920
398 921
437 922
465 922
426 923
437 923
498 919
504 918
510 917
513 913
512 911
513 910
513 907
513 905
513 904
513 903
514 901
512 900
513 899
514 897
514 896
513 893
513 892
507 888
513 886
512 884
514 880
506 877
513 874
512 873
513 869
513 867
508 864
514 871
517 857
513 854
513 850
513 847
513 842
513 838
513 834
513 829
513 824
513 819
512 814
513 808
512 804
513 801
513 794
513 789
513 782
513 780
513 774
513 770
513 763
513 757
514 754
513 750
515 744
513 739
514 735
513 729
513 724
515 658
514 653
514 649
513 647
514 636
512 634
513 624
513 619
513 616
513 602
512 601
507 591
514 586
513 582
514 575
513 574
514 567
512 566
513 559
512 556
513 551
507 545
513 541
517 532
512 526
509 520
514 514
508 506
513 501
514 495
515 489
513 484
514 479
513 474
513 470
514 464
514 459
512 453
514 449
513 442
513 437
514 432
514 425
514 419
513 412
514 406
511 401
514 393
513 389
513 383
514 377
514 373
514 366
513 361
514 355
514 350
513 293
513 291
514 287
513 283
513 280
513 276
515 271
513 267
514 262
515 258
515 253
522 250
638 246
642 242
631 238
670 235
847 236
857 230
854 226
811 221
811 216
809 213
797 208
799 205
758 203
741 197
786 194
732 192
752 188
744 186
722 181
774 178
749 175
724 172
770 169
750 165
765 164
719 160
711 156
744 155
683 153
693 151
661 148
697 147
683 145
641 143
663 141
675 140
669 139
639 140
678 135
662 134
625 132
643 132
634 130
652 128
621 127
643 117
592 116
574 116
581 115
598 115
584 116
562 114
583 115
589 114
563 115
537 114
597 114
564 114
558 118
556 115
552 115
551 115
536 116
525 118
521 120
514 124
513 123
512 127
513 128
515 130
514 132
505 134
515 136
510 136
514 137
510 139
514 142
513 145
514 145
514 146
513 150
513 153
513 154
515 161
512 160
513 163
513 166
515 169
516 170
513 175
514 178
515 181
513 183
515 188
511 193
513 197
514 201
514 204
515 210
513 214
514 220
514 225
513 317
514 318
514 321
513 326
513 331
513 337
509 343
513 344
514 350
513 357
509 362
513 366
513 372
512 377
514 382
513 389
513 394
512 401
514 405
513 414
513 420
513 427
513 435
515 440
512 449
514 449
513 457
514 460
514 461
512 471
514 472
514 478
514 482
512 487
513 493
515 500
513 505
514 512
512 519
514 525
513 532
514 537
513 543
512 550
513 555
512 559
513 565
513 569
513 574
514 580
514 583
513 589
512 595
513 602
513 608
513 612
513 621
513 719
512 722
513 725
507 728
513 733
513 737
514 741
513 746
513 750
515 753
513 758
513 762
512 767
513 773
513 776
514 779
512 784
466 786
379 791
376 805
367 792
208 801
181 804
191 811
255 813
229 817
196 821
240 826
241 830
232 835
225 838
272 840
299 843
250 847
255 850
294 852
314 856
268 860
261 863
290 867
257 870
311 873
298 876
266 878
319 881
311 884
351 886
336 888
373 891
366 892
295 893
397 887
360 895
371 897
373 900
401 901
408 902
448 922
424 922
453 922
418 922
434 923
448 922
463 922
434 923
459 923
448 920
474 922
454 924
442 920
487 922
473 922
470 922
487 917
506 918
501 917
510 914
507 910
512 910
512 910
512 907
514 905
513 904
513 901
513 901
514 900
513 897
513 897
513 894
512 891
512 889
512 888
513 885
512 881
513 880
513 877
513 875
512 871
513 869
514 873
518 862
514 862
508 851
512 852
513 848
513 845
513 840
513 836
507 831
513 826
513 821
514 815
513 812
514 806
513 740
514 735
514 732
513 727
514 722
514 715
513 710
510 703
513 701
508 694
514 689
508 684
513 678
513 674
514 668
512 666
514 659
513 654
513 649
514 642
513 637
514 629
513 623
513 615
515 608
513 603
513 595
513 589
512 585
513 579
514 574
514 571
513 567
513 563
514 558
516 554
513 549
514 543
512 536
514 529
513 523
514 516
513 513
514 504
514 499
514 493
514 486
513 482
514 476
512 473
513 466
513 462
513 457
514 451
513 446
513 441
514 435
514 322
513 317
514 313
513 308
514 304
513 299
514 294
514 290
514 289
511 283
513 278
514 274
513 269
513 265
514 261
513 257
516 253
563 250
654 248
666 241
658 236
741 237
872 232
863 229
824 224
818 220
810 214
833 211
774 207
766 203
758 199
763 195
730 194
720 188
757 187
725 183
735 180
714 177
759 173
794 170
706 165
732 163
742 162
732 159
729 156
716 152
689 153
665 150
667 148
689 146
687 144
667 142
673 141
646 139
651 138
663 137
667 134
580 115
578 115
588 116
590 115
578 116
586 114
562 114
579 112
574 114
558 114
566 114
547 115
579 115
535 115
534 117
550 116
526 116
515 121
515 124
514 125
516 131
514 130
513 133
513 133
514 134
513 135
515 137
515 138
515 139
513 141
513 143
514 146
514 147
515 151
513 153
514 156
514 158
513 162
514 164
513 167
512 170
512 172
513 175
515 179
513 183
514 186
513 189
512 193
515 198
512 202
514 209
515 212
514 217
514 222
514 229
513 234
514 236
514 350
513 351
513 357
514 358
514 366
513 371
513 374
515 381
514 382
516 391
514 396
514 402
512 411
515 413
514 424
514 430
512 437
513 443
513 447
512 455
513 457
513 463
510 465
515 470
512 476
513 479
513 483
513 489
512 496
514 500
510 509
513 512
513 521
512 528
513 534
512 540
513 546
514 551
513 557
512 561
513 566
512 571
512 577
512 580
513 586
513 592
513 597
514 603
513 610
512 615
513 621
513 627
516 633
514 640
511 646
530 652
509 737
513 740
512 744
514 747
513 751
513 757
511 760
513 764
513 769
513 773
513 777
512 783
512 786
424 787
391 792
354 800
250 795
192 810
238 806
223 810
217 814
252 818
225 823
211 828
225 832
253 836
276 837
253 842
240 846
298 851
330 852
253 855
284 858
297 862
268 864
282 868
258 871
266 874
249 875
305 879
351 882
341 884
301 887
313 889
367 890
388 894
384 895
354 893
353 887
377 902
350 900
375 902
364 903
398 906
374 907
383 908
394 910
370 923
471 923
460 922
456 923
469 923
459 921
485 921
482 921
492 920
500 918
506 917
512 914
512 912
512 910
513 908
511 905
512 905
513 903
513 902
513 901
513 899
512 897
514 895
513 893
513 890
515 889
514 885
513 884
513 881
514 877
513 876
516 872
513 869
513 867
510 869
514 862
528 866
514 852
513 851
513 847
513 843
514 838
513 834
512 830
513 824
513 819
515 814
514 809
513 804
513 799
513 794
513 789
514 785
513 780
515 776
513 769
514 765
513 645
513 642
513 638
513 635
514 627
516 619
513 614
514 605
512 602
513 592
512 589
514 583
516 578
513 575
515 570
515 567
513 561
515 557
513 550
512 547
514 540
516 535
513 529
516 520
513 515
514 507
513 502
512 496
513 490
514 484
514 479
513 475
512 468
512 466
515 459
513 455
513 449
514 443
512 438
514 432
513 426
515 420
514 413
513 407
510 401
514 394
513 389
514 383
513 377
513 373
515 367
513 361
514 356
514 351
513 346
514 341
513 335
514 236
843 236
883 234
862 230
847 226
800 221
809 217
811 212
799 209
783 206
745 201
749 198
774 195
752 191
746 188
763 186
726 182
759 178
765 176
719 173
738 170
742 166
758 164
704 160
713 158
745 157
670 153
688 152
680 150
708 147
669 146
650 144
681 142
647 140
693 140
623 138
699 135
653 134
620 133
662 131
621 130
668 129
629 128
644 127
630 125
645 126
619 123
622 122
624 121
623 120
630 120
591 113
618 117
626 118
586 116
573 116
610 116
551 112
573 115
556 115
548 116
582 114
558 114
553 114
563 115
550 115
555 116
526 116
537 117
520 119
514 121
515 123
514 126
514 128
514 130
515 131
516 134
514 134
517 136
513 137
516 139
513 141
516 142
514 145
515 147
515 150
515 151
514 155
516 156
514 159
513 161
513 166
513 168
514 171
513 174
514 178
513 181
515 184
513 187
512 192
513 195
512 199
513 203
513 210
513 214
514 219
512 225
513 231
514 235
514 241
514 243
515 248
513 253
513 258
514 315
513 316
512 317
513 326
514 329
513 334
514 342
514 347
513 349
512 357
513 362
513 365
513 373
513 376
513 380
513 387
513 392
513 398
512 406
514 412
515 417
512 428
514 432
514 440
513 447
513 449
512 456
516 455
512 465
520 474
513 473
514 477
514 480
511 487
514 491
513 499
514 503
513 511
514 517
512 524
511 531
513 536
511 544
515 547
513 554
514 559
513 563
511 569
512 573
512 580
513 582
513 587
513 593
513 600
513 606
516 610
513 618
512 465
512 468
508 469
514 474
513 479
514 484
513 489
516 495
513 499
512 507
513 513
513 520
513 526
513 534
513 539
514 545
514 553
513 556
514 561
516 566
512 571
515 576
514 579
515 586
513 591
511 597
514 602
511 608
512 615
513 620
515 627
512 633
513 640
514 646
514 651
512 662
514 658
513 668
513 673
514 677
514 683
511 689
512 693
513 699
513 704
513 709
513 713
514 718
513 723
513 729
514 733
513 738
514 742
513 747
513 750
514 755
512 758
312 876
313 879
310 879
327 881
302 884
332 886
327 888
357 890
371 892
353 895
350 886
353 898
352 901
409 901
376 902
356 903
398 903
356 905
377 907
383 908
414 909
354 911
389 913
411 913
418 913
398 915
396 916
426 917
393 918
405 918
421 919
446 920
430 922
404 921
446 921
456 921
430 922
428 922
463 922
439 918
457 923
460 923
452 904
446 929
468 921
471 923
450 922
496 921
492 920
488 919
503 919
512 915
511 915
512 912
513 909
513 906
513 905
513 810
513 810
513 805
513 801
514 795
513 788
513 783
513 780
513 774
514 769
513 765
511 761
515 754
513 749
515 746
513 741
513 735
513 730
514 726
513 721
514 714
513 708
513 705
511 699
513 692
513 688
513 682
514 677
512 674
514 667
513 664
513 657
514 652
512 649
513 638
512 636
513 628
513 621
513 615
515 604
513 602
513 592
513 587
513 585
514 578
513 575
514 570
513 566
513 562
513 557
512 551
513 546
514 542
514 535
514 529
515 522
513 407
514 403
513 399
514 395
512 389
512 384
513 378
514 373
513 369
515 362
513 356
514 350
514 347
514 341
513 335
513 332
515 327
513 322
514 317
514 311
514 307
513 302
514 297
514 293
513 288
513 285
514 282
517 277
513 272
517 268
514 263
513 259
514 255
518 251
571 249
642 245
673 241
656 237
778 236
915 231
866 227
827 222
782 218
833 213
794 209
785 205
749 202
737 199
796 195
729 192
720 189
752 186
785 182
723 179
729 176
746 170
773 168
768 131
648 130
663 129
645 128
649 127
660 126
594 124
625 123
610 123
636 121
624 119
610 120
602 119
603 117
571 117
593 117
626 117
584 116
578 116
595 116
591 116
581 115
564 111
581 115
572 114
584 116
559 115
555 118
561 115
555 116
555 115
545 117
538 118
520 118
514 122
513 122
514 126
515 129
514 129
514 132
514 133
514 134
515 135
514 138
513 138
513 139
514 141
514 143
511 146
513 149
511 151
513 154
521 157
514 160
513 162
516 164
519 167
513 245
514 250
513 254
514 256
513 263
517 269
514 274
512 278
513 286
513 288
514 293
514 299
513 304
515 308
514 313
514 319
513 325
514 331
513 335
513 341
513 343
514 351
513 356
514 360
513 365
514 370
513 375
512 381
513 385
514 392
514 397
512 404
513 412
513 418
516 425
513 431
516 438
514 444
513 448
512 455
514 458
513 465
513 467
517 472
517 477
514 480
518 486
513 491
513 497
512 503
514 510
513 517
513 522
512 530
514 535
514 541
514 547
514 628
512 634
513 637
514 643
513 648
513 654
524 658
509 664
509 670
513 675
513 680
513 686
513 690
513 697
513 703
514 706
512 711
512 716
512 720
513 725
513 731
513 736
513 740
514 744
513 749
514 752
513 756
513 761
514 765
513 770
513 774
514 778
511 783
494 786
422 789
395 792
373 797
246 799
145 803
200 806
218 812
212 816
222 820
248 825
215 829
237 833
261 837
277 840
290 844
241 846
285 850
303 852
266 856
273 859
251 862
286 865
318 869
379 912
367 912
394 913
423 913
379 915
429 915
389 917
386 917
434 918
428 919
412 919
422 919
436 920
450 921
410 921
435 922
473 925
432 919
432 922
459 923
473 922
450 923
465 931
472 925
455 925
487 923
460 921
483 922
489 921
500 921
502 918
514 915
513 912
513 911
513 909
512 907
513 906
513 902
513 901
513 901
514 900
514 899
513 896
512 894
513 892
513 891
513 889
514 886
513 883
513 880
514 878
514 874
514 872
513 869
512 867
513 881
522 861
513 763
513 759
513 761
514 754
513 747
512 743
513 739
513 736
513 729
513 721
513 718
513 714
513 705
507 702
515 699
513 688
513 684
513 683
513 676
514 672
513 665
513 661
512 657
514 650
512 646
514 636
513 633
513 626
514 616
513 612
513 604
512 599
514 591
514 588
514 582
514 576
513 573
516 568
514 564
515 559
513 554
513 550
513 544
513 539
513 535
516 526
514 522
514 513
513 505
513 500
513 494
513 488
514 483
514 477
514 473
514 468
513 464
513 338
513 334
513 329
514 324
513 319
514 315
513 311
514 305
517 300
514 296
517 291
513 288
513 283
514 279
516 275
514 273
513 266
513 261
515 257
515 253
524 251
620 248
632 244
640 240
684 235
884 232
887 229
852 224
821 220
784 216
793 211
806 208
788 204
752 201
750 197
747 193
738 190
765 187
730 185
721 181
775 178
761 174
730 172
732 167
760 166
735 162
709 159
731 157
713 155
683 153
685 151
679 149
698 147
659 145
667 146
648 142
676 139
616 118
630 127
600 118
603 118
625 118
604 116
567 115
594 117
617 115
574 115
545 117
597 114
586 114
545 113
560 115
576 114
558 115
557 117
553 114
554 115
546 115
536 116
527 118
519 119
515 121
514 124
514 127
515 128
514 128
514 132
513 134
513 136
512 136
513 138
513 139
514 142
514 143
514 145
513 143
513 150
513 153
513 156
512 156
514 160
514 163
513 165
514 169
509 171
513 174
512 179
514 183
514 186
513 190
517 192
515 197
514 198
513 208
514 324
514 325
513 331
514 336
513 343
513 348
513 353
514 358
514 363
515 368
513 372
512 377
514 382
515 386
512 395
513 402
512 408
514 412
514 422
513 427
514 433
512 442
514 446
513 453
515 452
513 462
515 465
513 466
503 474
513 479
515 483
514 487
513 494
513 500
514 505
513 513
515 518
513 526
513 532
512 538
513 544
514 549
512 554
514 559
513 566
516 569
512 574
513 580
514 584
510 590
515 595
512 602
511 608
513 613
512 620
513 626
513 750
514 752
513 755
513 757
513 762
514 766
513 772
513 776
514 780
512 784
465 786
391 790
395 795
377 799
165 803
167 796
198 807
256 814
197 818
231 821
224 827
223 830
230 834
270 838
252 841
270 845
277 848
282 851
291 854
271 856
296 860
260 864
294 867
289 870
267 873
298 876
259 879
326 881
328 884
338 886
368 888
343 890
364 891
302 894
402 895
389 900
318 895
386 901
352 900
383 903
358 905
401 905
372 910
394 907
395 910
397 910
433 911
392 895
514 894
514 891
513 888
513 888
513 882
512 883
507 879
513 877
507 874
513 872
513 869
513 865
514 862
512 857
515 850
516 848
516 846
513 844
514 838
513 834
513 830
513 826
513 820
512 818
