514 619
514 623
513 626
513 632
513 637
515 642
512 648
511 653
513 659
513 664
513 670
510 675
514 681
512 686
512 691
513 697
512 702
513 707
514 711
513 716
513 722
513 727
513 731
514 737
514 740
508 744
513 749
513 753
512 757
512 762
514 766
513 770
514 774
513 777
512 782
472 785
396 786
188 790
207 794
77 798
23 802
56 807
80 811
109 815
74 819
58 824
98 828
84 832
127 836
152 839
128 842
169 846
153 850
177 851
198 854
147 858
150 862
199 864
513 477
513 473
513 467
513 463
513 459
514 452
513 448
512 442
514 435
512 430
513 423
514 428
509 408
519 389
514 395
516 391
513 387
512 382
513 376
513 370
513 365
513 359
513 354
513 349
514 344
513 339
513 334
513 329
513 324
513 319
515 313
513 309
514 304
513 299
514 295
512 291
514 287
514 283
513 279
514 275
514 270
514 265
515 262
514 258
517 252
546 249
625 247
782 248
882 243
870 237
1023 236
1023 232
1006 226
955 221
943 217
943 212
956 306
514 310
514 313
513 317
512 322
514 324
514 332
514 341
514 343
515 349
513 355
514 358
513 365
513 368
514 371
515 379
514 382
513 389
513 395
513 399
512 409
514 414
515 422
514 428
513 435
514 443
513 448
514 452
514 457
513 459
512 466
514 471
512 473
513 479
513 485
513 487
514 495
514 499
514 506
514 508
514 519
513 527
514 532
513 541
514 544
513 552
514 555
514 560
512 566
514 570
513 575
515 578
513 584
514 590
513 596
513 602
513 607
514 712
513 714
514 718
513 724
514 729
514 733
514 738
513 742
510 746
514 750
512 755
514 759
511 763
513 767
513 771
514 776
511 780
509 784
428 787
235 787
171 792
200 796
39 799
8 803
44 808
75 813
94 816
66 821
69 826
104 829
111 833
120 837
187 841
155 843
148 843
164 850
167 852
172 856
188 860
179 863
137 865
124 869
218 868
197 879
185 877
188 881
237 883
227 885
231 885
294 890
223 892
319 893
295 895
285 896
308 897
253 898
334 901
282 902
340 907
333 909
284 910
347 911
321 911
348 912
307 914
363 914
351 917
324 917
390 918
371 919
386 919
355 919
391 920
424 918
391 923
372 922
421 922
411 922
406 922
435 922
414 922
429 921
445 922
446 922
443 922
420 920
454 921
453 921
462 921
463 920
501 919
507 918
514 915
511 909
512 909
512 909
512 906
515 902
512 903
513 902
513 901
512 899
514 898
513 896
531 894
523 885
516 858
513 886
514 884
513 882
513 878
512 877
513 874
514 871
513 867
513 855
513 852
514 850
513 848
512 843
513 837
514 837
513 831
513 826
513 820
511 816
513 811
513 807
513 803
512 796
514 789
512 785
512 783
515 776
496 768
513 764
514 761
512 758
513 752
512 746
513 741
514 739
513 733
514 724
513 721
513 717
513 708
513 705
513 701
513 692
513 688
513 683
513 677
513 673
514 668
514 663
512 658
513 652
513 648
513 641
514 636
513 628
513 621
514 616
513 607
513 602
513 573
510 590
505 587
513 580
514 576
513 568
513 555
512 551
513 547
513 542
513 534
513 529
512 522
513 516
514 510
514 503
513 497
513 491
513 485
513 480
513 477
513 470
513 465
513 461
514 455
513 451
513 444
515 439
513 434
513 428
512 422
509 420
520 409
511 403
512 397
504 392
514 385
514 380
513 375
513 369
514 364
513 358
513 352
513 347
513 342
513 337
514 331
512 328
513 322
513 314
514 313
514 307
514 303
513 297
513 293
513 289
513 286
513 282
513 278
513 273
513 268
513 264
514 260
633 246
816 246
895 244
851 240
828 237
994 237
978 230
1005 226
977 220
932 216
934 211
999 207
913 204
856 200
901 197
859 194
857 191
837 187
815 184
852 179
891 178
861 175
833 171
824 168
893 165
864 161
844 160
790 155
766 155
805 153
770 150
751 148
756 146
762 145
741 142
669 143
779 139
763 138
722 135
762 135
694 134
722 132
704 131
701 129
656 129
685 127
690 126
710 126
706 125
696 123
675 122
658 120
645 120
645 119
671 119
670 119
631 117
616 116
630 115
628 115
610 116
605 115
590 114
612 114
596 114
564 114
601 116
590 115
567 112
579 116
556 117
537 117
533 118
521 120
514 123
515 125
515 128
514 131
515 132
513 134
514 135
514 136
513 136
514 138
514 139
514 142
515 143
514 145
514 148
513 150
514 154
513 156
514 159
514 161
514 165
514 167
514 169
513 173
513 176
513 176
514 183
514 183
515 189
513 194
514 197
516 203
513 206
514 211
514 216
514 221
517 227
514 232
516 240
513 258
515 261
514 266
513 268
514 273
514 278
513 283
514 288
514 292
514 297
515 302
514 307
513 313
514 317
514 322
514 329
515 336
514 339
514 345
513 349
514 355
513 360
513 365
513 370
514 376
513 374
513 386
513 392
513 397
513 405
514 409
513 416
513 422
512 430
513 438
512 442
513 449
514 454
514 459
514 464
513 467
513 471
514 476
515 480
514 484
513 490
512 496
513 502
514 507
513 516
515 522
509 528
514 535
514 541
512 547
513 552
513 557
515 578
514 581
513 584
514 589
514 593
512 599
513 604
513 610
514 616
513 623
513 629
513 635
513 640
514 646
515 651
514 658
514 663
513 670
512 675
514 680
513 685
514 690
513 697
514 701
513 704
513 709
512 712
514 719
513 725
514 730
510 735
513 740
514 742
513 748
513 750
511 756
514 760
513 765
513 768
514 773
513 777
509 781
508 786
417 787
216 790
154 794
112 796
38 801
61 805
53 810
90 813
71 818
103 822
63 827
95 831
150 831
157 837
134 838
171 853
197 855
179 858
195 861
155 864
164 867
157 871
164 870
181 876
210 881
201 881
220 884
275 886
260 888
267 891
264 891
267 893
347 895
308 897
299 899
284 901
310 901
313 904
309 904
327 905
298 906
324 908
327 910
342 911
319 912
344 913
375 914
339 914
325 915
354 917
358 918
365 919
391 920
375 919
357 920
405 920
412 920
375 921
387 923
428 922
422 922
431 922
420 922
422 922
439 922
458 922
433 923
430 921
444 922
464 921
461 920
497 920
512 912
513 910
512 909
513 904
512 905
513 904
513 901
513 902
512 900
513 899
513 897
516 895
509 900
513 892
511 889
509 886
513 884
512 881
513 879
513 876
513 873
513 870
512 867
513 865
513 861
513 856
513 853
513 847
512 847
513 843
513 839
513 832
513 828
514 824
513 820
513 815
514 809
513 803
513 800
514 795
515 788
513 784
514 780
513 772
514 767
527 774
509 757
513 755
513 749
512 748
513 739
513 734
513 729
513 725
513 718
513 713
513 707
513 687
513 684
514 680
513 677
513 671
514 668
513 661
513 656
513 652
513 644
513 640
513 632
513 625
513 617
513 612
512 603
513 597
513 592
507 585
514 582
510 576
513 573
513 569
513 564
513 562
513 554
512 551
514 543
514 539
513 535
514 527
514 521
513 515
513 506
513 501
513 495
514 488
513 485
513 475
512 474
514 470
513 464
513 460
513 453
514 449
512 441
514 438
514 431
513 425
513 420
510 411
513 405
497 398
513 394
508 387
513 382
514 378
513 356
513 352
513 349
512 345
514 339
513 335
513 329
514 324
513 320
513 315
513 310
514 305
513 300
513 295
514 292
513 288
514 284
513 280
513 276
515 270
513 266
513 263
514 258
517 255
521 248
637 250
649 248
945 244
903 238
956 236
1023 231
1013 228
951 222
952 219
1004 216
916 210
904 206
902 202
879 200
825 196
854 193
865 190
853 188
878 183
829 181
868 177
903 173
846 172
829 168
866 164
801 160
823 159
817 156
828 154
795 153
711 149
750 142
693 140
749 139
753 139
706 138
739 133
681 135
736 133
720 132
698 134
698 129
705 128
713 127
687 126
705 124
658 123
681 122
690 121
682 121
678 120
644 119
631 119
647 118
653 118
650 117
587 116
646 116
650 116
611 115
595 115
635 115
593 114
588 115
604 115
582 115
575 115
593 116
596 116
549 114
568 117
546 117
519 119
516 121
514 123
514 127
514 130
514 132
514 131
514 134
514 135
514 136
514 138
514 139
514 140
514 143
514 145
514 147
543 119
524 122
514 122
514 117
514 127
515 130
516 131
514 133
514 134
514 135
514 137
513 137
514 140
513 141
514 144
514 146
514 148
514 150
515 153
514 157
515 158
514 162
514 163
514 167
513 169
513 172
513 176
514 179
512 183
510 185
514 187
515 192
513 198
513 201
514 209
514 209
513 215
515 224
513 229
514 234
513 239
514 241
513 246
514 252
512 257
513 261
513 264
511 271
514 279
512 281
514 286
513 292
513 298
513 303
514 306
514 311
513 318
514 368
514 369
514 374
513 378
513 387
514 390
515 394
513 404
513 406
513 416
513 423
514 427
513 439
514 440
514 450
514 452
513 457
513 461
514 466
513 472
514 474
513 479
516 484
514 489
512 496
513 501
513 510
514 513
512 522
515 526
514 534
514 541
514 544
513 553
512 555
513 562
513 565
513 570
512 576
513 580
514 575
513 591
514 597
512 604
514 608
513 615
514 621
512 629
513 634
513 638
512 646
513 651
514 656
513 662
514 667
514 674
515 678
513 699
513 702
513 705
513 708
514 714
514 720
513 724
513 729
513 736
513 738
514 744
513 747
510 751
514 755
514 759
514 764
513 768
513 773
514 774
511 781
508 785
336 786
211 789
230 793
211 798
85 798
90 803
42 809
57 812
92 815
96 821
44 826
85 829
123 834
151 838
146 841
165 844
192 845
181 850
188 855
183 856
154 860
160 864
172 865
167 869
177 875
149 875
230 877
249 881
212 884
272 886
211 887
307 890
233 892
276 893
359 896
263 896
308 899
276 904
254 904
279 905
270 906
370 909
328 909
350 909
317 911
324 914
326 913
334 915
357 916
349 916
389 917
375 920
366 919
371 919
371 920
396 920
389 921
399 915
424 921
398 922
418 922
425 922
400 923
425 918
440 925
425 922
451 922
439 922
449 922
440 920
482 921
474 920
485 918
513 917
512 914
511 911
511 909
512 906
513 906
513 904
513 903
513 902
513 902
514 899
512 897
513 895
513 894
526 898
511 886
513 886
513 884
513 881
513 880
513 867
512 865
513 864
514 861
511 857
512 854
513 851
513 848
512 843
512 839
513 835
513 830
512 824
514 821
513 815
513 811
513 807
513 802
514 797
514 788
514 786
514 781
514 777
512 769
511 765
519 762
513 760
513 753
513 747
514 739
514 736
512 732
509 725
513 718
513 715
513 707
513 702
513 699
514 694
513 687
513 682
513 677
513 672
513 667
513 663
513 657
513 652
514 647
514 639
513 636
513 627
514 621
512 616
514 605
513 603
513 594
514 590
513 569
513 566
513 563
514 560
514 558
513 553
514 547
513 541
514 533
513 529
513 522
513 515
514 509
514 502
513 496
514 490
513 486
513 480
514 475
514 470
513 464
513 460
513 456
514 450
514 444
512 438
514 433
513 426
513 421
513 414
517 407
510 380
511 395
527 383
514 384
513 380
514 373
513 369
514 362
513 357
513 351
514 346
514 341
514 336
513 331
513 326
513 321
513 316
514 311
513 306
513 302
513 297
513 293
513 289
513 285
514 281
513 276
513 258
515 254
517 251
527 250
635 249
635 248
912 245
873 240
853 237
1009 234
1010 230
994 225
1000 219
983 216
945 211
952 205
916 203
915 200
835 196
865 193
908 190
822 186
818 183
869 181
869 178
891 175
832 171
865 167
885 163
839 162
850 160
806 157
793 154
776 150
727 150
775 148
764 146
747 145
746 143
719 142
703 139
708 137
772 136
701 135
745 133
711 132
713 132
664 127
677 128
701 128
680 126
704 125
681 124
699 122
649 124
724 121
667 120
608 117
629 119
639 116
585 115
656 117
624 115
599 116
615 115
618 116
595 114
612 116
602 115
599 115
558 115
607 114
592 116
569 115
547 117
561 118
528 118
515 121
515 123
515 126
514 128
515 132
514 132
514 135
515 134
514 136
513 138
513 139
514 141
514 143
513 144
514 147
514 148
513 148
513 154
514 155
514 160
514 162
513 165
514 168
513 170
513 174
514 174
514 179
514 183
513 187
515 191
513 197
512 199
513 202
513 208
512 213
514 217
515 224
513 246
512 247
513 249
514 252
515 257
513 263
514 269
514 273
514 276
516 282
513 289
513 294
514 297
513 304
514 309
514 313
514 319
513 324
513 328
517 336
513 342
513 345
514 350
514 356
514 360
514 366
513 370
513 374
513 382
513 385
514 393
514 398
514 404
514 413
514 418
513 427
513 430
514 439
514 445
514 449
515 457
514 458
514 465
513 468
513 472
514 476
514 481
514 486
517 490
514 498
514 503
514 510
514 516
514 525
513 530
514 535
513 543
515 563
514 566
514 569
515 573
513 578
514 582
513 587
513 593
513 599
513 606
513 610
513 617
512 624
513 629
513 636
515 644
513 648
513 653
513 659
513 664
513 669
514 675
513 681
514 687
513 691
514 697
513 701
514 706
514 711
514 715
514 722
513 726
510 731
514 736
514 741
513 745
514 749
512 752
513 756
513 761
513 765
514 770
513 775
513 779
510 783
467 785
288 787
207 792
226 795
157 797
72 801
70 806
75 810
90 815
89 818
51 823
106 828
82 841
180 845
175 846
192 849
184 851
208 855
170 858
131 859
158 864
163 867
207 871
174 874
179 880
192 878
254 883
234 885
231 886
287 888
258 891
266 892
298 894
273 895
300 895
298 898
308 899
295 902
314 902
337 904
289 905
345 907
334 909
317 910
366 911
319 912
333 913
351 912
342 916
365 916
354 917
385 917
378 918
363 919
365 919
399 920
375 920
399 925
413 922
399 922
412 923
445 922
412 922
425 922
441 922
412 922
453 922
437 923
425 922
436 920
498 918
508 917
508 916
513 913
512 911
512 908
511 907
513 904
513 905
512 903
513 902
513 899
513 898
513 897
513 895
514 894
513 890
513 884
510 884
514 883
512 880
513 878
512 873
514 872
513 869
514 866
513 862
514 860
514 856
513 853
514 848
513 845
512 842
513 838
512 833
515 828
513 823
512 818
513 814
513 808
513 801
511 798
512 792
514 787
513 782
513 778
513 773
513 768
509 775
519 764
512 755
513 748
513 743
513 738
513 735
513 729
513 706
513 704
514 702
513 696
513 690
512 685
513 680
513 677
513 671
513 663
513 661
513 655
513 651
513 644
512 639
513 631
514 624
512 619
514 610
513 605
513 598
513 591
515 588
515 585
514 575
514 572
513 569
514 565
513 559
513 555
515 547
513 545
514 538
514 531
513 527
515 518
514 513
514 505
513 498
513 493
513 488
513 483
513 474
512 473
514 466
513 463
513 456
514 453
514 448
514 442
513 436
513 430
513 424
513 419
513 412
510 403
517 398
513 377
513 373
513 369
513 365
514 358
514 354
513 349
512 343
513 336
513 334
514 324
512 326
513 317
513 314
513 310
513 305
512 297
513 295
513 292
513 287
513 283
514 279
512 275
514 270
514 266
513 261
514 253
518 253
526 247
645 246
795 245
895 243
854 236
917 237
989 233
1023 227
1005 222
968 219
983 213
977 209
903 204
896 202
873 198
861 195
837 192
832 189
853 186
838 183
881 178
832 177
858 173
900 170
819 166
825 163
814 159
775 157
829 154
733 151
752 146
729 145
750 144
734 142
706 139
762 140
687 137
745 136
677 134
659 133
756 132
677 130
711 129
676 128
723 127
690 126
693 126
655 124
674 122
710 121
648 121
689 119
644 118
633 119
660 117
658 117
626 116
618 116
637 116
661 115
601 114
594 115
609 115
602 115
577 115
611 116
585 115
577 115
600 115
576 116
560 115
566 117
540 118
525 120
516 122
516 124
515 128
514 129
514 131
512 132
513 134
514 135
515 136
514 138
513 139
514 148
511 149
514 151
514 152
514 155
514 159
514 161
514 163
514 166
514 169
514 172
513 175
512 178
513 182
514 185
513 189
515 191
515 197
514 202
514 206
514 209
514 214
514 221
512 225
512 230
514 235
515 240
514 245
514 251
514 257
512 259
513 265
513 269
515 277
513 280
514 284
513 291
514 296
513 300
513 306
513 311
514 316
514 319
514 325
514 333
514 336
514 340
514 349
514 351
514 359
514 365
514 368
513 374
514 379
511 378
513 390
514 394
513 422
513 427
513 432
513 436
514 441
514 447
513 453
515 456
514 463
515 465
514 469
513 474
514 477
513 484
513 486
513 492
514 500
513 506
514 512
515 520
514 527
513 534
516 538
514 545
514 549
516 555
514 560
514 565
513 576
514 574
513 580
513 585
513 589
514 596
515 602
514 608
515 614
513 619
514 626
512 633
513 639
513 643
514 651
513 654
513 661
513 667
515 673
512 677
513 682
513 688
513 694
513 698
513 703
513 708
514 713
513 718
514 723
514 743
514 745
513 748
513 759
517 754
513 757
513 761
514 767
513 772
513 776
511 780
508 785
431 788
224 789
212 793
199 796
124 798
81 802
71 807
72 811
107 815
85 820
46 822
73 827
114 830
113 836
175 840
176 843
125 843
206 848
198 850
155 856
179 858
169 864
190 866
144 868
173 872
168 875
185 878
231 881
207 883
244 885
230 887
284 889
274 891
287 891
296 894
266 894
295 897
289 899
301 901
326 902
339 905
284 906
289 906
363 909
323 909
336 911
328 914
330 915
350 915
318 914
348 919
369 918
388 920
375 919
384 919
389 917
398 921
409 923
390 925
407 922
416 922
428 923
405 921
425 922
433 922
432 922
441 922
441 922
449 921
464 921
473 920
459 920
479 919
511 913
509 915
511 912
512 911
512 908
512 907
512 905
513 903
514 902
513 900
513 899
513 898
513 897
513 894
513 893
518 886
516 891
518 885
513 882
516 876
512 876
513 873
513 871
514 867
513 865
513 862
514 857
513 853
515 851
513 848
515 832
513 829
514 824
513 820
513 817
513 813
514 806
513 801
512 794
513 790
513 788
512 782
513 777
512 768
513 766
517 746
514 753
513 744
513 746
513 742
513 736
513 733
509 726
513 721
513 716
513 709
512 705
514 700
514 693
513 688
513 684
513 678
513 673
513 669
513 663
513 654
513 654
513 648
513 642
512 636
513 630
512 622
513 615
514 608
513 601
513 595
513 589
509 586
507 566
513 573
504 571
513 566
513 563
514 557
514 552
513 549
514 542
513 518
513 514
514 509
512 504
512 497
514 491
513 486
513 480
513 476
513 471
513 466
513 462
514 456
513 452
513 446
513 440
513 434
513 427
513 421
514 416
514 400
512 403
508 403
512 391
513 389
513 380
513 374
513 369
513 364
514 357
513 352
513 347
512 342
514 337
514 332
514 328
513 322
514 317
513 312
513 308
514 303
514 298
513 294
513 290
514 286
513 282
514 278
514 273
513 269
514 266
515 260
516 255
520 253
606 248
653 241
887 258
871 229
1000 226
970 223
967 221
946 216
961 212
962 207
930 204
869 201
879 196
900 194
841 191
839 189
871 184
861 182
826 178
890 174
873 171
825 168
881 163
837 162
831 160
818 157
804 154
780 152
725 150
755 148
761 147
754 145
729 144
694 141
758 140
695 138
738 137
729 136
752 134
727 133
680 131
725 130
666 128
720 127
692 127
702 125
655 124
677 120
708 121
676 120
652 118
656 122
673 119
646 119
655 117
654 116
607 116
643 118
642 116
599 116
613 115
613 114
612 116
588 115
602 115
583 115
572 116
573 116
562 115
559 119
531 116
520 117
514 122
515 122
514 128
514 130
516 132
514 132
514 135
514 135
514 136
514 138
512 139
514 142
514 143
513 146
514 148
514 151
513 153
514 157
513 158
513 161
514 163
514 163
513 170
514 173
514 176
514 180
514 183
514 185
513 191
512 194
513 199
513 204
512 209
513 213
512 214
512 222
511 229
512 234
513 239
515 244
512 245
513 253
513 254
513 262
515 264
512 288
513 291
512 297
514 297
514 304
514 310
514 310
514 317
514 325
514 328
513 333
515 342
513 344
513 350
513 357
514 360
514 364
513 370
514 374
513 379
514 385
513 391
514 397
513 403
514 410
514 416
513 419
511 430
513 438
511 444
513 447
515 453
513 457
515 465
514 466
514 472
513 475
513 480
513 485
514 488
513 497
513 501
513 510
513 513
513 522
513 530
511 534
513 542
514 545
513 553
514 557
514 563
513 567
513 571
513 577
514 579
513 586
514 608
514 613
512 617
514 622
513 628
514 634
514 641
513 646
515 653
513 657
513 662
513 669
513 674
514 679
514 685
514 690
514 695
513 700
513 704
513 710
514 715
513 720
514 725
514 730
514 735
515 739
513 743
514 747
512 749
512 755
512 759
514 764
514 769
513 773
513 778
511 782
508 785
400 788
198 789
171 795
219 798
107 800
82 804
41 810
106 813
110 818
45 822
94 826
100 831
118 832
139 838
154 842
145 845
192 847
150 850
177 854
206 857
143 870
196 873
168 875
153 877
220 875
232 882
202 882
247 888
234 888
271 891
319 891
304 893
285 896
288 896
323 898
254 900
310 900
321 903
291 904
317 906
330 907
336 908
314 909
345 910
336 911
321 913
327 914
334 915
360 915
379 917
375 917
371 918
368 919
374 920
418 920
393 921
384 926
387 919
406 924
421 922
413 922
410 923
430 922
421 922
439 922
435 921
448 921
418 921
460 922
460 922
457 921
475 919
502 919
505 916
511 914
512 911
513 908
513 902
513 902
512 897
513 899
513 899
513 897
513 896
513 893
513 891
519 891
516 885
512 884
514 880
514 878
513 875
513 872
513 870
514 867
513 864
512 859
514 858
513 854
513 851
512 847
513 841
513 838
514 834
513 829
515 824
513 818
514 813
513 808
513 803
513 800
514 795
514 788
513 781
513 779
512 774
512 769
514 769
520 768
513 759
526 747
514 745
513 739
514 736
513 730
513 724
513 719
513 714
513 707
512 702
513 697
513 691
513 688
513 680
513 664
514 658
513 655
513 652
512 648
513 638
513 629
512 629
514 617
511 612
513 604
513 599
513 593
513 587
514 582
517 578
509 576
491 567
513 565
513 559
513 557
513 552
515 546
513 540
514 532
513 523
514 520
513 515
513 508
512 506
513 496
514 490
512 484
510 479
513 474
512 469
513 464
513 459
514 454
514 449
512 443
514 438
515 433
512 426
512 420
514 413
514 406
514 403
510 393
515 388
506 382
510 378
514 372
514 367
513 361
514 356
513 350
513 332
510 328
513 325
514 324
515 315
514 311
513 306
512 301
514 296
514 289
514 288
513 281
512 280
513 275
514 272
513 268
516 262
515 262
517 254
519 251
615 248
665 250
902 244
860 238
877 237
1001 232
984 228
1009 225
975 219
956 214
928 210
944 207
886 203
871 199
889 196
828 192
870 190
843 186
824 183
893 180
838 176
858 173
894 170
835 167
860 164
834 161
842 157
810 156
767 154
767 152
751 150
771 148
767 146
727 144
705 142
745 142
752 140
706 136
699 131
689 131
692 130
710 129
679 128
711 131
681 125
704 127
652 124
739 121
697 121
624 119
694 119
636 119
664 119
656 118
633 117
636 115
640 116
632 115
619 116
604 115
623 115
602 116
604 114
569 114
615 115
588 115
589 115
583 115
571 115
576 115
561 117
533 117
534 119
514 120
514 124
515 125
514 128
513 131
514 132
514 134
514 134
515 136
513 136
514 136
514 141
513 143
515 144
517 147
514 150
514 152
515 154
513 157
514 159
513 163
513 174
515 176
514 177
514 181
514 184
514 188
513 196
517 197
514 201
514 206
514 210
515 214
513 220
511 225
513 231
514 234
514 241
514 241
513 250
513 252
512 257
512 261
512 267
515 276
513 280
514 284
512 289
514 299
514 299
513 305
514 309
513 314
514 320
514 325
513 330
514 335
511 343
514 347
513 351
514 358
513 361
513 367
513 370
513 376
514 381
514 387
514 392
514 400
514 405
514 412
513 420
513 425
514 434
513 438
512 446
513 450
513 470
513 471
514 475
513 478
513 482
513 487
514 492
512 498
513 505
513 510
513 518
513 524
513 532
514 537
512 544
514 549
514 554
513 560
514 564
513 569
513 561
513 579
514 583
513 589
513 595
513 600
514 605
513 612
514 618
514 624
514 631
513 637
515 642
513 649
512 654
513 659
514 665
513 672
513 676
513 683
513 685
513 692
512 697
513 702
513 707
513 712
513 717
512 723
513 727
513 730
513 737
513 741
513 744
514 750
513 753
525 757
514 762
513 780
511 782
509 784
461 790
320 787
158 792
188 796
164 799
70 802
63 805
103 810
93 815
49 819
86 824
108 828
109 832
91 835
138 840
171 843
134 848
164 848
190 853
196 855
175 857
173 862
144 865
152 868
198 874
173 874
172 877
195 886
194 882
275 885
257 887
234 888
299 890
244 892
289 893
303 895
306 897
305 898
305 901
329 902
271 904
288 904
318 906
330 908
316 909
316 911
364 912
333 912
353 913
333 918
373 915
350 918
345 918
391 918
361 918
422 919
390 921
406 922
411 922
406 922
422 922
418 922
425 922
435 922
435 921
423 922
439 923
424 922
465 921
477 922
440 921
470 920
489 919
509 917
504 915
512 913
512 910
513 908
513 907
513 905
513 903
513 903
513 901
513 900
513 898
513 897
513 895
513 892
513 889
512 891
518 886
513 882
513 878
513 876
513 874
513 872
513 869
513 866
514 863
513 860
513 856
513 852
513 850
513 845
512 840
513 836
513 831
513 827
513 822
512 818
512 813
513 807
513 790
514 788
512 781
513 778
513 771
513 767
515 764
514 754
512 753
522 758
513 742
514 736
513 733
513 729
513 722
513 716
513 712
512 706
513 702
512 696
513 689
513 684
513 680
513 676
513 669
513 667
513 659
513 655
513 650
513 643
513 638
513 630
513 623
513 618
513 609
512 603
513 597
513 590
512 586
513 581
519 577
514 566
513 567
513 564
514 558
513 554
513 550
513 543
514 540
513 530
512 526
512 517
513 512
513 505
514 499
513 493
514 487
513 469
513 465
513 463
514 457
514 452
513 448
513 442
512 436
513 431
513 423
513 418
514 411
514 405
510 397
521 387
512 385
508 383
513 376
514 371
513 364
512 366
514 354
