512 751
513 753
513 757
541 759
513 762
512 767
513 771
514 777
514 781
489 783
426 786
402 791
350 793
373 797
206 801
193 805
242 809
245 812
247 817
224 821
233 826
255 830
253 834
286 837
276 841
261 844
293 846
302 849
296 853
283 856
271 860
280 864
306 866
290 870
259 872
314 875
305 878
313 879
334 882
329 885
327 889
362 889
360 891
390 892
342 895
365 896
357 896
377 899
374 901
394 902
395 904
331 905
403 906
349 907
366 909
417 909
388 911
513 333
514 330
514 327
513 322
513 318
513 313
514 308
514 303
514 299
514 294
514 291
515 287
514 283
513 278
513 275
515 268
513 265
517 258
513 254
522 250
628 250
623 245
682 242
634 233
639 239
875 234
837 229
877 224
823 219
816 215
820 210
801 206
757 203
754 199
735 196
759 192
721 190
698 188
778 184
727 182
740 177
744 174
727 171
798 167
707 165
726 163
720 160
674 156
749 154
678 152
700 150
673 148
630 146
680 145
663 145
691 142
642 142
391 908
420 909
396 911
393 912
394 913
413 914
376 915
385 915
411 919
419 918
430 918
417 919
420 920
392 921
442 923
464 923
402 922
420 922
473 921
445 924
433 922
470 923
467 922
436 921
470 922
461 922
469 922
472 923
471 922
483 921
489 920
502 918
511 916
512 916
513 912
512 908
513 907
513 905
513 905
513 903
512 900
514 900
514 899
513 899
513 896
512 895
515 894
515 888
514 881
514 883
514 879
513 878
513 876
514 873
513 869
511 867
513 863
514 650
513 646
514 640
514 634
514 624
513 620
514 612
512 605
513 599
513 593
515 595
514 579
509 583
515 575
513 568
515 565
513 562
513 556
515 552
514 546
513 540
512 533
515 528
512 522
512 514
510 508
513 501
515 495
513 491
514 484
512 477
512 474
514 469
513 465
512 460
513 456
515 450
512 445
512 441
514 433
513 426
513 420
515 415
514 408
513 401
516 399
513 390
514 384
514 379
514 372
513 367
514 361
514 356
513 351
513 345
513 340
514 335
655 238
648 236
837 236
898 232
838 226
815 222
834 219
818 213
772 207
797 204
783 201
754 198
728 195
716 192
782 189
726 186
704 182
746 179
760 176
750 173
758 169
725 167
707 163
726 161
745 159
691 156
672 155
717 152
677 148
650 148
674 146
697 144
656 143
649 141
655 139
669 137
639 137
665 135
658 133
636 132
673 130
617 130
626 129
646 126
618 126
614 124
644 123
608 122
607 121
648 121
606 120
604 119
603 119
615 117
596 116
582 117
595 132
513 134
514 133
513 134
515 135
514 137
515 137
513 139
513 141
512 145
513 147
514 150
514 152
515 153
514 156
514 160
513 162
513 164
513 168
514 171
514 173
514 178
516 173
514 185
512 187
513 191
514 196
513 199
512 204
512 209
513 214
513 219
514 224
513 229
513 236
514 241
514 245
514 248
513 253
513 259
513 265
514 269
514 272
513 279
512 285
513 289
513 295
513 299
514 305
513 309
514 314
514 320
514 324
512 330
513 337
513 340
513 345
514 475
513 479
513 480
511 487
514 490
512 499
512 502
511 511
514 516
511 524
514 532
514 536
511 543
511 548
513 553
514 559
514 564
513 568
513 575
513 580
507 583
511 588
514 595
514 599
514 604
512 612
513 618
513 623
513 630
513 637
513 642
514 650
514 654
513 659
513 666
513 671
512 676
513 681
512 687
514 692
513 695
512 702
513 707
512 710
513 716
513 722
513 727
513 733
514 735
513 743
512 746
514 748
513 752
513 756
512 751
512 767
513 771
513 842
308 844
240 847
310 850
335 853
262 856
291 854
315 862
268 865
298 868
290 870
290 876
268 877
303 879
375 881
305 885
367 887
367 891
330 891
361 892
362 894
366 896
388 897
385 898
371 899
359 903
374 903
389 905
388 905
398 907
387 909
383 909
397 911
361 912
405 913
421 913
414 915
388 916
383 917
421 918
436 918
407 919
445 919
414 921
413 919
453 926
435 926
435 921
441 922
472 922
466 922
453 921
454 922
468 923
431 923
480 921
473 922
463 877
513 876
512 873
512 872
514 868
513 866
513 863
512 859
513 854
514 853
513 848
513 845
514 840
514 836
513 831
513 827
513 823
512 817
513 812
513 809
513 802
515 797
513 791
513 787
513 783
512 778
513 773
513 765
511 764
516 758
513 752
520 737
513 744
513 741
513 732
513 727
513 721
513 717
513 711
514 704
513 701
516 696
515 687
513 686
513 680
515 673
512 671
513 664
513 660
513 654
514 645
514 644
515 636
512 633
513 622
512 617
513 610
512 471
513 468
514 462
514 457
513 454
513 447
512 442
514 437
515 431
513 424
514 418
514 412
515 405
516 399
515 388
514 387
514 381
514 375
513 370
513 365
515 360
515 354
513 348
514 343
514 338
512 333
512 328
512 324
513 319
514 314
513 309
513 304
513 298
514 295
513 290
513 287
514 282
513 279
512 275
513 269
514 264
513 260
514 255
518 252
572 250
634 246
656 242
629 238
674 236
844 234
854 229
839 225
804 219
810 215
794 212
803 207
773 203
608 118
642 118
615 117
579 116
587 116
609 116
577 115
587 116
554 115
594 115
579 115
543 114
593 115
570 116
542 115
579 116
557 115
546 116
540 116
560 115
529 117
518 119
515 122
516 124
516 125
515 128
515 129
514 133
514 134
514 135
514 138
513 137
513 138
515 141
513 143
514 144
514 149
514 150
512 152
511 154
514 157
512 159
514 163
514 166
514 168
514 171
515 175
513 179
514 183
513 185
515 189
513 193
514 197
514 203
513 207
513 222
514 215
515 239
513 244
515 247
511 252
513 256
513 263
514 267
513 271
514 277
513 283
514 287
514 292
514 296
515 301
513 307
517 308
512 315
513 325
514 328
514 328
513 339
512 345
514 347
514 356
513 358
514 361
513 370
513 374
514 379
513 386
515 388
511 395
513 401
513 408
514 415
511 423
513 428
514 436
511 443
514 445
513 452
512 458
513 460
514 467
514 468
512 476
513 478
513 484
511 488
514 494
513 501
514 505
511 515
514 518
513 526
514 531
512 539
505 606
513 609
512 614
513 619
514 626
512 633
513 639
513 645
512 651
514 657
513 662
513 668
513 673
512 678
513 684
515 689
513 695
515 699
513 706
513 709
514 716
512 719
513 725
513 728
513 734
514 740
514 743
512 748
514 750
513 755
513 759
511 762
514 768
513 773
512 777
514 780
510 785
388 787
372 792
392 795
288 797
217 800
205 806
202 808
224 814
224 819
231 822
227 827
257 831
239 834
258 838
268 841
288 844
279 847
291 850
314 855
271 857
367 892
391 892
384 893
391 895
332 898
391 897
347 900
375 901
413 903
333 903
419 906
358 907
410 908
398 908
383 911
413 911
389 912
409 915
418 916
403 916
381 918
431 917
419 917
411 920
424 919
446 920
450 920
391 914
469 921
457 922
411 921
479 922
463 922
459 922
452 922
467 921
470 922
447 921
493 922
451 922
473 921
485 920
482 921
498 919
505 918
513 914
513 911
512 909
513 907
512 906
514 904
513 902
514 902
514 901
513 899
513 898
513 861
513 857
513 855
513 851
514 848
513 843
513 839
513 834
513 830
513 826
513 821
513 814
514 810
514 806
513 801
514 796
513 790
513 783
513 780
513 777
513 771
513 763
509 763
512 755
509 757
512 747
511 739
513 735
513 732
513 727
514 719
513 715
513 709
513 702
514 699
513 693
513 687
513 683
513 677
514 673
513 667
511 663
513 658
513 651
512 649
513 642
515 633
513 631
513 618
511 616
513 610
516 600
513 599
517 586
513 584
513 574
512 572
512 502
516 497
514 494
512 490
512 486
513 484
513 476
513 472
515 466
512 460
515 456
515 450
513 445
513 441
514 434
515 427
514 421
513 415
513 408
514 402
515 390
514 389
513 385
513 379
513 373
513 369
514 362
514 357
513 352
514 346
514 342
514 336
514 331
513 327
513 322
513 316
514 312
514 307
513 302
514 297
513 293
514 288
514 285
514 281
514 277
513 273
514 267
514 264
514 259
513 255
520 251
613 249
657 244
651 242
653 237
742 237
859 232
861 157
730 155
702 154
719 153
720 152
685 150
641 148
655 146
645 145
677 145
634 141
675 139
687 138
635 136
690 135
611 133
624 132
651 131
622 129
634 129
635 127
668 126
620 125
606 123
640 122
596 121
608 120
639 119
601 120
606 118
602 117
581 117
625 116
592 116
587 116
576 115
569 115
586 115
582 117
563 115
580 115
562 115
592 115
550 115
562 116
555 115
561 118
529 117
543 116
527 118
514 120
515 123
515 128
513 128
515 130
513 132
514 134
514 182
517 184
514 187
513 190
515 194
513 198
514 205
513 209
513 215
514 218
516 223
513 229
512 234
513 240
514 244
514 248
513 253
513 260
514 263
513 267
514 274
513 277
513 281
514 290
514 293
513 297
513 304
513 308
513 315
513 318
514 324
516 329
514 335
514 340
513 345
513 351
513 355
513 359
513 363
512 369
513 375
511 380
513 383
513 393
514 396
516 404
511 411
513 415
513 426
512 431
513 436
511 444
514 448
513 455
514 458
514 464
513 467
514 575
514 579
513 581
514 586
512 592
514 598
514 604
512 610
514 617
513 623
514 629
512 637
513 641
514 648
512 654
513 658
515 664
513 669
513 675
512 680
513 686
513 692
513 696
514 701
512 706
513 711
513 715
513 721
513 726
512 730
515 736
514 742
514 744
512 749
514 752
513 756
513 761
512 762
515 769
514 773
513 778
512 782
496 786
416 789
368 793
365 798
237 799
201 803
206 808
243 812
249 816
211 822
232 824
257 829
242 833
253 836
273 840
365 886
356 886
347 889
336 890
367 892
360 894
374 896
371 897
415 898
333 900
371 901
405 903
353 904
391 905
406 907
382 909
360 910
414 911
376 910
384 913
394 914
429 915
419 917
381 916
448 917
415 918
398 918
419 920
439 921
438 921
412 912
443 917
461 921
441 921
456 922
458 922
465 922
459 922
451 922
464 923
475 922
448 922
474 921
483 921
471 920
499 919
506 918
510 917
512 914
512 911
513 910
513 906
513 905
512 904
513 902
515 900
513 900
513 835
512 831
513 828
514 823
513 819
513 814
513 808
513 800
514 797
513 794
513 789
513 784
512 777
514 772
513 772
512 765
510 749
526 751
509 746
514 744
513 738
513 735
513 729
513 723
514 717
514 713
513 707
513 701
512 696
513 691
514 686
513 680
513 677
513 670
515 665
513 661
513 657
513 649
513 646
512 642
515 629
511 629
515 617
512 611
512 603
516 595
512 594
514 584
512 584
512 576
513 572
512 577
515 565
514 560
514 555
514 550
516 544
513 411
514 407
515 399
513 401
515 385
513 381
514 376
514 371
513 367
514 363
514 355
513 352
513 344
514 339
513 334
514 329
513 325
514 319
514 314
514 310
514 301
513 300
514 295
513 291
516 287
513 283
513 279
514 276
514 271
513 267
514 261
514 257
514 253
519 250
670 248
656 243
650 238
695 236
848 237
826 230
871 224
803 220
811 216
809 211
769 208
756 204
748 199
775 201
747 193
720 191
737 188
753 184
731 181
749 178
734 175
737 173
757 169
628 128
656 127
664 125
616 127
620 123
642 123
606 122
627 120
612 120
584 121
630 116
596 118
587 118
606 116
595 116
579 116
607 115
589 114
554 115
594 115
577 115
558 115
560 114
594 114
542 115
557 118
551 115
559 116
521 117
541 118
526 120
513 122
515 124
515 127
515 129
514 133
515 135
519 137
515 136
513 137
515 139
514 137
515 141
514 142
513 144
511 147
514 150
514 152
514 152
513 157
514 159
513 165
513 165
513 168
513 171
514 176
513 255
513 259
514 263
512 265
513 271
513 275
514 281
513 287
513 292
513 295
513 302
513 308
515 311
514 314
513 321
513 327
514 330
514 338
513 343
514 348
513 354
513 359
512 363
513 370
514 372
514 378
512 385
516 388
511 394
513 399
513 407
512 415
499 416
514 425
512 435
515 439
513 445
513 452
512 456
513 461
515 466
515 470
514 472
516 476
511 483
514 485
513 495
515 498
514 505
512 512
514 517
512 528
514 530
513 538
514 544
513 549
514 553
514 699
513 700
513 703
516 707
513 712
513 717
513 723
513 728
512 731
512 737
513 742
513 746
514 751
513 754
514 758
512 762
504 762
514 772
513 775
513 781
513 784
440 786
416 791
357 795
335 797
179 800
233 805
200 807
243 813
253 818
200 822
239 824
260 830
215 834
283 837
280 840
256 844
315 848
289 851
277 853
295 856
269 859
303 863
301 866
272 869
270 873
297 875
328 877
318 881
328 881
351 889
290 888
360 889
417 892
362 892
371 894
380 896
350 927
430 922
435 922
451 921
478 922
444 922
444 919
487 922
474 923
457 921
467 919
495 921
463 919
498 920
508 918
507 916
510 917
512 913
511 909
513 908
513 906
515 904
513 903
513 902
513 901
511 898
513 898
513 896
512 893
513 891
517 889
523 882
515 889
517 882
513 879
513 876
513 873
513 871
512 867
514 865
513 862
513 858
513 855
513 852
513 847
512 843
513 840
513 835
512 832
513 828
513 821
514 817
513 812
513 805
514 800
513 796
513 791
513 663
514 661
513 660
513 655
513 645
516 640
513 635
514 628
513 623
513 615
514 610
512 603
515 593
512 592
513 583
515 578
511 558
511 572
509 576
511 566
515 557
513 554
514 548
514 543
513 536
513 530
514 523
514 516
512 511
514 503
513 497
513 492
514 485
513 482
515 475
513 472
514 468
513 462
514 457
513 452
513 447
512 439
513 436
514 428
513 421
514 418
514 408
514 404
514 397
516 395
512 387
514 379
511 375
514 368
515 364
513 358
515 353
513 324
514 321
513 318
514 312
513 308
513 303
514 298
513 294
513 290
513 285
513 279
513 277
514 273
513 270
514 265
514 260
512 254
520 252
593 250
641 246
651 241
669 237
795 236
872 232
841 227
780 223
796 219
817 215
788 210
798 206
784 203
731 199
764 194
754 193
728 190
760 187
720 183
734 180
747 177
744 173
759 170
702 168
733 165
743 161
701 159
744 156
699 154
688 152
656 149
670 148
686 146
660 145
649 144
632 141
640 140
647 139
656 137
628 121
615 117
626 120
620 120
609 118
594 117
629 117
594 117
567 111
598 116
593 115
573 116
552 115
614 116
569 114
560 110
583 115
555 115
562 114
549 115
586 115
558 116
543 116
540 117
526 116
519 119
515 123
514 123
514 128
514 127
515 131
516 130
515 134
513 136
513 135
513 140
514 139
514 141
514 142
514 147
514 148
514 151
514 153
517 155
514 155
513 161
514 164
513 166
514 169
514 172
513 176
514 178
513 180
510 184
513 190
513 194
513 197
515 269
513 274
515 277
513 282
513 292
514 296
513 296
513 301
514 309
512 312
514 317
514 322
514 330
514 335
514 339
513 344
513 351
514 355
514 360
514 364
513 370
514 375
514 379
513 385
513 389
524 399
512 402
514 409
512 418
514 422
511 432
516 436
513 442
514 449
513 454
512 458
514 460
512 466
514 470
512 476
514 477
513 486
514 489
513 495
511 502
514 506
511 515
514 520
513 527
513 533
514 542
512 546
512 551
511 557
515 561
513 566
513 570
513 648
513 653
513 657
514 664
512 669
513 673
514 680
514 685
513 690
513 695
513 698
514 706
512 708
513 715
513 719
512 726
513 729
513 735
513 739
515 743
512 748
514 753
513 756
515 760
514 764
520 768
514 773
512 778
513 783
508 785
414 788
393 792
399 796
244 798
196 802
228 807
201 811
228 815
273 820
188 821
249 827
271 830
258 835
300 839
255 841
276 845
312 847
321 851
275 855
250 857
327 860
297 864
272 868
298 867
266 874
329 874
308 879
399 903
427 904
374 904
349 905
429 906
349 908
391 909
376 910
406 911
379 912
393 914
418 915
393 916
385 917
411 917
425 919
404 918
421 920
442 921
434 921
413 920
479 917
447 926
436 921
455 919
462 926
454 922
453 922
460 922
447 922
474 922
456 922
483 922
482 921
474 921
486 920
510 918
505 917
513 914
513 912
513 909
513 907
513 905
513 904
512 903
513 903
513 900
513 899
512 896
513 895
514 893
512 892
530 896
506 887
517 886
513 881
512 803
513 800
513 798
513 793
513 790
513 785
513 778
512 773
512 770
513 764
512 761
509 770
514 745
505 745
517 740
514 735
513 728
513 725
513 720
513 711
513 707
513 703
514 694
513 692
513 688
513 680
511 677
513 672
513 666
513 661
515 656
513 651
515 644
512 642
513 633
517 625
512 623
513 611
512 605
513 599
514 592
513 587
516 582
514 577
515 573
513 570
508 571
514 559
512 557
514 551
514 547
514 540
513 534
515 526
512 521
513 513
514 508
513 375
515 382
513 380
514 376
513 373
514 368
513 361
514 355
513 350
513 345
514 343
514 336
513 330
515 326
513 320
514 315
514 310
513 306
514 300
513 296
513 292
513 288
513 284
513 281
514 276
513 269
513 267
514 263
514 258
514 251
548 250
650 246
640 242
631 239
652 236
792 235
854 231
878 226
805 222
795 217
832 214
795 208
770 205
773 200
771 196
742 196
726 191
712 189
758 185
721 182
710 180
777 176
714 173
753 170
764 166
705 162
750 159
688 126
623 125
598 123
649 123
601 122
627 121
618 121
632 119
610 119
587 118
611 117
578 117
599 116
585 116
582 116
595 116
577 115
568 114
602 115
564 114
565 116
570 114
592 115
547 116
558 115
559 115
557 116
521 113
553 117
524 117
514 120
516 125
515 126
514 130
515 133
514 131
514 135
514 136
514 137
514 139
514 140
514 141
512 142
513 145
510 145
513 149
513 152
513 155
514 156
512 159
514 162
513 165
514 166
513 171
514 174
513 177
513 179
514 255
513 256
513 259
512 264
513 268
514 276
513 281
513 285
514 289
513 294
514 299
513 304
513 308
514 316
514 319
514 326
512 329
513 336
513 341
513 349
514 350
515 358
512 363
513 366
514 374
515 377
513 380
510 390
513 391
517 405
515 403
513 412
510 423
513 424
513 435
514 439
513 443
509 449
513 454
510 462
513 463
513 470
514 470
514 478
513 482
514 486
512 491
512 496
511 503
514 509
512 518
514 523
513 530
512 538
513 542
510 549
514 553
512 680
514 682
509 687
513 692
513 697
513 701
513 707
513 712
513 717
513 723
513 727
513 732
514 737
514 741
514 746
513 750
514 753
514 757
513 762
513 757
496 770
513 775
512 779
513 783
486 786
394 790
373 793
390 798
163 800
149 804
201 809
231 812
246 817
212 821
232 826
251 831
241 834
265 838
293 842
270 843
292 846
301 848
281 853
306 853
272 860
308 861
279 866
258 868
304 869
310 876
284 878
324 881
313 883
351 886
334 887
378 888
393 891
432 919
457 920
435 919
422 920
435 921
448 922
417 927
443 922
444 921
459 921
435 922
442 922
459 922
477 922
456 922
469 923
465 921
489 922
458 921
506 920
498 920
504 918
512 917
512 913
513 910
513 908
513 906
514 904
512 903
511 901
512 901
513 900
513 897
513 896
513 894
513 892
513 890
498 885
512 890
502 875
516 879
513 877
513 872
513 871
514 868
512 867
513 863
513 859
515 855
512 852
513 851
512 844
513 841
512 837
513 832
513 826
513 822
513 704
512 700
513 696
513 691
514 683
513 680
513 674
513 667
511 665
513 659
511 653
514 651
514 642
513 637
514 630
515 622
513 616
513 611
514 601
512 596
514 591
514 585
513 581
516 576
511 574
515 560
528 567
510 554
516 553
512 550
514 544
514 538
513 531
515 523
513 518
514 511
513 506
513 500
515 492
514 488
514 483
514 477
513 472
514 468
514 463
513 458
513 453
514 449
513 441
514 436
514 428
511 423
513 416
510 412
514 404
514 398
513 393
513 298
513 294
514 291
513 286
513 282
514 277
513 274
513 269
511 265
513 261
514 256
516 252
577 249
631 247
675 242
647 239
662 235
921 233
890 228
831 222
807 218
801 214
824 210
781 206
742 202
751 200
751 197
712 195
711 190
760 187
742 184
693 181
745 177
753 174
731 171
759 168
737 165
699 163
717 159
735 156
712 155
661 152
700 150
666 148
651 146
713 144
647 143
679 142
647 140
663 138
663 137
629 136
646 134
593 132
701 131
610 130
693 128
574 115
568 115
563 114
561 116
547 115
567 116
522 116
562 117
521 118
514 119
517 122
514 124
515 130
515 130
514 132
514 132
514 134
514 136
515 136
515 139
513 141
513 143
514 143
514 146
514 148
513 151
514 154
513 156
514 158
515 161
512 163
513 166
514 169
514 172
513 177
512 180
514 182
515 186
513 190
516 194
513 198
513 202
514 205
513 212
513 217
514 221
512 226
513 233
514 239
514 243
514 247
513 249
512 257
514 264
514 266
513 270
514 402
502 406
510 411
514 414
513 424
514 430
514 435
510 443
514 447
514 454
512 458
513 461
513 466
514 470
514 473
513 478
513 483
513 489
513 494
511 499
513 507
515 512
510 520
514 526
512 532
513 539
514 545
512 551
513 555
512 564
512 562
511 571
514 573
512 581
514 585
514 600
512 597
514 602
513 608
512 615
513 620
512 627
514 633
513 640
514 644
513 651
512 659
513 662
513 668
513 673
513 678
513 684
513 689
513 694
512 700
514 704
513 709
513 847
300 849
288 851
310 854
