513 710
513 706
514 702
513 696
513 694
514 690
513 683
514 679
514 675
514 667
513 667
514 660
514 652
514 646
507 649
513 634
504 630
514 621
514 615
514 608
514 601
513 595
514 589
513 585
514 580
513 574
513 571
513 567
512 563
514 557
514 554
514 546
513 543
513 536
512 529
513 525
514 515
512 512
513 504
514 498
513 492
514 484
513 482
513 476
513 471
516 471
511 461
513 457
515 452
513 446
514 440
513 435
513 429
514 422
513 416
515 410
513 404
514 273
514 279
514 282
514 285
514 291
513 296
514 302
514 306
515 313
511 317
514 325
514 330
514 333
514 339
513 343
513 347
514 355
512 361
514 364
513 370
513 376
513 379
513 387
513 390
514 396
513 404
514 407
510 416
515 421
514 431
513 437
514 441
512 451
514 453
513 458
515 463
513 467
513 471
514 476
513 480
514 487
512 490
514 495
513 503
511 508
514 515
513 522
514 528
513 535
513 540
514 548
514 551
512 557
513 561
514 566
514 571
514 577
514 303
513 300
513 297
514 293
513 290
517 286
513 281
517 282
512 273
514 268
513 263
514 258
512 254
522 253
670 249
768 246
768 242
779 238
884 237
971 235
978 229
948 224
928 219
986 216
938 212
935 206
914 203
900 200
882 196
869 191
891 191
867 186
845 183
867 180
871 178
842 174
818 171
884 168
858 171
841 164
816 159
782 155
818 153
818 152
775 152
744 148
748 147
700 144
757 144
745 142
724 141
747 138
722 137
742 136
693 133
733 132
694 130
635 117
637 116
609 115
631 116
617 116
595 116
617 116
594 116
602 115
592 115
592 116
586 114
575 116
570 116
547 117
566 118
517 119
518 121
517 124
515 127
516 129
514 131
515 132
514 133
513 135
514 138
515 138
513 139
515 141
515 142
513 144
513 147
513 149
514 151
514 154
514 157
513 158
513 163
513 165
513 168
514 170
513 174
514 177
513 181
514 184
515 188
512 192
513 196
514 200
515 204
514 209
514 214
514 221
515 225
515 231
513 235
513 242
512 258
514 260
514 265
513 269
515 273
514 279
513 284
514 290
513 294
514 300
514 303
512 308
513 313
514 320
513 324
513 329
513 335
513 338
512 347
513 355
514 356
516 361
511 367
512 370
512 378
513 381
514 386
512 394
515 397
513 407
513 412
515 418
513 426
514 431
513 440
513 445
513 450
514 455
511 460
513 465
513 467
513 473
514 477
513 482
513 487
514 492
512 498
514 504
512 511
513 518
513 524
515 529
512 538
514 543
513 550
513 554
514 576
513 578
513 581
513 583
514 587
513 594
511 599
512 606
514 612
515 619
513 625
512 629
513 637
513 644
514 648
513 654
513 661
513 666
513 672
513 676
513 682
513 687
514 691
515 697
513 701
514 707
514 711
514 716
512 722
513 727
513 733
514 735
513 740
513 745
514 749
513 753
513 759
514 762
514 767
512 771
513 774
514 779
514 783
464 786
378 789
245 793
275 797
156 797
78 801
74 806
87 810
69 814
75 819
65 823
94 828
90 831
98 835
147 838
146 852
145 860
148 856
190 858
167 861
126 865
162 867
226 872
181 874
167 876
178 879
213 881
285 884
265 887
211 888
285 890
270 892
242 893
294 895
304 896
302 899
327 900
291 903
295 902
364 904
297 905
334 907
316 907
356 910
312 911
353 912
373 912
320 914
334 915
353 915
361 916
389 917
373 918
370 919
367 919
392 920
416 921
371 921
413 921
417 921
423 922
413 922
426 921
453 922
419 922
414 920
449 921
439 922
436 922
441 921
460 920
471 920
481 912
511 912
512 909
512 907
514 906
513 905
513 903
512 895
513 895
513 899
514 898
513 896
513 894
513 892
513 890
514 887
513 885
513 881
513 880
514 877
513 875
513 871
513 869
515 865
513 862
514 859
514 856
513 851
512 848
513 844
513 840
514 836
512 832
512 827
513 821
514 816
513 812
512 809
512 800
518 800
515 791
514 786
513 784
513 779
513 772
514 766
512 762
513 758
514 753
513 747
513 743
513 738
515 733
513 726
513 723
513 718
514 712
513 690
513 687
513 681
512 679
514 676
513 670
515 664
513 662
514 655
514 649
515 646
516 638
518 630
515 623
513 620
513 608
513 604
512 600
514 590
513 586
514 579
513 578
514 570
513 569
513 564
514 559
513 555
515 547
513 545
514 537
513 531
512 525
514 518
514 512
514 506
513 500
513 490
512 489
514 482
513 478
514 473
514 466
515 461
515 448
505 451
514 447
513 441
514 435
513 430
514 423
514 418
514 411
514 405
513 398
513 393
514 387
513 380
514 360
514 356
514 354
514 348
513 343
513 338
513 334
513 329
514 324
513 319
513 314
514 310
513 303
514 301
513 296
513 291
509 286
512 276
507 277
507 264
510 274
513 265
513 261
513 257
515 253
576 251
706 248
774 245
788 241
777 237
976 236
957 232
966 227
970 222
969 218
941 211
940 209
960 205
874 202
889 198
878 194
878 191
863 189
841 186
837 182
857 180
870 178
853 173
826 170
890 166
866 169
800 161
841 158
800 156
786 152
770 152
743 149
613 116
635 117
625 117
636 117
593 116
614 116
618 115
600 117
600 115
598 115
587 115
577 115
599 115
569 115
557 113
574 116
557 117
526 118
524 120
517 123
514 125
514 128
514 130
514 131
514 133
516 133
515 135
514 137
513 138
514 139
513 142
514 143
514 145
514 149
515 151
512 152
514 156
517 157
514 162
515 164
513 166
513 166
515 172
514 175
514 179
514 182
513 185
514 190
513 193
514 197
514 201
513 208
514 211
514 217
514 221
514 226
514 233
513 250
514 254
513 257
513 263
513 266
514 272
514 277
513 280
513 288
513 293
513 296
514 298
513 304
514 311
514 315
514 322
515 327
514 330
515 340
514 344
514 347
513 356
513 357
514 363
513 368
514 372
514 379
513 386
513 391
513 395
514 402
514 409
513 415
513 422
513 427
513 437
512 443
514 445
514 454
514 457
513 462
511 465
514 466
513 475
514 477
514 484
515 487
513 494
514 500
513 504
510 515
515 518
513 528
514 533
513 539
514 543
514 550
512 570
513 574
511 577
514 581
514 584
512 592
514 596
514 602
514 608
513 615
514 621
514 628
513 632
513 639
513 645
513 650
513 656
514 662
514 668
513 672
514 678
514 684
513 692
513 695
514 697
513 705
513 708
514 713
513 719
513 723
513 729
514 734
513 739
514 742
514 747
514 750
514 756
513 759
513 763
513 768
513 772
514 776
514 781
511 786
417 786
343 789
220 794
253 797
78 799
82 803
105 806
84 812
82 816
94 820
68 825
107 828
135 834
106 848
151 849
198 851
175 854
187 855
175 859
152 862
200 865
164 869
178 871
178 875
186 878
248 880
206 883
221 884
257 887
249 889
300 890
264 893
324 894
260 896
294 897
279 899
323 900
348 902
307 903
324 906
293 906
364 906
286 909
341 909
332 912
345 912
377 913
346 916
370 923
346 916
365 916
332 917
370 918
418 919
376 919
384 920
396 921
392 921
431 922
391 922
400 921
457 921
422 922
418 922
441 923
446 922
444 922
425 923
466 920
489 922
440 916
512 914
512 913
513 912
512 909
513 907
512 906
513 904
513 903
503 910
529 900
513 899
513 897
513 896
513 893
515 891
513 890
512 887
513 885
513 881
513 877
513 875
513 873
513 870
513 867
513 863
512 861
512 858
513 853
513 850
513 847
515 844
513 839
514 834
513 829
514 824
512 821
513 817
513 811
513 803
512 798
510 793
513 791
513 786
513 779
513 775
513 771
513 765
513 760
513 754
514 750
514 747
513 741
513 736
513 732
513 723
513 720
513 699
513 695
514 692
513 686
513 683
513 676
512 672
513 670
512 661
512 658
513 655
514 646
512 636
512 634
508 632
515 619
512 614
513 608
514 599
513 596
515 587
512 586
516 578
511 574
512 571
515 566
511 564
513 555
511 554
512 546
511 542
513 535
514 529
514 523
514 515
513 510
513 503
513 499
513 492
512 486
514 480
512 476
513 471
513 465
520 462
509 458
515 452
512 453
515 439
513 434
513 428
513 422
514 417
513 409
514 401
512 397
513 391
513 369
513 366
515 362
513 357
513 352
514 347
514 341
513 337
514 331
514 327
513 321
513 317
513 312
513 307
513 303
514 298
512 293
513 290
515 282
515 276
514 275
512 269
509 268
513 264
514 260
513 256
518 252
608 250
689 248
807 243
817 238
871 238
969 235
981 230
966 224
937 220
962 216
964 212
901 208
913 204
877 201
891 198
891 194
833 191
854 187
889 184
878 182
847 177
849 175
877 172
852 168
850 164
807 161
786 160
806 157
811 154
793 153
746 144
714 144
716 143
741 141
770 140
697 138
756 137
713 135
717 134
730 133
685 131
728 131
683 129
688 127
711 125
701 126
674 123
683 123
678 122
660 121
674 120
692 120
658 119
623 118
651 117
639 116
638 117
621 116
623 116
622 116
622 116
602 116
609 114
593 115
604 115
586 115
600 116
574 115
581 116
575 116
566 117
530 117
518 118
520 120
512 123
515 127
513 129
514 131
514 131
514 135
515 133
514 136
514 138
513 139
514 140
514 143
513 145
514 154
514 155
514 157
514 158
514 161
514 165
514 167
514 170
514 174
514 177
512 181
514 183
512 188
515 191
514 195
514 199
513 203
513 211
514 214
513 219
514 225
514 228
513 233
513 238
514 242
514 247
514 252
514 258
513 263
514 267
514 272
514 278
511 285
514 289
512 293
514 296
513 304
513 309
513 312
514 317
513 326
514 328
513 333
513 342
514 344
514 349
515 356
515 360
515 363
514 372
513 375
515 380
513 386
513 393
514 396
513 405
513 409
513 436
514 439
515 443
514 449
512 455
513 458
512 465
514 466
513 472
515 476
513 480
512 486
514 490
514 497
513 503
513 510
514 516
512 526
514 528
514 535
512 542
514 546
512 554
514 556
513 563
513 567
513 571
511 578
514 581
512 587
512 593
512 599
514 606
513 610
514 617
514 622
513 629
513 636
514 642
513 647
513 653
512 659
513 664
514 669
514 675
512 682
515 685
514 692
513 696
514 700
516 705
514 710
513 716
514 721
513 726
514 731
514 751
513 751
514 754
513 757
515 760
513 766
513 769
514 775
515 778
512 782
506 786
374 786
312 791
245 795
158 797
50 800
109 805
96 810
78 813
70 819
86 822
98 827
95 832
119 835
123 838
166 841
130 840
149 847
179 851
192 854
179 858
161 860
159 864
184 866
188 871
144 873
161 877
182 880
181 881
234 884
304 886
256 889
204 889
288 890
295 893
304 895
269 896
326 898
291 899
284 901
315 903
276 904
370 904
292 907
341 908
340 910
339 910
347 912
304 916
366 916
374 917
364 918
379 918
375 919
380 920
372 920
405 920
409 921
367 921
426 921
419 921
415 921
410 921
434 923
443 922
403 922
439 920
425 922
462 922
434 921
463 922
465 921
487 919
500 920
508 916
512 913
512 910
513 908
513 906
513 905
513 903
513 903
514 901
514 900
514 899
515 897
513 894
512 892
513 890
513 888
513 884
513 882
513 879
513 877
515 875
513 872
513 868
511 866
513 862
513 860
513 854
513 852
513 850
512 845
513 840
514 821
514 820
515 817
513 812
513 809
511 804
506 798
509 790
513 789
513 784
514 779
513 771
513 768
512 764
514 758
517 752
513 749
512 745
513 737
513 733
513 730
513 723
513 718
513 713
514 707
513 700
513 695
512 692
513 686
515 681
513 678
512 671
514 666
513 662
513 655
513 651
513 645
512 635
513 632
508 621
514 618
512 614
513 603
513 599
513 593
513 586
513 582
513 577
513 573
513 569
513 565
513 560
514 555
513 550
513 545
513 540
514 531
513 507
512 504
512 500
512 495
513 485
511 484
513 477
514 476
513 469
515 462
512 461
511 445
513 449
509 444
513 437
511 432
514 425
513 419
513 412
513 407
513 399
513 394
513 390
513 383
514 378
512 372
513 365
513 360
513 355
514 350
514 344
513 340
514 334
513 330
513 325
513 319
512 315
514 311
512 305
513 300
514 296
513 292
513 288
516 286
513 282
513 276
515 271
515 267
514 263
513 258
514 255
520 250
667 248
726 246
775 243
816 238
939 237
930 220
939 216
936 213
901 209
924 205
950 203
849 198
870 194
886 191
878 189
859 185
846 183
872 180
846 176
862 173
871 171
805 167
890 156
821 167
812 158
832 156
765 153
800 151
745 150
762 148
736 146
747 144
773 143
688 141
740 140
737 139
729 136
737 134
771 133
718 132
652 131
712 130
709 128
695 126
664 126
704 125
684 124
686 122
675 119
649 122
679 119
632 119
643 118
655 120
654 117
632 119
611 116
644 116
608 115
593 117
615 115
616 116
601 115
597 116
574 115
580 116
571 114
560 116
576 119
528 118
520 120
517 123
514 124
515 126
514 129
514 132
514 133
514 134
514 135
514 136
514 138
513 139
514 140
514 144
514 146
514 147
513 151
512 152
514 155
513 158
512 160
514 162
513 166
513 169
514 172
515 175
514 177
513 181
514 185
513 189
514 193
513 196
514 200
513 205
514 209
514 215
513 222
515 228
516 231
514 234
513 241
513 246
513 250
513 253
513 258
513 261
513 269
512 277
514 279
513 300
513 304
513 307
513 310
513 316
514 319
514 327
514 332
514 337
514 344
513 349
512 352
515 358
513 362
514 368
512 371
513 377
512 383
514 386
513 394
513 397
515 405
510 414
514 419
513 428
514 433
512 439
513 448
514 449
514 458
514 459
513 464
512 469
513 471
513 479
514 481
514 487
514 492
511 499
513 504
511 512
514 519
515 526
514 531
513 537
513 544
514 550
514 555
514 559
513 565
514 570
514 574
512 580
514 583
514 590
514 596
515 619
514 624
514 629
513 633
513 638
513 644
512 650
513 655
513 663
513 667
513 675
513 676
513 682
513 688
514 693
514 698
514 703
515 707
513 713
514 717
513 723
513 729
513 732
513 737
514 742
512 746
513 750
513 754
513 758
513 763
514 766
513 771
513 775
513 779
512 785
472 785
363 788
278 792
229 796
83 798
46 803
42 807
93 811
104 816
82 820
47 825
87 829
109 835
132 836
151 840
148 844
179 857
178 849
151 852
161 855
191 861
200 862
133 865
167 878
211 878
237 884
224 884
257 884
213 886
295 888
285 891
270 892
299 894
255 894
292 898
259 899
306 899
307 902
329 902
328 905
294 906
357 907
309 908
313 909
337 911
318 912
351 913
362 914
349 913
323 916
373 917
359 920
363 918
374 922
396 919
391 921
376 920
411 921
415 921
412 923
412 921
428 922
440 922
430 921
429 923
437 921
458 921
437 923
436 921
458 921
480 921
456 920
494 918
510 917
510 917
512 912
512 909
513 908
513 905
512 904
512 901
513 898
513 898
513 896
514 894
513 892
513 889
513 887
513 884
512 882
513 879
513 876
513 873
513 871
515 868
513 865
513 861
513 858
513 854
513 851
513 847
514 842
514 839
513 835
513 831
513 826
513 820
513 817
513 812
512 806
521 804
514 798
512 793
513 783
511 782
512 777
512 770
513 768
513 763
513 758
514 750
514 745
513 742
513 736
513 732
513 726
513 720
513 716
513 710
513 704
513 701
513 695
513 688
515 684
513 678
513 674
514 669
513 649
513 644
514 641
506 642
514 632
506 616
513 616
513 607
511 606
514 595
513 590
512 584
516 579
513 576
515 569
512 568
513 563
514 559
513 554
513 547
513 544
513 535
513 532
513 524
515 516
516 511
514 503
512 498
513 492
514 486
512 482
514 473
515 471
514 466
513 462
517 457
513 435
512 446
517 440
511 434
513 428
514 422
513 416
513 410
513 405
514 396
513 391
514 385
513 379
512 374
515 369
514 363
514 358
512 352
514 348
514 342
513 337
513 319
513 315
514 312
513 307
513 301
514 298
514 294
514 290
513 286
514 282
522 271
510 272
518 266
511 264
513 260
513 256
518 252
582 248
678 248
742 244
807 240
790 237
989 236
1009 230
1014 226
939 220
952 218
991 212
945 207
887 204
882 201
894 197
886 196
863 191
805 187
881 185
878 181
839 178
851 175
862 172
862 168
871 165
863 171
794 168
773 157
842 154
816 153
784 152
722 149
737 147
696 144
727 144
769 142
737 140
739 139
715 137
752 131
706 129
673 130
667 130
680 128
725 126
684 126
692 124
659 125
681 121
707 123
651 120
676 120
687 119
631 118
611 117
645 118
639 117
621 116
614 116
629 115
626 116
593 115
599 115
595 115
595 114
588 118
590 115
584 116
574 116
580 115
568 116
539 116
541 118
527 121
511 122
514 125
514 126
514 128
514 132
513 133
513 134
514 136
514 137
513 139
514 140
514 141
513 143
513 146
516 148
514 150
513 153
513 156
514 161
514 161
514 165
514 167
514 179
514 182
514 184
512 186
514 190
512 195
514 199
514 203
514 208
514 213
514 217
512 222
514 228
514 233
513 239
513 245
514 247
514 252
514 258
514 262
514 268
513 273
513 277
513 281
514 288
514 292
514 297
514 303
514 303
514 313
513 319
515 324
514 326
514 336
515 339
514 345
515 351
514 353
513 359
512 368
515 368
514 378
515 382
513 385
510 393
514 396
513 404
513 410
513 417
514 423
517 425
512 437
517 440
513 450
513 453
514 456
513 465
514 482
514 485
512 485
512 491
514 497
514 501
511 508
513 514
514 521
513 527
514 535
513 541
513 546
513 551
513 558
513 562
513 566
512 572
514 576
513 584
514 587
513 593
514 598
512 605
513 610
515 617
513 623
513 628
514 631
514 641
513 646
514 652
513 658
512 664
512 669
513 674
513 681
513 686
513 690
513 696
512 701
513 705
510 710
513 715
513 720
513 722
513 732
513 735
514 741
514 744
513 748
513 752
513 755
517 760
513 765
514 769
513 773
514 788
296 790
294 792
257 796
249 797
56 800
50 806
80 809
108 814
86 818
71 822
89 825
118 830
81 834
140 838
174 842
116 845
168 851
175 852
174 854
198 857
189 860
124 864
165 867
198 871
190 873
168 876
222 878
174 881
201 884
270 886
271 887
242 889
263 891
308 893
258 895
274 896
329 899
297 899
309 901
312 902
303 903
318 905
342 907
296 908
289 909
351 911
332 913
336 913
359 914
348 915
348 918
362 917
365 917
356 918
379 919
397 920
375 920
421 922
435 922
426 922
442 922
390 922
406 922
454 922
418 921
423 922
439 922
443 922
456 922
449 921
473 921
479 920
496 919
508 915
512 914
510 911
512 908
512 908
513 905
512 904
514 903
513 902
510 901
513 899
514 897
512 895
513 893
513 891
513 888
513 887
514 883
512 880
512 878
514 875
514 872
513 870
513 866
513 863
513 859
513 856
510 853
513 849
515 844
513 841
513 837
513 834
513 828
513 823
513 818
514 815
512 810
513 804
511 798
508 797
514 774
513 773
513 769
513 765
513 762
513 753
513 750
516 744
512 740
513 735
513 730
513 725
513 719
513 713
513 708
513 704
513 696
513 691
513 687
512 681
513 677
513 673
514 666
513 662
514 657
513 651
513 645
514 638
523 632
511 625
517 619
514 614
513 606
513 599
516 592
513 589
514 581
513 578
513 574
513 569
512 565
514 560
514 555
513 553
513 545
513 539
513 534
514 525
513 521
513 513
515 509
513 502
512 494
512 489
513 484
513 479
514 474
513 456
517 460
512 449
511 456
505 439
513 432
513 426
512 419
513 414
514 407
513 402
513 394
514 389
513 383
513 377
513 372
514 366
513 360
514 356
514 351
514 345
514 340
514 336
513 331
513 325
513 321
513 316
513 311
514 305
512 300
512 296
512 292
513 288
513 288
516 285
512 279
516 274
513 265
517 264
513 259
514 254
517 251
650 248
713 247
767 242
789 238
911 237
1023 232
986 228
981 224
951 218
964 214
921 208
911 206
904 203
881 199
853 186
868 184
877 181
842 180
880 177
884 174
808 171
867 167
882 166
821 161
839 159
801 156
803 154
748 152
774 149
800 148
743 147
764 143
748 143
733 143
710 140
726 137
762 134
673 135
773 134
705 132
691 131
712 129
689 128
688 127
670 125
683 124
706 123
710 122
669 122
655 121
660 120
653 120
661 119
635 119
653 117
631 117
613 115
635 116
625 116
592 116
618 110
594 115
602 115
592 115
598 115
580 115
592 116
606 115
548 116
557 116
584 116
532 123
516 126
514 127
515 129
514 130
514 131
514 134
514 134
514 136
514 137
514 138
512 140
513 142
513 144
514 147
514 150
514 152
513 154
513 157
512 159
513 162
514 163
513 168
513 171
515 175
512 178
510 181
513 184
514 188
513 192
514 196
514 200
513 205
513 208
514 213
514 220
514 226
514 232
514 235
514 240
514 243
514 248
514 256
514 259
514 263
513 267
514 275
514 279
512 284
514 289
513 290
513 300
514 307
514 308
513 311
514 321
514 325
515 347
514 350
514 353
514 355
514 362
514 368
513 372
513 377
513 380
512 387
513 391
514 398
514 406
513 410
513 420
514 424
514 432
511 441
514 444
512 453
514 452
514 460
514 465
515 468
511 474
514 474
513 484
514 485
514 492
514 498
514 504
513 511
514 517
513 525
514 527
512 539
514 542
513 549
514 554
514 558
513 566
513 567
512 575
513 577
514 582
513 588
514 593
513 600
513 606
513 609
514 620
513 625
513 631
514 636
513 642
514 646
514 654
513 675
512 679
514 682
513 687
514 693
509 696
513 702
513 707
517 711
513 717
510 722
513 722
516 732
515 738
513 742
513 745
514 750
513 754
514 757
513 761
513 766
512 770
514 775
513 779
514 783
481 786
376 788
293 792
251 795
100 797
51 802
60 807
79 810
119 815
69 820
66 824
116 828
102 830
105 835
171 840
135 842
168 843
207 849
135 852
186 854
187 858
167 861
159 865
127 865
204 870
194 874
173 876
229 879
175 883
262 881
254 886
277 889
299 895
251 897
273 898
292 899
308 901
331 901
308 903
320 905
318 906
344 907
316 908
343 909
333 911
343 912
333 912
370 915
340 915
352 912
372 917
350 917
368 916
383 918
392 919
379 919
369 920
405 920
417 921
396 922
385 921
437 922
430 920
429 923
430 923
440 922
455 922
431 919
453 924
450 921
469 918
455 920
502 917
498 918
511 917
512 913
511 911
512 908
513 906
514 906
513 903
513 902
513 901
509 904
513 899
513 896
513 895
513 892
513 890
513 878
513 876
513 875
514 874
513 871
513 869
513 865
513 862
514 859
513 855
513 852
513 848
513 843
512 839
513 836
514 832
513 827
512 821
513 817
514 812
512 807
513 803
513 792
507 794
513 797
513 782
513 778
512 771
513 765
513 761
513 757
514 754
514 749
513 743
513 739
513 734
513 727
513 724
516 718
514 710
514 705
513 701
512 694
513 690
512 687
513 678
513 677
512 669
514 664
512 662
513 652
512 649
514 642
515 635
520 633
510 624
512 621
513 591
512 586
515 582
516 579
512 576
513 572
514 567
513 564
513 559
513 555
514 548
513 545
515 537
512 531
513 524
513 519
514 512
514 504
513 499
514 492
513 488
513 482
515 477
512 472
516 467
513 462
513 456
514 443
512 446
513 438
518 435
513 429
512 423
514 417
513 411
513 405
513 398
513 393
513 387
514 382
516 375
513 369
513 364
514 359
513 354
513 349
513 343
514 338
513 333
514 328
514 324
514 319
512 313
513 309
513 304
514 299
513 294
513 277
521 254
513 272
516 267
514 266
525 262
514 257
516 252
566 250
645 248
740 245
816 241
817 237
971 234
981 230
972 226
949 221
913 217
946 213
959 208
914 205
850 201
882 198
898 196
853 192
859 187
849 185
876 181
854 178
892 176
877 173
805 168
874 166
876 163
810 160
837 157
782 156
773 152
800 149
799 149
762 145
723 145
729 144
747 142
717 141
739 139
738 137
734 136
714 134
699 133
704 131
720 130
689 129
673 128
688 126
705 122
694 125
666 121
674 121
651 120
672 119
662 119
637 117
625 117
645 118
639 116
628 115
594 116
607 116
628 115
579 115
596 115
601 115
598 117
592 115
570 115
591 115
569 116
556 116
543 117
552 118
522 120
509 121
515 124
514 127
514 129
514 131
515 131
514 133
514 134
513 137
514 138
514 139
514 142
514 143
513 145
513 148
514 150
514 152
514 155
514 158
513 161
513 164
514 166
514 170
514 172
515 175
514 178
513 182
513 185
513 189
514 193
513 197
515 202
514 220
514 221
514 229
513 233
513 238
514 241
514 245
514 250
514 257
514 261
514 265
513 272
514 275
514 279
513 286
514 293
513 297
513 300
513 305
514 310
514 317
515 322
514 327
514 333
513 338
514 344
514 349
514 355
513 360
513 365
512 368
513 374
514 380
513 383
513 392
512 396
513 401
512 410
513 417
512 421
514 429
513 434
513 441
513 448
513 453
513 457
514 461
514 466
513 469
514 471
512 481
514 482
514 489
514 495
513 501
513 509
514 512
513 538
513 542
514 546
514 550
515 555
513 561
513 566
513 570
513 576
513 580
512 584
514 590
514 596
515 601
513 609
514 615
514 621
513 627
513 634
513 639
513 646
514 652
514 658
513 664
514 667
514 674
513 678
514 684
513 689
514 696
514 699
514 704
514 716
513 713
513 719
514 724
514 730
514 734
513 738
513 744
513 747
513 751
513 756
513 758
514 762
513 768
514 772
513 775
513 781
511 784
449 787
353 789
242 794
232 797
87 799
62 804
90 809
77 824
103 827
92 828
118 835
133 838
159 841
171 843
154 846
167 852
184 853
189 856
134 859
169 863
187 866
123 868
173 872
203 873
175 877
190 881
214 882
269 885
243 887
281 889
269 891
291 893
280 894
266 896
340 897
267 900
327 901
304 903
315 904
327 905
308 906
367 908
306 908
335 910
321 911
315 913
335 913
358 914
369 916
347 919
358 917
361 918
383 919
378 919
364 916
429 920
408 918
355 922
425 922
428 922
401 922
423 919
434 921
448 923
411 922
441 921
444 921
460 922
459 921
478 920
496 919
502 917
511 915
512 913
512 909
513 908
513 905
512 904
514 903
513 901
513 911
503 898
513 898
513 894
514 894
513 890
513 889
514 887
513 883
513 881
513 878
513 876
513 871
513 870
513 867
513 865
515 860
514 858
513 854
513 851
513 847
513 844
513 839
513 835
513 831
513 826
513 818
514 815
513 809
513 805
513 799
513 786
511 786
527 784
513 780
513 775
512 771
513 766
514 759
514 755
513 753
513 733
513 728
513 723
513 720
