351 921
395 923
375 922
372 921
382 922
398 922
389 922
420 922
430 921
438 922
409 921
445 920
458 926
475 919
498 918
510 915
511 913
512 911
512 909
512 907
514 905
512 903
512 901
512 901
514 900
512 899
513 897
512 894
513 891
513 890
513 887
514 884
512 882
513 879
512 877
513 874
513 871
513 868
513 865
513 862
514 858
514 856
513 851
513 848
513 844
513 843
498 834
514 831
513 826
512 821
513 818
512 812
513 808
513 803
512 796
514 791
512 787
705 127
741 124
733 123
693 122
720 121
742 120
727 119
696 119
670 118
705 117
652 119
680 116
675 115
644 116
649 116
655 115
624 116
616 115
623 114
630 116
613 115
615 116
581 116
604 117
596 116
576 117
542 118
524 120
517 122
515 125
514 127
514 130
515 131
514 133
514 134
513 134
514 136
514 138
515 139
514 142
514 144
514 145
514 147
514 150
514 153
513 153
514 157
514 160
514 164
514 166
514 169
513 172
514 176
515 179
514 182
512 186
513 189
512 782
513 779
512 774
515 771
511 767
514 759
514 754
515 750
513 746
512 739
512 736
513 731
513 725
513 719
513 714
512 709
513 703
513 698
513 693
513 688
513 676
509 678
509 670
513 669
513 662
509 657
512 652
513 647
513 641
513 633
513 630
513 620
513 614
513 607
514 598
513 595
514 587
513 582
513 578
513 574
513 571
513 568
514 562
513 557
513 553
513 547
513 541
513 535
512 529
513 522
512 516
513 510
503 501
516 491
510 487
513 485
513 480
513 393
513 389
513 385
513 380
514 373
513 368
513 363
513 356
513 351
514 348
513 342
512 337
513 332
516 330
515 323
514 331
513 312
513 307
513 302
513 298
513 293
514 290
513 286
513 281
513 277
513 273
513 269
514 264
514 259
515 256
524 251
654 249
732 246
942 247
985 242
960 237
1023 236
1023 232
1023 227
1023 220
1023 218
1023 214
1023 209
1023 205
1023 200
982 198
972 198
1003 191
966 190
939 182
972 182
957 180
970 177
998 173
972 169
975 157
869 156
869 155
857 152
837 152
858 150
785 148
837 146
824 145
830 142
853 142
753 139
833 137
784 135
815 134
788 132
758 132
767 131
748 130
746 128
752 126
772 125
738 123
746 125
745 123
719 121
729 120
710 119
716 120
688 119
683 118
698 117
667 116
660 115
677 115
649 116
634 115
679 115
624 115
598 115
623 115
640 111
598 116
599 116
597 116
610 115
570 116
567 117
539 118
524 121
517 123
515 125
515 128
515 129
513 132
515 133
513 134
513 140
513 141
515 143
514 144
514 146
513 149
514 150
514 153
515 157
514 158
513 162
514 164
514 167
513 170
515 173
514 177
513 179
514 183
513 187
513 192
513 195
513 199
514 203
513 209
514 214
514 219
514 223
514 227
512 233
514 239
512 245
514 249
512 252
514 258
513 262
513 268
514 273
513 277
513 283
514 288
513 292
514 297
514 304
514 309
514 311
513 319
513 326
514 328
513 336
513 342
514 345
513 350
513 357
514 360
514 365
514 371
513 375
512 400
512 404
513 408
513 413
513 418
513 424
514 431
513 437
513 443
513 453
514 453
514 460
512 464
513 468
513 475
514 476
514 481
513 486
513 491
513 498
512 501
513 510
514 515
513 523
512 529
513 535
512 542
512 545
514 552
514 557
514 562
513 567
513 573
508 577
514 582
512 588
513 592
514 601
514 605
512 611
514 617
513 623
514 629
514 636
514 641
513 647
514 652
513 658
514 665
513 669
514 676
513 682
514 688
514 692
514 696
513 701
512 706
514 726
512 730
514 734
513 736
515 739
512 745
514 747
511 752
514 757
514 761
513 765
514 769
514 773
515 778
512 782
478 785
386 787
151 788
116 791
70 797
0 799
0 804
0 808
0 812
0 817
0 821
0 826
0 829
0 833
17 835
34 840
33 844
64 847
44 848
70 853
61 856
44 860
31 861
43 866
101 868
57 871
37 875
104 878
112 880
131 883
139 884
163 887
144 889
187 891
218 893
217 895
198 897
231 897
248 899
228 900
241 903
223 904
233 905
257 906
272 908
234 912
295 913
315 914
319 916
288 916
296 916
296 917
345 918
315 919
335 919
334 919
341 921
365 921
349 920
351 922
395 923
391 922
367 922
402 922
410 921
414 921
393 922
415 920
422 923
414 920
463 922
431 920
468 914
501 918
501 916
512 914
512 911
512 909
513 906
513 904
513 904
513 904
512 901
513 900
514 898
512 897
513 894
513 893
513 890
513 887
513 886
513 883
512 879
512 878
513 874
512 872
512 869
517 865
513 861
512 858
512 855
513 853
512 838
514 833
509 830
514 827
513 823
513 818
514 814
513 808
513 803
513 799
513 794
514 788
513 783
513 777
511 772
513 768
511 764
513 757
513 752
513 748
513 743
514 739
513 734
514 728
513 724
514 719
513 711
513 707
513 701
513 694
513 692
513 686
513 686
513 675
510 675
513 665
513 661
513 657
513 652
513 644
513 637
513 632
513 622
513 619
512 610
514 603
512 597
514 591
513 587
513 581
513 577
513 573
514 568
513 565
513 560
514 554
513 550
513 404
513 401
512 396
512 393
513 388
513 382
513 376
512 371
513 366
513 361
513 355
513 349
513 344
513 339
514 334
513 329
533 322
512 319
528 305
515 309
514 305
513 300
514 296
514 291
511 287
512 287
511 280
512 276
513 272
513 267
513 261
515 258
513 254
525 252
622 248
757 246
981 246
995 240
1023 238
1023 233
1023 230
1023 223
1023 221
1023 216
1023 212
1023 207
1019 204
1017 200
999 197
958 196
968 191
986 196
960 182
974 180
973 179
959 175
1005 163
922 161
900 159
928 157
894 155
883 153
829 151
828 149
840 147
805 146
848 143
812 141
778 140
795 140
828 137
783 136
762 133
793 133
747 131
750 130
797 128
768 126
736 126
756 124
749 125
737 123
714 122
726 121
737 120
697 120
684 120
675 119
686 118
684 118
676 116
684 117
639 117
663 116
655 115
633 115
634 117
630 116
611 116
638 116
602 117
614 115
608 117
574 115
574 116
561 117
523 119
520 122
516 123
515 127
514 128
514 132
513 132
515 137
511 138
517 138
514 141
514 142
513 145
514 147
514 150
514 152
513 155
515 158
514 161
515 163
514 163
513 169
514 169
513 176
514 178
515 181
514 185
514 189
513 193
514 197
514 201
513 205
514 209
514 214
514 220
514 226
514 231
513 236
513 239
513 246
511 251
514 255
514 260
513 265
513 270
513 275
513 280
514 285
514 290
513 295
513 300
514 305
513 309
514 318
517 321
514 325
512 333
513 338
513 342
514 349
514 352
514 356
513 363
514 368
514 389
514 392
514 395
514 401
513 407
513 413
514 420
514 427
513 435
516 441
515 449
514 449
514 458
516 460
514 464
513 470
513 472
512 479
514 481
512 488
513 490
513 499
512 507
514 511
513 520
514 527
513 531
514 539
511 543
513 549
514 554
513 560
514 565
513 569
514 575
514 579
513 584
514 589
513 595
514 603
514 607
512 613
514 619
513 625
514 632
514 638
514 644
514 650
514 656
514 661
513 667
513 672
514 678
513 683
514 688
514 691
513 698
515 717
513 720
515 723
510 727
514 733
514 737
514 741
512 747
513 752
513 754
514 758
513 763
514 768
514 773
514 776
512 780
510 784
430 787
204 787
138 790
96 794
0 798
0 800
0 807
0 810
0 814
0 819
0 824
0 827
0 833
8 835
7 838
11 841
64 844
48 849
69 850
86 855
0 856
89 860
80 863
37 866
58 870
34 873
73 876
116 879
105 882
183 883
117 887
154 887
178 888
226 890
247 892
194 895
247 897
163 898
253 900
207 901
231 903
259 904
238 904
285 911
268 911
261 911
250 913
278 913
312 913
277 916
312 916
312 917
322 918
304 919
359 919
373 921
340 922
334 920
389 920
378 921
369 922
390 922
389 922
405 922
403 921
408 921
395 924
424 921
424 921
430 921
439 920
450 919
475 915
508 917
510 915
512 912
512 910
512 908
513 906
512 904
513 903
512 902
513 901
513 899
513 897
515 896
513 896
514 890
513 890
513 887
513 886
514 882
513 880
513 877
513 873
513 872
514 868
511 866
513 861
513 857
513 842
513 841
513 838
513 838
514 829
514 825
513 820
513 816
514 812
513 807
513 803
513 797
511 790
514 785
516 781
513 778
513 771
513 765
513 762
514 756
512 752
513 747
513 741
513 738
513 733
513 727
513 721
513 715
513 707
513 703
513 699
513 694
513 688
513 684
510 689
513 674
516 668
514 664
513 660
513 653
512 649
513 640
513 637
513 629
514 621
514 616
513 607
514 602
513 596
514 590
513 585
513 580
514 576
513 570
515 568
513 561
513 558
513 536
511 531
513 527
514 521
513 516
514 509
512 507
514 501
513 499
511 489
510 481
513 476
513 472
513 466
513 462
513 457
513 451
513 446
513 441
513 435
513 430
515 423
513 417
513 410
514 404
513 398
513 392
513 386
512 380
511 376
514 368
514 363
512 358
513 352
513 348
516 343
513 338
513 333
514 327
508 324
514 319
515 309
514 312
513 303
513 298
513 294
513 290
513 287
513 282
513 278
514 274
513 270
513 265
515 260
513 256
522 251
609 250
707 626
511 621
514 616
514 609
513 606
513 601
513 590
512 589
513 582
513 578
513 573
513 569
513 567
513 559
513 558
512 552
513 547
514 539
514 534
512 527
513 519
513 515
513 508
513 502
520 496
515 489
511 481
514 480
513 476
513 469
514 466
513 460
514 455
513 450
514 444
513 439
513 432
512 426
514 420
513 414
513 408
513 403
513 395
513 390
513 384
513 378
513 373
514 366
513 363
514 356
514 351
513 346
514 340
514 336
513 331
513 326
518 322
512 287
513 285
514 281
513 277
513 272
512 267
514 263
514 258
516 254
524 250
636 248
745 246
1006 245
977 242
970 237
1023 237
1023 231
1023 225
1023 222
1023 217
1023 212
1023 209
1023 204
1023 201
1011 198
962 194
939 191
976 191
977 183
956 180
944 179
972 175
969 173
1003 169
962 167
938 163
959 160
922 158
922 155
878 153
806 151
891 150
773 148
833 145
817 144
814 142
829 141
760 139
829 138
791 136
812 135
753 134
794 131
784 130
745 129
792 128
734 124
713 120
728 118
725 122
743 121
698 118
705 119
683 119
696 117
676 118
666 116
665 117
653 117
631 116
662 116
647 116
633 116
631 116
600 115
650 115
603 116
590 115
610 117
589 117
571 117
555 118
549 119
515 121
514 123
515 125
514 129
509 131
514 133
509 133
514 134
514 136
514 137
514 139
514 140
514 142
514 145
513 146
515 153
514 151
514 154
513 156
514 160
514 162
513 165
515 168
513 171
514 173
515 179
514 180
514 184
513 188
513 206
514 209
513 211
514 215
514 222
514 227
513 229
514 235
514 239
514 245
514 248
514 253
513 259
513 263
514 270
514 275
515 278
514 286
513 290
514 293
516 298
513 305
515 309
515 312
514 319
513 327
514 331
514 335
514 341
514 347
514 351
514 356
514 360
514 365
513 372
514 376
513 381
513 387
514 392
513 400
514 405
513 411
513 420
514 425
513 431
513 439
514 444
513 450
512 455
513 459
514 464
513 468
514 473
513 477
513 482
512 485
513 491
515 518
513 522
514 526
514 530
515 535
513 542
516 549
514 553
508 559
512 564
509 567
514 574
513 578
513 582
514 589
514 593
513 599
514 606
514 612
514 618
513 623
514 631
514 637
514 642
514 648
514 654
514 650
513 666
514 671
514 677
514 683
513 687
514 692
514 697
514 702
514 707
513 711
513 717
513 720
515 727
515 731
513 737
514 741
513 745
512 749
514 753
514 757
513 761
513 766
513 770
513 775
512 780
512 783
443 787
251 786
117 789
125 796
51 810
0 812
0 814
0 818
0 821
0 826
0 830
0 835
0 838
3 841
61 845
45 847
27 850
60 854
45 857
66 861
59 863
55 867
40 870
62 872
99 875
97 877
91 881
151 883
128 885
143 887
212 889
188 891
220 892
227 895
179 896
212 897
248 899
219 901
260 903
265 902
248 905
274 905
266 908
255 908
258 909
299 912
290 911
258 913
306 915
311 915
313 916
298 916
314 917
343 917
309 919
355 920
348 920
325 920
378 920
381 920
366 921
363 922
390 921
377 922
428 923
407 921
413 921
434 921
431 921
451 919
472 919
509 918
504 916
510 914
512 910
512 908
512 907
507 904
513 903
508 902
513 901
513 899
514 898
513 897
513 894
513 892
513 890
513 887
512 884
513 882
513 880
513 877
513 874
513 871
515 868
513 866
513 863
513 859
513 855
513 852
515 849
513 846
512 840
513 836
514 832
512 820
513 823
514 818
513 813
513 806
514 801
513 798
513 792
513 788
513 782
513 777
514 773
512 770
514 763
512 755
513 752
512 749
513 730
513 726
512 721
512 717
512 712
512 705
512 700
513 696
513 690
513 687
513 681
522 675
507 675
525 658
513 660
513 655
513 648
513 644
513 636
513 631
513 625
510 616
512 610
513 602
514 598
513 590
513 585
513 581
513 576
514 573
514 567
515 564
513 559
513 554
513 550
513 544
512 537
510 531
513 525
513 518
513 513
513 506
513 499
510 492
512 489
511 497
514 477
512 474
514 466
513 464
513 458
513 453
513 449
514 442
512 436
513 430
514 405
514 400
513 397
514 393
514 387
514 382
512 377
513 370
512 365
513 360
514 354
513 348
513 344
512 338
513 334
512 329
513 324
503 319
514 315
517 303
513 304
511 298
513 295
513 291
513 287
513 283
514 279
513 276
513 269
513 264
515 259
514 256
516 253
569 250
667 249
776 247
977 244
969 240
1023 238
1023 234
1023 229
1023 225
1023 220
1023 215
1023 210
1023 207
1023 203
998 199
972 197
990 194
975 190
968 181
939 183
970 162
996 178
963 174
967 162
900 160
885 158
896 156
872 155
882 152
857 151
818 151
857 147
838 144
811 143
813 141
797 141
807 139
774 136
809 135
789 133
783 132
782 131
733 130
800 129
713 128
742 125
776 126
763 124
746 123
715 128
751 120
720 120
706 120
701 120
676 119
683 118
677 116
669 117
664 116
635 115
663 116
632 116
611 116
638 115
640 115
606 116
621 115
612 116
611 116
590 117
607 116
559 118
548 118
518 119
521 122
515 125
515 128
514 129
514 132
514 133
514 138
514 140
514 139
515 141
514 143
514 147
514 148
513 150
514 152
514 155
513 156
513 160
514 163
513 166
513 169
515 172
513 175
514 179
514 182
514 185
513 189
513 193
513 197
509 202
514 206
513 211
514 215
512 221
514 226
514 232
514 238
514 241
514 246
513 250
514 255
514 260
513 265
514 271
514 276
515 281
513 287
514 291
514 296
514 301
514 305
514 309
514 318
514 321
514 327
513 333
514 338
514 342
513 350
514 353
513 357
514 364
513 368
513 390
514 393
514 397
514 402
513 407
511 415
514 421
514 428
512 435
514 440
513 448
514 451
513 457
514 461
512 465
514 470
512 473
513 479
515 481
513 488
513 493
512 499
513 509
514 511
514 521
513 525
515 533
511 538
513 543
514 550
514 555
515 560
514 565
513 570
514 575
513 579
513 585
514 590
510 597
514 602
514 608
514 614
514 620
513 626
514 632
513 639
514 645
514 650
513 655
514 662
513 668
514 673
513 679
513 684
513 688
513 694
512 699
513 715
514 720
514 724
513 729
514 735
514 737
514 744
512 747
513 751
513 755
513 759
513 764
514 768
513 773
513 777
511 781
510 785
414 787
156 787
140 791
133 797
44 798
0 801
0 806
0 811
0 815
0 819
0 824
0 827
0 831
12 836
0 838
61 843
70 846
19 848
94 850
68 854
49 858
68 861
25 864
45 867
86 870
77 874
56 878
84 878
175 881
128 884
136 886
184 887
168 889
210 892
225 891
233 894
223 898
227 898
223 901
210 901
217 896
256 905
251 905
251 907
255 911
283 912
299 912
264 917
280 915
301 915
310 916
342 918
303 919
294 919
342 921
373 920
333 920
364 920
375 924
385 920
363 922
379 923
391 921
411 921
395 922
411 922
409 921
423 922
438 921
424 921
450 922
475 920
480 919
491 912
513 915
512 912
512 910
512 906
512 906
513 903
513 904
512 902
512 899
513 899
512 898
513 894
512 894
513 891
513 888
512 886
512 884
513 881
512 878
513 874
513 874
514 869
513 867
510 863
513 861
514 858
513 843
513 839
513 837
512 833
512 828
513 805
514 820
513 817
512 810
513 806
513 800
514 794
513 789
513 785
513 781
513 775
513 770
513 766
513 760
513 756
513 751
512 747
513 741
514 735
513 730
514 726
512 720
515 714
513 710
513 704
513 696
513 695
513 688
512 682
513 678
512 673
511 671
508 665
513 656
513 653
513 648
514 639
513 636
513 625
513 623
513 613
513 608
513 601
513 593
513 590
514 582
513 581
513 573
513 570
513 568
512 560
511 559
513 535
512 531
513 527
513 522
513 516
514 509
513 503
513 495
515 482
512 485
517 480
514 475
513 471
512 466
513 461
513 457
514 452
513 446
513 439
514 434
513 428
514 422
513 415
516 408
513 403
514 396
513 391
514 385
513 379
513 375
513 368
513 363
513 358
513 352
513 347
513 343
513 336
513 332
514 328
513 322
514 318
514 316
514 308
514 304
514 298
513 293
513 290
513 285
513 281
513 277
513 272
513 269
514 263
513 259
515 255
525 251
638 249
727 237
1023 237
1023 235
1023 231
1023 227
1023 221
1023 219
1023 213
1023 209
1023 206
1023 201
996 198
977 195
994 192
970 185
935 191
981 180
979 174
984 176
986 173
955 170
953 167
975 164
943 160
913 157
899 156
894 154
847 151
850 150
834 147
835 146
819 145
842 143
793 141
757 139
800 138
780 135
797 135
798 133
784 133
779 127
767 129
751 129
752 126
761 125
740 125
728 124
735 120
748 123
750 120
694 120
704 119
688 117
696 119
694 116
670 117
653 115
626 116
653 118
628 115
634 116
629 113
653 115
608 116
567 116
610 117
601 117
572 117
550 117
545 119
520 121
515 123
515 126
516 128
514 130
515 132
515 133
514 134
513 136
514 137
514 139
514 138
512 142
514 148
514 147
514 149
513 151
514 154
514 157
513 159
514 160
514 164
514 167
514 169
514 172
515 177
514 181
514 183
514 188
514 191
514 194
514 199
514 204
514 209
515 214
514 219
514 222
514 227
514 232
514 237
514 243
515 250
514 253
514 274
514 275
515 278
515 282
514 289
513 293
514 297
514 303
513 307
514 312
513 318
515 321
513 332
514 334
513 339
514 346
514 350
514 355
514 361
514 366
514 370
514 376
514 380
513 386
514 390
514 398
513 404
513 411
514 417
514 424
514 432
514 436
514 444
514 449
514 453
513 458
515 462
513 468
514 471
514 475
514 480
515 485
515 488
515 497
513 502
514 509
513 515
513 521
513 529
511 535
514 541
513 548
514 552
512 559
514 560
513 566
513 572
513 591
514 596
514 599
514 604
513 611
513 616
514 622
514 630
513 634
514 641
515 646
511 653
514 660
515 664
513 669
512 676
514 680
514 685
514 690
513 697
514 701
514 707
513 710
513 716
514 721
513 724
514 731
514 736
513 741
513 743
513 747
512 751
515 755
513 759
514 764
514 770
514 776
513 779
510 782
469 786
286 787
138 789
161 793
98 795
0 799
0 802
0 794
0 812
0 817
0 821
0 826
0 829
0 834
0 836
0 840
52 842
46 847
54 848
56 852
8 855
82 868
64 870
73 873
104 875
79 878
113 881
162 883
111 885
189 887
168 889
190 891
261 893
182 894
259 896
192 896
238 899
199 901
245 902
271 903
262 904
295 906
225 906
294 908
242 910
277 909
293 912
261 915
307 914
304 915
311 915
301 917
314 918
323 918
312 919
357 920
330 922
354 920
363 921
357 921
372 922
373 922
409 922
377 923
393 921
398 922
399 922
437 922
407 922
427 921
430 921
464 920
468 920
498 918
507 916
512 914
513 911
512 909
512 901
513 901
514 901
512 900
512 898
513 897
513 894
513 892
512 890
513 887
513 886
513 883
514 879
513 878
513 875
513 873
513 868
512 865
513 863
515 860
513 857
514 852
513 849
513 846
513 842
513 837
513 832
514 827
513 820
513 819
513 814
513 808
512 803
513 797
510 793
513 789
513 784
513 778
512 772
514 767
514 762
513 760
513 755
513 749
514 742
512 741
514 736
513 727
514 724
513 719
513 714
513 706
512 703
513 696
513 691
513 687
513 681
513 660
512 656
513 653
513 649
513 644
513 639
513 631
513 624
513 620
513 610
514 605
513 599
516 591
512 586
514 580
513 577
513 572
513 569
513 564
513 560
514 556
513 550
513 545
513 539
514 534
513 526
513 521
513 512
513 507
513 501
514 492
516 489
505 481
510 479
513 475
513 468
513 465
512 458
513 455
513 449
513 443
512 438
513 432
513 426
513 418
513 413
513 407
515 400
513 395
513 389
513 383
514 378
513 372
512 367
514 362
513 355
513 351
515 332
513 328
513 326
513 321
509 316
530 305
513 307
513 300
513 296
513 292
514 288
514 285
513 279
514 276
513 271
514 267
513 261
515 257
517 253
554 251
618 248
756 246
967 246
967 240
982 238
1023 236
1023 229
1023 226
1023 221
1023 217
1023 212
1023 208
1023 204
1023 200
957 197
1003 194
948 196
962 187
952 187
929 181
1020 179
945 175
990 172
1016 169
946 166
1018 163
938 161
893 160
939 155
863 153
877 150
823 149
823 147
839 145
830 143
786 138
769 136
796 135
809 134
811 133
746 133
757 130
772 128
735 128
766 126
733 125
764 123
720 122
740 120
717 120
710 120
723 119
693 119
693 118
690 116
681 117
664 117
654 116
646 116
660 115
630 115
625 118
635 115
639 115
620 116
608 115
619 116
609 116
604 114
584 116
573 117
570 118
526 122
520 122
516 124
516 128
516 128
514 130
514 132
514 133
514 134
513 136
513 138
513 139
515 141
514 144
513 144
514 147
514 149
514 152
513 155
513 157
514 169
514 171
514 174
513 174
514 177
514 180
514 184
514 189
513 192
514 196
515 202
514 205
514 210
514 215
513 220
514 224
514 230
514 236
512 240
514 244
513 250
514 257
511 261
513 264
515 270
513 275
513 281
513 286
514 285
513 295
514 301
514 303
513 310
514 317
514 320
514 326
514 331
512 336
513 341
513 350
513 351
514 356
513 363
514 366
514 374
513 378
514 381
513 390
514 392
510 402
513 407
515 410
514 424
514 425
513 433
512 440
513 445
514 466
514 469
515 470
513 473
513 478
514 483
514 487
513 494
512 498
509 506
513 510
513 519
513 523
514 531
513 538
514 539
513 548
514 553
515 558
514 564
514 569
514 575
514 577
514 583
514 588
512 594
514 601
513 607
513 613
514 619
514 625
514 631
514 636
514 644
514 650
514 654
513 660
514 667
513 674
514 678
514 682
513 688
514 693
514 699
514 703
514 707
513 713
512 718
513 723
513 726
514 732
514 738
514 741
514 746
515 751
513 756
513 759
514 777
513 779
512 782
510 785
449 787
247 786
117 790
68 795
28 796
0 798
0 805
0 808
0 813
0 818
0 823
0 826
0 832
0 834
8 839
22 842
51 845
40 848
51 851
49 854
103 856
50 861
43 864
48 866
78 870
105 873
80 875
81 877
98 881
144 884
162 885
146 888
183 890
147 892
197 893
249 896
212 897
242 898
227 899
211 900
265 901
272 903
245 907
241 906
276 908
276 909
251 910
286 911
252 912
307 915
309 915
269 914
323 916
312 918
340 918
311 919
324 919
366 921
349 922
376 923
388 921
397 923
385 922
388 921
418 921
404 921
420 922
410 922
433 921
413 923
452 921
452 919
482 919
497 918
513 914
512 913
511 910
513 907
512 906
513 905
513 905
512 901
513 901
512 899
513 898
513 896
513 894
513 891
513 889
513 887
513 886
513 882
513 879
513 876
515 874
513 872
513 869
512 865
513 862
512 858
512 854
512 852
514 847
513 846
513 840
513 838
512 832
509 823
509 816
513 816
513 811
513 807
513 802
514 797
515 777
513 773
513 771
514 767
513 761
514 756
513 752
513 747
514 743
512 736
513 731
513 728
512 722
513 715
513 711
513 706
513 699
512 694
512 690
513 684
514 680
513 674
510 674
511 664
513 659
513 654
514 648
514 643
513 636
513 629
513 624
513 615
512 609
514 601
514 596
513 590
513 584
513 581
512 575
513 573
513 567
513 562
513 560
512 553
513 549
513 542
513 536
513 530
513 524
513 518
513 510
513 506
512 499
511 495
522 493
512 487
518 480
513 457
513 454
514 450
513 446
513 442
512 436
513 429
512 424
514 416
513 412
513 405
514 400
513 393
513 387
513 382
512 376
513 370
512 365
513 359
513 353
513 348
512 343
512 338
513 333
514 329
513 324
515 317
512 311
512 293
510 303
516 299
514 296
514 291
513 287
513 284
514 277
513 274
513 272
513 264
514 262
516 257
518 252
582 251
663 247
883 247
1004 243
1011 239
1023 238
1023 233
1023 229
1023 225
1023 221
1023 214
1023 210
1023 208
1023 193
973 191
989 189
982 185
951 176
977 173
970 177
964 175
976 171
991 167
955 165
932 162
905 159
905 158
859 155
865 153
877 151
812 149
837 147
793 145
842 144
808 142
789 140
828 139
753 137
829 135
769 134
813 132
757 132
711 130
784 129
707 128
786 126
745 124
765 124
722 122
735 119
737 131
693 120
723 120
689 118
709 118
687 117
658 119
685 117
681 117
651 116
636 115
654 116
658 115
620 115
620 115
626 116
626 116
581 117
629 116
579 116
580 121
510 125
515 124
515 126
515 128
514 129
514 131
514 135
514 134
514 135
513 136
514 139
515 139
512 142
514 144
513 146
514 148
516 151
514 153
513 156
514 158
513 161
513 164
512 165
514 169
513 172
514 176
514 179
513 182
516 186
514 189
515 193
514 198
513 204
514 207
513 211
514 216
514 221
514 227
514 233
513 238
514 242
513 246
513 251
513 255
513 261
514 267
513 271
514 275
514 283
516 286
514 293
516 297
513 304
516 305
514 312
514 318
513 337
518 341
514 341
513 348
513 355
514 360
514 363
513 372
513 372
514 378
514 384
514 390
514 398
514 400
513 411
513 416
514 420
514 430
513 434
514 442
