513 451
512 454
513 457
514 460
512 465
514 462
512 473
514 481
520 485
513 486
514 489
511 496
512 501
511 509
512 515
513 522
514 529
514 537
512 543
512 550
510 556
512 560
513 565
513 572
515 575
512 578
510 585
512 587
513 596
514 600
514 607
513 613
514 619
512 626
512 632
515 638
513 645
514 647
514 656
512 659
513 668
512 675
513 679
513 687
514 689
513 693
515 698
513 703
512 709
513 713
513 719
513 723
513 728
513 733
512 738
513 741
512 745
514 497
514 491
506 489
515 480
513 474
514 470
514 464
515 458
514 454
514 449
511 444
513 439
513 433
515 428
516 421
513 416
515 410
517 403
514 396
513 393
516 384
513 378
516 373
514 366
513 361
513 356
514 350
514 344
513 340
513 336
514 331
514 326
519 327
514 334
513 312
491 309
517 303
512 298
513 292
513 291
513 284
514 283
513 278
514 274
513 270
516 265
515 261
516 257
517 253
520 249
822 250
753 246
706 240
658 235
655 231
674 229
657 222
514 678
512 676
513 688
513 693
513 698
513 702
513 707
512 712
513 717
512 722
513 726
513 731
512 735
511 740
513 744
513 747
514 752
514 756
513 759
513 766
512 763
511 773
511 773
509 781
378 781
306 786
320 791
348 795
385 800
352 804
369 808
402 811
378 816
374 820
369 822
349 827
375 831
396 836
374 837
361 842
392 849
418 849
399 856
386 855
394 858
402 861
414 866
386 868
393 872
390 875
429 879
377 881
394 884
439 893
429 889
418 890
434 893
513 901
513 900
513 899
514 897
511 896
514 893
512 893
513 889
513 887
513 883
516 880
512 878
513 875
514 871
512 870
515 866
513 865
512 860
509 855
513 853
513 842
515 845
514 843
513 838
513 836
515 829
514 823
511 816
513 813
513 809
513 802
512 794
514 791
513 788
512 784
513 780
512 774
512 767
513 763
512 760
513 754
513 748
513 744
514 740
512 737
513 729
514 723
513 720
512 714
513 707
513 704
513 698
511 694
530 678
507 684
513 677
512 672
514 444
514 441
513 436
514 430
514 423
514 418
515 411
514 405
513 399
513 392
513 386
514 381
514 375
513 370
514 364
513 358
515 353
514 347
514 342
513 338
514 333
514 328
515 323
514 319
513 304
513 308
515 299
530 298
514 294
516 292
511 304
528 283
516 279
514 276
513 270
513 267
515 262
515 258
515 254
522 250
727 245
802 246
709 233
687 238
627 233
682 228
662 223
620 221
646 216
683 212
645 208
643 203
637 202
658 197
643 195
607 190
644 114
547 115
569 114
550 113
547 105
550 114
561 104
547 113
531 117
541 111
538 113
554 107
545 119
524 111
538 110
526 111
535 117
532 113
520 114
517 121
521 121
513 135
518 117
511 132
516 130
514 132
514 134
513 136
514 136
513 138
513 139
514 141
514 143
514 144
514 145
513 142
513 152
513 155
513 158
512 162
513 164
513 167
513 169
514 176
513 174
514 179
514 182
512 185
513 188
514 193
514 197
512 201
513 205
514 210
515 218
508 220
512 228
514 331
513 335
514 339
514 343
514 346
513 351
513 362
516 365
513 366
511 374
514 376
512 382
511 388
512 390
514 398
515 403
513 411
511 418
513 424
512 431
513 439
512 447
514 451
513 458
515 461
513 466
511 466
513 473
511 480
513 482
513 489
511 492
513 500
511 504
512 512
512 520
515 525
511 533
516 538
512 546
514 552
513 558
510 563
513 566
513 574
513 576
512 583
514 587
511 592
512 598
514 604
515 609
513 615
512 622
513 620
512 635
512 641
516 729
513 733
513 735
514 738
513 742
513 746
513 750
512 755
513 758
512 763
512 768
514 770
510 776
509 780
508 781
271 786
318 790
381 794
374 798
369 801
377 806
402 809
380 812
361 817
378 822
400 826
360 830
372 834
394 837
401 840
390 846
374 846
413 851
390 855
390 858
391 860
365 865
403 868
418 871
388 874
384 877
387 880
434 883
420 885
423 888
417 890
392 892
434 893
467 895
432 897
452 899
405 900
454 901
441 901
451 906
438 907
414 907
477 925
477 924
497 921
490 922
493 919
487 924
476 924
476 924
504 924
507 922
499 921
508 919
514 920
512 912
513 911
514 908
513 905
511 904
513 902
513 902
513 899
514 902
513 897
513 899
512 893
513 892
512 889
513 886
512 881
512 880
514 877
512 875
513 873
514 870
513 868
513 864
513 858
515 857
513 852
513 850
509 846
513 842
513 838
514 833
513 828
513 825
513 819
513 813
513 809
512 802
512 799
514 794
513 790
513 785
514 779
513 774
514 770
513 651
514 646
513 643
513 636
514 629
513 624
513 617
512 609
515 601
513 596
514 589
514 583
513 577
511 574
512 569
516 565
514 562
513 556
514 552
513 547
514 543
512 536
513 530
514 523
513 518
515 508
513 503
514 495
513 488
506 486
515 473
503 477
513 467
513 463
513 457
515 452
513 450
514 441
513 436
515 431
514 424
510 419
514 410
513 406
513 399
515 393
514 388
514 382
517 376
514 368
514 364
514 359
514 353
514 350
513 344
513 339
513 334
621 168
633 173
672 174
622 145
631 164
620 182
636 162
610 134
615 155
589 150
638 148
594 148
579 135
571 139
603 141
591 133
571 137
601 137
606 136
575 133
598 132
569 130
574 128
565 128
586 127
561 125
567 124
593 120
603 123
574 117
563 120
547 119
563 118
582 117
586 116
564 116
535 115
546 115
572 114
572 114
539 113
546 113
534 112
558 113
557 113
531 109
529 114
528 98
552 115
542 108
536 110
528 115
528 112
520 112
541 114
512 121
516 117
513 126
520 134
513 132
513 137
513 135
513 138
513 136
513 138
513 143
514 141
513 145
514 147
512 149
513 151
512 154
514 158
513 159
513 163
514 165
514 169
512 172
514 175
514 178
512 182
510 185
513 190
514 193
515 197
513 202
515 207
512 209
516 213
500 216
513 230
500 238
514 240
502 236
511 242
515 257
512 253
517 258
514 260
516 268
517 271
514 282
503 282
517 294
502 295
510 302
517 309
514 307
518 315
513 317
514 323
513 328
513 335
514 340
515 402
513 409
511 417
513 422
511 432
515 437
514 444
511 450
514 455
510 462
512 463
513 470
515 474
515 474
511 483
513 489
515 498
513 497
514 506
517 509
512 516
510 524
513 531
509 539
513 543
512 552
515 555
512 562
512 566
512 571
512 576
513 580
512 588
515 591
514 597
511 604
514 609
513 614
512 620
512 628
514 633
513 639
512 646
513 652
513 657
512 665
513 669
513 675
512 680
513 685
512 691
514 695
513 701
513 704
513 711
512 714
513 718
508 773
510 775
511 780
510 783
264 785
291 788
335 793
394 798
370 800
357 806
378 810
385 811
391 817
344 818
366 826
396 829
376 833
372 836
393 840
404 843
393 845
394 850
379 853
394 857
403 860
410 862
362 867
370 870
435 874
418 877
400 879
388 883
391 884
441 887
444 889
430 891
422 893
404 895
460 901
438 899
439 900
428 902
459 904
425 904
469 905
418 907
430 908
459 909
438 909
476 913
433 913
455 914
458 916
474 918
449 918
444 917
465 919
479 925
457 924
467 925
497 925
472 924
485 921
490 925
504 923
501 918
468 921
480 923
503 920
507 919
509 918
511 917
514 915
513 911
512 908
513 901
512 905
514 903
510 900
513 902
514 899
517 898
513 896
515 894
513 891
512 889
513 887
512 884
512 879
513 882
512 875
513 874
513 871
513 869
514 864
513 861
514 857
512 848
519 850
513 847
513 843
513 839
515 834
513 830
513 826
513 820
513 816
513 805
511 804
514 798
513 794
513 787
514 784
514 729
512 725
513 720
513 717
512 709
516 704
513 701
513 693
513 684
513 689
516 682
514 673
513 668
513 668
513 661
513 653
516 648
511 645
512 637
515 630
512 626
516 616
513 611
514 602
514 597
512 592
516 583
512 580
513 573
511 569
513 570
510 560
515 553
514 553
516 547
512 543
513 536
515 530
514 524
514 516
510 510
517 502
514 495
513 486
514 494
511 478
510 492
527 467
514 462
514 459
514 453
516 449
514 442
514 438
512 432
514 425
513 419
514 320
514 317
514 315
514 310
513 297
515 303
508 292
511 292
505 294
506 284
505 272
511 281
514 272
513 267
513 264
516 259
519 252
519 252
693 254
744 248
693 244
691 238
652 234
649 231
656 226
671 223
662 219
646 214
640 210
668 205
663 202
628 198
615 196
623 193
637 188
639 183
610 183
636 181
660 177
637 173
624 169
611 165
668 165
626 162
601 155
632 155
595 153
608 153
627 152
586 145
594 139
562 144
632 142
598 138
584 138
578 136
585 134
619 115
539 114
546 111
565 113
555 113
550 111
540 113
538 114
541 113
557 116
566 109
526 120
532 117
550 117
559 112
531 117
527 116
519 110
534 117
521 116
519 119
512 118
515 126
513 130
515 133
517 129
513 133
513 134
513 136
514 137
513 138
514 140
513 141
513 144
518 145
513 148
513 151
512 154
513 158
513 160
515 161
514 165
513 167
512 171
512 174
513 177
514 180
516 185
511 188
513 191
513 196
513 199
513 204
514 210
513 210
510 217
511 229
513 320
516 324
513 328
517 324
513 339
514 343
512 352
513 353
513 357
512 367
514 367
514 375
513 379
514 384
511 392
515 396
512 401
514 408
513 416
511 422
513 429
512 438
515 443
513 450
516 454
513 460
513 464
514 468
512 473
513 476
513 482
513 485
512 493
511 495
514 502
512 509
511 515
512 524
516 529
512 543
514 543
513 549
510 555
513 559
510 566
513 571
514 575
513 580
513 585
511 590
513 595
511 603
513 607
513 613
512 619
512 626
511 632
513 709
512 713
513 719
513 723
513 728
513 733
514 737
512 742
513 742
510 748
513 753
512 757
513 758
512 765
512 768
510 775
511 777
510 782
280 784
334 791
334 794
388 797
390 802
352 805
376 809
379 816
378 817
367 827
366 826
366 826
373 834
393 837
402 840
370 845
378 848
411 850
401 853
395 853
386 859
403 863
413 867
398 870
359 873
415 876
396 879
416 883
415 884
439 887
420 889
425 891
433 893
403 894
455 896
460 897
425 900
468 901
390 903
493 924
489 920
478 924
501 923
456 923
470 926
488 925
478 924
501 925
480 924
478 926
466 924
511 925
501 925
475 924
485 923
507 922
506 922
514 917
514 915
510 913
513 909
512 907
513 904
513 903
514 903
514 900
513 900
513 899
513 896
512 894
512 893
513 889
513 887
513 885
513 881
513 879
513 875
515 875
511 872
513 868
514 864
514 862
513 859
514 855
513 860
506 847
513 844
512 841
512 835
513 831
513 826
513 814
513 819
513 811
512 805
514 798
512 690
513 693
512 685
516 681
517 677
518 670
513 667
513 661
514 656
515 649
513 646
513 639
514 632
512 629
512 623
511 613
513 604
517 597
513 589
517 584
513 581
513 574
511 573
513 566
515 562
513 559
515 553
510 550
514 542
512 538
515 532
513 524
513 519
513 507
511 505
515 497
512 492
513 481
513 484
516 470
517 475
513 464
515 459
514 456
513 451
513 444
513 440
515 432
514 427
515 421
513 415
514 406
514 402
515 394
513 390
513 384
516 379
508 276
513 278
509 275
514 268
513 264
513 260
518 256
520 252
694 253
785 248
672 243
657 239
674 236
650 232
625 227
645 223
676 219
644 215
663 210
641 207
666 202
660 199
634 196
632 193
628 190
630 187
642 183
615 180
631 170
671 175
623 170
637 166
623 163
645 172
622 167
596 159
610 151
597 165
602 146
613 148
598 143
579 143
556 141
636 140
603 145
589 136
589 135
564 132
585 131
594 129
564 129
550 127
594 122
569 127
603 123
569 124
583 120
532 111
567 113
562 118
539 113
535 108
520 117
554 112
535 118
524 113
520 118
523 119
522 117
515 124
523 129
521 124
525 124
512 133
512 136
512 134
511 135
513 137
513 138
513 137
511 142
513 144
514 146
513 148
515 151
513 155
513 157
514 159
514 162
513 164
513 168
512 170
513 173
513 177
514 180
513 184
514 187
513 192
513 197
514 197
515 201
512 208
513 214
513 219
513 225
517 227
513 231
521 238
511 251
510 249
513 253
513 257
510 262
517 377
514 381
513 387
513 384
514 389
511 396
513 399
512 408
514 413
513 421
510 426
513 434
512 440
513 447
512 455
518 458
514 463
512 469
514 470
513 478
513 479
514 486
513 490
513 495
514 501
514 508
512 514
514 520
509 529
508 534
513 542
513 548
514 555
513 559
513 564
512 570
512 574
514 579
514 584
513 590
512 594
513 600
509 605
512 613
514 618
513 624
512 631
512 637
512 643
512 650
513 655
514 660
512 667
513 672
513 679
513 683
513 689
513 787
346 791
340 793
354 795
400 799
390 803
335 814
383 811
376 822
372 818
383 824
381 828
359 833
398 836
400 841
396 842
402 846
387 849
395 852
403 856
388 859
371 862
393 865
410 869
396 873
403 875
427 879
380 881
410 884
411 886
415 889
435 891
435 892
423 894
401 895
438 898
458 899
446 902
437 900
428 904
422 906
431 906
475 909
419 909
453 911
444 914
475 913
459 913
437 913
453 916
432 917
470 919
456 918
481 919
449 922
460 922
486 921
483 905
513 912
513 904
514 900
513 903
511 902
514 900
513 898
513 897
512 895
513 893
514 890
514 888
512 885
514 880
510 880
514 877
510 873
513 872
514 868
513 865
513 863
513 858
513 856
512 853
512 850
513 845
513 841
513 837
513 832
513 827
513 822
513 817
513 812
513 812
512 806
513 795
513 791
513 789
513 783
515 777
513 772
514 763
510 762
514 758
513 753
508 749
512 744
512 738
513 732
514 728
513 725
513 716
513 710
513 709
512 701
513 699
513 687
508 674
511 666
511 671
514 662
514 656
513 653
513 646
516 638
512 634
515 627
514 620
513 613
512 607
514 599
513 593
513 586
513 580
513 576
515 571
512 567
514 561
512 559
512 554
514 549
512 545
516 542
513 539
514 524
512 521
514 511
512 513
514 499
515 490
514 486
516 480
510 479
513 469
513 475
518 464
515 454
513 451
515 445
512 442
514 436
513 435
513 422
514 422
513 409
515 409
513 397
514 391
514 384
513 379
513 373
514 367
513 363
514 302
513 300
513 295
513 291
514 285
521 283
513 276
517 275
511 264
514 265
515 260
512 259
519 259
519 249
850 257
753 245
676 239
659 237
684 233
636 228
641 225
656 219
675 216
655 211
664 207
620 203
663 200
641 197
609 193
635 190
621 187
652 184
636 181
613 177
643 174
659 172
624 167
629 164
612 156
666 158
595 156
620 149
601 151
564 153
625 146
594 146
604 145
583 153
566 139
615 133
569 141
607 134
562 134
587 131
603 131
574 129
588 127
563 115
587 115
570 121
543 114
554 113
545 112
552 112
548 114
553 113
526 112
540 113
563 113
548 113
535 116
526 112
518 109
551 115
523 112
515 122
518 115
516 117
514 122
514 123
513 127
513 131
512 130
512 131
512 135
513 135
514 136
513 138
513 139
513 141
513 141
513 144
512 148
512 150
514 153
513 156
510 158
512 162
513 163
511 162
513 168
513 173
511 176
513 180
513 188
512 187
514 190
514 193
512 196
512 202
513 206
511 213
513 217
514 223
513 279
511 286
512 284
515 287
512 295
517 312
513 305
514 313
513 313
511 319
512 328
514 329
512 340
512 344
513 345
514 353
514 360
513 364
512 369
513 372
513 379
513 383
515 387
513 394
512 399
513 405
512 413
514 419
511 427
515 433
512 441
511 446
514 451
510 459
513 461
513 469
515 470
513 475
513 479
513 483
512 489
513 494
509 503
512 508
513 514
515 520
514 526
509 534
514 546
510 547
513 552
512 559
515 562
514 569
511 578
513 578
513 582
514 653
513 658
513 662
512 666
512 671
513 678
512 681
512 687
513 693
513 697
513 702
513 707
513 718
513 716
513 721
513 726
514 731
513 735
513 740
513 744
513 747
513 751
512 760
514 760
513 770
513 770
512 773
512 778
509 780
504 784
262 785
338 792
334 800
371 799
391 804
383 807
344 812
383 817
367 818
383 823
390 828
377 833
383 836
383 845
404 843
397 845
404 847
368 852
404 855
385 858
387 861
408 870
372 868
391 870
405 875
395 879
444 881
455 913
464 915
464 916
445 915
441 917
446 918
469 920
474 920
483 922
441 921
454 922
488 921
483 923
467 924
460 925
466 922
491 924
493 925
486 926
459 925
502 924
474 925
500 924
481 924
481 924
472 923
512 923
493 921
506 922
504 920
513 919
513 916
510 912
514 910
513 907
513 904
512 904
512 902
513 901
513 900
513 898
513 897
514 896
513 893
513 890
510 889
514 886
511 883
513 881
512 877
514 873
512 873
513 871
514 867
513 863
512 860
513 780
513 776
513 772
513 767
513 750
513 760
513 760
513 751
513 747
515 740
512 741
513 729
514 725
513 719
513 713
515 706
513 703
513 697
513 691
513 689
513 681
513 676
506 677
513 660
522 663
514 659
515 652
514 648
514 641
513 636
513 627
513 622
513 614
518 605
513 604
513 591
513 589
513 583
517 574
512 574
513 567
513 564
513 559
512 555
513 550
512 545
513 538
515 534
512 527
513 522
511 517
515 507
513 500
515 492
514 487
513 482
514 481
506 368
514 365
514 362
514 357
514 353
513 345
512 343
514 337
514 334
514 330
516 324
513 318
516 314
512 309
515 305
513 300
515 292
514 289
509 286
513 283
528 280
514 275
514 272
509 280
515 262
516 258
515 255
522 250
749 253
820 246
726 240
698 235
637 233
672 228
648 223
616 220
660 215
676 214
646 208
637 206
640 201
649 197
635 194
601 191
636 189
627 184
634 186
623 178
607 175
659 170
654 168
632 165
625 160
611 160
631 151
599 154
604 155
597 128
582 127
562 127
576 124
568 125
534 123
616 122
551 121
590 120
561 119
573 118
568 116
553 117
563 115
568 115
553 114
568 114
536 113
555 113
535 113
554 113
545 112
540 113
531 113
560 112
545 108
554 108
528 114
529 112
521 114
555 112
521 118
518 115
515 118
516 119
512 125
513 135
516 133
510 133
516 136
512 140
517 132
513 137
513 138
513 139
513 141
513 142
513 144
513 149
513 149
513 151
510 155
512 159
513 160
514 164
513 169
514 169
513 258
515 263
516 266
512 266
518 271
512 279
515 279
508 287
520 294
512 295
509 298
512 304
516 310
512 314
513 320
516 327
512 334
525 336
508 342
518 344
513 351
513 358
513 363
513 366
514 375
515 376
513 381
514 388
514 392
514 397
511 405
514 410
512 419
514 424
513 433
515 440
513 444
510 453
514 456
512 462
513 467
514 471
514 475
513 479
512 483
513 488
511 493
511 499
513 506
512 511
515 519
514 525
513 533
513 538
510 547
512 552
514 557
513 681
513 686
512 687
513 692
512 696
513 701
512 706
513 711
512 714
513 720
514 725
512 736
513 735
513 739
513 742
513 747
512 751
513 754
513 759
512 763
513 768
513 772
512 776
510 780
507 780
297 782
326 788
358 799
350 800
381 802
387 807
400 810
396 813
355 818
387 823
377 828
381 831
383 835
383 839
371 842
410 845
379 850
389 854
386 855
378 858
389 862
380 865
402 867
401 871
389 875
403 878
425 880
404 883
390 884
418 888
403 890
408 892
453 920
471 920
476 921
462 922
451 922
463 922
488 922
495 923
454 923
472 924
477 924
494 926
484 924
478 927
474 924
491 925
498 925
504 924
472 924
478 924
492 924
505 923
501 923
503 921
511 919
512 918
514 913
513 912
514 908
513 906
512 906
513 903
515 901
513 900
512 898
513 898
514 895
514 894
511 891
515 889
513 887
514 884
512 882
513 878
513 875
513 873
513 869
512 867
515 862
516 860
513 857
513 854
513 851
513 846
520 846
513 838
513 833
513 759
513 754
514 751
513 746
513 739
514 738
513 733
513 726
515 719
513 717
509 710
513 701
513 698
513 694
514 686
513 683
513 677
513 672
485 671
514 667
513 658
513 654
514 648
513 643
514 635
509 630
515 623
513 616
512 609
517 601
514 596
516 588
513 585
513 576
510 575
513 568
516 564
514 562
514 552
512 554
513 545
515 542
513 535
517 526
512 524
516 514
513 509
514 501
512 496
513 488
513 483
513 477
514 472
508 464
511 457
503 461
511 450
513 322
513 319
513 314
514 309
513 305
513 300
513 296
515 300
512 286
511 287
512 275
513 279
519 273
513 272
511 263
517 258
516 253
520 249
807 252
772 243
687 241
652 236
654 234
654 228
660 226
646 223
624 217
682 212
649 209
650 204
643 202
630 198
628 195
629 191
608 188
633 186
635 182
621 179
632 175
622 172
657 170
637 165
621 162
650 154
614 152
602 123
613 152
599 167
613 151
574 145
602 144
593 141
608 138
570 139
603 128
599 131
573 135
550 113
576 113
565 112
562 113
546 113
537 112
535 113
547 112
557 109
540 110
544 110
516 111
544 114
533 116
524 110
516 117
513 119
518 120
512 122
517 125
523 133
516 129
512 132
513 120
513 136
513 136
513 138
513 140
513 143
514 144
513 147
513 150
513 152
513 154
514 158
512 160
514 161
513 166
514 170
512 171
512 174
513 178
513 182
514 184
513 188
515 192
514 196
513 201
513 205
513 209
513 214
513 219
513 226
512 232
511 232
512 239
515 404
512 409
511 414
508 419
513 425
511 430
511 439
514 443
513 452
514 456
511 461
512 465
513 470
512 477
513 477
513 485
516 487
513 493
512 498
512 504
511 511
512 523
512 526
514 532
513 538
513 545
513 550
512 557
519 562
514 569
515 571
512 577
514 581
512 587
514 592
512 597
512 606
512 609
512 613
513 621
512 628
512 633
512 640
512 644
513 652
512 658
513 664
514 669
512 675
512 681
514 685
513 691
514 696
513 701
513 706
513 710
513 716
512 737
511 740
513 745
515 746
513 750
513 754
513 758
513 762
513 766
513 772
512 776
512 780
508 783
269 783
283 788
350 795
360 798
349 802
