511 447
512 449
513 452
509 455
514 460
515 464
509 465
508 473
509 473
513 481
513 486
514 491
513 493
508 505
513 508
509 517
511 525
514 533
508 537
515 544
512 551
510 554
511 554
510 565
512 572
513 575
513 578
510 584
514 589
512 596
510 601
512 607
513 614
513 618
511 625
513 632
513 638
511 643
511 650
513 654
511 662
512 666
510 673
513 678
511 684
510 689
514 694
512 700
513 703
513 709
515 713
512 718
513 723
512 728
512 733
513 736
513 741
514 281
513 277
513 274
514 269
514 264
513 261
515 255
514 252
513 248
514 244
514 223
514 236
513 233
517 229
511 221
514 219
512 217
513 215
514 209
509 206
512 202
509 201
513 194
510 190
512 185
510 186
517 181
514 179
513 175
514 172
511 169
514 165
513 163
513 160
513 157
513 154
514 150
512 150
513 147
513 145
513 144
513 142
513 140
514 138
512 137
515 134
513 133
512 131
512 131
513 128
513 129
513 127
514 125
512 125
513 123
514 122
512 120
513 836
514 837
511 841
513 845
512 849
512 850
513 854
512 857
512 860
514 861
513 868
512 871
513 873
513 878
514 879
513 881
511 886
513 886
512 890
513 892
513 893
512 896
511 895
514 898
512 901
514 900
513 904
513 904
512 906
507 911
517 909
513 910
513 911
513 883
513 913
512 915
513 915
512 918
513 918
513 919
511 920
512 920
513 920
513 923
513 923
512 922
511 924
513 924
513 923
513 924
513 925
512 924
513 925
513 925
513 924
514 924
513 922
513 766
513 763
513 758
515 751
515 749
511 743
512 739
514 732
514 727
512 724
512 718
513 710
511 707
513 699
510 694
511 691
513 682
518 678
510 678
513 674
518 665
511 663
513 655
519 652
512 641
515 634
512 638
517 629
510 614
522 614
511 615
513 598
514 592
513 586
515 580
512 576
515 570
513 568
512 562
515 558
512 556
514 548
512 546
513 539
514 537
513 525
512 520
515 512
514 505
513 498
516 491
512 484
514 479
512 475
513 470
514 465
514 461
514 298
514 294
514 289
513 287
513 283
514 278
513 272
514 269
514 264
512 260
514 257
513 252
513 249
512 245
514 241
513 237
508 235
514 220
513 224
510 216
512 217
510 217
514 208
510 204
514 199
502 199
515 195
507 196
514 179
516 186
512 176
509 179
512 177
513 173
513 167
510 166
515 161
510 160
513 156
516 154
513 153
514 149
513 149
514 146
513 146
510 142
515 142
513 140
512 136
512 135
513 135
513 132
513 131
515 129
513 128
513 126
513 109
513 113
512 114
510 114
512 114
504 113
513 110
509 115
513 111
511 115
513 115
513 117
512 118
513 121
513 123
513 126
512 128
512 131
513 132
514 134
513 135
512 137
513 137
513 139
513 140
513 142
513 145
513 148
513 150
513 155
513 156
513 157
511 162
513 164
512 168
512 171
513 173
512 176
514 181
513 185
512 187
513 191
516 194
514 198
513 202
512 207
509 214
512 218
510 223
513 228
513 231
513 237
513 244
510 249
513 252
513 258
513 262
513 368
514 372
509 376
513 384
510 384
513 387
513 395
512 401
513 406
510 414
515 420
510 429
510 435
513 442
512 447
512 453
509 460
514 463
512 467
511 472
512 476
507 483
511 485
512 491
513 492
510 499
508 508
513 512
512 521
513 529
506 538
513 541
511 548
513 553
510 559
513 565
512 569
510 574
512 578
511 584
513 588
513 593
512 600
512 605
511 594
512 616
514 624
513 631
511 635
512 643
512 650
513 655
512 660
511 667
513 672
512 677
512 682
511 760
512 761
512 766
513 769
512 775
514 778
513 781
514 787
512 790
513 791
512 797
512 802
513 805
512 809
510 813
513 818
512 821
512 826
509 833
512 834
509 834
511 841
511 843
513 845
512 851
512 853
511 858
515 860
514 863
512 866
512 870
514 870
515 875
512 880
511 883
512 884
512 887
513 888
509 891
513 893
514 893
511 895
513 898
513 901
512 901
514 903
513 906
513 906
512 910
513 910
513 918
510 911
513 913
513 913
513 915
512 917
512 916
512 924
511 922
513 922
514 922
513 920
513 919
526 913
512 910
513 910
513 908
513 906
513 901
510 902
512 898
509 900
512 899
516 896
513 895
511 893
513 891
510 888
513 885
514 883
513 880
512 878
513 874
514 871
516 867
513 868
513 863
513 861
513 856
514 853
512 849
514 845
512 841
514 838
513 832
514 828
513 823
514 813
517 814
516 810
516 803
510 802
512 793
513 787
510 782
516 777
512 772
512 769
513 762
516 758
511 756
513 749
515 743
515 740
515 591
513 594
512 593
513 585
510 582
512 576
515 569
513 570
513 563
512 559
513 555
514 550
515 545
511 541
514 533
514 526
512 522
517 512
513 507
514 499
515 493
512 487
514 481
512 476
513 471
515 466
510 458
515 458
512 451
512 445
519 441
512 435
503 424
505 427
512 422
515 413
524 397
513 399
513 392
512 388
510 381
513 370
514 368
505 363
514 359
514 352
514 349
513 343
514 337
513 332
514 329
514 322
513 318
513 312
513 310
513 304
513 300
513 152
513 151
515 148
509 147
515 145
513 142
513 140
513 139
513 138
514 134
512 135
513 132
513 132
513 129
515 129
511 128
512 126
510 125
513 122
512 122
513 121
514 120
513 116
513 117
518 120
514 125
523 114
511 119
519 122
511 113
507 112
512 110
517 113
512 109
513 113
511 116
513 115
517 110
512 118
520 117
512 115
525 111
509 111
512 118
513 110
523 114
513 116
513 118
513 120
513 124
513 125
513 128
513 130
513 132
507 134
512 135
513 136
512 143
514 144
513 145
513 147
513 150
513 153
513 156
514 159
513 162
513 164
513 167
513 170
513 174
513 176
513 179
512 183
509 179
512 190
512 193
513 197
515 203
513 207
513 211
513 217
511 222
513 227
512 233
512 238
513 241
512 246
513 253
513 257
513 261
513 265
508 271
511 277
512 281
513 286
512 291
512 297
511 302
514 305
513 310
512 318
519 323
512 325
513 334
509 337
512 342
513 348
509 356
513 356
513 371
510 369
513 372
514 379
513 385
512 456
512 462
512 464
507 471
516 472
514 479
517 482
512 488
511 493
513 496
509 506
515 510
513 519
514 528
511 534
509 539
514 545
510 553
514 557
514 563
513 568
514 572
511 578
513 582
512 588
514 593
512 599
509 604
513 609
512 624
514 622
514 630
509 636
512 641
513 648
512 656
512 659
511 665
513 671
512 676
512 682
512 688
512 692
513 696
513 701
513 706
512 711
513 716
512 721
513 726
514 731
512 734
514 739
512 743
513 747
512 751
512 756
513 801
514 805
514 807
513 813
513 816
513 820
511 823
513 829
512 829
513 837
512 840
515 845
515 847
512 845
511 852
513 856
514 859
512 862
512 866
513 870
515 873
513 876
514 877
511 882
513 882
507 887
514 888
513 890
513 892
513 897
509 897
513 897
513 901
512 900
512 906
511 904
512 904
513 907
512 908
514 912
513 911
513 912
514 913
513 915
513 916
514 917
512 918
513 920
512 919
512 920
513 921
513 920
513 923
512 921
513 923
513 925
512 924
513 924
512 925
513 922
513 922
513 921
513 919
513 916
511 909
507 913
512 907
513 906
513 904
512 902
513 901
513 899
514 899
513 897
513 895
512 893
513 891
514 887
513 885
513 883
513 880
514 876
513 874
512 871
513 869
512 865
513 864
510 859
514 856
513 852
512 849
513 846
513 842
513 839
512 833
513 829
515 823
513 818
513 817
508 813
516 790
528 800
513 798
512 787
513 784
512 779
515 772
515 769
513 766
513 760
512 752
516 748
512 746
512 682
513 673
513 676
513 673
516 667
512 664
515 657
513 653
514 647
515 643
517 641
513 631
501 622
510 614
510 623
511 603
508 592
513 589
514 581
510 578
513 572
510 568
513 566
516 559
513 557
514 550
512 546
513 541
516 535
512 529
514 522
513 515
514 509
513 500
515 494
512 489
513 482
513 477
511 472
514 467
514 461
512 457
514 452
513 446
514 441
517 430
511 431
487 423
515 422
513 412
517 395
516 398
512 391
513 385
514 369
515 372
512 343
512 280
513 277
514 274
513 271
511 267
512 262
513 259
516 255
514 250
513 246
516 241
514 238
512 235
515 224
514 229
511 225
513 215
510 212
513 209
508 209
515 203
513 198
514 180
519 198
511 186
513 194
509 185
513 181
510 173
513 169
516 171
514 166
512 162
513 161
513 158
513 154
513 153
512 150
513 149
514 147
513 145
513 143
518 141
513 139
513 137
513 135
513 134
514 132
513 131
513 129
514 130
513 127
513 125
512 124
513 124
514 122
513 121
515 111
512 111
525 114
515 111
516 113
514 110
516 113
513 111
513 116
513 118
512 120
514 123
513 126
512 126
512 131
513 132
511 134
512 135
513 136
512 136
513 138
513 140
513 143
513 144
513 147
513 150
513 153
513 155
513 158
513 161
512 163
513 166
512 169
513 171
513 176
512 180
512 181
513 184
511 195
513 194
512 197
513 201
513 205
511 211
513 216
513 221
513 226
512 231
513 234
513 241
512 246
515 250
513 254
512 260
511 265
513 269
513 277
514 372
513 376
511 384
514 386
513 401
507 399
513 403
511 412
515 418
514 426
511 435
514 437
509 446
512 452
510 458
514 461
512 467
515 469
512 475
510 478
513 483
507 489
513 496
513 498
512 504
508 514
512 517
511 526
511 533
512 541
511 546
512 550
510 559
512 562
511 568
512 576
515 577
510 584
514 586
513 592
512 598
511 603
506 610
513 616
513 621
512 629
513 634
512 640
512 646
512 653
513 658
513 658
511 671
513 676
514 686
511 687
512 692
513 757
514 760
512 764
512 768
514 773
512 778
513 781
513 785
512 789
513 794
511 797
510 801
514 803
511 808
512 812
514 816
514 820
512 824
513 828
514 831
512 837
513 839
513 843
513 845
513 852
509 851
512 859
515 857
513 863
514 864
512 870
512 872
514 875
513 879
514 883
512 883
513 887
513 888
514 890
513 892
513 893
512 895
513 897
513 898
513 901
514 902
513 905
513 903
513 906
514 908
512 909
521 909
513 912
513 915
513 913
513 918
511 916
513 924
512 925
512 923
513 924
512 923
514 922
512 921
514 919
513 916
512 913
508 912
508 916
513 908
516 904
513 905
515 901
513 901
513 900
512 897
513 895
512 894
516 891
512 888
513 888
513 883
514 881
515 879
510 876
513 872
513 870
513 865
515 864
513 860
511 857
512 856
513 850
513 847
513 842
512 840
513 834
512 831
513 825
513 819
513 812
519 814
512 800
512 797
514 795
512 789
513 785
514 781
513 776
513 769
515 765
513 760
513 757
511 748
513 640
515 635
507 641
512 622
508 620
506 612
513 601
516 599
516 590
513 582
512 577
513 575
513 567
512 566
517 561
514 558
513 552
514 547
513 542
515 535
511 530
514 522
513 516
514 508
515 502
515 495
515 489
513 483
512 480
512 474
517 467
513 463
512 457
514 453
512 447
513 441
513 437
519 431
514 423
510 421
513 410
518 409
519 400
526 396
514 387
508 382
514 373
515 370
513 364
514 362
515 353
512 348
514 343
514 338
513 333
514 328
513 324
513 236
513 235
514 231
508 227
516 229
512 227
516 211
515 208
509 204
514 203
514 197
513 198
513 197
515 192
515 185
514 189
510 186
514 180
519 173
514 175
513 167
511 164
516 160
513 159
513 156
513 152
513 151
513 149
512 148
513 145
513 143
513 142
512 140
513 138
513 136
512 135
514 134
513 132
513 131
515 127
513 128
513 126
512 124
513 125
513 123
514 122
513 121
516 119
513 118
510 116
512 120
510 116
514 110
517 116
516 114
512 115
518 116
512 119
510 117
512 119
513 123
513 125
514 128
513 131
512 132
512 133
513 134
513 136
513 136
513 138
513 140
513 142
513 144
513 147
512 150
513 152
513 155
513 158
513 161
513 163
512 166
513 169
513 172
513 175
513 178
514 181
512 184
517 188
514 192
513 197
513 200
512 205
513 209
513 214
513 221
512 228
511 234
515 237
514 240
515 244
513 250
509 255
514 259
514 263
511 270
512 276
512 280
513 285
513 291
510 296
511 301
514 303
513 308
508 433
507 438
507 444
508 449
508 453
514 455
506 465
519 463
514 470
521 471
512 478
511 481
513 484
507 494
514 497
514 505
517 509
512 517
508 525
512 531
509 538
514 545
511 551
516 555
505 563
511 567
512 572
509 578
503 581
512 585
514 591
512 598
512 603
512 607
511 615
513 620
513 627
511 633
512 642
511 645
512 652
512 659
514 663
512 668
512 675
513 672
512 686
512 691
514 695
513 701
513 704
512 710
513 714
512 719
513 725
511 729
511 735
510 831
515 834
515 837
511 839
512 841
512 846
515 849
513 850
511 856
514 857
513 863
514 866
511 869
511 871
514 876
513 879
514 880
511 885
512 885
512 887
516 892
512 892
513 893
513 895
513 898
513 900
513 903
512 903
514 906
512 906
513 907
513 909
514 907
512 911
513 911
514 915
513 913
514 916
512 917
512 917
505 920
513 919
513 921
513 920
513 923
512 923
513 922
513 923
512 923
513 924
513 925
512 925
513 925
512 925
513 924
512 924
514 924
513 892
512 889
512 888
513 885
515 881
513 878
513 875
514 873
514 870
514 866
513 864
513 861
513 857
513 854
512 851
513 847
513 843
513 837
513 835
513 829
513 824
514 821
513 816
512 811
515 807
514 799
515 802
516 789
516 787
513 780
514 774
515 769
512 765
513 761
515 755
510 751
513 748
515 740
513 735
513 732
513 726
516 719
512 715
513 711
514 701
514 699
513 695
516 688
512 683
513 679
516 673
513 670
513 664
515 659
512 655
513 648
513 643
510 620
514 614
506 614
513 602
521 596
513 592
513 583
514 579
513 575
516 569
512 565
513 562
518 557
513 553
516 547
513 542
513 536
512 531
513 523
516 516
513 510
517 502
512 497
513 489
512 483
513 478
517 473
514 469
514 463
511 459
514 454
517 448
513 444
515 437
514 433
508 422
511 427
511 424
513 411
516 398
513 405
513 386
514 381
514 373
511 373
512 367
512 361
508 363
508 349
514 343
513 339
515 334
513 329
514 325
513 320
514 315
512 309
513 255
514 252
515 249
514 247
513 241
515 239
514 236
513 232
515 228
504 227
518 223
516 215
516 216
514 207
515 204
515 202
506 198
513 197
513 191
513 188
520 186
518 179
512 174
513 178
510 170
515 171
512 165
513 160
513 158
513 157
513 152
513 152
512 149
512 147
513 145
514 143
513 142
513 139
511 139
513 137
515 135
513 134
514 131
513 131
513 127
512 128
514 126
512 125
513 123
513 123
513 121
513 121
513 119
513 118
513 129
515 118
512 115
515 108
521 111
511 113
512 111
513 115
513 113
513 115
519 112
513 113
513 115
513 117
513 119
512 121
513 124
513 127
513 129
513 131
513 133
513 134
513 136
513 138
513 139
514 139
514 144
515 144
512 146
513 149
513 151
513 154
514 157
513 160
512 162
513 165
513 167
512 171
513 173
513 179
513 180
512 185
513 188
512 190
519 198
513 200
513 205
514 210
513 214
512 218
513 224
511 231
512 237
512 241
513 244
512 248
514 254
511 261
513 264
514 267
516 331
514 335
511 341
513 344
513 353
515 356
513 358
513 366
513 369
513 375
510 381
514 384
513 391
514 396
513 403
508 410
513 415
510 425
516 430
511 439
511 442
513 450
513 454
513 459
511 465
514 468
512 473
515 473
513 481
512 485
513 490
513 498
516 501
510 511
514 518
513 525
513 531
515 537
508 545
513 549
511 558
512 561
514 568
513 570
515 574
510 581
512 585
511 591
513 595
511 602
512 607
512 614
511 621
513 625
510 633
512 640
513 644
513 708
513 708
512 714
512 718
513 722
512 730
515 733
511 740
511 743
511 747
512 751
512 753
513 758
514 762
514 771
513 771
512 778
515 779
513 783
514 786
513 788
513 794
513 798
513 804
511 808
512 812
513 814
511 819
514 824
512 828
513 831
513 834
512 838
512 841
513 845
514 849
512 852
515 852
512 858
514 860
512 865
512 867
513 870
510 875
513 878
514 881
513 883
514 884
513 888
513 888
512 892
513 892
513 891
514 897
512 897
511 900
514 922
512 922
513 923
514 923
513 923
512 925
511 924
513 925
513 925
513 923
513 925
517 925
513 925
516 924
513 924
512 924
513 924
512 923
513 923
512 922
513 921
512 919
513 917
514 914
513 911
512 906
516 903
518 900
513 903
512 900
513 902
513 900
514 898
513 896
515 894
513 891
514 890
513 887
515 885
513 882
512 879
512 878
514 874
513 870
514 868
513 864
514 862
514 857
512 856
513 850
513 847
513 844
512 840
512 836
512 830
513 825
513 820
513 723
514 718
516 715
516 710
512 707
519 701
514 696
514 689
514 685
515 680
513 677
513 670
515 665
513 660
513 657
513 650
514 644
513 638
516 631
514 620
517 621
513 606
518 601
517 598
512 595
511 582
518 579
513 576
518 569
511 568
512 562
513 557
514 554
514 547
511 542
514 537
516 530
517 524
514 518
516 510
512 503
514 497
515 491
515 484
514 479
513 474
514 469
511 463
514 459
515 453
514 449
514 444
512 438
514 432
514 428
510 421
515 419
511 307
513 304
513 302
513 297
513 294
513 289
514 286
512 282
514 277
512 273
513 269
516 264
513 260
513 256
515 251
514 249
512 245
516 239
513 236
513 233
519 226
515 226
517 221
515 216
507 215
510 203
515 204
508 210
516 200
502 198
512 192
512 185
513 186
507 182
514 179
507 176
514 170
512 171
511 165
514 162
512 159
513 156
513 154
514 150
512 149
513 148
514 144
513 144
512 141
512 142
513 138
512 137
513 135
517 133
512 131
513 130
512 130
513 114
512 110
515 111
513 117
511 114
512 111
513 120
511 111
512 112
513 113
516 109
520 103
515 115
509 112
509 116
518 110
512 114
512 111
509 111
512 120
511 112
515 116
510 115
513 121
513 124
513 125
513 130
513 131
513 132
513 134
512 136
513 137
512 138
513 139
513 142
513 144
513 144
512 148
513 152
513 153
513 157
513 159
513 162
518 165
513 168
512 172
513 176
512 179
513 181
513 184
512 188
512 191
513 201
515 201
513 203
514 207
513 212
513 326
512 330
513 332
512 339
511 346
515 349
512 356
510 361
512 363
512 370
511 374
513 378
508 386
516 387
514 397
511 403
513 407
513 416
514 421
510 430
511 436
513 442
512 450
513 454
507 460
513 462
513 470
516 471
511 477
509 482
512 485
507 490
512 497
510 503
513 509
513 516
513 522
512 530
511 536
511 544
512 549
517 554
510 562
515 566
513 572
512 575
514 580
511 586
505 589
511 595
512 602
513 606
513 612
513 618
512 624
511 631
519 638
511 740
513 743
513 746
510 749
511 753
512 757
513 760
512 766
514 769
514 774
513 778
514 782
513 787
514 790
513 795
513 798
512 804
513 808
513 811
511 814
512 819
513 822
511 826
515 830
513 835
512 838
512 840
514 844
510 848
512 851
513 854
513 856
512 860
512 864
512 866
513 870
514 873
511 878
513 880
513 882
514 884
513 887
511 890
513 890
514 892
514 895
513 897
513 900
514 900
512 902
515 903
513 906
514 904
513 909
514 908
513 911
515 911
515 925
513 924
513 924
513 925
513 924
513 923
513 923
515 923
515 921
512 920
513 917
512 915
512 912
513 909
517 906
511 903
528 905
513 902
513 901
513 900
513 898
510 896
512 893
514 893
513 890
513 887
515 885
513 882
513 879
514 877
513 873
512 872
513 868
513 864
510 861
512 857
513 855
513 851
513 848
513 843
512 839
513 836
513 833
512 827
513 821
513 817
513 810
514 807
512 803
496 799
514 792
518 785
517 781
516 776
514 772
513 766
513 762
513 682
511 677
514 674
511 673
512 665
514 660
513 657
514 650
513 645
513 640
512 634
515 630
510 622
513 613
512 600
520 599
517 595
512 588
512 573
510 576
513 570
516 567
513 563
517 557
513 557
513 548
510 545
513 539
518 532
512 526
516 519
512 513
514 504
511 499
514 492
515 486
513 481
516 473
511 470
513 464
512 459
514 455
513 448
517 445
516 438
513 433
514 428
515 421
513 412
518 404
511 401
511 396
512 392
513 395
514 383
509 374
515 369
513 260
513 256
513 252
514 247
513 243
513 241
515 236
513 234
513 230
515 224
513 222
514 220
513 213
514 212
516 207
520 202
515 200
517 195
511 192
514 186
524 185
508 182
513 180
513 175
513 174
510 168
519 168
517 157
514 159
512 156
514 153
511 152
512 150
515 146
517 146
512 144
513 142
513 140
512 140
512 136
512 135
513 134
514 131
513 132
514 128
513 127
513 126
513 126
513 124
512 124
512 122
511 122
513 120
512 119
513 118
514 117
513 117
519 119
515 116
514 121
513 123
512 126
513 129
513 131
513 133
513 134
513 136
512 137
513 138
512 141
513 141
513 143
512 146
512 148
513 145
515 154
512 156
514 159
513 161
513 164
513 167
513 176
513 172
513 177
514 180
513 183
512 185
513 190
512 195
513 201
511 203
513 209
513 212
513 212
513 222
513 229
510 234
513 239
514 244
513 247
513 252
512 259
512 263
514 265
513 271
513 279
512 278
513 287
512 293
512 298
515 301
512 308
513 313
510 478
516 480
514 483
513 488
510 495
514 500
514 509
513 512
513 521
512 528
514 536
509 543
