511 908
513 906
513 905
513 904
513 902
513 901
513 900
513 898
513 897
513 895
513 894
513 892
513 889
513 887
513 882
514 880
511 877
513 876
512 872
513 869
513 868
513 863
514 861
513 857
513 852
513 850
514 846
513 843
514 838
513 834
513 829
513 824
514 819
514 812
512 809
513 804
513 798
510 792
514 789
512 783
513 778
513 775
509 771
514 762
516 757
514 753
515 750
514 745
514 739
512 733
513 731
514 723
514 717
514 714
513 711
513 702
513 698
514 165
513 168
514 172
513 174
513 178
513 181
514 183
514 187
513 192
515 197
513 205
506 204
514 209
519 214
514 225
514 222
514 230
513 238
514 241
513 244
513 250
513 254
513 259
512 266
513 268
513 273
514 280
513 287
514 290
513 294
513 300
513 305
514 309
513 314
513 321
513 326
515 329
513 336
513 342
513 344
513 352
513 357
513 360
514 366
513 372
514 368
526 380
513 387
513 390
511 401
514 402
518 410
508 415
516 426
514 428
517 433
511 442
514 553
514 548
513 543
513 537
513 530
512 524
512 516
512 509
513 505
513 495
513 491
513 487
513 482
513 472
514 468
512 463
514 458
514 451
514 448
513 442
512 438
513 432
512 425
514 419
513 414
515 407
514 399
513 393
514 388
514 382
513 378
514 371
511 366
511 360
514 354
514 350
514 342
514 339
514 334
514 329
513 326
513 321
513 318
514 311
514 306
513 302
513 298
514 294
514 287
511 286
513 282
515 278
513 267
511 270
514 265
515 260
516 258
744 196
764 194
714 191
755 187
798 184
752 180
720 178
751 175
768 172
790 167
732 164
730 162
734 159
704 155
740 153
692 150
698 149
660 146
640 146
714 143
660 141
713 139
667 138
639 127
654 124
644 131
670 132
617 123
704 129
645 128
672 126
630 126
666 124
642 124
607 122
622 120
605 120
659 119
648 118
611 117
605 117
595 116
599 113
629 115
580 115
581 114
595 114
582 113
582 114
600 113
574 114
568 114
564 112
568 115
589 113
539 112
557 110
543 117
521 82
514 120
513 119
514 123
514 127
515 129
514 131
514 134
513 135
513 134
513 138
512 139
514 140
514 141
514 144
514 146
513 149
513 151
513 153
514 156
513 159
513 160
512 165
513 166
513 171
513 175
513 177
513 180
514 183
513 182
513 193
514 194
512 198
518 198
532 205
514 212
520 220
513 194
513 229
513 235
511 241
513 244
513 248
514 254
513 259
513 266
513 269
514 272
513 276
513 285
513 289
513 291
514 298
513 305
513 303
514 312
511 333
513 337
513 340
513 344
513 349
511 357
513 360
513 364
513 372
514 374
513 380
511 383
514 387
510 396
511 401
514 408
529 412
512 419
515 430
511 434
510 443
511 449
510 454
519 459
513 464
513 469
514 472
513 476
513 481
513 481
513 491
513 497
513 501
513 509
513 515
513 522
513 530
514 536
514 543
513 548
513 556
513 559
514 564
513 571
514 576
513 575
512 585
514 584
511 596
512 600
512 607
513 613
513 619
517 625
515 632
511 638
517 665
513 663
512 669
515 675
512 680
512 685
514 688
514 696
510 700
514 703
515 708
513 712
514 714
513 722
509 727
511 732
513 736
514 741
513 745
513 749
514 749
513 757
513 761
512 765
514 769
514 774
510 778
480 781
406 784
191 784
165 789
213 794
184 799
240 803
248 806
236 811
232 814
233 818
218 823
232 827
229 838
235 835
257 839
243 841
259 853
272 844
309 856
252 853
263 857
304 864
282 866
290 870
240 872
255 874
282 879
263 888
300 880
312 894
347 895
334 895
341 904
352 898
343 899
366 899
373 903
365 903
363 905
345 906
387 907
397 908
378 910
380 911
372 914
398 914
403 915
391 915
415 917
407 918
382 919
386 919
431 921
452 921
423 915
393 922
439 917
455 922
431 922
431 924
427 923
468 923
463 923
455 924
434 923
430 922
466 921
471 923
442 923
471 923
469 923
487 922
492 922
507 920
508 918
512 916
512 912
514 909
512 907
512 905
513 903
513 902
513 901
513 899
512 898
513 896
512 887
513 885
512 884
513 880
514 879
513 877
514 872
512 871
513 868
513 865
513 862
513 858
513 855
513 851
513 849
513 844
513 840
513 837
513 832
513 826
511 821
512 814
513 812
513 807
513 800
513 794
514 789
515 787
513 783
512 778
513 772
513 766
512 762
512 756
513 751
514 747
511 743
514 740
513 725
516 725
512 724
514 719
514 709
514 707
511 699
513 694
513 690
513 688
513 679
513 676
512 671
513 665
513 662
513 655
513 652
514 647
513 640
513 608
513 608
513 601
514 595
513 588
511 587
513 579
513 576
513 569
513 569
513 561
513 560
513 554
513 546
513 545
513 536
512 533
512 527
513 518
513 512
514 503
512 499
513 491
513 486
513 479
512 475
513 470
513 464
512 460
515 453
512 450
514 446
513 439
512 434
512 429
511 423
514 416
514 409
512 403
513 398
513 390
513 383
513 378
512 369
514 367
513 362
513 356
513 350
514 346
513 344
513 336
514 332
513 326
513 323
513 318
513 311
514 308
739 202
757 197
740 194
793 192
734 188
729 186
778 182
752 179
764 175
742 171
742 168
775 165
729 162
741 158
717 157
683 152
722 152
671 150
699 148
702 146
653 143
663 141
662 134
692 139
676 137
678 135
648 134
658 129
673 131
632 129
636 128
641 127
680 126
602 124
652 123
621 122
647 115
631 119
604 112
606 118
623 117
648 116
618 116
566 115
604 114
613 115
590 115
576 114
590 114
575 113
573 113
581 113
583 113
568 113
571 112
556 113
559 115
540 116
536 111
521 113
516 115
526 121
513 131
514 127
514 129
514 132
514 132
513 133
514 136
514 136
514 139
513 136
513 141
514 142
514 145
514 148
513 151
511 153
514 155
514 158
513 162
514 164
513 166
515 170
515 174
514 176
514 179
514 183
514 186
513 190
514 195
514 197
519 204
512 199
514 212
513 217
514 225
513 221
512 232
519 238
514 243
515 247
514 252
513 257
513 260
513 266
513 273
513 277
513 283
512 287
514 293
512 297
513 302
517 308
514 327
513 328
513 333
513 338
513 343
513 349
513 355
513 360
513 364
513 368
513 373
513 377
514 391
509 387
511 397
513 397
510 405
512 426
517 419
512 431
513 431
513 444
519 441
512 464
508 459
518 461
513 468
514 471
513 475
513 476
513 484
513 490
513 494
513 501
511 506
513 513
514 520
512 527
513 535
512 542
513 547
513 554
513 559
514 565
513 569
513 574
512 579
513 583
513 588
513 594
513 599
512 605
513 612
514 618
512 623
513 629
514 634
512 658
514 661
513 667
513 672
515 682
516 686
513 686
511 690
514 697
512 700
513 705
513 709
513 716
513 721
513 727
513 731
513 736
513 740
513 744
513 748
513 752
514 756
512 760
513 765
513 768
513 774
511 777
508 781
385 783
188 783
172 789
212 793
238 797
229 800
235 806
239 809
245 813
245 818
202 821
237 827
238 829
226 833
244 840
281 844
257 846
275 843
280 847
299 853
295 857
231 858
273 860
293 866
223 869
266 874
263 877
284 881
337 879
355 890
324 893
369 893
349 895
354 893
368 899
353 900
374 902
349 903
396 904
367 906
384 907
375 909
393 909
399 912
371 912
392 907
377 914
400 910
401 916
420 918
418 919
395 919
392 920
416 921
442 921
433 922
420 923
415 923
449 924
455 923
453 924
424 924
461 924
437 924
476 930
442 924
427 924
460 924
480 923
487 924
468 923
463 922
495 923
502 921
506 919
510 916
512 914
513 910
513 907
512 906
513 903
513 902
513 901
513 900
513 898
513 891
513 889
513 880
513 886
514 882
513 880
512 877
513 874
513 872
514 869
513 864
514 863
513 860
514 856
513 853
513 849
513 845
513 842
513 832
512 832
512 825
512 823
513 818
512 812
514 809
514 802
514 799
513 792
513 789
513 783
515 776
512 773
513 767
513 765
513 760
514 755
514 750
514 742
514 738
513 734
514 729
513 722
513 720
513 713
513 704
513 702
512 698
512 690
512 688
513 679
513 674
514 675
513 667
514 661
513 659
513 651
513 649
513 622
513 616
513 610
513 604
514 601
513 594
513 581
513 583
513 575
512 573
516 559
515 564
513 563
513 554
514 550
514 544
513 540
514 535
513 527
512 522
513 516
511 506
513 501
513 494
513 486
513 483
514 476
513 470
514 467
513 461
512 455
513 453
513 445
514 441
513 435
513 430
514 427
514 419
513 412
514 405
514 398
514 392
514 386
515 380
514 375
513 368
513 363
514 358
515 353
512 348
512 342
514 337
513 333
514 329
513 324
514 318
513 314
514 294
514 292
514 289
513 287
513 283
513 280
514 275
514 271
513 266
514 263
514 259
522 256
641 253
665 249
861 250
855 246
863 240
828 239
832 231
814 226
787 223
823 218
796 214
790 210
771 206
788 204
772 200
744 196
716 192
770 190
790 189
739 184
754 183
768 177
780 173
755 171
743 166
767 163
727 161
740 158
755 156
683 149
713 150
667 149
712 146
666 145
695 142
661 141
661 139
686 137
656 136
661 132
652 130
643 123
659 129
657 129
630 127
603 122
681 127
642 125
632 121
650 120
615 118
624 118
598 119
611 118
646 116
582 115
593 115
606 115
590 114
596 108
583 113
582 116
565 116
576 115
568 113
572 116
570 113
557 115
556 113
578 114
545 115
552 114
532 117
520 117
518 105
515 119
515 125
514 128
514 130
514 133
514 134
514 135
514 135
514 138
514 139
512 141
513 143
514 145
513 153
515 150
514 153
515 155
514 158
513 161
513 167
513 166
513 169
514 171
514 175
514 178
513 182
513 186
514 201
516 205
511 203
511 212
512 217
514 223
514 224
515 231
515 239
520 241
513 248
513 252
514 255
513 259
512 265
513 272
514 274
513 281
513 286
514 292
514 297
515 299
514 304
513 311
510 316
514 319
514 326
513 331
513 336
512 342
513 348
510 351
514 357
513 362
513 366
513 372
513 378
513 380
513 387
512 387
514 396
516 401
507 410
516 414
515 425
514 432
513 439
512 451
507 450
514 463
513 460
513 466
513 470
514 472
513 479
514 482
513 488
513 509
513 514
513 514
514 523
515 534
513 542
516 546
514 555
515 556
513 562
513 567
513 573
513 578
513 581
512 588
513 592
514 598
514 603
512 609
513 614
513 622
514 627
512 634
507 637
514 645
516 654
511 660
514 657
512 668
514 675
512 684
515 685
512 692
512 695
506 703
512 704
509 708
511 713
513 719
513 724
513 732
515 734
513 739
512 743
513 746
513 750
513 756
512 758
513 763
513 767
513 777
514 775
508 780
444 782
234 783
189 788
212 792
230 807
255 810
251 812
234 816
245 820
204 824
223 828
260 833
251 837
237 839
259 843
292 846
274 849
282 855
282 854
266 862
289 861
255 868
279 864
257 867
261 876
291 875
310 882
329 884
314 895
311 889
332 899
388 890
367 896
346 895
326 892
368 898
368 902
390 902
344 904
386 905
369 906
392 908
364 910
398 910
401 912
378 913
374 915
387 914
397 916
402 916
418 917
392 919
405 919
405 919
414 921
438 921
425 922
434 923
436 923
427 923
443 924
438 924
438 923
426 924
458 924
444 924
455 923
480 924
483 923
480 923
471 921
499 922
509 920
512 916
511 914
512 911
512 908
513 905
513 905
512 903
513 902
513 901
513 899
513 897
512 896
513 894
513 892
512 888
513 885
513 884
513 881
514 877
513 875
514 874
513 867
513 865
513 863
514 860
513 857
512 852
511 851
513 846
513 846
513 838
514 834
513 830
512 825
513 821
513 814
513 806
513 803
513 799
514 793
513 789
515 784
512 779
512 774
511 771
513 750
513 749
515 744
513 743
512 735
514 732
515 725
514 718
514 715
513 710
513 704
515 698
514 695
515 687
513 684
512 678
513 672
512 669
513 663
513 659
513 657
513 648
513 645
513 637
513 631
512 624
513 616
513 610
513 601
513 597
513 588
512 584
513 577
513 567
513 571
512 563
514 563
512 556
513 551
513 549
513 542
513 537
513 534
513 523
513 520
516 509
513 502
515 494
512 489
513 483
514 477
513 473
513 467
513 463
512 458
514 451
513 431
522 427
513 422
512 419
515 413
515 408
513 400
514 394
514 388
514 382
513 376
514 370
513 365
513 359
513 354
513 350
514 342
512 339
514 332
513 330
513 325
514 320
513 315
514 313
514 307
514 302
513 296
512 292
513 289
514 285
513 281
513 277
513 271
513 267
515 263
517 260
520 255
629 254
646 250
880 251
863 246
833 242
832 238
804 232
844 229
791 223
790 220
817 215
799 211
774 206
775 204
761 200
761 200
759 195
710 190
758 187
802 183
770 171
760 168
757 172
761 163
726 161
735 158
728 155
730 153
686 151
698 148
680 148
707 146
660 144
677 142
660 136
690 138
649 137
644 134
673 134
622 133
648 125
643 129
664 128
664 127
634 125
645 124
624 126
647 122
592 121
645 119
638 120
631 119
615 118
582 119
609 116
627 115
586 115
587 114
585 115
592 114
624 113
568 113
560 114
567 111
594 113
564 114
558 111
565 114
557 113
558 114
551 113
544 115
544 116
528 117
514 121
516 128
508 128
518 134
514 135
516 136
514 136
514 137
513 139
514 140
513 142
514 146
513 147
514 149
513 153
514 154
513 157
515 160
513 163
514 166
513 169
513 171
513 175
513 178
513 182
514 184
513 189
513 191
515 197
512 202
513 202
511 212
510 184
511 219
511 227
512 232
516 236
513 236
514 245
514 250
514 255
513 259
513 269
513 270
514 278
514 278
513 283
514 290
513 294
512 301
513 304
513 308
513 311
513 320
513 323
513 329
513 336
514 339
513 346
513 351
513 372
514 374
514 378
515 381
514 386
517 389
523 396
516 406
516 408
503 416
512 411
513 428
514 439
513 444
509 455
514 456
511 464
520 467
512 470
513 481
515 476
514 482
512 486
513 492
514 496
514 503
513 509
513 515
514 524
514 530
513 537
512 543
514 550
514 555
513 562
513 566
513 571
512 576
513 580
512 586
513 591
513 597
513 602
514 607
512 614
514 620
511 628
517 633
512 639
516 646
513 651
524 657
511 665
515 668
522 664
513 678
526 678
510 703
511 707
519 702
524 715
511 718
513 723
513 729
514 732
516 737
513 741
513 746
514 749
513 752
514 757
514 761
512 766
513 770
513 774
509 779
438 781
294 782
188 786
238 791
223 795
220 798
250 802
243 807
228 811
230 820
252 819
237 829
202 827
218 831
265 836
270 839
261 850
266 843
263 852
310 855
285 854
263 859
274 862
287 865
293 869
280 872
267 874
290 885
332 881
306 889
330 888
290 891
334 889
341 893
348 894
394 896
354 898
348 898
371 906
362 906
361 908
363 909
409 908
366 911
357 910
415 913
385 914
377 915
377 916
405 917
418 918
414 918
403 920
401 920
418 920
430 922
422 922
423 922
432 923
437 923
443 923
441 923
456 923
450 924
432 925
450 922
467 924
463 925
466 924
444 923
476 923
486 922
501 922
482 921
503 920
512 917
512 914
512 912
513 909
514 907
513 903
513 906
512 902
513 900
513 900
513 898
513 896
514 894
512 891
513 890
512 888
513 884
513 881
513 879
513 876
513 865
514 862
513 861
514 864
512 856
513 851
514 848
513 843
513 839
513 835
513 831
513 825
513 820
513 816
513 811
513 805
513 800
513 796
513 788
513 790
513 780
513 778
513 770
512 767
514 760
513 753
512 751
513 748
513 741
513 734
514 732
515 727
513 728
515 715
513 711
513 707
513 697
513 696
514 689
514 683
512 682
514 676
513 668
512 667
513 660
513 654
513 659
515 646
513 640
515 632
512 625
513 619
513 612
513 605
513 596
513 592
513 584
513 567
515 564
513 561
512 557
513 555
513 549
513 543
513 538
512 530
513 525
513 518
513 510
514 504
513 496
513 492
514 484
513 480
514 474
514 470
513 465
513 462
512 454
512 451
513 444
514 439
514 432
513 426
514 419
514 418
516 409
514 409
515 396
514 396
515 384
513 378
513 372
513 366
526 361
513 355
514 350
513 346
510 339
513 335
513 329
513 326
513 321
511 315
514 311
514 307
513 304
514 297
513 295
512 290
513 287
515 281
513 278
513 274
518 257
523 254
634 253
671 250
893 252
877 246
825 241
799 238
780 235
783 229
827 225
807 219
786 216
797 213
794 208
788 204
743 200
752 198
779 195
751 191
709 187
743 184
786 182
769 178
741 175
714 171
811 167
774 165
714 161
733 159
727 155
718 155
722 150
685 149
714 147
653 146
690 142
635 142
663 140
683 138
694 137
673 135
635 134
644 132
649 130
644 122
628 128
646 127
653 124
652 124
639 123
619 122
634 121
589 120
643 119
629 118
617 115
607 115
583 114
574 115
594 114
565 114
595 114
609 114
581 114
557 114
570 113
579 114
566 114
590 114
547 114
558 114
564 111
552 114
542 117
530 117
517 117
509 117
513 137
513 124
518 129
514 131
513 133
514 136
514 136
513 137
514 138
514 139
514 141
513 144
512 146
513 147
513 151
514 153
513 157
514 159
514 163
514 165
513 167
513 169
513 175
513 183
513 179
514 183
513 187
514 191
513 194
514 199
513 204
514 209
513 209
518 219
515 216
505 247
516 248
513 253
514 254
513 259
515 264
513 268
514 272
513 276
514 283
514 289
513 294
514 296
514 302
514 309
513 312
514 317
513 332
514 328
514 335
513 340
513 344
513 349
513 363
515 359
513 373
515 369
514 374
512 381
513 382
513 389
511 394
512 401
513 407
512 417
513 424
515 423
513 437
523 443
507 450
519 441
511 454
512 459
511 468
518 471
514 474
513 479
512 486
514 489
513 497
514 509
513 509
513 514
514 521
513 529
514 535
513 543
514 567
513 570
513 572
514 576
513 580
514 592
515 589
513 597
514 600
513 609
514 612
514 618
513 624
513 630
512 638
513 646
512 652
515 663
511 659
514 656
512 671
511 672
513 692
512 692
513 701
517 698
513 701
512 709
511 714
512 717
515 722
513 728
509 732
513 736
514 742
514 745
514 750
514 751
513 755
512 760
513 773
515 769
513 781
513 777
506 781
387 783
194 784
189 789
256 794
232 798
223 801
239 805
245 810
208 814
236 818
241 822
245 827
197 841
273 843
314 847
292 842
284 856
275 851
293 858
246 857
234 861
287 867
293 870
266 873
259 878
293 879
337 885
312 881
331 886
322 890
344 890
348 892
352 891
355 897
345 897
381 901
365 902
361 903
384 903
335 906
403 908
371 908
410 909
355 911
384 909
392 913
404 914
427 915
373 917
421 925
409 918
410 920
404 922
412 921
407 922
414 925
440 922
421 924
423 923
444 923
458 923
427 926
462 924
449 923
441 924
458 930
473 919
478 932
466 924
487 921
500 929
502 920
509 918
513 914
513 912
513 909
513 908
514 905
513 903
513 902
512 909
513 900
513 898
513 897
513 895
513 893
513 890
513 887
513 885
513 882
513 879
511 876
513 874
513 871
513 868
513 863
513 869
513 859
514 857
513 852
513 850
512 845
513 841
513 837
514 833
513 828
513 821
512 815
513 812
513 808
514 802
513 796
513 790
513 785
513 782
512 779
513 771
515 766
511 761
514 758
513 754
514 750
514 743
516 740
515 733
513 737
513 706
513 703
513 700
513 696
513 690
514 687
511 681
514 680
514 673
520 665
513 662
512 655
512 651
513 647
513 638
513 634
513 628
517 621
513 624
513 605
513 607
515 590
513 588
514 581
513 576
512 572
513 567
513 564
514 559
512 555
514 549
513 546
513 539
514 533
513 528
513 521
513 514
515 507
514 499
515 493
512 486
512 480
513 475
512 471
513 464
513 460
512 456
514 450
514 445
513 441
513 434
513 430
513 424
513 419
513 411
514 404
512 398
513 375
515 371
514 367
515 362
495 356
513 351
513 354
514 343
513 343
517 332
514 327
512 322
513 316
513 313
514 308
515 303
514 299
513 295
514 293
513 287
513 282
512 279
513 275
514 272
514 266
514 260
519 257
556 255
642 252
809 253
868 249
849 244
813 238
819 235
771 231
789 229
838 221
797 218
789 213
815 218
804 204
756 209
742 198
747 195
762 192
728 188
732 186
758 182
779 179
780 175
721 172
754 169
773 166
767 163
746 159
705 158
741 154
635 146
691 144
672 143
668 144
624 140
699 139
657 137
739 135
676 133
629 133
653 136
615 131
668 130
623 134
632 126
652 125
659 123
659 122
607 121
630 120
607 119
614 118
641 117
627 117
618 117
576 117
594 115
614 114
593 114
569 114
585 114
563 113
599 113
578 113
553 114
575 112
573 114
572 112
568 113
538 114
566 112
557 114
549 114
534 116
517 122
517 120
517 126
512 129
515 119
515 132
513 133
514 134
514 135
514 137
514 140
515 139
513 141
513 149
513 151
514 154
514 156
513 160
516 162
513 164
513 167
512 170
512 173
514 176
513 180
514 184
513 187
513 189
513 194
512 195
514 203
513 208
513 218
514 217
511 222
513 208
484 233
515 236
517 244
515 254
513 252
514 257
513 263
514 267
514 271
513 276
513 283
513 286
512 292
513 295
514 300
513 308
513 313
513 315
513 321
513 330
514 331
513 336
513 345
514 347
513 353
513 359
514 363
513 365
513 373
513 377
514 383
513 387
513 394
513 429
523 412
512 426
514 437
513 439
501 447
514 449
511 458
513 463
518 468
514 470
514 479
513 478
514 483
513 489
513 494
513 498
515 507
513 513
512 518
514 527
512 534
513 538
513 547
513 552
514 559
514 563
514 569
512 582
515 579
514 584
513 587
512 594
515 599
513 605
512 612
513 617
513 624
512 629
514 635
512 643
515 649
513 654
513 660
514 666
511 672
514 678
511 684
513 693
503 694
514 698
508 704
513 703
513 711
512 716
513 721
512 723
513 744
513 747
513 749
514 751
513 754
513 759
513 763
512 768
514 772
512 777
507 780
438 782
252 783
171 788
189 793
252 797
210 801
233 805
239 810
244 813
205 816
217 821
249 825
252 830
224 832
229 837
279 849
304 844
258 856
231 847
294 854
271 856
272 861
246 861
255 872
305 872
302 872
266 877
253 879
301 881
375 885
307 888
323 888
325 898
327 890
376 899
314 894
395 897
349 902
375 914
380 902
333 903
385 905
361 907
409 908
376 910
408 911
373 915
420 916
418 917
385 917
415 918
391 919
410 914
391 920
411 921
417 922
412 922
445 922
441 923
405 922
463 923
449 924
453 924
449 924
443 924
458 924
466 923
470 924
467 924
470 923
461 923
476 922
488 921
504 920
506 919
512 915
512 914
512 911
512 907
512 907
513 905
513 902
514 901
513 900
513 899
513 897
513 895
513 893
512 892
513 888
514 885
513 883
513 881
513 878
513 876
513 872
514 869
513 866
513 862
513 859
513 856
513 854
513 849
513 831
513 829
513 825
513 822
513 818
513 814
513 808
513 806
513 798
513 792
513 788
513 783
513 780
513 775
513 768
513 761
514 758
513 756
517 749
513 743
514 740
512 734
513 729
513 725
513 719
515 714
513 708
514 702
513 699
515 695
514 689
516 683
514 677
513 674
512 676
512 662
513 666
514 653
513 648
514 641
513 635
513 630
513 622
510 614
513 609
513 601
513 594
513 588
513 580
513 577
514 573
514 567
513 562
514 559
513 556
513 551
514 546
513 522
514 519
513 514
512 508
513 501
513 495
513 495
518 483
513 476
514 471
513 467
513 461
512 456
514 451
514 447
515 442
514 436
513 430
512 429
514 418
513 418
512 405
514 399
512 393
513 388
513 381
513 377
513 370
513 364
514 360
516 353
514 348
513 342
514 338
512 331
513 329
513 324
512 319
514 314
513 309
513 304
514 301
513 296
513 292
514 288
513 282
514 280
514 278
513 272
513 267
515 262
516 258
519 256
616 251
670 250
930 249
903 244
797 229
844 224
807 222
833 218
768 214
807 210
787 206
749 203
738 199
765 197
754 193
756 190
735 186
736 184
782 180
757 176
784 173
748 170
730 166
773 164
759 161
723 157
708 155
701 153
706 148
699 146
691 146
669 143
638 143
650 142
631 139
661 134
685 135
699 134
658 133
637 130
617 131
666 128
656 126
629 125
625 126
610 123
684 123
629 121
626 120
595 121
618 118
651 119
615 117
629 117
596 116
565 115
621 115
608 114
583 114
566 114
600 114
579 112
582 114
593 113
583 114
573 113
543 114
561 114
555 114
553 113
531 116
523 117
517 120
515 130
515 131
517 130
515 144
520 133
513 133
514 135
514 139
513 138
514 140
514 140
514 142
514 146
513 148
513 150
513 152
511 155
513 159
513 161
513 164
513 166
513 170
513 172
514 179
513 178
514 183
514 185
513 189
513 191
513 197
514 201
513 206
513 210
514 218
513 226
511 227
513 225
512 235
514 229
513 244
515 251
513 255
512 259
513 265
513 270
513 285
514 293
513 298
514 302
514 305
512 309
514 317
514 320
513 325
515 336
514 336
514 339
513 348
514 349
513 357
514 363
513 364
513 372
514 380
512 381
514 386
514 390
514 399
510 407
511 409
514 421
515 424
515 435
513 438
513 443
515 452
516 454
515 464
516 462
520 472
517 471
513 479
513 483
513 486
513 494
513 497
515 503
514 511
513 519
513 524
513 532
514 538
513 545
513 552
514 556
513 563
514 567
513 572
514 577
513 582
513 587
513 592
514 615
514 619
512 622
514 628
513 634
511 641
506 645
513 649
514 657
514 668
513 672
503 673
512 684
514 686
512 694
519 695
513 699
499 706
515 707
511 714
516 724
513 724
503 730
513 734
516 738
513 742
513 746
513 750
512 754
513 758
515 762
514 764
513 770
514 775
509 779
462 781
308 783
185 786
193 791
206 796
224 800
240 804
228 807
240 811
218 817
219 821
201 825
264 828
253 832
222 835
265 840
289 842
299 845
253 854
271 851
298 847
266 870
261 871
257 862
245 875
288 879
255 881
302 876
357 884
320 877
314 890
320 896
374 896
371 896
335 898
350 902
338 900
394 901
321 907
365 905
355 910
380 909
447 909
385 910
418 911
348 914
395 914
349 915
390 916
426 919
397 919
430 919
392 919
423 921
398 920
411 922
437 922
435 922
423 923
448 923
434 924
454 923
467 924
454 924
426 923
451 924
462 923
478 920
438 922
451 923
480 923
476 922
483 919
500 920
506 919
511 916
512 914
513 910
513 903
513 901
513 901
513 900
513 899
513 898
