512 726
513 729
513 732
512 735
511 740
512 743
513 746
515 750
513 754
512 759
513 763
512 765
512 772
513 772
512 783
434 786
399 785
384 789
367 794
393 799
350 803
382 806
382 809
380 814
370 818
365 822
355 826
393 830
383 834
339 837
401 840
398 844
390 847
377 851
383 853
408 856
419 861
369 863
389 866
407 870
419 874
381 876
382 879
432 882
400 885
410 887
411 889
436 891
444 890
407 894
438 899
441 897
455 900
440 901
434 903
418 904
443 905
636 244
616 242
629 237
648 234
655 230
665 227
622 224
658 201
683 210
660 212
632 202
649 202
654 199
640 196
610 192
604 190
681 186
625 185
614 179
626 177
633 173
672 169
631 166
627 163
648 160
618 157
665 154
585 153
574 150
622 149
550 147
598 145
576 142
643 142
575 140
561 138
578 136
582 134
636 132
546 131
599 125
582 142
605 127
575 130
557 120
582 126
559 121
576 121
550 121
573 119
599 118
571 118
556 117
533 115
583 115
586 115
547 114
514 441
511 447
513 453
513 456
514 456
514 466
513 471
513 475
513 479
512 484
512 487
511 492
513 499
513 505
513 512
514 517
514 526
510 532
512 536
512 546
510 552
515 560
513 565
513 569
512 570
512 575
513 579
514 587
514 594
521 586
516 604
516 612
516 617
512 621
513 630
513 625
511 641
514 637
514 654
513 658
515 663
513 671
512 675
513 681
513 687
513 691
512 697
513 701
513 706
511 710
513 716
512 722
513 726
512 730
513 735
512 740
512 743
514 883
513 879
514 876
513 873
513 871
513 864
512 865
513 858
513 859
513 855
513 852
512 848
513 843
513 840
513 836
514 831
513 826
513 821
513 814
513 810
514 805
513 801
512 795
513 791
513 787
514 783
513 777
513 771
513 768
513 761
513 756
513 751
513 746
512 739
511 738
512 732
513 728
513 719
513 716
513 712
513 708
513 700
513 694
513 690
513 682
513 679
514 677
513 668
514 666
512 660
513 654
513 652
513 643
513 639
512 633
515 626
514 622
514 496
512 499
510 507
514 513
514 521
515 527
512 534
510 543
514 545
510 555
513 558
513 563
512 561
511 574
515 580
513 580
513 587
512 593
512 598
507 605
515 610
504 618
512 624
507 630
511 639
514 641
513 644
515 653
514 661
515 666
512 672
513 675
505 684
513 688
509 690
512 698
514 702
512 707
513 713
513 718
513 724
512 726
513 732
513 735
513 741
513 745
513 749
513 753
513 757
513 760
513 765
513 773
512 773
513 778
510 781
385 785
368 834
402 836
391 838
406 842
373 845
383 848
403 852
408 854
381 857
391 861
401 865
397 867
405 872
377 875
393 877
413 875
421 883
403 888
416 888
433 889
440 892
418 892
425 894
430 898
448 898
460 900
429 902
430 904
442 903
452 907
432 908
463 908
449 910
457 912
433 913
436 913
476 915
463 917
440 918
438 917
459 919
464 920
480 920
458 921
464 923
475 922
489 923
461 924
483 923
488 923
490 922
466 923
469 924
489 924
498 924
482 923
474 923
504 924
505 923
492 922
490 923
505 919
512 919
516 915
514 915
514 911
513 907
515 904
513 903
513 903
513 902
511 900
513 898
513 897
513 896
513 893
513 890
513 889
513 885
512 883
514 880
513 876
513 874
513 871
513 869
513 866
514 864
514 859
513 855
513 851
511 849
514 846
515 842
513 839
515 832
512 828
515 822
512 817
511 815
513 809
513 800
513 796
514 790
513 787
513 784
513 779
513 771
513 769
513 765
513 758
516 752
513 748
512 743
513 740
512 716
513 712
513 710
512 707
513 694
513 696
513 690
513 686
513 680
512 677
513 670
513 666
514 662
513 655
513 653
512 647
513 640
514 637
513 627
512 621
515 611
513 607
513 599
514 592
512 586
515 580
512 578
511 569
511 570
513 563
515 560
512 556
514 549
512 548
513 538
512 534
513 527
515 520
514 515
514 495
514 501
514 493
512 488
513 481
513 477
512 472
513 465
514 462
515 455
514 452
514 446
512 441
513 435
515 429
514 424
514 418
514 411
514 386
514 380
514 377
514 373
514 369
514 363
514 357
514 352
513 347
513 342
513 336
514 332
514 327
513 322
513 322
515 311
514 312
514 302
511 299
513 295
514 290
513 288
514 283
514 279
514 274
514 270
516 265
515 260
511 256
523 253
655 252
655 247
645 242
646 240
637 236
670 232
644 229
614 222
680 219
664 217
637 212
662 207
641 203
647 200
650 197
611 194
647 191
667 188
622 184
628 184
645 179
643 170
648 172
623 168
634 164
644 162
606 158
608 151
575 148
610 148
588 145
625 144
594 142
572 140
591 138
561 137
618 135
579 135
579 130
579 131
608 129
584 128
546 126
589 126
577 123
589 123
558 125
584 121
589 120
578 118
561 119
554 114
582 103
586 114
547 113
549 115
553 114
567 114
543 114
527 114
562 113
547 116
558 113
531 116
549 113
548 113
539 113
534 114
529 112
539 114
532 114
522 115
520 116
517 118
514 120
513 122
513 125
513 128
514 131
514 133
513 134
513 136
514 136
513 138
515 142
509 146
515 148
516 151
514 153
516 159
516 157
523 160
510 162
517 167
511 163
508 172
508 176
512 180
512 182
514 186
513 187
514 194
513 197
514 203
513 207
514 213
513 217
514 222
513 225
513 231
513 236
514 243
514 248
513 252
513 258
513 261
513 266
513 273
513 278
513 280
513 287
513 292
513 296
512 303
512 308
515 310
513 315
513 326
514 327
513 335
509 337
515 344
512 347
514 356
513 359
512 365
512 365
513 370
513 372
515 382
515 390
513 412
513 416
513 421
512 428
514 433
513 444
515 446
513 452
512 458
513 461
513 467
515 466
515 475
514 478
513 483
514 482
513 493
511 499
512 505
512 513
516 519
513 526
514 533
511 540
513 546
511 552
513 557
514 563
513 567
514 572
512 578
512 581
506 589
510 592
510 598
511 603
511 603
512 614
515 623
512 629
513 635
513 638
509 647
512 656
512 657
506 667
512 665
508 670
512 685
513 688
510 694
514 692
512 699
513 706
512 711
513 715
513 722
513 740
514 741
512 744
513 752
513 752
513 756
513 760
512 765
513 767
512 772
514 776
511 780
424 784
367 788
393 792
406 795
378 800
366 802
380 807
394 811
375 815
360 819
388 826
372 827
377 834
363 835
396 839
399 841
402 845
395 847
368 851
403 854
415 852
354 861
388 864
410 867
406 871
384 875
374 877
419 880
434 879
403 885
412 889
406 889
436 891
450 893
425 894
429 896
436 897
418 899
427 901
442 902
457 904
435 906
463 908
418 908
469 909
430 914
432 915
439 916
434 916
459 910
459 918
474 914
446 920
445 921
471 922
488 923
468 923
455 923
477 923
477 923
485 924
467 924
482 924
483 923
491 923
475 924
464 924
493 925
501 924
496 923
479 925
502 923
508 923
508 923
510 918
512 918
511 913
513 911
512 909
514 907
512 899
514 902
511 898
513 900
512 900
514 897
513 896
513 894
513 891
512 889
513 888
513 883
513 880
511 877
513 877
512 873
514 864
514 866
513 858
513 860
514 853
514 838
514 839
514 839
513 833
513 828
512 824
514 818
513 814
514 811
514 803
514 797
514 792
513 788
513 785
513 777
513 774
513 768
512 764
513 758
513 753
513 748
513 744
513 743
515 734
513 729
516 725
515 720
513 713
513 707
513 703
514 697
513 692
513 688
514 680
513 676
512 677
515 666
512 662
515 657
513 647
513 650
513 641
512 636
513 629
512 622
513 617
515 607
513 601
513 595
513 587
513 582
513 576
514 574
513 572
514 564
513 564
515 556
514 535
513 530
512 527
515 523
513 515
514 512
517 503
513 494
512 489
513 483
517 477
516 473
515 467
512 462
513 458
514 453
512 447
514 443
515 437
513 431
513 425
513 420
512 412
514 399
515 400
514 387
514 387
513 381
514 376
514 368
514 364
514 358
514 354
513 347
514 342
508 338
514 333
514 331
516 323
513 319
513 313
518 313
514 308
513 294
514 295
514 291
514 288
513 284
515 279
512 275
514 271
514 266
512 263
513 258
516 254
643 252
661 242
661 231
665 230
661 227
657 224
653 222
668 216
644 213
639 213
647 205
679 202
620 197
627 198
645 192
646 189
610 185
618 176
649 175
634 175
629 179
604 169
654 165
651 162
634 159
623 157
577 154
625 152
611 149
587 148
602 146
583 144
613 141
587 142
577 138
599 138
614 136
594 134
589 136
572 132
591 132
574 130
538 126
584 125
595 124
590 123
571 124
553 121
589 119
573 120
572 117
554 115
576 115
594 108
547 114
545 120
547 114
573 117
553 115
531 115
558 113
543 112
542 112
551 108
552 113
536 108
525 113
527 113
555 114
515 114
518 115
518 117
514 119
514 122
513 125
514 128
513 130
513 132
513 133
514 134
513 136
514 137
513 139
514 142
512 142
513 144
514 161
516 149
515 151
508 154
509 159
514 167
514 164
516 170
516 168
515 182
514 173
516 187
517 186
513 186
516 189
513 194
513 197
515 200
515 206
513 212
513 215
512 220
513 226
513 231
513 237
514 243
512 248
513 250
513 254
514 259
515 280
513 286
513 281
513 293
514 295
513 298
513 307
513 312
513 315
512 320
511 324
515 329
513 336
513 345
503 348
512 353
513 362
513 361
519 368
513 371
500 370
514 383
510 386
516 394
513 398
515 397
514 410
513 417
512 427
515 431
513 439
513 445
515 451
513 458
513 459
512 467
514 469
513 478
514 476
511 482
511 488
514 491
511 498
515 502
513 512
512 517
513 524
512 531
515 538
510 545
514 549
511 557
514 561
513 567
512 572
513 575
511 579
511 594
513 608
514 615
512 615
514 619
514 625
511 635
510 635
510 645
514 655
511 660
510 666
499 667
512 676
511 687
510 686
505 690
513 698
509 700
512 703
513 710
513 715
513 719
512 726
514 730
513 735
512 738
513 743
514 747
512 751
513 754
513 759
512 756
514 768
512 772
514 776
514 781
439 783
372 781
371 791
365 790
394 799
374 802
370 804
383 809
382 813
363 818
360 823
369 826
391 830
363 830
374 837
402 841
418 845
379 847
399 853
405 853
404 861
403 869
359 870
379 873
391 876
395 879
409 881
428 884
395 886
432 889
441 892
439 893
400 894
440 896
439 892
442 900
440 901
410 902
460 897
436 906
455 909
425 908
458 912
471 911
436 915
455 913
450 914
487 916
421 916
440 917
464 918
453 920
490 920
445 920
442 920
486 922
469 922
472 923
463 923
479 922
493 924
475 924
470 922
480 917
497 924
477 923
471 923
487 923
494 923
488 925
487 923
491 923
503 921
511 921
509 920
514 916
514 914
514 904
513 902
514 903
515 903
512 902
513 899
513 898
513 894
514 893
514 892
513 889
514 888
514 885
513 881
513 879
513 876
514 873
513 871
512 867
513 864
514 860
512 858
514 854
513 850
513 845
513 842
513 839
513 838
515 830
513 826
516 818
513 813
513 810
512 806
514 800
514 793
514 789
513 783
513 780
513 777
513 768
514 765
512 761
513 755
513 749
513 747
513 738
514 735
513 732
512 726
512 722
513 715
512 709
513 703
513 698
512 693
513 688
514 670
513 666
513 663
513 663
512 653
513 654
513 643
514 637
512 631
514 626
514 618
514 607
513 604
513 595
512 588
513 584
514 577
513 576
513 568
513 566
513 561
514 558
514 553
514 547
513 545
513 536
514 531
513 523
513 516
512 510
513 504
517 495
513 492
517 483
511 482
516 473
514 468
513 465
515 457
515 454
514 448
513 445
512 438
513 432
513 424
514 420
512 414
513 406
514 400
513 393
514 389
513 383
514 376
514 371
514 365
512 360
514 338
514 334
515 333
514 323
513 325
513 319
514 314
513 310
516 308
509 300
513 296
513 292
514 287
513 285
514 280
514 269
514 272
512 261
515 261
514 257
518 253
631 252
640 248
639 245
621 241
655 237
653 233
655 230
638 226
658 222
673 217
655 214
656 208
635 206
663 201
636 199
626 195
604 192
632 189
637 186
629 183
616 178
635 178
665 171
638 178
631 166
622 163
640 160
605 150
599 155
630 145
623 150
599 148
582 146
583 145
620 143
586 141
618 134
593 133
622 132
604 130
598 130
601 128
559 127
576 126
577 125
578 123
550 125
563 121
585 121
568 119
583 119
558 117
563 116
564 115
561 120
549 113
571 110
548 111
551 113
548 113
528 113
548 113
556 114
534 113
538 113
544 113
550 113
530 113
533 114
544 114
549 114
528 114
518 115
516 117
516 119
513 121
514 124
514 127
513 129
513 132
513 134
512 135
513 137
513 137
514 139
513 140
513 142
514 144
514 146
513 148
514 148
506 154
513 157
516 170
511 170
512 171
505 175
514 178
517 181
514 185
514 188
514 192
513 196
513 200
514 204
513 210
514 215
512 219
513 225
514 230
514 236
513 240
512 246
513 250
513 253
513 259
513 265
514 269
513 273
513 279
511 287
513 291
513 294
513 297
513 306
513 311
513 313
514 319
514 327
513 340
513 323
514 347
513 339
517 349
513 358
515 362
513 367
515 374
513 376
515 384
516 393
514 387
512 396
513 400
517 409
513 416
513 422
511 431
513 436
512 446
515 465
513 468
512 472
512 475
512 477
513 481
512 487
514 482
513 497
510 495
514 508
512 516
513 523
512 530
513 536
511 547
514 548
511 556
514 560
513 558
511 571
513 575
512 580
513 584
513 590
507 597
514 612
513 608
516 615
512 619
515 631
519 629
515 643
511 644
511 652
516 655
511 665
513 667
516 667
514 684
510 687
517 698
514 691
515 701
511 704
515 707
513 714
513 719
512 724
513 728
513 734
512 738
513 743
513 745
513 743
513 753
512 751
514 774
513 777
512 780
494 782
393 786
385 789
375 793
382 800
358 802
370 805
377 808
400 815
347 818
352 822
386 824
384 829
369 829
365 834
399 840
403 843
375 847
375 850
408 847
395 855
389 859
368 862
405 865
436 869
363 873
390 875
412 879
402 881
416 883
390 886
437 888
447 890
415 892
442 894
408 896
437 896
449 898
436 900
439 902
426 904
457 905
426 907
439 909
437 910
466 910
459 912
432 913
435 909
462 915
469 916
452 917
473 917
436 919
467 918
461 919
477 919
466 921
442 922
473 922
486 922
452 923
469 924
470 923
494 923
492 924
472 924
471 923
505 924
483 925
479 924
494 926
487 924
498 924
489 923
472 922
508 919
505 921
505 920
510 915
512 915
511 912
513 909
513 906
512 905
514 903
513 902
514 901
513 898
513 898
513 897
513 895
514 892
513 890
513 888
513 885
513 882
513 879
513 876
513 875
513 871
513 867
512 864
513 861
513 859
514 855
513 852
514 849
513 844
514 841
513 836
512 819
512 815
513 810
511 806
513 803
514 796
513 790
512 786
512 782
512 776
511 772
512 767
516 760
514 756
514 753
514 747
514 745
513 741
513 733
513 726
513 723
513 716
513 710
513 708
512 702
513 689
513 691
513 686
514 678
513 677
513 673
512 665
513 661
513 657
512 651
515 647
514 639
514 633
513 628
513 619
513 611
513 608
513 597
515 593
514 587
515 579
513 581
513 571
513 567
511 563
513 560
513 556
514 550
513 546
515 539
513 534
515 526
513 500
513 497
511 489
514 488
515 479
512 477
513 470
515 464
513 461
515 453
509 451
512 445
512 440
513 434
514 429
514 423
514 416
514 410
514 401
514 397
512 392
513 385
514 380
513 375
512 367
514 362
514 355
514 351
514 347
514 340
514 336
514 332
514 326
514 322
514 317
513 311
514 307
513 301
516 298
513 295
514 290
513 287
513 282
513 278
513 274
514 271
514 262
511 260
514 256
580 254
650 250
634 247
645 242
613 239
662 235
658 231
643 228
657 213
656 209
663 206
659 203
670 199
622 197
604 194
655 190
639 187
618 184
649 181
616 178
657 174
647 173
603 163
652 157
615 161
654 159
603 156
605 153
658 152
575 149
619 147
592 146
591 143
612 141
568 140
587 138
575 137
605 134
602 134
588 131
598 131
575 129
564 128
566 126
577 126
588 123
587 123
551 121
592 121
572 121
560 119
573 118
537 117
590 116
562 114
547 106
543 114
555 108
570 109
550 113
540 113
527 124
570 112
539 111
526 107
541 110
540 113
546 113
546 113
538 114
531 114
516 116
516 118
514 121
513 122
513 126
514 129
513 131
513 133
514 134
513 135
514 136
513 137
513 139
513 143
513 143
513 145
513 147
513 151
508 154
515 151
514 157
515 167
516 166
512 164
514 171
513 168
520 175
513 165
514 181
509 186
513 192
514 195
513 198
513 202
514 207
513 212
513 218
512 222
514 226
512 234
513 239
512 245
513 248
515 252
513 257
513 263
515 269
513 274
513 276
514 282
513 303
513 306
513 308
513 313
514 315
513 321
513 330
511 333
518 337
513 350
510 347
517 363
519 356
518 370
512 369
512 370
513 378
510 387
514 387
513 395
513 402
510 407
513 423
517 416
513 429
513 433
514 444
512 449
514 451
513 459
513 462
515 467
513 471
514 476
513 478
513 482
513 490
514 492
513 500
515 506
513 512
512 520
514 527
510 535
512 538
513 547
514 552
511 559
515 564
513 567
511 573
512 577
512 583
517 589
515 590
513 598
519 604
514 627
512 636
517 639
511 644
505 647
517 653
519 659
514 665
514 673
513 679
508 683
513 686
512 691
516 696
513 705
510 706
515 713
513 718
514 719
513 725
511 731
513 735
511 740
513 744
513 748
513 752
513 755
513 761
513 764
513 769
512 774
512 778
512 782
429 785
383 787
393 791
394 795
358 800
367 804
390 807
390 811
404 815
356 819
347 823
384 828
370 832
367 835
394 837
385 843
387 845
386 848
391 852
403 855
411 857
408 861
397 865
371 868
404 881
388 882
408 884
444 886
392 887
451 889
455 892
416 893
430 894
427 896
437 898
460 900
427 902
431 903
440 905
474 906
413 908
433 909
455 910
446 911
441 914
451 914
452 915
479 915
452 917
430 918
462 919
477 920
482 920
440 921
444 921
486 923
472 926
467 923
464 926
485 923
490 922
489 924
465 925
483 924
502 927
478 923
468 924
504 923
497 919
489 922
482 922
483 921
510 922
506 922
511 918
514 915
515 913
513 910
514 907
512 905
514 903
513 898
513 898
512 897
513 895
513 893
513 891
513 889
513 885
513 882
513 879
513 876
515 874
513 873
514 868
512 866
513 863
513 859
513 856
513 851
513 848
513 844
513 840
512 837
513 833
513 828
513 822
512 818
512 813
513 808
513 805
514 800
513 791
513 784
513 783
514 778
514 776
514 768
514 763
512 757
512 754
514 750
513 743
513 739
513 735
513 727
513 725
514 721
513 709
516 706
513 705
513 696
514 693
512 687
512 680
513 678
515 673
513 665
512 653
513 642
512 639
512 627
513 629
514 620
514 616
514 605
513 602
513 592
515 586
513 582
514 577
513 571
513 567
513 565
513 559
514 561
514 548
512 547
513 540
516 529
511 529
515 517
509 515
513 508
514 501
514 495
510 483
520 482
514 483
513 472
513 467
514 462
514 457
514 452
514 446
513 441
514 436
515 429
515 425
513 418
514 411
513 405
513 399
514 392
514 387
514 380
513 379
515 369
514 360
512 358
513 351
515 347
514 342
514 337
513 332
514 315
514 310
514 308
514 303
517 297
513 295
510 290
514 287
513 283
513 279
515 275
513 271
513 267
515 261
511 257
545 254
633 252
647 248
612 244
637 246
662 235
659 235
657 227
624 224
667 221
647 215
661 212
663 207
660 204
635 201
651 198
627 195
639 192
654 189
627 186
653 182
606 178
645 174
641 172
627 168
656 170
636 162
619 167
641 157
594 153
659 151
615 149
595 145
573 141
563 141
627 142
560 141
603 140
586 136
610 135
581 134
543 132
605 128
591 126
605 125
600 124
573 123
572 121
550 121
574 119
581 119
574 117
551 117
569 116
572 114
548 112
568 110
567 113
551 114
576 110
537 110
561 112
552 112
553 113
533 113
529 113
555 113
536 113
534 112
529 114
543 113
533 114
526 115
520 116
518 117
516 124
513 123
514 123
513 129
513 131
513 133
513 134
510 136
508 136
513 137
513 136
510 141
513 142
513 144
513 147
512 149
513 152
512 165
514 158
514 165
515 153
515 166
516 184
515 173
511 185
516 200
513 190
515 191
514 198
513 202
512 204
513 212
513 217
512 222
513 226
513 232
513 238
513 242
515 248
513 251
513 256
513 262
513 266
513 271
513 277
513 280
512 286
513 291
511 298
513 301
513 307
513 309
512 314
514 321
511 329
514 332
514 336
512 344
513 351
516 353
513 371
509 361
516 368
512 372
513 376
512 395
513 389
517 401
512 402
513 410
514 411
514 427
510 426
511 434
513 438
513 447
513 451
513 457
513 463
513 464
512 482
513 486
514 489
513 493
512 499
518 505
512 510
512 517
513 525
513 533
515 539
512 546
513 551
512 557
512 562
511 567
513 571
513 577
513 581
513 587
512 593
511 601
513 608
511 608
510 613
512 621
511 630
512 634
513 639
512 652
513 654
511 662
512 665
512 678
512 675
506 679
512 686
512 693
511 696
512 703
512 711
514 715
515 719
513 722
513 725
513 731
513 734
513 739
513 744
513 747
513 751
513 755
513 759
512 765
514 769
514 773
513 777
511 791
376 791
362 797
354 792
341 804
355 807
406 811
370 813
350 819
372 822
377 827
386 830
360 835
379 839
401 840
405 843
381 847
376 850
414 853
425 857
368 861
367 863
410 867
393 870
392 874
380 877
386 879
428 882
426 882
415 887
423 889
417 891
421 893
454 894
410 896
463 898
457 899
423 901
443 902
441 904
460 906
415 908
457 909
461 910
447 917
448 912
419 911
455 914
450 916
445 916
450 918
454 919
479 920
462 920
444 921
472 922
466 923
475 924
470 924
492 921
489 924
469 924
487 924
488 923
505 924
464 925
484 923
499 923
496 922
481 923
498 922
502 920
504 920
511 918
511 915
512 911
512 910
513 907
512 905
513 905
513 902
513 901
513 902
513 898
513 897
507 896
513 894
514 892
513 888
513 888
511 883
512 881
513 877
513 876
514 872
516 868
513 866
513 863
513 860
512 857
513 853
513 850
513 845
513 843
513 838
514 834
513 830
513 824
513 822
513 813
513 810
511 804
513 799
513 793
514 771
513 769
513 768
512 764
513 761
514 754
514 751
513 745
514 741
513 737
513 730
513 720
510 721
513 717
512 706
513 703
513 699
513 691
513 688
513 684
512 676
513 673
511 669
514 667
513 659
513 657
513 649
515 642
513 638
513 631
514 622
512 617
516 605
512 605
513 593
513 592
514 585
514 576
512 575
514 568
512 562
512 561
514 552
511 554
514 546
512 541
513 536
513 530
516 521
511 518
512 507
513 501
513 495
516 487
511 484
516 476
514 470
514 454
513 451
512 448
515 442
512 436
513 430
512 424
513 420
514 413
515 405
513 401
514 393
513 388
516 383
515 375
512 369
514 364
514 357
514 353
514 346
512 343
514 339
513 333
514 328
513 324
513 319
514 314
513 309
514 304
514 300
522 297
514 292
517 288
514 284
514 281
514 275
514 270
512 271
514 262
515 255
514 255
652 253
659 247
635 245
636 242
666 237
668 233
651 228
640 225
624 221
679 218
659 213
619 208
667 206
652 202
630 198
625 195
639 183
625 181
621 179
628 176
651 173
627 173
596 165
647 159
622 158
624 170
586 154
622 152
637 148
566 148
605 146
597 145
600 141
610 141
558 139
585 137
589 136
600 134
595 133
580 131
599 130
574 128
571 128
561 126
589 124
583 124
580 122
545 125
578 120
589 119
568 117
558 117
542 116
602 116
552 115
536 115
542 117
567 112
566 107
532 116
529 117
564 111
555 103
537 113
529 112
541 114
550 113
535 113
525 113
529 113
552 114
514 114
515 116
514 124
513 124
513 128
514 133
512 132
514 134
514 134
513 136
514 137
513 138
513 141
514 142
513 144
513 145
513 149
514 152
513 154
499 157
511 159
513 167
516 167
512 170
516 173
512 181
509 178
514 186
517 183
515 171
498 194
510 197
513 200
514 205
514 209
514 215
513 220
513 222
513 231
514 235
513 240
513 246
514 250
513 255
513 259
514 265
513 271
513 277
513 281
513 283
513 288
514 296
513 299
514 304
514 310
513 314
514 320
513 329
514 331
512 350
516 350
516 363
518 358
514 365
520 374
511 373
515 376
512 388
507 390
512 402
514 401
515 410
511 415
513 421
514 431
514 437
513 445
512 449
513 455
512 461
513 462
513 472
514 473
512 477
512 482
513 486
512 493
513 497
512 504
514 510
513 517
513 530
514 530
511 543
512 541
513 550
513 556
515 561
515 565
512 572
512 576
512 580
512 586
513 591
512 590
514 602
511 608
507 613
512 621
514 628
518 633
509 639
514 645
510 648
508 658
511 658
510 683
510 694
511 696
517 697
509 705
515 705
510 711
509 716
510 716
515 725
513 730
513 735
513 739
513 743
512 746
515 751
512 754
512 757
512 763
513 767
514 773
512 776
513 780
459 782
419 786
367 790
403 793
375 798
359 802
364 806
392 810
389 813
368 817
362 822
375 826
378 832
368 834
387 835
384 841
411 855
370 848
396 851
377 853
385 856
425 860
386 863
383 866
382 875
412 873
382 877
387 878
427 882
413 885
389 887
415 889
410 890
449 903
421 898
441 900
461 901
417 903
439 904
467 906
437 907
453 908
446 909
463 911
454 913
440 913
442 914
449 915
461 917
436 918
454 918
476 920
471 920
468 921
441 921
466 922
497 923
464 923
452 923
482 922
487 924
478 924
476 924
471 924
498 924
483 924
487 922
479 924
494 924
507 923
480 922
490 921
507 922
509 919
503 919
513 915
515 914
513 910
516 907
515 906
513 905
514 902
514 901
513 900
514 907
513 899
515 904
512 894
513 894
513 889
512 878
513 876
513 875
514 872
513 869
512 867
513 865
513 861
513 858
514 854
513 850
512 848
513 844
513 840
514 834
512 831
513 826
513 819
514 814
514 810
515 805
511 799
513 795
513 795
512 784
513 779
512 775
513 771
514 764
512 761
513 756
513 750
512 746
512 742
514 736
513 732
