564 115
547 114
553 114
554 115
537 116
538 117
519 118
514 120
514 123
514 126
514 129
514 132
513 133
514 135
513 135
514 131
511 139
513 139
515 141
513 143
513 147
513 148
514 150
514 156
514 155
513 160
514 161
512 164
513 167
514 171
513 175
514 177
514 181
513 183
500 187
513 191
514 195
514 199
513 203
513 209
514 214
513 218
513 225
513 228
512 231
513 238
513 246
515 250
513 253
513 258
513 264
513 270
513 272
507 277
515 281
513 289
513 295
403 923
437 923
466 922
452 923
428 923
452 924
466 923
454 918
477 924
444 923
447 924
464 923
484 923
480 925
473 931
484 922
503 923
509 916
513 917
512 911
516 913
510 906
516 900
512 903
514 902
512 901
513 900
512 898
513 896
512 895
513 892
513 892
513 888
514 886
513 883
513 880
513 877
512 874
513 872
513 869
514 865
514 862
513 859
513 856
513 852
513 849
513 843
513 840
513 839
511 833
512 828
513 822
514 813
514 809
513 809
512 805
513 795
515 369
513 369
514 373
514 377
513 382
511 388
513 392
512 400
513 404
513 412
513 419
514 426
512 435
514 440
513 445
513 453
514 457
513 462
512 467
513 469
513 474
514 478
514 482
513 488
513 492
513 497
512 504
512 511
513 517
513 526
513 532
513 538
511 546
514 550
513 552
518 563
513 534
511 574
513 578
513 582
514 586
514 591
512 597
511 603
513 608
514 615
513 621
512 628
511 634
512 641
515 645
513 652
513 658
514 664
513 672
514 675
513 681
512 758
514 759
513 765
513 768
514 772
514 776
509 781
463 784
278 787
193 788
227 793
243 797
246 800
230 805
276 809
220 812
243 816
245 820
236 825
221 828
232 833
257 836
283 840
290 844
248 847
275 849
305 853
301 856
260 859
238 862
280 865
296 869
264 873
286 873
278 878
298 880
345 884
340 888
294 889
346 889
363 889
361 905
318 895
394 896
342 895
380 900
376 902
357 904
356 906
363 906
425 908
363 909
399 910
381 912
385 913
392 914
381 915
400 920
412 920
444 920
404 921
400 921
434 922
426 922
441 923
431 924
422 923
456 924
457 924
431 923
463 924
439 924
450 925
482 925
459 926
461 915
462 924
478 916
506 923
474 927
496 922
507 920
511 916
512 914
514 912
515 910
511 907
511 905
513 902
513 902
512 900
512 899
513 898
513 897
513 894
513 891
514 888
514 886
513 883
512 880
512 876
513 873
511 871
513 870
514 866
516 862
514 859
513 857
510 854
512 851
514 845
513 841
506 840
514 817
520 813
514 814
505 808
513 802
514 797
514 794
514 786
515 782
516 779
513 779
515 773
512 771
514 758
511 757
515 748
512 743
514 741
509 737
513 728
516 723
514 720
513 717
514 712
514 704
511 701
514 694
513 687
513 684
512 677
513 673
513 670
513 663
513 658
513 653
513 649
513 643
513 637
512 632
513 623
513 616
513 609
514 602
513 595
513 589
514 584
513 577
513 575
513 568
511 565
512 561
513 557
513 547
515 547
513 541
518 532
513 531
513 501
515 497
514 491
514 489
513 484
514 478
514 473
513 468
514 463
513 458
513 453
513 449
513 444
513 438
513 432
513 426
514 419
513 414
513 407
514 401
514 395
513 388
514 381
511 375
513 371
514 365
513 360
513 354
513 350
514 344
512 338
514 333
513 330
514 324
514 319
514 314
514 310
513 305
514 300
513 296
514 292
513 288
514 285
513 281
513 276
514 272
513 267
514 263
514 258
517 254
562 252
633 249
887 250
870 244
806 240
820 236
816 232
786 214
815 210
803 209
771 208
766 203
735 200
753 197
717 195
716 191
747 187
744 184
762 181
739 178
757 174
765 172
724 167
735 164
770 161
704 158
736 156
693 153
677 151
703 150
700 148
664 146
670 144
658 142
654 140
664 138
695 137
679 136
641 134
681 132
626 130
616 129
682 127
601 127
623 124
647 124
645 122
634 121
622 123
638 120
603 125
627 117
628 116
610 116
596 116
585 115
606 114
592 114
551 113
598 114
592 113
568 113
607 113
558 114
553 113
540 113
550 114
562 113
561 115
553 115
544 116
522 118
515 118
513 122
516 124
515 129
514 130
514 131
512 133
513 135
514 136
513 137
513 140
512 141
506 142
514 147
513 145
514 150
513 152
514 155
514 158
514 160
515 163
513 166
514 169
515 172
514 174
513 179
513 182
513 186
512 188
514 191
513 197
513 201
512 204
514 209
514 216
513 220
514 224
513 231
513 235
513 240
513 246
513 252
512 256
513 259
513 265
514 268
513 274
512 282
510 285
514 303
507 308
513 311
514 316
512 320
514 327
513 331
513 334
513 340
511 349
514 350
513 356
514 358
510 364
514 371
513 376
513 380
513 386
514 389
513 397
512 404
513 408
513 417
514 422
512 431
514 437
514 445
514 451
514 454
510 461
513 464
509 470
514 473
514 477
513 481
514 486
512 490
513 495
512 504
515 508
513 517
515 524
514 529
512 537
514 542
513 551
514 555
510 575
514 565
513 568
513 575
513 580
514 586
513 591
513 596
514 601
513 607
514 750
516 753
510 744
512 755
526 762
512 769
513 770
513 774
508 780
508 782
430 785
173 786
192 791
204 795
235 799
261 803
221 807
254 811
253 816
218 819
243 825
240 828
247 831
222 835
271 839
283 842
276 845
261 849
260 852
289 855
303 858
269 860
264 865
290 867
305 873
265 875
300 882
301 878
302 890
271 885
352 896
358 888
347 874
345 892
333 897
338 896
379 899
348 899
416 902
324 903
381 905
346 907
395 907
429 910
362 909
405 910
361 911
425 917
418 917
402 916
448 918
407 921
413 921
410 921
402 921
434 922
440 923
449 923
427 923
433 923
463 925
462 925
450 924
444 924
443 917
457 918
471 924
463 925
470 928
457 918
492 925
489 919
484 925
503 916
509 919
511 912
517 907
515 908
522 908
503 902
517 893
513 902
513 901
513 897
512 897
513 897
513 894
513 893
513 890
513 888
514 885
512 882
513 880
512 876
514 873
513 870
512 867
513 865
513 862
513 858
513 853
514 851
513 847
513 844
513 826
513 822
513 821
513 816
512 810
514 806
509 803
509 795
511 786
515 783
512 776
511 780
513 776
515 766
511 758
507 754
515 755
509 749
518 741
510 737
514 734
510 722
509 726
513 711
515 711
511 701
507 701
514 693
513 687
513 684
513 682
513 673
514 670
513 667
513 659
513 656
514 651
514 643
512 639
513 631
513 626
513 619
513 612
513 604
513 597
513 590
514 585
513 580
515 573
513 572
513 566
515 562
513 555
514 553
513 549
514 543
514 540
513 512
513 509
513 504
513 498
515 490
512 486
513 479
513 474
513 470
514 464
514 460
514 454
514 450
514 445
513 439
513 434
514 426
513 422
513 414
510 408
513 404
510 396
514 391
513 384
512 378
513 376
513 366
515 361
513 355
514 350
512 345
513 341
517 334
513 331
514 326
512 322
515 316
513 310
513 306
514 301
513 298
514 293
518 290
513 286
514 282
514 277
513 273
514 273
516 261
515 259
515 257
522 253
645 250
757 251
927 247
864 241
791 225
804 222
786 218
787 215
784 211
775 206
759 204
775 200
748 199
748 195
737 191
754 188
776 185
737 179
752 179
729 175
787 171
757 169
721 165
711 163
743 161
758 154
734 154
669 151
692 150
664 147
684 146
672 145
689 143
642 141
634 139
684 138
634 135
680 133
666 130
648 131
678 130
654 128
641 126
626 125
604 125
623 124
626 122
656 121
642 120
634 120
624 118
614 117
600 116
611 116
595 114
591 115
595 114
599 113
580 113
583 113
587 113
576 112
567 112
551 113
550 113
553 115
557 113
555 114
565 115
537 117
526 116
517 118
514 120
515 123
514 126
513 129
513 131
514 133
515 134
512 136
513 136
516 138
514 142
511 142
513 145
516 146
513 148
509 151
513 154
514 155
514 159
513 164
512 163
514 166
514 171
513 174
512 177
512 180
514 184
516 188
521 198
515 195
511 200
513 204
514 209
511 214
514 219
513 220
515 230
514 235
513 239
513 242
514 247
514 253
513 257
513 261
514 268
514 272
515 299
514 297
514 298
513 303
514 309
514 312
516 320
514 322
514 328
513 336
513 339
514 343
508 350
513 355
509 360
514 364
515 368
514 375
513 378
513 384
513 389
514 394
514 402
513 406
515 415
512 421
513 429
513 437
514 441
513 450
513 453
514 459
514 463
514 467
512 473
513 476
513 482
515 482
513 490
512 495
514 499
511 509
514 513
514 522
515 527
512 535
513 541
514 547
511 553
513 560
510 567
516 567
503 575
517 578
512 583
513 590
514 594
509 619
512 623
511 627
512 631
513 636
513 643
512 648
514 655
513 660
515 666
512 672
512 678
514 683
513 690
513 693
513 698
513 703
513 707
514 713
513 718
513 722
513 727
513 732
513 737
512 755
514 747
486 749
514 752
512 756
512 759
517 767
505 770
514 773
512 778
507 779
434 784
217 784
223 789
183 794
207 798
233 801
274 806
222 810
243 815
237 818
196 823
229 828
261 832
243 834
263 838
269 841
262 844
288 848
286 853
294 853
263 856
306 862
258 873
286 877
275 882
314 882
297 880
299 895
338 885
331 886
361 889
361 890
368 893
341 896
352 897
366 900
394 898
389 903
342 904
383 907
327 907
423 908
396 911
373 911
366 913
392 913
431 915
391 915
425 916
353 918
397 918
405 920
431 920
441 921
394 921
424 921
450 922
431 920
434 923
450 922
426 924
450 923
462 920
428 924
466 924
460 905
453 921
479 924
463 923
467 923
470 922
481 923
503 924
492 919
510 919
502 916
509 914
514 907
513 909
513 901
513 900
513 900
513 899
513 898
513 895
515 893
513 890
507 888
513 885
513 882
513 879
514 877
513 873
513 871
513 869
516 865
513 861
513 858
513 856
513 852
513 848
511 845
514 839
513 835
512 831
513 826
513 822
513 817
513 813
512 803
516 799
513 795
505 791
512 789
514 782
515 778
511 772
510 769
513 763
514 757
513 751
513 748
513 741
517 736
515 732
515 727
513 723
507 718
513 713
511 707
515 701
512 697
511 692
513 685
516 681
512 678
513 657
517 654
514 651
514 647
513 641
514 634
513 627
514 622
514 613
513 608
514 599
514 593
512 586
513 580
513 577
513 571
513 566
515 564
514 558
516 556
513 549
513 548
512 540
513 534
515 528
516 520
513 514
514 507
513 500
513 494
514 487
514 481
513 475
512 472
513 466
514 462
513 456
515 451
514 447
513 441
512 435
513 429
517 423
513 417
515 411
513 405
514 399
514 391
513 386
514 380
513 374
515 369
513 364
513 359
516 352
514 347
515 341
509 324
514 320
514 318
515 313
514 308
514 307
514 299
513 295
513 290
514 287
514 283
514 279
513 274
514 270
512 266
513 261
517 257
526 252
642 251
769 251
864 248
817 243
836 238
763 232
805 231
804 227
775 222
804 218
814 214
824 209
785 210
740 204
749 195
774 196
737 192
730 189
733 187
781 182
742 180
701 175
774 172
766 170
732 166
784 163
711 160
701 157
719 153
725 152
718 150
659 148
689 146
675 144
665 143
689 140
654 140
685 138
632 136
664 130
650 128
658 129
669 128
628 127
659 124
612 124
626 122
643 122
604 121
615 119
644 118
621 117
609 116
608 116
567 114
615 115
630 115
569 115
594 115
585 114
592 112
591 113
582 113
564 113
569 113
558 114
584 112
563 114
545 114
554 114
559 114
551 114
527 120
525 116
517 120
514 122
514 125
513 129
514 132
513 132
513 134
512 135
513 137
514 136
512 139
513 143
513 142
513 145
514 148
513 150
515 152
514 156
513 157
513 162
514 164
513 176
513 179
513 181
512 185
513 187
513 190
511 198
516 199
513 202
513 207
512 184
513 216
513 221
514 228
514 234
513 237
513 242
514 246
510 251
513 257
514 263
513 265
514 267
513 277
516 283
513 287
513 291
514 296
513 302
513 306
514 310
513 316
514 322
513 323
513 332
514 339
512 341
513 350
512 355
513 355
513 358
508 375
514 375
514 379
514 382
513 388
509 393
513 399
513 406
513 411
513 420
514 426
514 433
513 440
514 447
513 453
514 456
513 474
514 476
513 478
511 483
511 488
513 495
514 497
512 506
514 511
513 520
513 526
512 531
512 541
513 543
512 553
515 556
514 561
527 560
508 569
514 579
512 583
512 588
512 592
513 597
512 604
513 608
514 615
514 622
512 628
511 636
513 641
515 647
513 654
515 658
512 665
513 670
513 677
513 682
514 687
514 692
512 698
513 702
512 707
513 711
513 716
513 721
513 725
513 730
513 732
513 739
515 743
510 753
514 751
511 760
510 758
512 754
505 766
511 783
332 782
201 786
175 788
218 792
186 797
215 802
244 806
235 810
261 813
221 817
227 822
234 825
276 830
211 835
259 837
295 840
269 843
270 846
293 850
273 852
294 856
274 859
269 862
279 866
250 868
286 873
257 886
293 875
318 883
304 880
341 888
338 888
351 892
356 890
347 891
392 896
283 901
411 903
380 900
343 904
374 904
356 905
393 907
379 909
411 911
377 910
379 912
382 913
391 914
395 916
385 917
429 917
385 919
416 918
412 920
428 918
408 922
425 923
441 923
443 923
428 920
452 925
463 924
442 924
434 924
452 923
464 919
462 923
455 915
457 922
479 919
481 922
504 923
495 919
514 920
512 916
522 915
511 909
510 908
510 896
511 903
511 898
514 900
513 900
512 900
512 897
513 896
513 894
513 892
513 889
513 886
514 884
513 880
513 877
512 876
513 872
513 869
513 866
514 863
512 859
513 856
513 854
514 849
513 845
514 842
513 838
512 832
513 828
516 825
515 819
513 815
515 809
513 804
519 782
514 782
515 779
511 774
511 763
515 764
517 760
514 752
514 750
513 746
514 741
512 734
514 731
515 728
514 720
512 714
512 712
512 698
513 697
515 695
515 689
513 683
513 679
515 673
513 670
515 664
513 658
513 652
513 647
513 643
514 635
513 630
513 623
516 615
512 610
515 600
513 596
512 588
514 582
513 580
515 571
512 570
513 564
513 561
513 556
514 550
513 549
513 541
514 536
514 531
513 524
514 516
513 509
514 503
516 496
514 489
515 484
515 464
513 461
513 458
514 453
512 448
513 442
514 438
513 431
514 427
516 419
514 413
513 406
513 401
512 394
514 385
513 383
513 376
514 371
513 363
513 359
513 354
513 349
513 343
513 338
514 333
513 329
514 324
513 319
513 314
514 310
514 304
512 300
514 296
513 292
514 288
513 284
514 281
513 277
513 272
513 269
515 263
515 259
522 253
608 252
638 248
904 248
849 244
817 239
811 234
797 231
778 226
804 223
763 220
825 214
817 209
763 205
788 204
739 190
745 188
760 187
743 185
756 181
759 173
735 174
769 170
773 168
726 164
736 161
739 158
698 156
695 163
694 150
693 150
673 147
721 145
642 144
653 141
665 140
641 139
687 137
651 136
666 134
629 132
693 131
647 129
623 128
627 128
628 125
639 125
622 122
669 123
600 121
620 121
634 118
608 118
639 116
602 116
599 113
606 114
600 114
604 114
588 114
562 115
609 113
577 117
577 118
578 113
572 111
574 113
566 114
577 113
543 114
542 115
568 114
512 119
517 120
514 122
515 125
514 127
515 130
514 132
514 133
513 135
512 134
513 138
514 138
513 140
513 141
513 143
514 146
514 149
513 152
513 155
513 157
513 159
512 163
512 165
514 169
514 172
513 176
513 179
512 181
511 185
512 189
512 192
488 192
513 200
513 206
512 210
513 217
514 221
514 229
515 231
513 235
514 240
514 246
514 251
513 257
513 260
513 263
514 268
514 273
513 281
514 285
513 288
514 295
514 300
512 305
513 309
513 313
513 321
513 344
513 345
513 346
513 352
513 357
513 360
513 368
484 371
515 376
514 382
514 385
515 392
514 396
513 403
513 411
512 414
513 427
514 430
514 438
513 445
514 450
512 458
514 459
513 467
514 468
513 473
514 477
512 481
512 487
514 491
513 498
514 502
513 510
513 515
514 523
513 530
516 536
514 544
513 549
514 556
513 562
509 570
510 568
510 566
516 581
517 580
512 591
513 595
512 602
510 608
513 613
512 620
513 625
513 633
513 638
513 645
511 670
512 673
513 677
513 680
514 683
513 691
513 696
517 699
513 705
513 709
513 714
513 719
512 724
513 729
513 733
512 738
513 742
515 747
511 749
504 755
515 757
516 763
515 764
512 773
505 775
512 778
508 782
383 784
205 786
219 790
201 795
191 799
231 804
231 808
240 812
244 816
232 820
222 825
250 829
242 832
261 835
256 838
315 842
268 845
273 848
294 851
274 855
267 858
277 861
297 865
257 867
271 871
317 874
256 877
308 883
326 887
278 887
326 895
338 895
337 898
355 893
336 900
385 903
348 904
385 903
326 905
381 906
411 908
387 909
418 910
362 911
405 913
377 914
405 915
370 916
399 917
427 919
401 919
428 920
400 920
419 920
429 921
438 922
450 922
405 923
446 921
450 923
446 923
445 924
458 924
421 924
473 924
464 923
470 918
447 923
458 924
464 924
482 910
468 924
504 922
507 923
512 917
512 912
514 910
513 906
511 906
515 901
506 903
511 891
516 902
513 898
512 897
512 898
513 894
513 883
513 882
513 881
512 878
512 875
511 872
516 870
513 865
512 863
513 860
513 857
513 855
514 851
513 847
512 844
514 839
512 835
513 831
511 827
513 820
513 815
512 811
512 806
515 799
514 795
512 792
513 785
507 779
513 774
515 768
511 766
513 760
517 755
502 745
515 744
514 743
515 736
513 727
504 727
514 721
513 709
512 709
506 705
512 702
501 696
515 690
513 683
513 679
513 675
513 669
513 665
513 659
513 654
509 650
514 644
513 638
516 632
514 602
513 597
514 592
513 588
514 584
513 580
513 574
512 571
513 566
513 562
513 557
515 553
512 550
513 541
512 539
512 532
514 524
511 514
514 511
512 505
513 498
513 491
513 486
514 479
513 475
514 469
512 466
513 460
515 455
514 449
513 444
512 438
513 433
513 428
514 420
514 415
513 409
513 402
512 397
514 390
515 384
513 378
515 372
514 366
513 361
514 355
514 351
513 345
513 340
513 335
513 330
514 325
512 319
513 316
514 310
513 305
514 302
513 287
514 284
514 282
510 278
513 274
512 268
515 264
514 260
514 256
528 253
656 249
834 249
870 244
845 240
770 236
804 233
792 228
810 224
774 221
798 216
821 213
789 207
741 203
789 200
753 198
730 194
747 191
719 190
775 185
735 182
711 178
775 175
732 172
763 169
762 165
718 162
751 159
706 157
743 153
694 150
663 150
687 147
681 146
668 144
663 142
673 141
675 139
658 138
661 135
634 133
681 132
636 131
705 128
622 129
620 127
638 126
629 125
636 120
617 120
608 118
631 117
603 117
598 116
602 115
631 116
601 116
590 115
592 114
580 115
576 113
602 113
563 113
561 114
592 112
567 112
582 112
567 113
546 113
556 114
553 114
560 115
524 115
524 116
520 117
514 121
514 123
513 126
514 128
513 131
513 133
512 134
514 137
514 138
513 139
513 140
514 142
513 143
514 147
513 148
514 152
514 153
513 156
512 160
514 162
512 167
512 169
512 171
515 175
513 178
513 181
516 183
513 188
513 191
514 196
512 212
515 216
511 219
513 223
513 227
513 234
513 240
513 245
513 248
514 253
514 258
514 264
514 270
513 273
512 279
512 283
513 289
512 294
513 298
514 302
513 307
512 316
513 318
512 323
513 329
512 335
513 340
512 345
514 347
513 356
514 360
513 363
513 371
515 374
508 364
513 386
514 388
513 396
513 401
518 408
513 414
513 421
513 430
514 435
512 443
513 446
513 455
512 461
516 461
514 470
516 470
513 477
512 479
514 484
512 490
513 495
511 502
513 527
513 530
513 534
513 542
514 548
513 553
513 560
513 563
514 574
512 569
512 582
521 581
510 585
513 594
513 600
513 605
513 611
512 618
512 624
513 630
514 637
514 643
513 648
513 655
514 661
514 666
513 673
513 678
512 683
514 689
513 694
512 699
513 703
513 708
513 713
514 718
513 723
512 728
512 732
513 736
512 742
514 745
514 746
514 752
513 753
514 763
513 765
514 762
515 773
504 779
509 782
423 784
206 784
248 789
191 793
213 798
213 803
226 818
243 821
232 823
236 828
224 831
268 834
277 838
270 841
268 845
269 847
277 850
305 854
236 857
285 861
311 865
264 867
275 870
271 874
289 875
294 879
305 884
351 885
322 885
318 889
344 889
360 894
343 893
377 899
367 896
371 906
377 912
347 904
390 901
353 906
412 906
357 909
386 909
399 910
374 913
414 913
405 914
417 916
379 917
395 917
428 919
394 920
429 920
409 920
409 920
448 922
443 923
400 923
448 923
437 923
456 924
437 924
455 926
446 924
461 923
467 923
468 921
469 921
481 929
478 924
486 925
504 919
511 925
516 916
513 923
508 910
517 910
513 902
511 902
511 898
514 901
511 904
513 899
513 897
512 895
515 893
513 891
513 888
513 885
513 882
513 879
514 876
512 873
513 871
513 868
513 865
513 861
513 858
512 855
511 852
512 848
515 843
513 839
511 835
513 833
511 831
513 822
512 816
512 811
513 807
513 803
514 800
515 791
512 784
513 785
511 778
514 774
514 765
513 765
513 746
507 740
513 738
512 731
514 726
510 726
513 721
513 707
515 710
514 701
514 694
514 690
513 689
513 679
513 676
513 672
513 665
513 662
514 657
513 650
513 643
513 640
513 634
513 627
513 620
513 612
514 606
513 600
514 592
513 587
514 580
512 578
513 571
513 569
513 564
513 558
513 557
513 550
512 547
513 539
513 534
513 528
513 520
515 509
512 506
513 500
515 493
513 489
515 480
513 478
513 471
514 465
513 461
514 456
513 453
513 446
513 441
512 416
513 411
514 407
514 403
514 398
513 392
513 385
514 379
513 374
512 368
512 363
514 357
512 351
513 346
513 341
513 336
513 336
514 327
513 323
513 318
514 313
513 308
513 303
514 298
514 295
513 291
516 287
513 283
513 279
513 274
513 270
513 265
513 261
514 257
519 253
661 250
818 251
841 247
821 242
822 238
773 235
776 231
804 226
770 223
799 217
783 213
809 210
754 206
776 203
756 198
737 197
751 193
731 189
729 187
757 183
739 181
730 178
758 158
684 161
680 159
739 156
689 154
745 152
699 150
678 151
670 146
637 144
659 142
617 141
753 139
616 136
633 137
680 135
637 133
685 132
624 130
650 130
633 127
666 127
657 125
642 123
624 122
615 121
637 121
610 119
644 119
624 118
590 114
603 116
613 114
588 115
580 113
597 114
592 114
584 114
583 114
580 114
554 112
593 114
589 113
537 114
568 112
557 117
568 113
571 113
553 114
531 115
526 116
522 118
511 120
515 122
514 125
514 128
514 131
513 136
513 137
513 138
514 140
513 141
514 142
514 146
514 147
513 150
514 153
513 155
511 159
514 162
513 164
513 167
514 169
514 172
513 175
514 180
514 183
513 186
514 190
514 193
516 197
515 199
513 207
514 211
513 217
514 223
513 226
514 231
513 237
513 244
513 247
513 252
514 257
513 261
514 268
513 277
513 276
513 279
513 287
513 292
513 296
513 300
514 307
513 312
513 316
514 322
514 327
513 335
513 335
513 345
513 350
513 353
516 360
513 364
513 377
517 384
512 388
512 393
513 401
513 406
512 413
513 418
513 425
512 434
514 438
512 448
513 451
513 456
512 462
513 467
513 471
514 473
513 478
513 481
512 489
514 492
514 499
514 505
513 510
512 519
515 525
513 533
517 540
513 546
515 554
513 557
513 563
513 567
511 577
517 576
516 582
511 586
515 592
511 598
513 604
512 611
513 617
513 622
512 629
515 635
513 641
515 648
512 653
512 660
513 665
514 672
513 676
513 682
512 688
513 691
513 697
513 715
513 719
513 722
512 726
513 731
512 736
513 740
512 744
514 750
510 752
517 762
513 758
523 769
518 770
510 770
511 782
510 781
475 784
268 783
202 788
210 792
212 798
243 803
244 805
222 809
274 813
228 817
222 822
247 825
217 830
245 835
275 837
269 841
253 844
277 847
285 850
292 853
279 857
273 859
287 862
275 867
306 870
256 873
264 876
311 880
284 882
330 888
337 889
335 886
364 891
304 896
339 897
389 899
378 897
381 899
341 901
376 902
385 908
378 909
398 910
404 910
398 912
398 913
399 915
376 915
395 916
394 918
427 918
380 919
425 919
432 921
394 921
436 922
426 930
401 923
455 922
446 924
456 927
423 924
453 924
462 924
452 924
455 924
455 924
441 924
470 924
486 926
489 927
449 921
496 920
500 920
504 918
510 913
511 914
514 912
514 909
522 904
512 904
515 907
512 904
509 898
513 899
513 897
511 896
512 894
512 893
513 889
513 886
513 884
512 881
513 878
512 874
514 872
513 869
510 857
513 854
513 851
515 850
513 845
512 841
512 837
513 832
512 829
513 823
514 818
513 813
514 808
513 803
514 798
515 791
511 790
513 782
511 778
509 774
513 770
514 767
511 755
507 755
512 757
514 745
517 736
511 735
514 729
510 723
510 718
510 714
515 708
514 702
512 701
513 693
514 691
511 679
514 677
513 672
513 668
513 662
513 657
513 652
513 649
512 642
514 635
513 630
513 621
513 616
513 607
513 600
513 596
515 587
512 584
514 577
512 560
513 556
513 554
513 551
515 547
513 542
514 535
513 529
514 521
512 514
512 507
515 501
513 495
513 487
512 483
512 478
515 472
513 467
514 463
513 458
514 451
513 447
513 442
515 437
514 430
513 425
513 418
513 412
514 406
513 399
512 393
513 387
516 381
514 375
514 369
514 365
514 359
513 352
513 348
513 342
514 337
513 333
513 328
513 324
507 318
513 313
516 308
513 304
513 301
514 295
516 292
513 288
513 284
513 279
513 275
514 270
513 266
512 251
604 250
677 251
893 248
885 243
867 238
837 232
746 232
810 225
804 222
793 216
783 214
774 209
773 206
786 202
747 199
761 195
737 192
759 191
757 186
693 184
780 181
769 178
726 175
738 170
730 167
766 163
749 160
728 157
705 159
664 152
732 150
696 148
678 146
666 145
667 143
667 141
681 140
675 138
628 137
687 134
649 128
678 131
655 130
617 128
648 125
604 126
693 125
600 124
628 121
644 120
626 119
624 120
595 118
638 117
606 117
604 116
626 115
584 114
588 112
595 112
580 113
573 113
581 113
568 112
592 113
555 113
