429 900
444 902
458 902
445 902
447 904
436 904
455 907
458 909
465 910
444 911
440 912
455 913
449 915
445 914
466 917
466 918
440 918
473 919
470 921
472 921
460 921
467 924
474 923
455 923
483 923
485 924
480 924
483 925
486 923
497 924
470 919
495 927
483 921
473 921
490 916
500 923
485 926
495 923
502 923
510 915
514 922
512 917
513 918
512 907
513 907
514 901
514 903
521 904
512 902
514 902
512 899
514 898
513 897
513 894
513 893
514 889
513 887
552 116
542 117
553 116
537 114
566 115
545 113
539 114
561 113
545 113
537 114
541 114
557 112
536 113
542 113
550 113
528 113
532 112
546 112
529 114
531 114
520 114
539 115
515 116
522 120
514 121
513 124
514 126
514 130
513 132
512 132
513 134
514 136
513 138
513 139
514 140
513 141
512 145
513 145
509 148
514 151
512 154
513 156
513 159
511 162
511 165
514 168
514 170
515 176
514 177
514 178
513 185
514 188
513 192
513 196
513 199
514 205
512 209
511 845
515 843
513 839
514 835
515 831
513 826
516 821
512 817
513 812
513 806
513 800
513 794
514 792
513 787
513 782
513 777
515 771
513 766
512 762
513 758
514 751
513 747
513 742
514 738
514 731
516 729
513 724
514 717
514 710
513 705
513 702
513 694
512 690
513 686
515 679
511 677
513 672
513 665
512 661
512 656
514 652
514 646
515 640
513 633
514 625
513 619
513 612
514 605
513 599
514 591
512 586
513 580
513 576
513 572
514 567
513 564
513 558
515 464
515 459
514 455
514 451
515 444
512 441
514 433
515 428
512 421
513 416
513 410
517 399
513 396
513 391
514 384
514 379
514 372
514 367
513 361
514 356
514 351
513 345
514 341
513 336
514 331
513 326
513 322
513 317
514 313
515 306
514 303
515 298
513 295
513 290
514 286
514 283
514 277
514 275
514 270
516 265
513 261
515 256
519 253
619 251
664 247
659 242
634 238
648 234
663 232
613 229
648 224
654 218
637 217
657 212
646 206
645 205
638 201
610 188
628 186
647 184
608 181
639 180
676 174
620 169
610 168
635 163
630 161
623 156
633 155
594 153
596 150
601 150
609 146
587 145
581 143
605 141
568 141
569 138
611 137
585 136
580 133
614 131
586 131
562 128
581 128
566 126
567 126
572 125
596 123
577 121
562 120
586 120
554 118
550 117
574 117
568 108
553 115
547 115
564 114
560 114
544 114
566 114
533 112
545 113
553 113
538 113
530 113
544 113
542 113
540 114
529 112
548 114
526 113
520 119
514 122
514 122
515 124
514 126
515 129
513 131
513 132
512 134
513 135
513 136
513 138
513 139
514 141
513 143
509 155
516 147
512 151
515 155
514 155
513 158
513 163
513 165
513 166
513 171
513 173
513 177
515 181
512 184
515 188
513 189
513 195
513 199
513 202
513 207
514 213
513 218
514 223
512 227
513 234
512 238
516 243
513 248
514 251
515 255
512 262
516 267
513 271
513 278
513 280
514 267
512 297
508 292
515 302
513 308
512 313
514 316
513 340
513 342
514 346
513 348
513 356
511 359
513 362
513 369
513 373
513 378
512 384
514 387
514 395
512 400
513 405
512 414
513 418
510 429
516 433
513 443
515 446
513 452
510 459
513 460
512 473
516 471
516 482
513 479
514 486
509 477
513 495
511 503
516 505
512 514
515 519
513 527
510 534
513 539
511 548
516 551
512 559
514 563
513 568
512 574
514 578
513 584
513 588
514 594
512 599
512 605
513 610
513 616
512 623
514 628
513 636
511 642
513 648
512 674
525 678
511 677
522 679
513 688
512 691
512 698
514 700
512 703
514 714
512 715
511 724
518 725
512 731
514 735
512 740
512 743
512 749
512 751
513 757
513 759
514 763
514 769
513 774
513 777
513 781
424 783
398 787
405 792
362 796
391 800
401 802
394 807
368 810
399 814
372 819
355 824
394 827
375 832
370 834
387 844
393 842
402 845
389 848
409 851
419 854
377 858
427 863
401 864
347 868
422 874
410 875
374 879
397 881
413 884
425 886
420 882
442 895
428 896
422 898
424 899
429 900
466 901
419 903
445 905
443 906
432 908
451 910
457 910
453 912
425 913
479 914
441 913
446 916
436 917
464 918
488 919
449 920
477 921
446 921
449 921
496 922
473 923
468 924
478 924
490 924
482 924
480 927
485 923
483 927
464 926
496 927
492 926
479 925
491 922
508 933
492 922
493 926
507 922
509 919
511 919
514 921
513 915
514 911
513 909
515 908
513 912
513 899
512 900
513 898
518 904
513 897
513 896
515 891
513 884
513 881
513 878
513 877
512 874
514 871
513 869
514 866
513 862
515 860
513 857
513 852
513 849
514 845
513 842
512 838
513 833
512 828
513 824
513 818
513 811
513 807
513 802
513 798
512 790
514 788
514 782
514 778
513 774
513 769
513 763
512 758
513 754
513 748
513 740
513 741
514 734
514 727
513 723
513 721
514 712
514 709
514 702
513 697
514 690
513 687
514 681
515 675
513 673
513 666
515 661
514 659
514 654
515 646
513 644
517 633
512 628
515 476
514 472
516 466
514 459
513 455
512 451
514 446
514 440
513 435
517 428
516 422
513 416
514 410
515 403
516 396
513 393
515 386
513 379
513 374
515 368
513 363
514 357
515 351
513 346
513 341
513 335
512 332
513 327
515 322
517 319
513 312
514 312
514 303
514 299
514 295
514 290
514 287
514 283
513 277
514 276
513 271
514 266
514 261
514 258
516 253
622 251
648 247
637 243
658 239
657 235
638 231
640 227
626 223
644 220
654 215
647 209
640 208
635 195
645 193
641 190
666 187
623 184
612 180
631 177
650 175
622 171
603 167
657 164
607 162
607 158
667 155
584 153
582 150
610 148
582 147
610 146
591 144
610 142
568 140
542 137
631 135
566 136
589 133
601 131
578 130
566 128
570 128
568 125
564 124
568 124
575 121
568 121
561 120
582 119
565 118
550 114
558 116
562 116
558 113
544 115
563 114
540 114
558 113
560 114
530 113
547 112
547 113
530 112
545 112
521 112
562 113
519 113
536 114
544 111
517 115
521 116
515 117
512 120
517 123
514 125
512 129
514 130
514 133
514 135
513 136
515 136
513 138
513 139
513 141
513 143
513 145
514 164
514 151
526 154
513 156
513 158
514 159
513 163
513 166
514 169
514 173
513 177
514 180
514 182
514 186
513 190
513 195
513 199
514 202
513 207
513 211
513 217
514 223
514 229
515 233
513 238
513 240
514 246
513 251
513 256
513 261
513 265
513 272
513 276
513 281
514 287
517 290
509 298
507 301
513 302
513 313
513 334
513 332
517 336
513 341
513 350
514 353
513 357
511 365
515 367
513 373
512 377
513 382
506 388
515 393
515 400
513 405
515 412
510 418
512 425
510 435
515 439
513 446
511 452
513 457
512 463
513 465
511 469
512 478
513 470
517 477
506 488
512 496
515 497
512 507
515 512
511 518
512 526
512 534
513 539
511 546
513 552
513 556
510 564
514 567
513 574
513 577
514 582
511 587
513 593
509 599
513 604
513 609
512 617
515 622
512 629
512 635
513 656
513 664
510 668
513 672
513 676
513 680
515 679
507 693
517 685
514 703
514 692
512 713
512 718
514 721
513 728
514 732
515 734
513 742
513 743
513 750
513 750
513 754
512 759
514 762
512 768
513 773
512 777
511 782
463 783
415 789
394 790
370 795
376 799
393 803
371 807
396 811
391 814
369 819
348 823
382 827
380 831
372 834
400 838
364 841
397 846
411 848
400 851
377 852
411 854
389 858
400 865
362 866
396 869
398 871
397 878
417 880
398 882
415 892
477 892
449 893
433 893
434 897
423 899
465 900
413 901
459 903
438 906
461 907
412 910
439 909
466 911
435 912
468 912
463 915
463 915
453 917
451 917
447 918
435 919
476 920
474 921
453 922
442 922
478 923
486 923
464 924
474 924
496 925
465 924
480 925
487 915
469 925
467 918
493 923
486 916
479 923
497 924
499 924
475 925
504 923
506 923
506 921
502 919
510 911
512 913
510 903
513 906
512 901
514 904
512 904
512 901
513 902
510 900
510 898
512 889
513 887
514 885
513 883
513 881
513 877
513 874
513 872
513 869
512 865
513 863
513 860
514 856
513 852
513 850
514 847
514 842
514 837
513 833
514 828
513 823
512 819
514 812
513 807
514 804
513 802
513 794
514 795
514 782
514 778
513 772
513 770
513 764
513 757
514 754
513 751
514 747
514 739
514 734
513 731
513 724
513 719
513 714
513 709
513 703
513 696
513 694
513 689
514 682
514 677
513 674
513 668
512 663
514 657
515 652
512 649
513 642
516 616
513 611
512 605
513 600
512 595
512 589
514 582
515 577
513 574
514 568
512 565
513 561
516 556
513 552
514 546
513 542
515 534
512 530
512 522
515 514
513 510
515 501
513 495
513 489
515 481
512 478
514 473
515 467
516 462
514 456
514 451
515 446
516 443
515 436
514 430
514 424
514 418
515 413
515 405
516 400
514 391
512 386
514 381
514 375
513 370
514 363
514 359
515 352
513 348
515 343
514 337
513 333
514 329
514 324
514 318
513 314
513 309
514 292
513 290
514 287
514 284
513 281
513 277
515 272
514 268
515 262
514 257
521 254
584 251
678 247
621 244
615 240
667 237
628 233
643 229
677 225
626 221
635 218
667 214
648 209
642 205
654 201
636 197
615 193
632 192
623 190
637 186
636 181
631 179
635 175
639 172
651 168
620 165
622 162
619 159
610 156
616 153
632 151
618 150
588 147
584 145
602 143
600 142
592 139
572 138
602 136
559 135
610 134
605 131
572 130
595 133
571 127
593 126
553 124
571 121
566 121
592 119
574 119
563 118
591 116
545 116
538 116
583 117
550 115
535 114
566 114
562 113
546 114
536 113
576 112
529 112
534 113
552 113
528 113
532 112
550 116
544 114
524 113
536 114
547 115
515 116
515 117
515 118
513 122
514 125
513 128
513 130
513 135
513 134
513 135
515 136
513 137
513 138
513 140
513 143
513 144
511 147
518 150
514 161
513 155
513 158
513 161
513 163
513 166
513 170
513 173
513 176
512 179
513 182
513 186
514 190
514 204
513 207
513 210
515 214
513 221
513 225
513 231
513 237
513 242
514 245
514 250
513 256
512 262
513 264
514 270
513 274
514 281
513 286
513 291
504 294
512 310
500 304
510 309
512 316
511 321
514 325
512 331
513 337
513 339
513 349
511 351
514 354
512 362
510 366
513 369
513 378
513 380
514 384
510 392
514 397
512 406
514 410
513 420
509 425
513 430
512 439
516 444
513 452
515 454
514 462
511 467
513 467
499 476
513 476
511 483
514 489
515 492
515 515
515 521
513 525
512 530
514 539
514 544
512 550
509 557
512 561
512 566
511 572
514 576
514 581
513 586
512 592
511 597
512 602
512 608
513 614
513 620
512 627
511 634
513 639
512 646
513 652
513 657
512 665
512 671
513 675
513 680
509 687
509 692
513 697
511 700
512 715
514 709
513 722
511 718
516 725
514 731
514 735
509 738
511 753
512 746
513 751
512 755
512 757
513 762
513 767
513 772
514 775
513 779
508 781
417 786
393 789
389 793
394 797
400 813
399 815
405 818
381 822
384 826
356 829
407 833
395 837
387 840
386 844
408 846
407 850
368 853
417 857
404 859
378 863
421 874
415 867
371 872
418 876
400 881
378 885
399 890
449 891
419 889
429 891
446 894
410 901
444 894
440 898
441 898
427 903
436 902
465 904
426 906
473 908
435 909
458 909
434 911
466 912
466 913
430 915
485 915
453 917
452 919
447 918
479 919
472 921
458 921
492 922
473 923
450 926
491 923
484 925
464 927
473 924
495 923
483 922
479 925
486 924
496 925
498 926
477 923
500 925
500 925
501 922
510 921
513 919
516 919
512 913
515 913
512 907
507 907
510 903
514 904
515 906
512 902
511 901
512 896
517 897
513 894
513 891
513 888
514 886
513 882
514 880
513 877
514 874
513 873
513 870
514 867
513 864
513 860
513 858
513 854
514 850
513 846
512 843
513 840
513 833
513 829
514 824
513 820
513 815
512 811
513 802
513 799
510 796
515 790
513 780
512 779
513 776
512 770
513 752
515 747
514 742
512 741
513 735
512 732
513 727
513 719
513 715
513 711
512 702
514 697
513 695
513 687
514 682
512 681
513 673
517 668
513 666
513 660
513 654
513 650
514 643
514 638
512 631
515 625
514 618
513 610
514 602
511 598
513 588
513 583
513 580
517 573
513 571
513 565
513 562
512 556
512 553
513 548
514 543
513 536
516 530
512 525
512 517
512 511
513 503
515 496
514 492
517 485
513 480
516 473
512 469
513 464
515 459
514 455
514 450
511 423
514 421
513 415
515 413
513 408
513 401
513 395
514 389
512 383
513 376
513 371
515 365
514 360
514 355
513 349
514 344
514 339
514 333
511 330
513 325
513 322
514 314
516 311
514 305
514 301
513 294
514 293
514 289
513 285
514 282
513 277
513 274
514 268
513 263
513 260
516 256
551 254
613 251
654 246
654 242
626 238
683 232
658 227
648 225
633 221
646 218
649 212
646 210
645 205
648 203
618 200
622 196
636 194
623 188
645 187
623 184
601 179
643 165
624 163
619 163
612 160
596 156
608 154
603 153
589 150
620 147
598 147
593 144
592 143
570 141
599 143
562 137
606 135
571 134
586 132
584 132
595 130
577 128
551 128
589 126
560 126
579 124
570 122
593 121
556 120
562 117
567 119
549 115
555 117
577 114
561 115
540 114
568 114
559 114
539 113
553 110
557 113
528 113
539 112
558 112
527 112
531 114
555 114
532 112
536 114
529 113
539 117
520 114
520 115
522 117
513 118
512 122
514 124
511 127
514 134
513 135
512 136
513 138
514 137
513 140
513 141
515 145
513 146
512 149
516 152
512 166
514 158
513 160
513 162
514 165
513 167
513 171
513 174
513 177
514 180
513 184
513 187
514 191
512 196
514 200
512 205
513 209
515 214
514 217
512 223
513 229
513 236
514 241
513 242
513 248
513 251
510 259
513 265
514 267
513 270
512 280
513 286
514 288
513 293
504 297
515 309
515 308
514 312
513 318
513 325
513 324
513 334
512 342
516 344
513 350
513 355
513 375
514 377
514 381
511 385
511 391
515 395
514 401
511 409
514 415
512 424
514 429
513 435
511 443
513 448
511 456
514 457
514 466
516 467
512 473
519 474
513 482
510 487
515 479
512 500
515 497
513 510
516 514
514 521
511 529
514 535
513 543
513 548
511 555
515 559
512 564
511 570
514 575
510 580
513 584
513 590
511 595
514 601
512 606
512 612
512 620
512 626
514 632
513 638
512 644
513 651
512 656
514 662
512 668
512 673
513 678
514 682
514 689
504 705
514 711
512 711
513 719
514 724
513 731
509 732
513 739
514 740
510 745
513 750
513 753
513 757
512 761
512 766
513 769
512 774
514 778
510 782
415 784
403 786
398 792
370 796
363 803
398 806
362 809
398 812
391 817
367 820
368 824
382 828
383 832
391 837
380 839
404 842
382 846
390 849
426 853
349 853
403 857
426 866
365 865
403 871
386 870
408 875
399 878
382 882
437 878
371 886
435 879
453 891
406 887
442 893
456 896
433 896
434 899
441 900
513 460
514 465
511 467
513 470
513 475
523 481
517 486
509 491
516 491
513 503
501 507
513 511
506 518
512 527
512 534
513 540
510 546
513 551
511 557
512 564
514 568
513 574
512 579
512 584
512 589
513 596
513 596
511 606
513 611
511 616
512 624
514 630
514 637
514 642
513 649
512 654
514 659
512 666
508 672
512 677
512 682
513 688
513 691
512 711
516 701
513 709
514 710
512 719
514 723
515 728
515 737
513 738
511 742
517 746
510 751
512 753
513 756
513 772
514 774
514 778
512 782
453 783
411 787
383 792
384 795
376 800
366 804
402 807
389 811
385 815
374 823
380 823
385 827
366 831
400 834
400 839
367 841
400 844
384 847
396 852
395 855
373 858
410 865
416 865
399 869
410 873
381 874
414 877
392 872
395 881
416 885
415 886
449 895
415 895
469 883
430 897
422 898
471 902
410 900
448 903
430 904
448 905
441 907
453 908
477 909
429 911
457 912
449 913
456 913
430 915
486 915
453 917
429 918
473 921
477 922
469 922
458 922
458 922
484 923
469 922
459 924
483 922
479 924
489 925
476 923
496 925
485 922
466 922
501 922
462 926
474 921
507 922
503 909
485 923
511 916
515 920
517 917
513 912
503 904
512 906
513 908
512 901
518 901
510 889
501 900
515 896
517 899
517 896
512 893
514 892
511 889
513 886
511 884
513 879
511 878
513 872
514 871
514 869
514 866
507 862
513 859
513 857
514 853
514 849
513 845
514 842
514 837
513 832
513 827
513 822
513 801
513 798
512 795
514 792
513 789
513 784
511 775
514 772
514 767
515 763
513 760
513 755
513 746
514 743
512 741
513 735
514 727
513 723
513 720
513 712
512 707
512 703
512 696
513 691
512 688
513 681
513 677
513 673
514 666
512 663
513 658
513 652
515 647
515 640
512 637
516 628
512 623
513 614
518 608
513 601
516 592
513 589
513 578
512 578
513 572
514 563
513 566
513 559
513 556
514 548
513 548
514 542
513 534
514 528
514 521
513 515
517 506
512 481
515 476
514 474
513 471
515 465
515 463
515 457
516 452
513 446
514 441
512 437
514 430
515 423
513 418
514 412
513 406
513 398
513 393
513 388
512 379
513 374
513 369
514 362
513 358
513 352
514 347
512 342
513 337
514 331
513 328
514 323
513 318
513 311
514 309
513 304
514 299
513 295
513 291
513 287
513 284
514 279
514 271
514 270
513 266
513 261
512 257
518 255
598 253
628 249
637 244
680 240
634 235
631 232
654 229
615 224
630 220
658 216
613 200
649 199
611 195
607 193
637 192
601 187
636 183
648 181
613 176
597 175
670 169
605 168
637 165
644 162
592 159
601 155
613 153
626 152
588 149
591 148
602 146
543 143
604 142
598 140
598 138
584 135
579 136
578 133
561 130
586 130
582 128
604 128
551 126
612 125
547 124
564 122
579 122
559 121
562 122
544 117
603 116
552 116
529 116
586 116
529 115
551 114
579 112
525 113
550 112
549 113
541 108
539 114
531 112
554 113
541 113
532 113
563 113
515 114
529 113
540 114
520 117
517 118
513 119
513 123
515 125
512 128
513 130
514 131
513 134
513 135
514 136
513 137
513 138
513 140
514 144
514 144
513 147
513 150
513 154
507 154
507 160
514 161
515 164
513 167
512 170
513 173
514 176
514 179
514 183
513 185
513 190
514 193
513 197
513 202
513 207
513 213
513 216
514 221
513 229
514 232
514 237
514 242
514 246
513 251
513 254
512 260
512 265
513 273
514 277
513 280
514 285
513 293
514 298
518 299
516 310
514 325
513 329
512 333
513 336
513 341
512 349
514 352
514 359
512 362
514 367
512 372
515 376
513 381
511 387
513 391
511 400
514 403
514 413
513 420
513 424
514 435
516 438
512 447
512 449
514 457
513 460
513 465
510 467
513 470
513 480
514 481
506 490
511 494
512 489
510 505
525 510
510 527
494 531
513 531
513 539
513 547
513 551
511 556
512 562
511 568
513 572
515 577
517 581
512 587
513 591
512 598
511 603
514 610
513 615
513 622
512 627
513 649
513 654
514 659
512 664
513 670
513 675
513 680
513 686
513 691
512 697
509 700
514 704
513 717
509 711
512 723
511 713
509 729
513 738
510 740
500 743
511 746
510 751
513 755
513 758
513 763
513 768
513 771
513 776
512 780
483 782
385 790
384 791
390 795
384 799
380 802
409 806
363 810
364 814
389 819
362 822
386 825
394 830
347 834
388 837
412 841
378 845
397 847
409 851
423 854
384 857
382 860
429 872
378 868
399 878
411 875
398 880
411 878
399 891
408 894
437 891
404 895
444 896
451 902
421 898
436 909
445 901
443 904
440 905
457 906
448 908
452 908
453 910
457 911
431 913
435 914
481 915
459 917
470 915
471 918
470 917
433 920
459 921
493 921
453 921
481 922
479 923
460 923
485 923
487 924
488 924
465 924
494 924
487 925
476 922
488 922
492 927
485 923
486 929
495 922
497 925
493 922
506 921
510 920
508 923
512 916
504 910
513 914
512 910
509 910
515 899
512 907
514 901
511 900
513 899
514 891
513 890
513 888
514 886
513 883
513 884
513 878
512 875
513 873
512 871
513 867
513 863
513 861
514 857
513 854
513 849
513 845
513 842
513 838
514 834
514 830
512 824
513 818
513 814
513 810
514 803
513 798
513 794
513 789
513 784
518 782
511 775
514 770
514 765
513 760
510 755
515 750
513 744
514 739
512 737
514 730
514 724
513 721
513 715
514 709
515 706
513 701
514 689
511 688
513 684
513 677
509 672
512 668
513 661
513 660
513 653
511 630
514 626
513 622
514 616
513 609
514 601
511 596
513 589
513 583
515 578
513 574
514 569
512 566
515 561
512 554
513 553
513 547
513 543
517 534
512 533
513 523
515 516
514 511
515 502
512 496
513 489
516 486
513 478
514 475
513 467
513 464
512 458
514 454
512 449
515 443
513 438
512 431
514 425
513 420
514 413
512 407
514 399
514 394
512 387
513 381
514 377
514 373
515 364
513 359
514 354
513 349
513 344
515 339
514 333
514 329
513 324
514 320
514 299
513 298
514 294
513 292
514 290
513 285
513 281
513 277
515 272
516 267
514 263
514 258
515 255
558 251
648 249
658 246
616 242
648 238
655 237
635 229
651 225
663 222
671 219
643 213
637 208
661 205
632 202
637 198
646 196
603 192
663 189
619 186
590 181
664 180
613 175
641 173
634 169
600 172
672 163
617 160
667 157
602 154
564 151
638 150
559 148
611 146
616 144
591 142
585 141
567 139
616 136
570 134
608 133
609 132
565 130
587 130
561 127
594 122
605 122
558 122
546 121
604 121
553 121
539 117
571 117
551 116
570 116
555 115
546 114
566 114
533 111
569 113
551 113
540 113
556 112
537 113
534 113
549 111
542 113
535 113
533 113
548 112
542 113
518 114
541 115
514 114
517 117
514 119
513 121
514 124
514 128
512 130
513 132
513 131
513 135
513 135
513 137
514 139
514 141
513 143
513 144
513 146
514 149
513 152
513 148
514 162
513 161
513 164
513 166
513 168
514 171
513 175
513 178
513 182
512 197
513 203
513 204
513 206
513 210
514 214
513 221
513 229
514 231
514 235
513 239
512 245
513 249
512 253
514 259
513 262
512 269
512 276
513 280
513 283
514 292
508 296
513 300
525 303
513 309
499 311
512 327
509 326
512 332
513 335
513 339
511 348
513 351
514 354
513 361
514 365
513 373
512 376
513 382
513 385
511 394
513 395
513 402
512 410
513 415
513 424
511 430
513 437
513 444
511 450
513 454
510 461
513 464
513 469
514 473
512 477
513 479
508 500
510 505
514 505
508 514
514 515
514 529
510 537
513 543
512 551
514 555
513 563
512 567
511 570
510 574
513 580
512 585
514 590
511 597
513 600
511 607
512 613
513 619
512 626
513 631
513 638
512 643
515 650
512 657
513 663
512 669
513 674
513 680
512 685
513 690
515 694
515 702
515 706
515 711
527 719
512 718
512 724
511 730
514 735
512 740
513 743
519 747
516 748
513 754
513 758
512 762
513 766
512 774
514 774
512 778
510 783
418 786
373 790
371 804
373 807
387 810
388 813
369 815
379 821
375 825
384 829
376 833
382 836
369 840
404 843
421 846
368 849
369 853
431 856
398 859
357 864
397 862
403 869
398 869
396 876
418 875
389 885
404 887
438 888
398 886
420 894
439 897
410 897
444 894
433 897
462 905
426 898
410 902
453 905
423 906
443 907
465 909
441 910
458 911
456 912
470 914
442 914
434 915
464 917
443 918
449 918
480 919
461 919
467 921
466 920
473 922
466 923
468 924
482 924
457 923
495 924
497 924
481 924
494 924
464 925
491 922
496 927
480 924
478 926
494 919
499 923
500 926
510 920
501 920
511 916
511 912
514 909
515 906
513 904
509 906
513 900
515 903
512 906
510 900
508 893
516 893
511 891
513 890
513 888
513 884
513 885
514 878
513 878
512 873
513 870
515 871
512 865
513 861
513 859
511 857
512 852
513 847
513 843
512 840
513 835
513 830
509 825
512 822
513 816
513 810
513 805
513 799
513 795
513 790
513 785
513 781
513 777
514 756
515 753
513 752
513 748
514 742
514 734
513 734
512 729
513 721
512 716
513 714
515 704
513 700
512 695
514 687
514 685
514 682
514 675
513 671
514 664
512 661
514 656
514 649
513 645
510 638
512 634
513 625
516 618
513 614
513 601
512 599
513 590
517 586
513 580
516 573
512 572
514 565
512 566
514 558
515 555
514 550
516 544
512 539
513 535
515 525
515 519
514 511
515 503
514 499
515 491
513 485
513 481
515 474
515 469
513 464
514 460
513 455
515 436
514 428
514 427
514 422
515 416
514 409
514 401
515 397
515 389
513 383
513 378
513 373
514 367
512 361
514 356
514 350
514 345
514 340
513 335
514 333
512 326
516 321
513 315
513 311
513 307
514 301
514 298
514 294
514 290
514 286
513 282
513 278
514 273
513 268
513 263
514 260
514 257
520 254
629 251
637 246
653 242
626 239
640 234
650 231
646 226
648 223
638 218
668 215
645 211
621 206
657 202
624 199
662 196
637 193
594 190
649 187
642 172
606 171
611 168
644 167
653 165
609 160
613 158
670 156
613 151
597 151
599 148
592 146
616 144
560 143
638 141
587 139
570 137
611 137
583 134
575 133
579 132
614 130
562 129
596 130
582 126
573 125
564 122
569 122
599 121
536 121
591 118
595 119
557 117
562 118
558 114
569 118
555 115
574 113
564 113
544 112
557 113
566 113
530 114
558 113
545 112
539 112
537 113
548 112
547 112
522 112
555 113
543 113
526 112
529 114
523 116
514 118
514 123
513 132
513 132
513 133
513 134
513 136
513 137
513 139
514 140
513 141
513 143
513 147
512 148
514 151
514 154
513 156
511 161
516 155
513 165
513 168
513 171
513 172
513 177
513 181
515 184
514 187
514 191
513 196
514 198
513 202
513 209
513 214
513 218
513 222
513 227
513 234
