425 923
438 923
454 922
455 923
440 923
457 923
465 923
456 922
476 920
505 919
510 917
517 913
512 910
505 906
513 909
502 903
512 909
505 904
513 900
512 900
514 896
513 891
513 894
512 891
513 889
514 885
513 884
513 880
513 877
513 876
513 873
514 870
512 866
513 861
514 860
513 856
513 853
513 848
512 845
513 843
514 838
513 832
513 827
513 824
513 820
514 810
512 809
511 805
511 798
515 797
511 788
514 777
513 778
513 774
514 770
512 757
515 756
638 115
607 116
641 115
617 114
622 114
594 115
598 115
596 114
624 114
579 114
598 114
597 114
584 114
565 115
596 115
568 115
559 115
537 117
516 120
515 119
515 125
514 127
515 130
514 132
514 134
514 135
513 136
513 138
514 139
513 140
514 142
514 145
514 146
514 152
514 151
513 154
513 157
512 158
513 162
514 166
513 169
513 171
514 174
514 178
513 176
514 185
512 183
514 192
508 196
513 201
514 206
513 210
514 215
514 221
514 224
512 230
514 237
513 684
512 679
513 673
513 669
513 666
514 656
513 655
513 646
513 645
513 638
513 632
513 626
513 619
514 610
512 604
513 596
513 591
514 580
514 579
515 569
512 570
515 560
519 560
515 560
512 552
510 552
516 544
512 539
512 533
511 525
512 510
510 513
515 497
511 495
516 493
520 486
513 479
513 475
513 470
512 464
512 459
514 455
513 450
513 444
513 440
513 433
513 428
513 421
513 415
513 409
513 402
513 396
513 386
512 384
513 373
513 372
513 367
513 284
516 283
514 281
515 271
513 271
515 270
516 265
516 261
516 262
601 255
682 254
763 247
990 251
987 242
941 238
968 233
934 232
920 226
996 222
943 218
921 214
925 210
918 206
930 202
901 199
846 196
880 193
860 190
838 186
887 183
847 180
871 177
891 175
860 169
891 163
849 164
842 156
846 157
801 155
804 153
751 152
808 148
788 146
775 145
725 143
734 142
732 140
751 137
762 137
712 134
733 135
710 132
767 131
681 129
680 133
720 126
692 126
706 121
708 121
687 120
694 120
631 118
678 117
670 117
639 116
664 116
631 116
632 115
621 115
616 114
633 114
589 114
625 115
584 115
605 113
619 114
560 114
597 115
587 115
577 115
580 115
544 111
536 117
527 118
514 121
514 123
513 126
514 129
514 131
513 134
513 131
514 136
514 133
514 138
513 135
514 141
513 144
513 146
514 148
515 151
512 154
513 156
513 159
514 162
513 164
516 166
514 171
514 174
514 176
514 180
513 183
513 186
514 186
516 208
510 213
513 215
514 219
514 225
513 230
514 231
514 240
513 243
513 248
513 253
514 258
514 262
514 269
514 272
514 278
514 283
513 288
513 294
513 298
513 302
514 308
513 315
513 318
513 324
513 329
513 330
513 339
513 346
513 348
513 356
513 361
513 362
515 370
514 375
514 377
513 385
514 388
514 394
513 401
514 408
513 415
513 420
513 431
514 435
513 442
514 449
513 453
513 459
513 463
513 469
513 471
506 480
514 480
508 484
514 490
513 493
513 522
514 526
512 532
512 537
513 541
513 548
513 549
515 559
514 560
513 568
514 574
513 578
514 583
513 590
514 589
514 600
514 605
513 610
515 618
513 624
513 631
513 637
513 642
513 649
513 655
513 660
514 666
506 671
513 678
512 683
519 688
514 693
513 698
513 702
513 707
515 707
514 717
514 718
514 726
513 732
513 736
513 740
513 744
514 747
513 752
514 755
514 760
512 765
513 769
512 774
511 778
488 780
413 786
235 783
124 790
74 791
69 797
121 813
109 816
80 817
101 794
61 826
80 829
104 831
155 836
146 840
153 843
165 846
145 850
198 852
147 853
155 859
152 862
186 866
177 869
125 872
182 875
206 877
211 881
218 884
201 885
243 887
263 887
272 893
273 894
260 895
281 896
268 898
332 897
259 902
337 904
303 906
283 907
327 908
307 909
338 920
311 911
362 917
311 917
333 915
312 916
336 916
387 917
330 919
373 919
347 920
368 920
425 920
363 922
383 921
414 923
413 921
404 923
409 923
418 923
432 924
438 923
422 923
443 923
440 924
455 923
469 922
459 922
491 919
509 919
512 916
511 916
517 907
513 909
510 905
512 891
512 902
512 893
511 898
512 899
513 896
513 896
513 893
513 892
513 888
513 888
514 883
513 880
513 877
512 875
513 871
514 869
513 866
513 863
514 860
513 856
513 852
515 849
514 844
513 841
514 837
513 833
513 828
514 822
513 817
513 813
513 809
512 803
515 796
517 794
512 788
500 782
511 778
514 773
515 769
513 762
514 757
510 751
514 736
513 730
513 726
512 724
513 718
513 710
514 707
513 704
513 694
514 691
513 688
514 680
513 677
513 674
514 665
512 663
514 658
513 651
513 644
513 641
513 634
513 629
513 621
513 614
514 607
513 600
513 594
513 587
513 580
513 577
512 568
514 569
517 563
512 558
514 555
514 550
513 552
514 542
506 534
512 532
515 522
512 511
518 505
517 500
501 492
514 486
513 481
513 477
512 472
513 466
513 461
513 456
513 452
514 445
513 441
513 297
514 295
511 282
512 285
500 286
514 284
509 276
514 262
513 267
510 263
516 257
519 259
658 251
722 240
876 251
1004 247
1001 245
956 237
919 235
957 228
935 224
944 219
933 216
943 211
901 208
921 204
885 200
879 197
867 194
867 191
844 188
889 183
879 181
811 178
862 175
890 172
906 168
814 165
844 162
850 159
791 156
826 153
806 152
760 151
752 147
736 146
754 144
702 143
804 136
730 139
705 137
747 136
724 134
770 133
690 131
723 130
689 126
732 123
705 122
685 122
705 121
697 121
703 115
697 119
663 117
647 118
660 117
656 116
636 116
604 116
662 115
617 114
620 115
611 114
605 114
608 114
624 114
578 114
582 117
586 114
600 115
597 114
564 115
559 115
550 116
536 118
517 119
515 122
515 125
515 127
514 130
513 132
514 134
514 135
513 137
512 138
514 140
513 141
514 143
515 144
514 147
514 149
513 153
513 156
514 160
513 161
514 164
513 167
513 171
516 173
514 176
514 181
514 182
513 186
514 201
514 204
514 204
514 211
513 217
513 222
513 228
513 232
513 235
513 242
513 247
513 251
514 256
514 259
513 266
514 272
514 277
514 280
513 287
514 293
514 296
514 300
513 307
514 313
514 314
515 320
513 328
514 333
514 336
514 343
514 350
514 350
514 357
513 363
514 367
513 373
513 377
513 382
513 388
513 393
513 399
513 400
514 413
513 418
514 427
514 432
513 437
513 447
513 449
514 457
513 460
515 466
513 470
513 474
513 479
514 481
513 487
513 509
514 514
514 518
513 524
512 533
514 538
514 547
513 551
514 556
513 561
513 567
513 568
514 576
513 581
514 586
513 592
512 598
513 603
513 610
514 614
514 621
513 629
514 634
513 642
513 647
513 652
513 658
513 664
514 670
514 673
513 680
514 686
512 691
513 695
513 701
513 704
513 709
514 714
513 720
513 726
514 730
513 732
514 738
513 745
514 748
514 750
510 755
513 759
513 765
513 767
513 772
511 776
509 780
442 782
361 784
139 785
55 790
106 807
74 808
72 811
83 814
64 819
94 813
85 827
90 831
132 835
136 839
121 841
164 845
152 848
203 852
160 854
135 858
189 861
127 864
159 867
162 871
128 874
156 877
143 879
236 883
227 885
237 887
244 890
230 891
286 893
313 896
265 896
305 898
264 900
310 901
267 904
321 905
325 906
308 907
309 908
307 913
328 906
333 914
315 911
300 916
327 915
349 917
376 917
334 919
369 919
372 920
361 920
396 921
376 921
370 920
413 922
392 922
418 923
407 923
439 923
445 924
432 923
416 923
439 923
464 926
460 922
439 922
474 922
496 921
508 919
509 916
512 912
512 907
514 907
512 908
512 906
512 896
512 903
512 908
511 899
513 897
512 896
513 894
513 888
513 890
512 886
514 883
515 881
513 877
514 875
513 873
514 869
513 866
513 863
515 860
513 857
512 854
514 850
513 845
513 842
513 838
512 831
513 830
513 825
513 819
515 814
513 809
514 804
513 800
511 791
513 787
510 780
515 784
513 772
510 768
516 756
511 729
512 746
511 740
512 735
512 731
513 725
514 721
514 715
513 708
513 703
513 699
513 692
512 690
512 682
514 677
512 677
513 669
513 663
513 659
513 653
513 649
513 642
513 637
513 631
513 622
514 619
513 607
512 604
514 596
513 584
513 584
513 577
513 575
514 570
515 566
512 560
515 557
507 555
513 549
513 541
513 539
514 529
514 524
514 516
514 510
514 502
514 496
515 488
511 485
514 477
513 473
513 470
514 463
513 459
513 453
513 448
514 425
513 421
514 416
513 413
513 407
513 401
513 394
512 388
513 382
513 377
514 371
513 365
512 360
514 355
513 349
513 343
513 339
513 334
513 330
512 325
514 320
516 313
516 310
514 307
514 301
513 297
514 293
521 289
514 286
514 284
513 273
520 274
510 262
519 262
517 260
518 256
611 255
740 251
878 250
927 249
958 244
974 239
947 234
946 228
920 226
988 221
954 218
926 212
953 209
924 205
920 201
857 198
846 196
909 192
876 188
816 185
846 183
876 168
919 167
849 166
805 162
874 161
774 157
774 155
821 153
772 151
808 148
748 147
807 144
737 143
729 141
738 140
689 138
753 135
754 135
752 133
695 132
734 130
698 129
694 128
684 126
663 126
695 124
676 123
739 120
712 122
644 120
660 119
658 118
679 117
681 118
630 116
649 116
639 116
653 115
623 115
591 115
617 115
637 114
615 114
601 115
602 115
611 114
583 114
612 115
562 114
586 115
563 115
553 116
541 117
515 119
516 122
515 124
514 128
515 135
514 135
514 137
514 136
514 139
513 140
515 142
514 143
514 146
513 147
513 150
513 156
514 156
513 158
513 162
514 165
513 167
514 170
514 174
513 175
512 181
515 185
514 187
514 191
514 195
514 200
514 205
512 209
515 214
513 219
513 226
513 231
514 235
511 241
514 245
513 250
513 254
513 259
514 263
513 270
514 274
514 278
514 283
512 291
513 295
514 298
513 304
514 310
514 313
513 319
513 323
513 331
514 335
513 340
513 345
514 351
513 356
514 377
514 379
513 380
513 386
513 389
513 395
513 403
513 405
513 418
514 422
513 431
514 438
514 442
513 453
514 454
512 460
514 463
514 468
513 472
512 475
513 481
513 485
514 492
513 496
513 503
513 510
513 514
513 522
514 530
512 537
513 543
513 550
512 549
513 561
513 567
514 570
513 577
513 581
513 585
514 590
514 596
513 600
514 607
513 613
514 621
514 627
513 632
513 639
513 644
512 650
512 656
514 662
514 668
513 674
514 682
514 685
513 689
514 708
513 711
513 713
514 719
513 724
513 729
513 733
513 737
513 742
512 745
513 750
512 754
513 757
514 761
513 767
516 771
511 775
510 780
472 783
370 783
143 783
125 788
83 791
54 797
100 802
71 804
83 810
109 814
59 818
68 822
90 829
134 830
98 835
122 837
160 841
155 845
184 847
142 851
133 854
183 856
186 860
159 864
112 867
152 868
175 873
222 876
230 879
144 883
194 885
244 886
268 888
258 891
264 891
263 893
275 897
316 896
267 900
286 901
304 905
301 907
311 908
320 909
355 911
307 914
339 913
356 905
327 915
337 916
325 917
336 918
361 918
369 919
368 919
341 921
388 919
396 923
382 926
411 923
382 926
407 924
406 924
435 924
440 924
424 924
404 923
452 923
431 924
437 923
424 924
448 923
457 923
493 922
491 920
509 917
513 916
512 912
513 909
511 905
513 917
511 902
514 900
513 901
512 900
514 904
513 897
513 894
514 893
513 891
514 888
513 886
513 882
514 879
513 877
513 874
513 871
512 858
513 856
513 854
513 851
513 845
512 843
513 838
513 835
513 832
514 826
512 821
513 816
513 812
512 805
513 802
513 796
520 792
510 782
515 775
512 775
512 770
508 767
523 759
513 755
513 751
511 749
513 739
520 739
513 731
513 725
513 722
513 719
511 710
513 704
512 701
513 696
512 688
513 688
513 679
513 676
513 671
513 665
513 661
513 656
513 649
513 646
514 638
513 633
514 626
514 619
513 612
513 605
513 597
513 591
513 587
513 579
513 560
515 559
512 556
511 548
515 547
512 544
512 535
512 530
512 524
516 517
511 516
513 502
514 503
514 497
512 485
515 478
511 474
513 469
514 464
513 460
513 455
513 450
513 444
513 439
513 433
512 428
513 422
514 415
513 409
514 402
513 396
514 390
513 385
513 378
513 372
514 370
513 361
513 356
513 351
513 346
513 340
513 335
512 331
513 326
514 321
513 315
512 310
513 303
513 303
516 297
513 292
516 294
509 288
516 285
519 278
514 277
510 268
512 253
619 252
693 252
759 248
956 250
992 239
977 238
1008 238
943 230
954 230
936 222
935 219
935 214
955 210
901 205
868 203
907 200
879 196
851 193
853 189
847 186
866 182
883 180
845 177
884 173
881 170
910 166
859 164
818 160
872 157
808 155
798 152
768 152
787 149
762 146
743 145
759 144
736 142
756 137
759 138
701 137
717 135
716 133
721 134
709 131
743 129
726 128
703 126
689 125
716 124
681 123
691 122
691 121
664 120
690 119
689 118
659 118
651 113
645 115
648 114
621 114
613 114
608 115
622 114
609 114
584 114
602 114
609 114
592 114
577 114
606 114
569 114
582 114
562 117
559 116
528 118
515 119
515 124
514 121
514 128
514 131
514 134
514 135
514 136
514 137
513 138
514 139
514 142
514 143
514 145
514 146
513 149
514 153
513 156
513 159
514 162
515 163
512 167
513 170
513 173
513 178
516 181
514 183
515 187
514 190
513 195
514 202
514 203
514 206
515 212
514 217
513 224
513 230
513 233
514 252
514 254
512 258
514 262
513 266
514 272
513 278
513 283
514 287
513 294
514 298
514 303
514 308
514 313
515 317
514 321
514 329
515 333
514 338
515 343
514 349
513 352
512 362
514 366
512 367
514 374
513 380
512 383
513 389
513 394
512 397
513 405
514 414
514 420
514 427
514 435
515 441
513 447
510 452
513 459
513 463
513 467
514 471
514 474
513 482
510 483
514 490
514 494
513 501
514 507
513 510
513 522
513 523
513 535
514 539
513 547
513 554
513 573
513 576
513 580
512 582
514 588
514 593
514 599
513 605
514 610
513 617
513 624
514 628
513 636
513 642
513 649
513 655
513 660
514 666
514 672
514 678
513 682
514 688
513 694
513 695
511 702
513 707
514 712
513 716
513 722
514 727
513 732
513 736
513 740
514 745
514 748
513 752
514 756
513 760
513 765
514 768
514 773
511 778
508 782
424 783
272 783
137 787
94 791
98 795
43 800
85 805
63 806
91 813
109 815
89 820
89 826
80 829
95 834
150 836
179 848
148 851
148 852
160 856
116 858
158 861
160 863
129 869
196 872
156 876
147 878
229 882
215 884
213 886
198 888
258 891
265 893
287 893
261 896
268 897
294 898
311 900
297 902
279 903
266 904
338 904
316 907
318 910
325 910
297 911
343 914
343 915
328 917
329 915
343 917
359 918
342 919
355 919
374 920
362 917
364 921
390 920
410 922
391 923
389 922
414 924
408 923
432 924
393 923
400 923
457 923
428 924
451 923
409 922
463 923
451 923
463 922
508 916
511 915
511 913
511 910
517 905
512 905
513 903
514 910
508 897
511 907
507 900
511 904
513 896
513 893
515 891
513 888
513 885
512 883
515 880
513 879
512 875
514 872
513 869
513 866
513 863
514 859
513 857
513 853
512 847
512 846
513 844
512 837
514 832
513 829
513 823
513 818
513 812
513 808
513 803
513 799
512 793
511 792
515 785
513 776
514 777
515 767
513 756
515 757
514 750
512 743
514 746
515 740
512 740
520 735
513 724
514 719
513 713
514 691
513 690
512 687
512 682
513 675
513 674
514 667
513 662
513 659
512 651
513 648
513 640
513 634
513 630
513 620
513 617
513 606
511 601
513 595
512 586
512 587
513 575
513 573
513 568
513 564
513 564
511 554
513 552
517 547
515 539
511 536
516 527
515 526
516 513
515 509
512 500
513 497
511 487
514 484
516 476
513 472
513 467
513 462
513 458
513 452
514 446
513 441
512 435
513 430
513 425
514 418
513 415
513 405
514 399
514 392
513 388
513 381
513 359
513 355
514 353
513 346
513 342
513 337
513 333
513 328
513 323
514 318
513 317
512 310
513 301
517 300
513 295
503 291
514 285
515 283
518 284
513 275
505 268
514 270
515 265
515 260
512 254
617 251
784 253
911 245
982 245
966 240
956 237
951 230
968 232
930 224
951 220
938 215
953 211
902 207
887 204
912 200
865 197
844 194
837 192
853 189
885 184
892 182
846 178
856 175
888 170
894 168
894 165
802 162
814 159
817 157
825 154
808 151
779 145
747 143
732 142
715 140
761 135
730 136
743 135
713 134
727 132
724 131
712 129
727 129
687 127
727 126
718 126
700 123
659 123
675 121
693 120
700 119
692 119
661 118
652 116
673 116
656 115
624 116
617 110
623 114
628 114
621 114
591 115
615 116
603 114
594 116
605 114
595 114
594 113
578 114
601 114
559 115
582 115
543 116
525 117
521 118
513 122
514 125
515 128
514 130
514 132
514 134
514 136
514 136
514 139
514 139
514 140
513 142
513 144
514 155
513 157
514 162
516 160
513 163
515 167
513 169
513 172
512 175
514 179
515 182
514 186
513 190
513 195
513 198
514 202
514 205
514 212
513 217
513 219
514 225
514 230
513 237
513 241
514 247
512 251
514 256
514 261
514 265
513 271
514 276
514 280
514 287
513 291
513 297
513 299
514 304
513 312
513 316
514 318
513 326
514 332
514 336
510 342
514 348
513 351
513 360
512 362
514 367
512 373
514 376
513 380
513 387
513 391
513 398
513 405
512 410
514 441
513 445
514 448
513 452
512 457
513 460
512 466
513 470
514 474
513 478
514 481
513 489
513 491
513 498
513 504
514 511
513 518
514 524
513 532
513 537
514 546
513 549
513 556
514 564
514 562
513 573
512 576
513 582
512 587
513 591
513 596
511 604
513 610
512 615
513 622
514 627
513 632
513 639
513 646
512 651
513 658
513 664
513 670
513 675
513 681
513 674
511 691
514 694
513 700
514 704
512 710
513 714
513 719
513 725
513 729
513 731
514 739
513 757
514 758
513 761
514 765
513 768
513 772
512 776
511 780
467 783
299 783
175 785
130 789
91 793
71 800
38 802
69 807
132 810
71 815
115 819
94 823
73 828
110 835
118 841
152 838
155 841
134 844
159 847
161 851
159 854
171 861
143 860
162 865
180 868
156 871
142 874
167 877
209 879
190 881
217 885
212 887
239 888
287 891
259 893
313 894
272 897
263 899
282 900
255 901
307 903
325 903
347 906
291 907
291 909
357 909
305 911
327 910
287 918
322 913
347 918
372 919
378 919
342 921
373 921
412 921
400 921
343 922
400 922
419 923
411 923
416 923
404 923
425 923
437 924
424 924
432 923
423 922
438 924
464 923
423 923
429 922
472 922
492 921
503 921
510 917
510 915
512 912
512 909
514 907
511 904
510 902
515 905
503 894
515 899
518 895
515 880
512 895
513 892
513 890
513 887
514 883
513 881
513 878
512 876
513 873
513 869
513 867
512 866
512 864
512 858
513 858
512 852
512 848
513 843
513 838
513 833
513 815
512 813
513 810
513 805
514 801
513 796
512 789
510 784
512 775
510 776
510 769
512 768
510 758
511 761
492 741
510 745
514 740
513 737
510 733
513 727
513 720
513 716
513 711
514 702
513 699
513 695
513 687
513 683
513 680
513 672
512 669
513 664
514 660
513 654
514 648
512 645
513 637
513 631
513 624
513 618
513 611
513 602
512 597
513 588
513 587
513 578
512 573
513 570
513 573
511 565
516 566
512 555
516 547
517 544
512 540
513 530
510 534
515 505
512 495
505 492
511 488
514 492
515 481
514 469
514 463
513 457
513 453
511 448
513 444
514 437
513 433
513 426
513 421
513 414
513 408
515 402
513 395
514 389
512 383
513 378
513 371
513 366
513 360
513 356
513 349
513 344
514 339
513 334
514 329
513 326
513 320
513 315
513 314
515 306
514 306
514 301
515 293
514 291
509 292
513 280
504 281
514 273
513 269
510 265
516 262
521 261
601 255
691 252
739 249
965 256
985 241
1015 239
957 233
937 216
944 214
952 211
934 208
949 205
901 201
845 198
874 197
850 193
896 192
861 186
836 185
921 179
862 176
858 173
875 169
845 165
873 161
856 159
856 157
799 155
774 154
831 150
739 149
733 146
788 144
745 142
754 141
735 139
733 137
689 136
738 134
768 133
713 131
727 130
682 129
715 127
706 127
705 124
678 124
695 122
721 121
695 121
669 123
651 118
678 120
659 117
654 117
636 116
641 119
644 115
628 114
635 113
603 114
619 117
623 114
589 114
614 113
575 115
581 113
583 117
560 114
546 115
581 117
533 117
521 119
516 122
515 124
514 127
514 129
513 131
514 133
515 135
514 137
514 137
513 138
514 140
513 141
513 144
514 149
513 149
514 155
514 155
514 160
513 160
514 165
512 165
513 169
514 173
512 176
513 175
513 180
512 185
514 187
514 190
513 197
513 201
513 203
513 209
513 213
514 217
513 224
513 230
513 236
513 240
513 242
513 249
513 254
513 258
514 263
514 267
513 271
513 279
514 284
513 305
513 307
513 311
513 314
513 318
513 324
513 328
512 334
515 340
514 344
513 349
515 356
514 360
515 364
514 370
512 374
514 380
514 385
513 388
513 397
514 403
513 408
513 416
513 421
513 431
513 436
514 442
514 451
514 454
514 460
514 463
513 468
514 472
514 477
513 481
513 485
511 491
513 494
514 501
513 508
514 514
514 525
513 530
513 537
513 542
514 551
513 555
513 559
513 564
513 570
514 574
514 580
514 583
514 590
513 595
513 600
513 606
514 630
513 634
514 638
513 644
515 651
513 659
511 661
514 668
513 673
513 680
515 683
510 687
512 694
513 698
513 704
513 708
513 713
513 717
512 723
513 727
512 732
513 737
513 741
513 746
514 749
513 753
513 757
514 763
513 765
513 769
514 773
511 778
508 783
411 784
247 785
83 787
72 795
65 796
57 798
104 805
93 809
101 814
73 820
92 822
93 828
120 830
105 832
159 837
153 839
136 843
158 847
184 849
163 853
151 856
154 860
158 863
176 867
141 869
185 881
184 882
218 887
236 887
240 888
248 891
240 893
286 895
294 896
253 898
321 899
301 903
271 900
285 903
274 905
321 905
335 908
341 909
307 911
305 911
330 912
337 912
316 920
321 916
358 920
322 919
363 919
393 920
347 920
361 920
384 922
396 923
396 921
387 923
406 922
417 923
418 923
456 924
381 923
399 924
443 923
435 923
422 925
427 923
466 924
443 923
468 922
471 921
483 920
510 918
511 916
512 913
512 909
511 907
515 911
512 908
514 901
507 902
514 901
511 893
513 894
512 890
511 889
513 885
512 882
513 879
512 876
513 872
513 871
513 869
513 865
513 862
513 859
513 856
513 851
513 849
513 845
513 842
513 837
513 835
513 827
513 824
512 817
513 812
512 806
513 802
513 794
513 791
513 785
522 781
512 776
515 771
517 772
520 764
518 756
512 753
508 747
511 744
512 739
510 730
508 729
511 722
513 717
513 713
513 707
513 701
513 697
513 691
513 686
513 681
513 674
513 671
513 666
513 659
514 640
513 636
512 633
513 627
513 620
513 613
512 605
513 598
513 593
512 585
513 580
513 576
514 572
512 568
513 563
513 566
514 551
515 551
514 548
515 538
514 533
514 528
512 523
514 516
514 505
516 503
513 498
513 484
514 480
514 476
515 470
514 468
515 461
514 456
513 451
513 445
512 441
513 435
513 429
513 423
513 417
513 410
513 404
514 398
513 392
513 386
513 379
513 374
514 368
513 362
513 357
513 352
513 346
513 341
513 336
513 332
513 312
513 309
517 308
510 303
516 291
518 294
516 277
511 287
512 286
519 281
510 274
513 271
512 267
516 261
511 257
528 246
621 251
757 251
955 249
996 246
981 242
967 224
952 234
916 228
939 227
906 219
946 214
945 209
891 206
909 203
893 199
858 197
849 194
855 190
887 187
863 184
836 181
862 178
882 173
877 171
869 168
858 164
844 161
853 158
866 156
775 156
801 150
756 149
775 147
800 145
707 143
757 141
713 140
746 138
755 137
699 134
750 134
674 128
735 127
741 126
723 125
732 123
671 124
712 121
678 121
699 118
673 118
664 118
653 117
653 117
663 117
650 116
632 114
610 114
646 115
611 115
612 115
610 114
618 114
594 114
601 114
608 114
593 115
591 114
579 117
583 113
583 115
572 114
542 116
524 119
522 120
514 122
515 126
514 128
514 130
515 132
513 134
513 135
514 137
514 137
514 139
514 141
514 143
513 144
515 147
513 150
514 154
513 156
513 159
513 162
516 166
517 166
514 171
511 170
514 187
514 190
514 192
513 194
514 198
513 203
514 206
514 211
514 218
514 224
513 229
513 233
513 237
514 242
514 248
513 252
513 255
513 260
516 256
513 272
513 277
513 283
513 288
513 291
514 297
513 304
514 306
513 310
513 317
514 321
513 329
515 333
514 340
513 343
513 347
513 354
513 359
513 364
515 368
513 371
514 378
514 384
514 387
513 395
513 399
514 404
514 414
514 418
514 427
513 432
516 441
514 445
513 450
513 458
513 459
514 466
513 471
513 491
514 492
513 496
513 501
513 507
514 513
514 520
512 525
514 537
515 539
513 546
513 553
513 557
513 563
513 568
515 573
514 578
515 581
513 588
513 592
514 598
514 605
513 609
512 615
513 622
513 629
513 635
513 641
514 647
514 654
513 659
513 666
514 672
513 677
514 682
513 686
509 690
515 697
514 702
513 706
514 734
513 716
513 720
512 726
513 732
514 735
513 740
514 743
513 748
517 752
514 755
514 759
514 763
513 768
513 773
513 776
509 780
106 790
133 794
133 795
144 800
103 803
76 808
102 812
69 815
92 820
71 824
64 828
119 831
93 835
123 834
148 842
177 846
145 847
157 853
161 855
167 860
167 862
155 865
157 868
143 871
153 874
192 878
199 880
168 883
214 885
232 887
245 890
300 891
259 893
270 896
261 897
299 899
295 900
305 902
324 904
324 905
330 906
284 908
308 909
320 910
315 911
328 913
335 913
318 919
339 915
358 917
331 915
329 918
367 920
364 920
398 920
380 922
369 922
370 922
429 923
417 923
428 924
410 924
