725 177
787 175
773 173
738 170
783 168
723 164
741 161
747 158
704 155
733 152
677 151
668 148
689 147
674 145
714 143
624 142
704 139
681 141
637 136
672 136
637 134
705 132
623 131
652 129
677 128
661 126
646 127
615 124
631 124
618 119
638 122
640 117
635 119
638 118
626 117
597 116
600 115
626 114
594 114
573 112
591 113
590 113
581 113
582 113
581 113
582 113
579 113
586 113
565 113
542 113
578 114
546 115
555 114
540 115
545 117
525 117
516 119
236 817
240 819
236 824
217 828
230 832
275 835
260 839
265 841
280 845
315 848
279 851
263 853
261 857
274 861
264 862
269 867
277 871
250 874
262 878
324 880
307 884
319 885
316 888
318 889
317 892
366 891
379 895
334 893
392 894
349 901
375 902
352 906
353 905
385 907
382 908
374 909
372 910
409 912
393 910
396 914
385 913
367 916
409 917
417 918
393 920
383 920
422 921
427 921
410 923
415 922
449 923
422 923
454 923
427 924
449 924
447 924
464 923
514 126
514 128
514 129
514 131
514 132
513 134
514 136
513 136
516 139
514 139
514 139
513 143
514 144
514 148
513 150
513 153
513 158
512 159
514 161
516 164
513 166
515 170
514 172
514 176
513 179
514 182
513 186
513 191
512 195
514 198
513 202
511 209
514 214
513 217
512 223
514 227
515 232
513 239
522 245
513 248
513 252
513 258
514 264
513 268
513 274
513 275
511 282
513 288
514 293
514 297
514 301
513 307
513 311
513 319
512 323
513 328
512 333
512 426
513 430
513 436
514 440
513 448
512 454
514 457
514 464
513 467
513 470
512 475
513 478
513 484
513 488
513 495
515 499
512 507
512 513
512 520
510 527
515 533
512 543
514 549
514 553
511 559
512 563
512 569
514 574
514 579
513 580
513 588
512 593
513 598
512 605
513 611
515 620
512 624
513 630
512 636
513 642
514 649
513 655
512 660
513 667
513 673
514 676
513 683
512 688
513 692
513 695
515 703
513 707
513 711
513 717
513 722
512 724
513 731
513 745
513 751
512 757
513 756
513 760
514 765
512 769
513 773
513 777
510 782
419 783
346 785
250 789
254 791
281 800
195 802
279 806
270 806
210 814
242 817
235 822
202 826
238 830
212 834
232 837
286 839
256 843
251 846
282 850
290 853
302 857
267 860
278 864
275 867
286 870
291 874
234 877
272 879
337 882
338 885
336 888
252 889
363 890
350 893
331 894
381 897
375 887
335 901
349 902
398 902
339 909
382 906
396 907
363 909
382 910
395 911
389 916
370 917
409 917
394 917
414 919
427 919
392 920
420 920
435 921
414 922
438 923
424 923
436 925
429 923
464 924
439 924
439 925
456 923
459 925
478 921
442 922
466 924
474 923
477 934
466 923
497 922
490 917
512 920
506 917
518 917
511 915
511 910
515 908
514 906
520 903
513 902
513 901
513 899
513 898
513 897
512 895
514 894
513 890
513 887
513 886
513 883
512 880
513 877
513 875
513 872
514 868
512 866
513 862
514 860
513 857
513 853
513 849
512 833
514 829
513 824
512 820
513 817
513 813
515 809
515 801
517 798
512 793
517 790
512 776
512 780
513 764
517 767
513 756
511 757
512 755
515 749
515 747
514 739
517 734
513 730
513 723
513 720
513 715
513 707
513 702
513 698
512 692
513 688
513 680
511 676
513 672
514 667
512 662
513 657
513 651
513 647
513 642
513 635
513 628
513 620
512 615
513 607
513 602
514 593
512 589
513 582
513 577
514 573
514 565
512 573
513 556
514 554
512 549
514 544
516 519
515 514
516 511
513 513
516 505
514 493
512 490
512 480
514 477
514 468
514 465
514 459
513 457
512 453
512 447
514 441
514 436
513 429
514 424
514 418
513 412
514 405
514 399
512 392
514 386
513 380
513 374
514 369
513 363
513 358
514 352
514 347
513 342
514 337
514 333
513 328
513 324
514 318
514 313
512 308
513 304
514 300
509 296
513 292
513 288
511 283
514 279
513 274
515 271
513 267
513 263
513 258
524 254
627 252
745 251
768 245
787 242
781 225
782 223
782 220
765 218
771 214
769 209
804 206
778 202
744 198
749 196
773 193
742 190
753 187
729 183
776 180
767 177
740 173
756 170
737 166
801 164
736 161
667 157
759 154
703 152
703 150
684 149
673 147
683 143
656 139
666 138
648 140
677 137
660 136
670 134
670 133
620 131
674 131
629 128
643 126
623 126
666 125
666 122
606 122
668 122
622 121
606 120
623 118
632 118
601 117
616 116
609 116
582 115
607 115
607 114
566 113
577 112
585 112
565 112
565 114
570 113
569 113
557 113
554 113
572 113
548 114
546 114
522 116
526 117
514 117
514 122
516 124
513 128
514 130
513 132
515 133
513 135
514 137
514 137
514 139
514 141
513 143
513 145
513 147
514 149
514 152
513 154
514 158
513 160
512 163
513 166
513 168
514 172
514 175
512 179
514 181
513 185
514 188
513 192
513 197
514 201
512 205
513 209
512 216
513 222
512 229
513 234
513 236
512 239
512 245
514 250
513 256
512 261
514 265
514 272
513 405
513 411
513 418
515 429
511 433
513 438
513 444
512 449
513 456
513 461
514 465
514 469
516 474
513 477
510 483
513 487
512 493
513 497
511 503
514 511
516 517
512 524
514 530
513 539
514 544
513 551
513 557
514 561
512 566
513 572
513 576
514 580
513 586
513 592
513 598
513 603
513 606
511 624
512 621
514 631
511 634
513 639
513 646
513 652
513 657
513 664
514 670
513 676
513 681
513 685
513 692
513 696
515 701
513 706
513 711
513 715
512 720
514 738
512 741
513 743
514 747
513 750
513 755
513 760
513 762
513 768
513 771
513 776
509 780
448 783
339 781
300 787
247 791
256 808
273 800
234 805
241 808
255 811
207 815
255 820
222 824
211 829
248 832
260 835
297 840
246 842
292 845
305 849
262 852
295 855
290 859
231 861
288 865
253 868
249 872
293 875
306 878
296 881
269 883
345 886
341 887
312 890
360 892
329 894
386 900
358 897
354 890
369 901
348 899
399 904
340 895
372 903
375 907
382 909
400 913
380 915
396 916
392 917
399 917
394 918
409 919
403 920
402 922
430 921
422 922
416 922
428 923
446 923
449 923
434 923
443 924
462 924
453 925
452 924
458 923
481 924
448 924
460 924
468 922
461 923
481 923
484 922
492 925
513 920
515 927
509 910
511 918
509 906
514 896
502 903
508 915
513 902
513 900
513 900
514 899
513 897
514 894
513 891
513 890
513 886
514 887
513 881
513 878
513 876
513 874
513 869
513 867
513 864
512 860
512 857
513 854
512 840
513 837
513 834
513 829
513 825
513 820
513 815
514 807
520 804
512 796
516 791
512 788
523 785
509 779
516 772
512 771
507 766
512 766
519 754
512 747
513 742
516 739
516 735
522 730
513 726
514 719
513 715
512 712
513 705
513 698
513 695
514 688
513 683
513 680
515 672
513 670
513 664
513 659
513 655
513 649
513 643
514 636
513 630
513 625
514 615
514 610
513 601
513 596
516 590
515 583
514 581
515 573
513 572
513 567
516 560
509 557
516 528
514 529
508 530
501 524
510 519
512 509
514 506
512 494
508 492
515 490
514 480
517 473
511 467
514 461
507 456
511 453
511 448
513 447
513 438
514 432
513 427
511 420
513 414
514 408
514 401
514 395
513 389
513 382
514 377
513 371
513 365
513 360
514 354
513 349
514 343
513 339
515 333
513 329
513 325
514 320
513 315
514 310
513 306
512 301
513 295
512 293
513 289
513 284
513 280
513 277
513 272
514 267
513 262
514 260
518 255
577 255
669 251
777 236
809 234
824 229
791 227
829 224
782 220
803 215
815 211
776 208
796 203
775 201
734 197
749 194
743 190
738 188
724 185
733 181
753 178
731 175
787 171
730 168
732 164
791 160
771 158
725 155
664 153
692 151
746 149
658 146
711 145
661 143
633 142
692 140
638 138
684 136
616 134
710 133
658 132
643 131
658 130
646 127
639 127
623 127
650 125
619 125
668 121
633 121
607 119
628 118
614 117
618 117
599 115
623 115
610 114
590 114
580 115
609 112
588 113
563 113
574 113
560 113
568 113
563 113
557 113
585 114
550 113
554 114
553 114
544 116
519 117
517 119
514 121
514 124
514 127
515 130
514 132
514 134
514 135
514 136
513 141
514 139
513 140
514 142
514 144
514 146
513 148
513 152
514 154
514 157
513 161
514 164
514 165
513 168
513 172
514 174
513 177
513 180
512 184
514 189
514 192
513 196
513 199
513 204
513 209
513 215
514 219
513 223
514 229
513 235
513 241
513 244
514 249
514 252
514 258
514 280
514 285
513 288
513 290
513 294
513 300
512 304
513 308
513 315
513 319
513 325
513 331
513 335
513 340
514 345
513 349
513 358
513 364
514 364
513 370
514 375
512 381
514 384
513 391
513 395
513 401
512 411
512 414
513 424
510 430
513 435
512 445
514 447
513 455
513 459
513 465
514 468
514 472
513 477
513 480
511 486
514 489
514 497
511 502
514 508
514 515
514 522
513 529
512 536
512 542
513 548
513 554
513 560
513 565
513 569
512 576
513 578
514 600
514 603
513 608
512 613
512 619
518 621
516 630
512 638
512 644
511 650
513 656
513 662
513 667
512 673
514 682
514 683
512 690
513 694
513 699
513 704
513 708
514 713
513 718
513 723
513 728
512 732
512 736
511 742
513 746
513 749
513 755
511 758
514 761
513 766
513 771
512 775
514 779
508 781
357 785
312 789
270 793
280 796
273 801
268 802
213 806
258 810
271 816
195 820
231 823
237 828
228 831
237 835
243 839
260 841
294 845
287 846
282 851
252 863
285 866
251 868
278 871
293 873
271 878
325 880
314 883
290 887
345 888
336 890
331 890
346 893
334 895
359 904
363 901
399 892
345 901
309 902
378 907
393 906
370 908
379 908
396 910
386 911
411 911
383 914
383 918
383 916
391 917
407 918
390 919
432 920
415 921
388 921
421 923
427 922
449 923
427 925
426 922
464 923
432 924
457 923
442 923
447 924
472 923
454 924
462 923
448 923
484 923
481 923
454 921
481 920
505 919
501 918
506 916
510 899
514 905
513 901
512 905
511 899
511 900
513 900
513 899
513 897
514 895
513 893
513 891
513 888
513 885
512 882
514 878
513 876
514 874
514 871
513 868
513 866
512 859
513 859
513 855
512 852
513 848
513 843
513 840
513 835
513 830
513 827
513 822
513 817
512 811
514 807
504 802
511 792
514 795
513 786
518 780
513 773
514 770
512 767
513 765
506 755
515 753
505 746
511 745
504 741
513 730
517 727
513 724
513 714
513 711
513 709
513 700
510 696
513 692
513 672
513 668
513 665
513 661
513 655
513 652
515 645
512 641
513 633
514 626
513 621
513 614
513 604
513 599
513 593
510 585
513 582
513 574
513 571
514 567
514 564
515 559
515 547
516 553
512 536
515 538
511 534
515 525
509 524
510 511
510 508
513 498
517 492
513 487
517 482
512 470
516 468
511 457
518 461
513 458
508 449
512 447
513 439
515 435
513 428
514 422
514 416
513 410
514 403
513 396
513 391
513 384
512 379
513 373
510 368
513 361
513 357
513 336
513 333
513 330
514 326
514 322
512 316
514 313
513 307
513 302
513 298
513 294
514 290
513 287
513 283
513 279
514 274
513 269
514 264
513 261
514 255
524 254
658 252
735 249
763 245
775 242
783 238
800 233
779 231
809 225
806 222
763 217
840 213
770 209
754 205
795 202
738 199
717 195
743 193
729 189
768 185
731 182
738 179
806 175
748 172
773 167
771 166
705 162
741 159
718 158
725 154
711 152
674 149
684 148
641 146
722 144
684 143
663 135
661 135
675 133
653 134
658 131
699 130
645 129
619 127
631 125
646 124
617 125
618 120
649 121
630 120
656 119
608 117
624 117
631 117
599 116
617 117
624 115
571 115
598 114
594 115
561 113
590 114
589 114
574 114
561 114
576 113
570 113
558 113
558 114
579 113
552 114
555 114
544 118
529 113
519 118
516 120
512 122
514 125
512 129
513 131
513 132
513 135
513 135
514 136
511 138
513 139
511 142
514 144
513 145
513 149
514 150
514 154
513 156
513 168
514 169
513 171
512 174
513 176
514 179
513 183
513 186
514 190
513 194
514 197
515 203
513 208
513 212
513 219
514 223
513 226
514 234
512 239
514 245
513 247
514 252
514 257
513 262
513 267
513 272
514 276
513 283
513 290
513 293
513 297
514 302
513 308
513 313
514 316
513 322
513 327
513 332
513 340
514 344
514 348
513 354
514 358
513 363
509 370
513 371
516 378
515 384
514 388
513 395
513 400
513 405
514 412
516 419
512 429
515 431
512 442
514 464
512 467
513 469
514 471
513 476
515 478
512 484
513 488
513 493
511 500
513 505
512 513
515 518
512 528
515 533
513 540
512 546
514 551
511 559
514 563
514 568
514 572
514 577
511 582
514 587
513 593
513 599
514 606
513 609
513 616
512 621
514 628
514 643
514 642
513 647
513 654
513 660
513 665
514 672
512 677
513 683
513 689
513 692
513 698
514 702
513 706
513 712
513 716
513 723
513 726
513 731
513 736
514 740
513 744
514 748
512 750
514 756
513 773
514 777
513 780
511 781
395 784
317 787
320 791
253 790
267 795
263 796
243 808
229 810
233 813
252 818
243 821
222 826
225 831
236 834
292 837
258 841
270 844
278 847
315 850
285 854
229 856
297 859
316 863
261 867
258 869
263 873
291 877
305 879
273 882
298 884
321 886
323 888
332 890
343 893
364 894
345 896
361 899
371 897
370 901
368 911
390 904
364 911
379 905
393 908
373 910
382 911
370 911
396 914
399 914
401 915
406 917
421 918
379 919
426 922
437 922
433 922
409 923
444 922
441 925
432 923
425 925
453 923
465 924
472 923
436 924
458 923
473 922
466 924
457 924
465 923
477 924
506 920
482 934
473 918
511 922
511 912
515 914
513 910
504 909
512 904
514 901
511 901
518 903
509 901
514 899
513 898
513 896
513 894
513 891
513 889
511 886
512 883
512 881
512 877
514 875
513 872
514 869
513 866
513 863
514 860
513 857
513 853
513 849
514 845
513 841
513 838
512 835
513 828
512 824
514 819
510 795
511 797
514 792
511 787
514 778
514 778
512 769
512 767
510 763
516 761
512 756
511 750
504 745
511 739
512 735
514 723
513 723
513 719
512 712
513 709
512 703
513 695
510 693
513 689
513 681
513 678
513 673
511 668
513 664
514 658
513 654
513 648
514 641
513 637
513 628
513 623
513 614
513 608
513 600
513 592
513 589
513 580
512 578
514 573
514 568
513 567
513 571
508 561
514 552
513 547
513 543
517 536
514 531
515 522
511 515
514 516
505 502
516 478
520 474
510 471
514 470
513 464
513 458
513 452
513 448
512 446
513 443
514 431
512 425
515 419
514 413
514 406
514 399
514 394
513 387
513 382
513 376
513 370
514 364
514 358
513 354
513 348
514 342
511 338
514 332
514 328
514 323
514 318
514 314
513 308
513 304
509 300
514 296
514 292
513 288
513 284
508 279
518 273
513 271
513 266
514 263
512 258
515 255
623 253
700 251
781 247
746 243
767 239
764 235
794 231
784 228
807 223
801 219
788 215
771 200
735 199
748 196
746 193
724 191
730 187
786 184
752 181
750 177
767 174
735 171
761 167
748 161
767 161
729 159
704 155
736 152
677 151
739 148
683 145
670 145
666 143
643 141
704 139
634 138
689 136
672 135
644 132
660 131
594 130
661 128
637 127
653 126
619 125
685 126
642 123
637 122
628 120
611 119
646 119
608 118
623 117
610 116
582 117
610 114
596 114
586 113
598 113
567 113
586 111
557 113
601 113
587 112
566 112
563 115
569 113
573 112
541 114
526 115
541 116
522 117
514 120
514 122
514 124
514 128
513 130
513 132
513 132
514 135
513 136
514 138
513 139
513 140
513 142
512 144
514 147
513 149
514 152
513 154
514 158
513 161
513 164
513 166
513 168
513 173
514 175
513 178
513 181
513 184
509 189
511 192
513 196
511 200
513 205
514 210
512 215
512 222
514 225
514 230
514 237
514 241
513 245
514 251
514 256
514 261
513 266
513 270
514 273
513 279
512 288
513 291
513 294
513 299
514 114
568 117
592 113
576 114
585 110
564 113
567 113
598 113
547 113
572 113
550 115
574 114
569 114
525 115
548 116
524 117
516 119
514 123
514 124
514 127
516 129
514 132
515 133
513 135
514 136
513 136
515 138
513 140
514 141
513 143
512 145
513 149
516 151
514 155
515 157
513 159
513 162
513 164
514 168
513 170
513 174
513 179
509 180
513 184
513 188
514 191
514 195
513 199
515 204
514 208
514 213
513 219
513 224
513 228
514 233
514 240
513 244
513 303
513 307
512 309
513 312
516 319
513 326
516 329
514 334
512 341
513 344
514 348
513 356
514 360
514 363
512 370
513 375
513 378
512 385
514 391
515 396
513 401
513 408
513 415
514 421
512 430
514 435
512 444
514 448
513 456
514 459
513 463
512 468
513 472
513 477
513 479
513 485
513 490
516 494
513 501
513 509
513 513
514 524
512 529
514 535
513 543
511 549
513 554
512 561
514 565
514 570
514 574
512 579
513 583
512 589
513 593
514 600
511 607
515 634
508 633
513 642
510 645
513 651
516 656
513 661
514 667
513 673
513 680
513 683
513 689
513 694
513 699
513 704
513 708
514 713
513 718
513 723
513 728
514 733
514 737
513 742
514 745
513 749
512 753
512 756
512 761
514 766
513 770
514 774
511 779
507 781
428 784
324 787
226 793
245 805
273 798
248 804
281 803
226 813
232 815
252 819
217 823
244 827
245 832
254 835
261 839
252 841
258 843
310 848
277 851
275 854
285 859
284 860
300 864
229 866
283 880
308 883
315 884
333 886
355 888
293 890
334 891
359 894
379 895
372 897
320 899
390 894
363 899
362 902
358 905
384 904
392 911
386 907
393 910
383 911
404 913
400 913
370 915
367 916
394 917
397 918
425 919
405 920
422 920
394 921
414 922
437 922
450 923
421 923
449 923
446 923
441 925
457 923
455 924
430 924
458 924
458 923
454 924
450 923
459 926
490 923
475 924
477 925
503 927
508 932
513 919
525 907
510 913
515 909
511 908
511 906
510 901
517 898
513 898
513 897
514 895
513 889
513 890
513 888
513 885
513 882
514 879
513 877
513 874
513 872
513 868
512 865
513 862
513 859
513 856
511 851
513 849
513 844
514 840
513 837
513 831
513 825
513 822
513 817
513 811
513 805
515 801
506 806
511 790
517 791
513 781
516 777
511 770
515 766
512 769
512 758
513 755
515 747
514 752
510 738
517 736
516 725
516 733
511 717
512 711
513 707
513 703
513 694
513 690
513 687
513 680
515 677
513 674
514 664
513 647
513 642
513 638
515 634
513 625
513 619
513 613
514 605
513 599
514 591
513 588
514 579
512 577
514 572
515 567
513 564
514 559
514 556
511 549
514 546
515 541
513 531
515 530
509 524
514 516
513 504
513 504
515 491
512 486
512 479
512 477
513 470
515 465
514 461
513 458
514 455
512 444
513 443
510 433
516 431
514 423
513 417
513 410
514 404
514 398
513 394
513 386
513 380
512 374
514 367
513 362
513 356
513 351
514 345
513 341
514 336
513 332
514 313
514 310
514 307
514 303
514 298
513 294
513 290
513 287
514 286
513 279
513 276
515 271
513 265
514 260
512 257
521 253
620 251
757 250
778 245
797 241
802 237
770 233
788 229
774 226
772 221
818 217
799 212
783 210
767 205
788 201
781 199
721 195
726 193
768 189
772 187
721 183
709 179
783 176
790 173
737 169
727 166
746 163
740 160
741 157
724 154
699 152
682 150
664 148
677 146
673 143
739 142
652 141
632 138
670 138
643 136
684 134
661 133
636 128
647 126
662 126
628 125
647 123
621 122
610 120
656 120
635 120
629 117
608 120
598 116
627 115
613 116
615 114
583 114
581 114
618 114
578 113
564 113
610 113
560 112
573 113
561 113
580 113
565 113
562 113
559 113
558 113
561 114
545 116
535 116
516 118
519 119
515 122
516 125
514 128
514 131
513 132
514 134
513 135
513 136
514 138
513 139
513 144
514 142
513 145
514 147
514 149
515 152
514 155
514 158
514 163
513 164
514 167
513 171
515 173
513 185
513 188
513 190
513 194
512 198
514 201
514 207
513 212
514 217
513 223
512 229
513 234
513 237
514 243
515 247
513 250
514 257
514 262
514 267
513 272
514 277
513 281
514 287
512 294
513 297
514 299
513 306
513 315
513 318
513 321
514 328
513 332
513 338
513 343
514 349
513 354
516 358
513 364
515 368
513 371
513 378
514 383
513 387
513 394
514 400
513 406
513 412
513 421
512 427
513 434
512 444
519 446
513 453
512 458
513 461
511 470
514 484
513 488
513 491
513 494
512 500
514 505
512 513
513 518
514 526
513 533
513 539
512 545
513 552
510 558
514 566
514 568
513 573
513 577
512 583
513 586
514 593
513 599
515 604
512 610
513 617
512 623
512 628
513 635
518 641
512 639
512 654
514 660
514 665
513 671
513 676
514 682
509 686
512 693
513 698
513 702
513 707
513 712
515 717
513 721
510 726
513 732
513 736
514 740
512 744
513 748
514 751
513 756
513 760
513 764
516 769
513 773
512 777
512 790
254 792
246 795
235 794
271 809
233 809
260 809
233 822
221 818
233 821
236 825
230 830
243 834
246 837
292 840
270 843
285 846
314 850
243 852
270 856
282 859
287 863
257 866
255 870
257 873
285 876
305 880
292 882
270 884
358 887
336 888
342 890
334 892
325 894
371 896
349 898
385 899
348 901
377 894
379 904
375 899
367 905
348 912
401 912
361 912
388 912
381 913
419 914
405 916
370 917
410 917
374 918
414 919
437 921
433 920
387 922
425 922
442 923
452 924
464 923
460 924
471 923
444 925
463 924
444 925
464 923
464 924
467 924
464 924
469 923
465 923
495 923
500 921
504 919
514 917
508 914
513 908
517 908
515 905
521 903
510 905
508 902
514 906
501 899
511 897
513 895
514 894
513 890
515 888
514 887
513 884
513 880
513 877
513 875
513 872
513 869
513 866
513 863
514 860
513 856
513 853
513 850
513 844
514 843
514 838
513 834
513 831
513 825
513 818
513 813
513 809
513 803
513 797
513 796
516 774
507 769
512 771
511 765
510 757
515 759
515 746
510 746
513 741
514 734
512 728
513 728
513 722
514 715
513 709
513 702
513 697
513 692
513 688
513 682
513 676
513 672
513 668
512 664
513 658
514 652
512 648
512 642
514 635
513 631
513 621
513 616
513 608
513 601
513 595
514 587
513 580
515 574
512 574
515 568
512 565
512 560
513 564
514 555
514 547
512 544
516 534
511 531
516 523
516 514
512 511
513 502
515 492
511 490
518 485
511 480
511 472
511 455
513 453
511 436
511 443
513 434
515 431
516 427
514 418
513 414
514 408
514 399
514 394
513 387
512 381
515 376
514 370
513 365
513 360
515 353
514 349
516 343
513 337
513 333
514 328
513 324
513 320
514 314
513 309
514 303
513 300
515 296
513 291
513 288
513 284
514 280
513 275
517 271
516 279
513 262
515 258
520 254
617 252
683 250
768 247
757 243
810 238
820 234
744 230
797 227
779 223
778 219
782 214
820 211
782 206
766 203
742 199
786 197
748 185
755 182
747 179
758 178
712 174
781 170
758 167
725 163
765 160
701 157
736 155
673 151
704 150
718 148
664 146
682 145
644 144
651 141
686 139
680 138
647 136
655 135
663 133
645 132
651 131
609 129
673 128
632 126
629 125
652 124
634 123
650 121
617 120
622 119
602 119
645 117
631 116
596 116
579 115
621 114
606 114
569 113
577 113
603 112
581 113
555 113
586 112
578 113
580 112
555 114
576 112
539 114
585 114
547 114
532 115
539 114
549 115
515 124
514 125
514 128
514 130
514 131
513 133
514 136
516 136
513 137
515 138
513 140
514 141
513 145
515 146
513 149
514 151
513 154
514 157
514 160
513 162
513 168
512 169
513 172
513 175
513 178
513 182
514 185
513 189
515 193
513 198
514 200
513 205
513 210
514 215
512 221
513 226
513 232
513 234
513 239
513 245
513 250
514 255
515 259
513 265
513 270
514 274
515 279
513 286
512 291
513 296
513 300
513 305
510 309
513 314
514 320
513 328
514 330
512 350
512 355
514 358
514 362
514 366
513 371
513 376
513 381
514 386
514 391
514 397
514 403
513 411
514 416
515 425
513 430
512 438
512 442
520 454
514 455
513 460
513 465
515 468
513 473
512 476
513 481
512 486
513 491
513 497
514 502
512 510
512 517
512 524
512 530
512 539
514 544
513 550
513 557
513 561
513 566
512 570
513 576
512 581
516 586
513 590
515 596
513 601
514 608
513 614
513 620
512 628
513 633
518 640
503 646
515 651
513 657
513 663
513 684
512 687
514 691
510 695
512 700
513 704
513 709
513 715
513 720
513 725
513 729
513 734
513 737
513 743
514 747
513 750
513 754
516 759
513 763
513 766
513 772
513 776
513 780
461 783
397 786
320 788
264 791
238 796
232 799
234 803
201 813
280 811
256 816
219 820
219 825
234 829
259 832
242 836
283 840
285 842
262 846
287 847
273 852
238 854
314 857
264 862
261 865
294 869
279 871
277 875
277 878
290 881
307 885
293 885
361 888
344 890
376 895
357 899
343 899
344 901
366 906
344 903
358 907
418 921
349 909
382 910
378 908
395 911
397 913
396 914
400 915
376 915
446 916
371 918
395 919
438 920
421 919
423 921
405 922
417 923
442 923
437 923
415 923
458 923
446 925
461 924
455 923
446 924
465 924
472 924
438 924
445 923
488 921
460 923
473 923
482 922
505 920
507 917
511 916
514 899
511 912
515 910
504 905
512 912
519 902
514 899
514 898
508 897
513 896
513 895
513 895
513 893
513 890
513 880
515 876
514 874
512 873
513 870
513 867
512 864
513 861
514 858
513 854
513 851
513 848
513 844
513 840
514 835
513 828
514 825
513 820
515 816
513 811
514 806
513 801
