392 841
377 840
420 840
441 848
405 850
408 853
418 856
365 859
380 863
428 867
393 871
404 873
385 875
407 878
423 881
404 884
435 885
429 884
414 889
447 886
435 894
441 895
411 896
459 904
442 901
431 902
440 906
432 899
473 906
431 908
457 910
449 915
461 912
418 914
460 914
445 913
463 916
467 916
468 918
467 919
436 920
458 921
485 921
480 922
449 922
475 922
494 923
479 923
465 916
481 924
491 924
477 923
462 923
500 924
494 923
465 924
492 923
815 240
719 236
698 230
689 228
631 223
648 218
681 214
647 210
626 206
648 202
650 198
631 195
623 192
634 189
649 186
605 183
601 179
650 177
650 174
623 169
604 167
658 167
644 164
606 158
619 159
627 155
607 149
560 146
598 145
637 144
571 140
608 141
567 144
576 139
580 129
584 138
613 123
569 135
576 129
572 129
606 127
566 123
558 125
565 124
572 121
547 121
559 119
583 119
563 119
563 123
549 117
564 117
574 116
541 107
570 114
541 115
555 114
503 920
514 918
513 916
514 914
513 911
513 907
513 905
512 904
512 902
513 902
513 900
513 895
512 898
499 899
512 908
514 891
513 887
514 887
513 884
513 882
515 879
513 875
513 872
513 870
513 867
513 865
512 861
513 858
513 854
513 854
514 847
513 844
514 839
514 835
514 831
513 825
513 821
514 816
514 810
514 805
513 800
514 795
513 790
514 784
513 780
511 777
513 770
514 767
513 760
511 747
519 751
505 745
518 726
513 737
513 728
511 725
513 713
514 629
514 625
515 618
512 612
515 603
512 597
513 591
513 583
513 580
533 576
515 565
512 568
510 569
516 568
523 560
514 551
518 530
521 547
519 548
516 527
532 506
513 512
516 504
512 500
513 490
514 486
513 479
516 474
513 470
514 464
513 459
514 455
513 450
513 446
515 438
514 434
513 427
513 422
514 416
513 410
514 403
515 396
512 390
514 385
514 379
513 373
515 366
513 362
514 356
514 350
513 345
512 338
508 348
516 332
512 334
512 322
511 319
513 308
509 297
511 295
517 289
513 284
518 285
511 291
513 275
513 269
512 265
515 257
513 256
516 253
513 249
516 246
519 244
529 243
827 238
721 231
681 227
662 223
655 221
665 215
634 210
671 206
623 204
623 200
652 197
602 194
646 193
612 187
621 185
651 181
626 183
655 175
644 176
607 167
632 164
623 158
639 164
596 156
585 156
632 150
600 153
599 146
600 143
587 142
609 142
574 138
585 137
595 141
582 139
575 139
602 132
593 135
553 128
576 127
555 121
552 123
562 123
569 122
552 119
567 118
570 118
554 120
563 118
567 116
567 115
542 116
552 114
572 113
545 112
528 114
555 113
575 113
519 113
541 114
544 113
532 114
538 114
523 113
552 114
524 113
514 115
528 115
526 117
515 118
514 114
513 127
513 127
513 130
514 132
515 134
514 135
513 135
513 136
513 138
513 139
514 141
515 144
513 146
513 150
513 151
513 154
513 156
513 159
513 162
513 165
514 168
514 170
513 174
513 176
512 180
512 193
514 198
513 202
512 205
514 208
513 213
513 220
513 227
515 228
514 233
513 239
513 245
512 248
513 253
513 257
513 263
514 269
514 274
513 277
514 284
513 289
513 294
513 299
512 302
513 308
513 314
514 319
513 323
513 329
513 333
513 342
514 347
512 349
513 354
509 361
513 366
512 368
511 375
508 379
512 385
513 388
511 394
511 401
513 406
512 414
511 422
514 428
514 434
513 442
514 448
513 455
510 460
514 461
513 468
514 476
514 476
512 483
513 501
514 506
511 510
509 515
516 519
513 527
510 535
514 539
507 550
515 551
514 559
514 564
513 568
514 575
511 578
511 584
514 594
514 593
513 599
512 606
512 612
511 618
513 623
513 631
512 636
512 642
512 649
507 655
513 660
513 666
514 676
515 677
515 682
516 688
513 693
513 699
513 702
514 707
514 712
513 717
513 722
512 727
513 730
513 736
512 740
514 744
513 748
512 750
514 755
514 762
514 763
512 769
513 772
514 778
512 783
511 785
510 789
514 804
326 807
367 810
395 811
356 817
388 819
353 823
372 827
377 831
397 834
395 838
372 842
397 844
397 843
419 851
384 855
369 857
422 861
415 865
381 868
388 871
401 875
402 877
414 880
401 883
428 885
408 888
420 887
467 890
447 894
432 895
411 896
449 899
439 900
438 901
465 903
442 905
446 906
431 907
462 909
464 911
432 911
452 913
453 917
471 915
439 918
463 916
475 921
429 916
434 918
467 920
481 921
458 922
455 921
468 923
477 922
458 925
498 927
497 924
490 927
493 923
474 923
486 923
504 924
497 924
475 923
501 924
507 926
498 920
511 919
512 918
513 915
513 912
515 909
514 907
513 905
512 903
512 902
513 904
513 901
513 898
518 898
512 893
501 893
511 887
513 890
513 886
513 882
512 880
510 877
513 874
514 871
513 868
515 865
514 863
512 859
513 855
513 853
514 849
513 845
514 838
513 838
513 833
514 828
513 821
512 823
513 812
513 812
514 803
514 798
513 790
514 786
513 783
514 779
513 646
516 640
513 636
512 631
512 623
513 615
514 608
513 602
518 593
512 592
516 579
510 583
518 572
517 574
518 563
517 541
510 554
511 554
513 548
515 541
509 535
512 530
518 527
514 516
517 506
512 502
514 494
513 488
514 482
513 477
514 473
515 466
513 462
516 457
513 455
514 446
514 442
513 436
514 429
513 424
514 418
513 411
513 406
512 399
513 393
513 387
514 381
514 375
513 369
513 363
514 358
514 351
514 347
514 332
512 331
514 334
509 330
514 308
513 305
514 296
513 298
517 300
515 290
514 285
512 283
507 282
515 278
508 256
513 267
514 263
515 258
513 254
517 250
517 247
518 244
523 243
818 240
740 234
659 229
654 226
669 222
646 216
644 213
658 208
654 206
636 202
642 198
644 195
616 192
623 189
624 192
643 183
642 179
620 176
624 173
660 169
637 174
615 163
622 168
619 149
606 162
598 146
625 156
611 149
556 145
568 143
619 145
591 141
584 137
572 138
605 138
547 135
578 125
611 130
571 126
598 120
587 126
574 124
581 117
575 121
572 121
551 120
583 118
587 117
563 117
545 117
568 115
569 114
542 114
560 114
565 114
549 113
522 115
555 113
550 114
529 116
547 113
543 113
539 118
530 113
525 113
549 116
527 115
513 116
532 116
516 118
511 120
514 122
513 126
514 128
514 131
513 132
514 134
513 136
512 136
514 135
513 139
513 141
513 144
513 145
514 147
513 149
513 152
514 157
513 158
513 161
513 164
512 165
514 169
513 172
513 176
514 190
513 191
513 194
515 196
514 201
512 208
514 212
513 217
513 222
513 225
513 229
514 238
513 242
514 246
515 250
513 255
513 260
513 266
513 271
513 275
513 281
514 285
514 291
513 296
513 303
513 305
514 310
513 316
514 330
514 325
515 330
515 335
517 348
515 347
515 357
515 356
514 361
513 367
512 372
513 377
513 381
512 385
511 393
512 399
513 404
512 412
513 417
514 426
511 425
513 439
511 446
513 450
512 456
513 460
514 466
511 470
514 489
511 492
512 495
512 498
512 505
513 510
510 517
514 527
513 531
511 538
514 543
511 550
515 555
512 561
512 567
512 571
512 575
513 581
514 587
516 595
514 597
514 603
512 609
515 615
514 621
513 626
513 633
512 638
513 646
513 653
513 657
511 664
513 670
514 675
512 680
513 685
513 692
514 696
513 708
515 705
512 710
505 714
512 720
513 723
513 729
513 734
513 738
513 742
513 747
512 750
514 764
515 757
514 770
514 766
513 771
513 776
512 779
513 795
288 807
309 800
350 801
373 804
380 808
380 814
372 817
377 829
390 825
389 830
377 832
381 836
389 840
408 843
427 846
374 848
407 852
390 856
366 859
422 836
369 866
355 869
417 873
417 876
411 878
371 881
419 884
403 887
424 890
437 892
444 892
460 895
386 896
447 897
444 899
423 900
457 902
450 904
462 905
405 907
461 908
450 908
457 909
440 911
446 913
466 914
433 926
467 916
456 917
468 918
431 930
450 921
480 921
459 924
454 922
466 923
489 923
476 923
481 923
498 924
484 923
501 925
493 927
470 924
496 924
502 924
487 923
485 924
501 923
508 922
502 920
513 919
513 916
513 913
513 911
513 909
513 905
512 904
515 902
512 901
513 900
513 899
513 898
519 897
507 893
506 890
508 886
513 889
513 884
513 883
513 877
512 885
513 872
514 869
512 866
513 873
515 861
513 858
515 854
515 849
514 846
513 842
513 839
514 835
513 840
513 824
513 820
513 816
513 809
513 803
513 799
514 794
513 791
514 770
515 771
514 767
513 765
508 759
514 754
515 745
513 745
513 731
513 731
513 726
513 721
513 715
513 713
513 705
515 698
513 694
513 689
513 682
515 679
512 673
515 669
513 665
514 660
513 654
514 648
512 643
512 639
513 631
514 624
515 618
513 610
513 604
513 596
513 592
516 584
513 582
515 575
519 572
516 570
495 570
512 553
512 551
510 546
519 538
509 535
515 527
514 523
523 518
511 508
516 499
513 495
513 492
515 483
514 479
513 475
516 479
514 450
513 446
513 444
515 438
512 432
512 424
513 421
513 415
514 407
514 402
514 396
513 390
514 384
514 378
513 372
514 365
513 370
514 355
514 350
515 345
514 328
520 333
512 327
512 325
510 328
517 318
524 326
518 310
526 317
514 299
515 291
513 286
517 285
513 282
525 277
513 272
515 268
514 264
514 260
514 255
514 252
517 249
515 254
522 240
801 241
734 234
686 230
638 226
656 223
669 226
625 214
642 210
653 207
647 213
631 200
621 196
642 193
639 181
614 179
658 176
634 174
631 171
661 166
636 163
613 151
650 158
605 158
607 151
602 153
624 150
598 150
546 143
634 146
583 133
583 139
595 127
578 137
596 127
555 130
582 137
593 129
591 133
558 129
578 128
587 124
576 124
569 113
591 122
564 121
552 119
568 119
587 118
553 119
541 116
571 116
576 116
551 124
542 116
568 123
552 114
538 115
560 113
550 115
543 113
541 113
522 113
567 113
521 113
529 114
546 114
524 113
527 115
525 116
524 117
513 126
516 123
514 129
512 132
514 133
514 135
513 136
513 139
512 138
513 142
513 141
514 144
511 146
514 150
515 151
514 154
514 156
513 160
513 163
514 166
514 169
513 170
513 174
513 177
514 187
513 183
513 188
513 190
513 195
514 200
513 205
514 209
514 215
513 220
513 226
514 232
514 235
513 240
512 250
513 250
513 254
514 259
513 264
513 268
514 282
514 277
513 288
512 292
513 295
514 298
513 306
513 311
513 310
512 318
513 322
513 329
514 334
514 353
513 356
515 360
515 364
514 371
515 376
512 380
512 386
513 388
512 399
512 401
514 408
513 418
514 421
512 431
515 436
513 442
511 449
513 455
514 458
513 463
512 468
514 470
513 476
515 479
514 484
511 490
513 495
513 501
514 509
514 514
513 521
511 539
514 534
512 552
516 548
512 555
513 559
510 564
510 572
513 574
513 580
514 583
514 589
514 596
513 600
513 607
513 612
513 618
512 626
512 631
512 635
514 642
512 648
513 656
511 661
512 667
514 688
512 690
513 696
514 699
516 704
513 708
513 712
511 718
513 723
513 727
513 733
513 736
513 741
513 745
512 749
512 753
514 757
514 761
511 767
514 770
513 774
514 777
510 781
511 787
508 790
510 794
271 794
340 800
333 803
380 807
377 811
368 817
364 819
392 824
388 828
362 832
379 836
403 838
406 842
397 845
391 859
417 852
397 855
418 858
397 861
396 859
404 868
369 874
417 875
406 877
346 880
429 883
422 883
412 887
418 890
429 890
458 899
416 900
424 900
439 902
439 903
458 906
413 906
464 909
433 909
477 911
448 924
453 913
480 914
437 915
456 916
457 918
472 919
444 909
457 917
472 921
480 917
455 922
458 923
481 923
476 923
461 923
477 922
511 925
459 924
474 927
493 923
490 925
484 924
491 923
493 922
499 922
489 922
492 923
504 922
501 920
509 919
514 929
514 914
513 922
515 903
513 906
514 904
513 903
513 902
514 900
513 899
513 898
512 899
513 893
513 894
526 893
513 884
513 876
513 874
513 872
513 869
513 865
515 865
513 861
513 858
513 853
513 851
513 848
512 844
513 840
513 835
512 830
513 826
513 821
513 815
513 816
513 807
513 801
513 795
514 789
513 789
512 784
514 777
514 770
509 768
516 763
510 764
516 750
514 746
515 752
509 740
510 731
513 727
512 726
513 716
513 711
513 706
513 701
513 695
514 692
514 687
514 680
513 677
512 672
514 667
513 664
515 656
513 653
513 646
513 640
513 634
514 627
514 621
515 613
513 584
515 582
516 578
514 574
516 572
514 567
510 564
512 560
513 555
511 554
506 552
520 540
493 521
515 524
505 522
516 517
515 505
515 500
515 493
513 487
514 485
512 475
514 478
514 466
512 460
515 456
513 452
515 446
513 443
514 435
514 431
513 424
513 417
514 411
514 403
514 398
514 392
513 385
514 380
514 373
515 369
514 362
514 359
513 351
514 346
513 341
514 337
513 331
514 327
515 333
515 302
512 314
510 304
513 303
513 299
512 297
513 291
511 277
513 273
512 268
515 268
513 260
512 256
514 253
515 250
516 246
520 241
728 246
757 239
733 234
673 229
645 225
676 221
634 215
688 223
642 208
636 204
649 202
614 197
621 194
635 192
602 189
640 185
640 182
607 178
638 176
631 173
645 169
636 166
578 162
638 159
638 158
630 154
619 150
589 148
595 147
554 145
616 143
620 139
595 141
573 140
584 134
580 138
567 124
619 133
566 126
628 129
535 129
567 125
582 126
564 125
566 126
568 120
566 122
538 126
557 117
586 117
544 116
580 116
561 115
521 115
567 117
559 114
536 112
545 113
554 113
544 113
542 114
540 114
559 113
534 113
519 113
537 116
541 114
522 114
536 115
528 117
514 119
516 121
513 123
514 125
515 127
513 132
513 134
513 134
513 135
513 137
514 139
513 140
513 142
513 145
514 145
513 148
513 150
513 152
513 156
513 158
513 160
513 164
513 167
513 170
515 173
513 175
513 179
513 182
513 187
514 189
514 193
514 198
514 202
512 207
513 227
513 232
514 234
513 238
514 241
513 246
513 250
514 255
513 261
511 267
513 271
513 277
513 283
513 288
514 292
513 297
514 303
513 307
514 312
513 317
515 323
512 324
514 332
514 340
515 352
514 347
513 354
514 357
513 362
514 370
516 372
513 377
514 381
512 386
511 394
514 397
513 405
512 414
511 419
512 426
513 432
511 441
516 445
513 454
512 457
514 460
510 468
513 469
510 476
515 484
512 483
515 488
513 494
513 499
513 504
509 514
514 518
511 544
513 549
513 553
509 556
511 562
513 568
512 576
515 577
514 583
514 587
513 593
512 598
512 604
513 610
512 617
514 622
511 629
511 634
514 639
512 646
513 652
512 658
514 665
513 671
517 676
514 682
514 687
513 692
513 696
513 702
512 706
513 711
513 713
513 721
513 726
513 731
513 734
512 739
512 744
514 749
513 751
513 754
515 759
512 762
513 768
512 771
513 776
512 782
510 785
510 788
510 792
353 791
284 795
319 800
341 806
383 809
379 814
366 831
371 832
398 836
380 838
410 841
392 843
386 848
409 850
388 851
408 856
399 860
379 863
383 868
433 870
378 873
404 876
402 880
382 882
453 885
407 887
391 889
447 891
422 890
405 894
454 896
458 898
438 898
422 899
441 902
438 905
440 905
457 907
436 908
456 909
446 910
455 912
465 913
460 915
428 915
464 916
492 917
446 918
460 910
483 921
468 923
462 921
472 922
475 921
481 923
457 923
479 923
499 924
459 924
474 923
493 924
481 925
475 924
500 923
501 923
487 923
503 923
505 921
505 921
511 922
513 917
513 919
513 911
514 908
513 905
514 903
513 902
513 899
514 900
514 900
513 897
518 900
517 894
512 892
511 886
512 888
512 883
514 880
511 877
513 874
513 874
513 868
513 868
513 860
513 859
515 854
514 853
514 847
511 845
513 843
513 838
514 832
514 828
513 823
513 818
513 813
510 809
513 803
513 797
514 792
513 788
513 783
514 777
513 774
516 769
518 764
512 753
528 754
511 749
514 730
513 727
513 721
513 719
514 712
513 710
513 700
513 697
513 695
512 686
513 681
513 679
515 671
512 669
513 664
515 657
513 653
513 648
513 643
513 637
515 631
514 623
515 616
513 611
515 601
508 597
513 590
516 583
513 580
513 573
512 567
514 565
508 556
506 557
513 563
516 551
521 543
514 533
514 530
511 530
512 517
509 506
514 502
505 496
513 489
513 484
513 477
516 473
513 469
513 463
513 458
513 452
515 448
515 442
515 437
514 431
513 425
513 402
514 395
515 392
513 388
514 383
515 377
515 370
513 366
513 359
513 354
514 349
513 342
514 339
512 339
511 329
515 327
516 319
513 319
515 310
514 305
515 301
522 296
511 297
515 286
513 287
511 281
515 280
519 272
514 271
513 262
513 260
515 256
514 251
517 247
517 246
521 241
834 242
777 237
694 232
671 228
678 223
665 218
659 209
651 210
664 206
639 202
646 198
624 195
632 194
628 190
623 186
623 183
613 180
654 178
629 174
645 171
623 166
612 466
515 462
514 460
512 456
512 451
515 445
514 440
515 430
515 428
513 413
513 416
514 403
512 403
512 397
510 391
515 385
513 378
514 373
515 367
514 362
515 357
513 351
514 345
514 340
513 336
514 330
514 323
509 320
514 315
506 314
514 309
520 299
514 301
515 294
510 299
513 285
512 280
514 276
514 272
513 266
506 267
517 259
513 256
515 248
514 249
519 238
520 240
695 244
770 238
688 230
707 227
658 225
660 220
674 216
660 211
637 208
640 204
653 181
631 180
646 178
642 175
634 174
642 168
606 155
671 162
601 151
611 158
646 152
593 148
602 151
556 147
624 146
601 142
573 137
602 144
577 139
573 139
568 134
599 136
595 132
573 132
565 131
602 127
585 126
563 127
582 124
573 123
587 124
533 123
601 120
588 119
550 117
578 108
550 117
571 116
558 115
533 115
568 115
544 114
544 119
544 114
552 114
539 114
540 113
548 111
545 114
538 113
517 113
566 113
520 114
540 112
533 114
527 112
515 117
514 126
513 127
513 132
517 134
514 133
514 134
513 136
514 137
514 139
513 140
514 142
513 143
513 145
515 147
514 150
514 153
511 157
513 159
513 161
513 165
513 167
513 170
513 174
512 177
514 180
514 183
514 186
516 191
513 195
514 197
514 203
513 211
514 212
513 217
513 224
512 228
514 233
513 238
513 243
513 249
513 253
513 259
513 261
513 266
513 273
511 279
514 284
513 286
514 293
511 297
513 304
513 309
514 312
513 316
513 324
514 330
515 333
516 352
513 354
513 359
513 366
510 371
513 374
512 379
513 384
511 389
510 394
513 400
512 409
512 411
511 421
512 426
511 435
514 440
514 448
514 453
514 458
510 463
513 465
514 468
513 474
509 478
513 485
514 489
511 494
514 499
511 506
512 512
513 520
513 518
513 533
514 548
514 547
512 549
512 558
511 563
514 567
513 567
511 578
514 579
511 588
511 585
511 600
511 606
513 610
511 617
513 623
513 629
511 636
512 642
514 648
513 653
513 659
513 665
513 688
515 690
513 692
512 699
513 702
512 706
513 711
513 716
512 722
513 727
513 731
513 736
513 741
512 744
512 748
512 752
513 755
512 759
518 765
512 769
514 773
514 777
513 782
513 786
510 791
510 792
251 792
328 798
360 804
382 807
353 811
378 810
390 819
348 824
373 826
392 832
379 836
363 839
405 841
394 845
397 848
399 840
400 854
416 854
360 860
399 864
403 867
368 861
401 873
374 870
447 879
426 883
363 884
454 887
415 889
431 891
438 893
421 899
431 900
433 890
440 903
421 903
458 907
446 907
453 909
440 910
452 910
470 913
438 913
462 914
458 916
470 917
449 917
461 919
471 919
432 924
474 920
493 920
455 913
480 922
465 916
489 923
503 923
461 923
481 924
499 924
470 924
478 924
503 924
486 924
482 923
494 924
501 923
499 922
484 922
508 921
508 920
514 918
514 916
513 912
512 910
514 905
514 905
514 903
512 903
514 900
514 902
514 899
513 897
513 895
512 890
515 890
511 887
513 888
514 870
513 873
512 872
515 868
514 865
512 863
511 859
513 850
514 853
513 849
513 845
512 842
514 837
513 833
513 828
514 823
513 819
513 813
512 808
513 802
512 798
513 794
513 787
513 783
513 777
513 774
513 767
513 759
516 758
511 749
513 751
527 746
512 738
511 733
512 727
514 723
514 715
513 713
513 707
513 703
512 698
513 690
512 684
513 683
514 676
512 670
513 668
518 661
512 660
513 640
512 647
512 644
513 633
514 630
513 624
513 614
513 588
513 583
513 578
516 576
513 573
513 568
512 568
513 559
513 560
515 553
518 547
513 548
495 536
511 525
512 523
520 511
510 508
515 503
515 497
513 484
515 482
514 478
513 472
513 467
513 462
514 457
512 459
513 448
514 442
514 437
513 430
513 424
514 418
516 412
513 406
513 400
512 394
514 387
515 382
513 375
514 370
514 364
517 359
513 353
513 340
510 344
514 338
514 333
516 330
512 324
515 311
510 313
507 310
514 306
510 299
515 292
513 291
518 278
511 274
507 270
513 266
506 266
514 261
512 255
514 252
518 246
521 243
529 243
774 240
697 234
705 230
647 223
654 221
687 219
651 213
603 211
659 205
657 194
625 198
634 197
627 192
663 189
612 186
597 183
663 180
631 174
618 174
595 170
626 166
671 163
613 161
651 157
629 156
589 151
605 150
567 139
643 145
576 146
613 142
592 147
560 139
589 124
552 138
661 137
553 136
562 130
581 119
556 129
581 126
542 126
605 122
532 124
581 109
582 124
598 118
550 117
557 117
577 116
548 116
565 115
569 114
544 114
563 114
556 113
552 112
538 112
558 113
557 114
539 114
531 114
540 113
543 113
531 113
522 114
557 114
517 112
516 116
520 117
515 117
513 122
514 125
514 128
513 131
514 135
514 134
513 135
513 138
513 138
515 139
512 139
513 143
514 145
513 147
512 150
514 154
513 156
513 158
513 161
515 164
514 166
513 169
514 171
513 175
513 179
513 181
512 185
513 189
513 192
514 197
513 200
514 205
513 228
514 232
514 235
513 237
514 242
514 246
513 250
513 255
513 261
513 265
514 271
513 277
514 280
513 285
513 294
514 293
514 299
513 302
514 311
514 314
514 319
512 328
513 331
514 336
516 344
513 349
514 350
513 357
513 362
513 364
515 372
510 377
512 379
513 385
512 391
516 398
512 403
512 410
511 417
512 423
512 431
513 438
513 444
502 452
514 454
513 462
513 465
513 469
513 475
515 476
512 482
511 486
512 491
513 497
511 503
514 508
514 516
514 542
514 547
513 550
513 556
514 561
514 568
513 573
513 575
510 581
514 587
513 591
512 597
513 589
511 608
511 610
513 619
511 623
514 632
512 639
514 645
510 651
512 658
514 663
512 670
511 674
513 683
513 686
514 690
512 685
513 700
513 705
511 710
513 714
512 719
513 725
514 730
511 733
513 739
512 742
513 746
513 750
513 754
514 757
513 762
514 767
513 771
513 776
513 769
512 784
510 787
509 793
400 791
312 795
311 801
362 806
380 798
364 812
375 830
375 832
380 835
380 837
408 840
397 843
397 846
419 849
415 853
377 855
379 860
409 863
408 866
365 869
393 873
414 875
412 878
402 881
410 883
412 887
411 888
429 888
431 892
454 895
395 897
424 897
459 899
427 901
453 901
416 904
468 904
450 908
424 908
461 898
451 911
456 900
429 913
486 912
472 915
438 917
468 917
459 918
451 919
444 920
485 921
482 919
446 917
457 922
500 922
491 923
450 923
482 922
487 923
471 923
464 924
492 924
499 925
472 923
486 923
504 922
499 923
502 922
511 921
508 917
514 918
513 914
512 912
513 908
513 905
513 904
512 904
513 902
513 900
513 898
514 898
514 897
513 894
512 898
512 887
519 886
509 881
525 876
513 878
511 875
514 874
513 868
513 867
513 863
513 860
515 856
514 855
514 848
515 847
513 839
514 839
513 834
513 830
513 827
513 819
513 805
513 811
513 804
513 798
513 784
514 789
515 785
514 782
516 775
514 768
513 764
514 764
511 756
512 751
511 746
515 727
519 726
514 721
513 717
514 699
513 704
513 701
513 693
513 688
513 686
513 679
514 673
514 670
515 663
514 659
514 654
513 649
514 644
515 639
513 633
514 624
512 620
515 610
514 603
513 598
514 590
513 585
516 578
512 576
513 559
513 567
520 567
515 566
532 552
516 549
512 542
514 532
513 528
513 521
515 515
516 506
517 503
518 499
522 494
509 487
515 480
512 475
514 470
516 463
509 451
514 455
514 450
513 445
514 439
512 433
513 427
515 421
514 397
515 393
514 389
514 383
513 378
513 374
513 367
514 361
513 356
515 350
513 345
514 341
513 335
514 331
517 325
513 321
510 315
512 312
512 305
510 302
513 299
511 293
507 294
511 287
516 283
515 277
513 273
516 267
513 267
513 250
509 257
516 257
515 250
516 238
521 240
719 235
782 237
720 232
680 227
658 224
680 220
661 215
628 210
661 207
644 204
638 200
634 197
627 193
643 191
603 188
619 185
657 182
613 178
615 174
645 171
635 168
625 154
610 156
614 153
601 153
593 149
608 150
577 137
611 145
620 142
552 140
591 138
588 137
592 130
573 134
612 129
584 130
576 133
557 127
573 127
594 125
552 127
594 122
555 128
586 120
547 120
555 119
581 118
542 118
569 117
561 117
564 114
545 115
540 115
573 110
546 114
532 116
547 113
557 115
538 113
538 113
557 114
525 114
541 114
529 116
541 114
549 115
511 115
533 116
524 118
515 115
514 122
514 125
512 127
513 130
515 131
509 129
513 135
512 140
514 141
513 143
514 144
514 145
514 149
514 152
516 149
515 157
514 154
513 163
513 165
512 168
512 171
514 174
512 177
514 179
515 181
514 188
513 189
514 196
513 199
513 203
514 210
514 213
514 220
513 226
512 229
512 233
514 240
513 244
513 247
513 252
513 258
512 262
514 268
513 274
513 277
514 283
513 290
514 294
513 297
513 303
513 309
514 313
513 317
513 323
514 329
