514 136
514 135
514 132
515 138
514 133
525 137
511 141
513 140
513 142
514 144
511 146
513 148
513 153
513 153
513 158
514 160
514 162
514 165
514 168
514 169
515 174
514 178
513 181
514 184
514 187
513 192
513 195
514 197
513 204
513 208
513 212
513 218
513 224
514 228
513 234
514 240
515 245
510 248
513 251
513 259
513 261
514 269
514 272
515 277
513 283
516 289
514 293
514 296
514 303
513 309
513 312
513 318
512 324
513 328
513 332
514 341
513 344
452 924
438 924
451 923
455 921
490 921
492 921
495 919
508 919
512 916
512 912
512 908
513 903
513 905
513 901
514 902
512 901
513 900
514 897
513 896
513 896
513 893
511 893
514 890
512 885
513 883
513 879
513 875
513 873
512 871
515 869
513 865
513 862
516 859
514 856
512 852
513 848
513 845
512 842
513 837
513 832
512 828
514 823
513 818
511 814
512 808
511 802
513 794
513 791
513 786
513 782
514 777
514 770
514 767
513 763
514 757
512 753
512 758
514 413
513 416
514 425
514 432
514 440
514 446
513 451
513 457
507 461
512 465
513 468
513 475
514 478
514 483
513 489
514 491
513 499
511 505
513 511
513 519
513 525
513 531
513 538
512 546
513 552
513 558
516 562
515 568
514 571
513 578
515 582
516 587
513 594
514 598
513 605
513 610
512 616
513 623
511 631
512 636
513 639
512 648
513 653
514 659
512 665
514 670
512 676
513 681
513 686
513 692
514 695
514 701
512 705
513 710
513 715
513 720
513 725
288 788
348 792
374 793
195 793
153 797
201 804
219 808
209 811
223 816
228 821
222 824
219 829
243 833
240 836
264 840
268 844
302 846
278 849
245 851
312 854
280 858
268 862
266 866
258 870
326 872
290 876
270 878
346 879
296 884
322 882
294 889
365 891
368 893
340 894
392 897
321 898
386 899
341 900
377 903
396 905
317 905
410 906
372 909
402 909
367 911
396 911
399 913
389 914
394 915
389 916
401 917
396 919
410 918
406 919
403 919
415 920
419 923
445 922
441 923
440 924
451 924
461 923
443 924
458 924
443 925
465 923
479 924
453 924
458 925
455 923
485 923
490 922
491 921
506 919
514 915
509 914
512 911
512 908
512 907
512 904
513 903
514 901
513 898
513 899
513 898
512 896
513 893
513 891
513 894
509 890
509 880
513 881
513 878
513 875
513 872
512 870
513 866
513 864
513 860
513 858
514 853
513 852
513 847
515 844
513 839
513 834
513 830
511 825
512 820
513 813
511 810
512 805
513 800
513 781
514 776
511 773
512 770
512 766
513 758
513 753
513 750
514 749
527 734
510 733
511 733
517 727
513 720
513 715
513 710
512 704
513 699
513 694
514 687
513 683
513 679
513 674
513 669
514 664
514 659
513 655
513 650
513 644
512 637
514 631
513 623
513 619
513 611
513 602
512 598
513 591
512 585
513 579
514 573
513 571
514 558
511 561
504 562
510 553
504 552
512 543
501 535
505 528
513 524
514 517
514 512
515 503
514 499
514 488
513 484
513 479
514 457
513 454
515 451
514 448
512 444
513 437
515 431
513 425
514 418
513 413
514 407
514 401
513 395
515 389
514 381
512 377
514 372
513 366
514 360
513 352
516 346
512 345
518 341
511 336
514 330
520 326
518 331
511 309
514 318
507 305
513 300
512 295
515 293
513 289
514 285
514 282
514 278
513 273
514 268
513 265
515 260
514 256
518 252
528 250
825 247
749 242
699 241
857 239
866 233
890 228
797 224
784 220
839 215
808 212
762 208
775 206
801 200
760 186
722 184
753 182
784 177
772 176
713 175
778 177
780 167
752 163
719 159
687 151
772 155
714 153
684 153
651 148
657 144
719 150
670 141
706 142
639 140
660 131
675 137
631 134
680 133
637 132
654 130
656 129
660 128
618 127
616 126
653 125
624 124
635 122
594 123
651 119
650 120
624 117
615 118
580 117
623 117
616 116
599 115
612 114
578 113
591 114
579 112
608 114
558 114
573 119
559 112
578 109
564 113
549 114
573 104
549 112
543 116
574 115
523 129
511 123
515 126
513 113
514 129
510 131
518 132
513 137
513 135
511 139
509 134
514 140
513 141
513 144
515 147
513 149
514 151
512 154
513 155
513 160
513 163
514 165
512 167
514 172
513 173
513 176
513 175
514 184
514 188
514 190
514 195
513 199
512 203
514 209
514 214
515 218
513 224
513 231
513 236
514 241
513 244
515 245
512 253
514 259
513 265
513 269
516 274
513 280
513 286
513 289
513 296
513 300
513 303
513 312
513 315
513 317
514 323
514 343
512 349
513 351
513 357
513 360
513 366
513 369
514 376
513 378
513 384
514 391
513 394
513 402
513 408
513 415
513 423
514 427
513 439
514 441
513 447
512 456
514 459
514 467
513 467
513 473
513 476
513 480
515 485
514 490
513 497
514 500
512 510
515 514
514 522
513 531
513 535
512 545
514 550
514 554
511 560
514 566
515 570
514 576
514 580
513 584
515 590
512 595
512 600
513 607
514 613
513 618
514 625
514 631
512 638
513 643
513 650
511 656
510 779
509 782
396 781
294 786
328 793
214 793
220 797
191 802
245 806
235 809
218 814
260 818
239 823
199 826
245 832
245 836
264 837
280 842
269 845
284 848
307 851
295 855
272 858
247 861
281 861
279 871
255 871
268 873
271 877
330 880
295 883
321 885
321 888
299 890
369 891
364 893
369 893
359 896
343 898
361 900
363 901
397 904
350 904
429 908
379 909
378 909
367 909
378 910
406 913
380 913
418 915
403 916
389 917
399 918
409 920
426 920
388 920
456 923
456 922
416 923
450 924
440 923
452 923
452 924
445 924
434 924
467 924
475 924
442 924
451 922
474 924
472 922
477 922
477 921
475 921
502 920
507 916
512 915
513 911
512 908
511 906
513 905
512 903
513 902
512 901
512 900
513 900
512 897
513 897
513 892
513 891
513 882
511 886
518 884
514 877
513 877
512 873
513 871
512 868
513 863
515 862
513 859
514 856
513 852
513 848
512 844
513 841
513 836
513 832
513 827
513 822
513 816
513 812
513 806
512 788
513 785
513 783
513 779
512 773
514 769
515 762
513 757
512 752
513 749
516 744
514 739
512 731
516 732
514 722
512 719
514 716
514 707
513 700
512 700
513 690
513 684
512 682
514 674
512 672
514 667
514 658
513 658
513 651
514 646
512 641
513 633
513 628
514 619
513 616
514 607
513 601
512 593
513 585
512 581
513 575
513 571
514 567
512 528
515 558
485 555
514 553
516 509
515 542
511 532
515 525
513 520
514 512
513 506
515 498
513 494
514 486
514 467
512 463
514 459
513 456
514 450
513 445
514 441
515 434
513 429
515 422
513 417
513 410
513 404
514 398
514 390
513 386
514 379
513 374
513 366
513 362
513 357
514 356
514 346
510 341
508 313
519 346
512 325
518 324
510 299
514 314
512 310
514 305
515 304
513 295
514 291
513 288
513 283
513 280
515 274
514 270
513 266
513 263
515 257
519 254
520 250
750 254
770 245
692 238
940 241
884 238
831 229
819 227
807 222
832 218
781 213
774 209
787 194
740 193
776 191
761 189
744 185
723 187
782 176
754 177
757 171
775 169
699 164
778 163
747 154
706 156
681 145
676 151
741 155
700 149
656 148
645 142
653 140
712 140
647 139
709 138
626 138
659 133
675 133
649 131
671 130
583 128
667 125
622 126
679 121
630 124
638 122
651 122
620 120
614 119
595 118
647 118
625 119
590 116
594 115
579 114
605 115
560 114
599 114
590 114
570 114
568 114
591 114
575 115
570 104
555 117
578 107
549 117
566 109
570 116
523 114
515 114
516 120
516 124
515 125
516 119
522 133
514 126
515 133
511 137
511 137
511 139
518 139
513 143
514 144
514 145
513 144
514 150
512 153
514 156
514 158
513 159
514 164
511 166
514 171
515 173
514 176
512 180
513 182
514 186
514 190
514 194
512 198
513 203
513 207
515 212
514 219
514 223
513 232
512 233
513 236
513 241
515 247
514 253
512 256
515 260
513 264
514 269
516 278
513 284
514 288
513 291
513 299
513 305
512 305
513 314
513 333
513 337
513 340
513 343
512 349
513 353
515 356
514 363
514 369
513 374
515 377
513 382
515 389
513 393
513 400
513 405
513 411
513 419
514 426
514 432
513 439
512 446
518 452
514 457
513 462
512 467
515 471
514 474
512 479
513 483
513 487
512 494
514 499
513 506
514 511
513 519
513 527
514 532
512 543
517 545
513 553
515 558
514 563
514 568
513 574
512 576
515 584
516 588
515 593
512 599
512 604
513 610
512 617
514 624
514 629
514 635
512 643
514 667
513 670
513 675
513 677
513 681
513 686
513 691
513 697
510 701
513 705
513 711
512 716
513 721
513 726
513 730
513 734
511 740
515 743
513 747
513 750
513 756
512 760
514 763
512 767
513 772
512 776
512 778
508 783
269 784
296 789
317 793
162 795
172 800
191 805
216 809
250 814
237 818
200 821
257 824
246 829
236 834
234 836
267 840
264 845
277 846
278 849
238 852
271 856
300 859
293 864
273 863
264 870
316 873
308 878
280 878
293 883
292 884
330 892
377 893
380 893
344 895
374 897
385 899
349 899
388 902
372 904
352 905
380 906
380 908
384 909
384 911
391 913
374 913
399 914
395 916
396 917
422 917
389 918
382 921
414 920
430 920
423 922
420 925
434 920
441 922
427 924
436 923
450 924
428 924
445 923
476 923
467 925
437 923
464 927
452 923
477 924
471 922
445 923
473 922
490 923
501 921
512 918
511 918
512 912
512 910
512 904
513 906
511 905
513 903
512 901
512 902
514 898
513 900
512 896
515 894
507 887
498 886
520 878
513 875
513 875
514 872
513 872
514 866
513 864
514 860
514 858
514 853
515 852
513 846
513 844
513 839
513 834
513 829
513 826
514 820
513 814
513 808
513 803
513 796
514 794
514 789
513 784
512 780
513 776
512 774
514 763
513 758
515 756
513 750
513 732
501 740
512 735
506 733
506 731
513 720
512 715
513 710
513 703
514 698
513 694
513 688
513 686
512 678
513 676
512 670
513 664
513 659
514 654
516 647
513 644
512 636
512 611
515 606
515 601
513 598
513 588
512 584
513 579
514 573
513 574
512 563
509 567
515 557
514 549
512 544
519 541
514 537
507 530
514 528
515 516
513 509
514 501
513 498
514 488
514 484
515 478
514 471
514 466
512 462
512 458
513 452
514 447
512 444
513 438
514 430
513 426
513 420
515 413
514 407
515 400
514 394
512 388
514 382
512 376
514 370
513 365
514 359
514 354
522 354
512 343
508 341
511 336
513 332
513 326
512 322
511 315
514 311
523 305
513 290
514 287
513 284
513 281
512 277
514 272
514 268
513 264
515 260
517 256
519 251
524 249
832 250
766 242
823 242
882 238
861 233
847 228
794 224
796 219
791 212
801 211
775 207
767 204
757 199
754 197
788 194
727 190
745 187
752 184
728 180
762 179
754 176
754 170
732 168
761 153
770 160
702 147
743 156
749 160
683 154
647 140
703 148
704 146
674 148
681 142
626 139
661 138
670 138
645 135
680 134
624 132
653 130
627 129
699 129
615 127
615 126
628 121
627 120
636 120
617 118
626 117
612 117
589 117
630 116
588 115
602 115
631 114
582 114
570 109
592 113
601 114
572 114
573 109
561 111
571 105
571 117
569 111
581 114
549 101
553 117
567 109
529 118
524 118
513 115
513 121
511 122
514 130
516 129
516 131
510 123
520 137
512 134
513 137
514 139
514 137
507 135
513 145
515 146
513 151
515 152
513 154
514 159
513 160
513 163
513 165
513 168
513 172
513 175
514 177
514 181
513 185
514 186
513 204
513 209
514 211
513 215
513 219
514 226
513 231
510 236
513 240
513 245
513 249
515 257
515 258
513 264
514 268
514 274
513 281
513 283
519 289
513 297
513 301
514 302
513 308
513 315
513 318
513 324
513 330
514 334
513 339
514 345
515 351
514 356
513 360
513 364
514 370
514 375
514 379
513 384
513 390
513 395
513 403
513 408
513 416
513 424
514 428
512 437
513 443
513 450
513 455
515 460
514 463
513 469
512 472
513 476
513 480
513 486
510 491
513 517
513 522
512 526
512 534
512 536
513 542
510 551
514 555
511 561
514 564
515 571
515 574
515 579
513 585
513 588
515 595
516 600
513 606
513 614
515 619
513 626
515 630
512 638
513 644
514 649
512 656
513 662
513 668
512 675
512 679
512 687
512 689
513 694
512 699
513 704
514 708
513 714
513 718
513 723
513 729
514 733
513 737
512 741
514 746
513 750
512 753
513 758
513 762
513 766
513 772
513 774
513 775
510 782
434 781
306 785
345 791
197 793
191 811
230 814
236 816
224 821
238 824
208 829
253 832
249 837
250 838
294 842
290 845
253 848
291 851
297 854
299 858
268 861
252 864
284 868
278 870
275 874
277 878
292 881
287 883
344 885
343 887
327 890
356 891
361 894
340 896
344 897
357 897
389 900
391 903
357 903
367 905
378 905
366 907
394 909
366 910
381 910
405 913
400 914
412 915
399 914
355 917
393 917
400 918
427 919
422 921
424 921
416 922
426 933
434 918
440 923
436 923
431 923
472 923
443 924
437 923
461 924
479 924
456 923
458 922
478 923
470 920
489 922
481 920
503 920
508 918
513 915
515 912
513 910
513 906
512 904
514 903
513 901
513 901
513 898
513 898
513 896
512 894
513 893
513 890
513 888
512 901
518 880
521 879
513 875
513 873
512 871
513 868
514 865
514 860
513 860
512 854
513 856
513 847
513 846
514 840
513 836
513 832
514 827
512 822
513 817
513 811
513 808
513 803
514 798
512 790
513 785
511 780
513 777
513 774
513 767
513 749
513 746
514 742
513 733
510 736
524 731
511 720
513 718
513 714
513 706
513 702
513 697
513 688
514 684
513 682
513 675
513 671
513 666
513 660
513 658
513 651
513 646
513 639
513 632
514 630
513 619
513 612
513 606
513 600
513 591
513 586
514 579
513 576
513 572
514 566
513 564
514 559
510 565
511 560
517 549
502 541
514 550
509 525
515 520
512 512
513 505
515 498
514 492
514 486
514 480
512 474
513 470
517 464
513 462
508 455
514 450
512 445
514 423
514 419
514 414
514 410
513 403
514 397
513 390
514 385
516 379
513 374
514 366
513 362
514 356
514 350
513 345
514 335
516 332
521 324
513 324
523 334
523 310
515 307
514 311
519 299
514 303
516 292
514 282
513 289
513 283
513 279
514 274
514 270
514 266
513 261
515 258
519 252
524 249
818 252
735 245
673 242
890 241
912 236
851 230
829 226
812 222
826 218
798 214
797 209
810 205
787 202
752 198
756 195
744 192
735 188
748 186
750 182
762 177
763 164
771 166
766 157
745 159
707 156
687 157
690 152
737 146
722 147
645 149
672 144
640 144
690 141
679 139
669 138
674 136
646 134
658 132
666 131
652 129
605 124
655 127
646 127
657 124
636 124
644 122
628 122
616 122
601 119
626 119
634 117
628 117
616 116
617 116
590 115
595 115
565 115
599 115
590 114
560 114
571 114
580 114
586 113
562 112
569 114
566 113
537 111
594 113
550 118
549 115
535 117
542 118
519 109
513 118
513 124
513 127
512 128
510 143
512 138
514 138
510 139
511 132
514 144
516 140
514 144
514 148
514 150
514 153
515 156
513 158
515 161
512 164
515 166
513 169
514 174
514 176
513 180
514 182
514 186
513 189
512 194
513 200
512 202
514 207
514 212
513 217
514 223
513 228
514 232
514 237
515 242
514 248
514 253
511 256
515 260
513 267
513 272
513 277
514 282
513 287
513 290
513 298
513 302
513 307
513 311
514 316
513 321
513 328
514 332
513 337
513 342
514 349
513 354
513 358
513 377
513 383
514 384
513 388
513 394
514 398
514 404
514 414
513 417
513 428
513 433
514 439
513 449
513 451
514 458
514 462
513 467
513 471
513 475
513 479
514 483
513 490
514 492
514 501
513 506
514 511
511 521
514 526
513 534
513 542
511 547
516 553
513 558
513 563
515 568
513 572
513 576
514 583
512 586
517 592
514 597
514 603
515 611
515 615
513 622
513 628
514 634
512 641
513 648
514 654
512 659
513 665
513 670
512 676
512 682
514 688
513 708
513 711
512 714
513 716
513 721
513 726
512 732
513 737
513 739
513 743
513 747
513 751
513 756
514 760
514 763
514 768
513 772
513 777
511 780
509 785
257 783
300 789
356 793
153 794
143 800
181 806
219 808
225 813
251 817
204 823
230 826
247 828
273 835
250 837
253 838
300 844
291 846
297 849
257 852
282 856
289 860
276 863
263 866
235 870
292 872
324 876
276 880
328 882
293 884
303 886
360 889
338 891
371 893
323 894
379 894
334 899
349 898
359 905
364 907
366 908
355 909
385 910
404 909
380 912
393 913
356 915
419 916
416 914
413 917
391 918
380 918
411 920
414 920
435 921
404 922
428 915
431 924
435 922
442 922
433 923
423 925
456 923
479 924
429 923
439 923
478 924
457 923
467 924
473 924
460 923
481 922
477 921
506 923
506 920
511 916
513 914
512 909
512 902
512 905
513 904
512 904
512 902
509 901
513 898
512 897
512 897
511 893
513 890
513 887
511 885
512 884
514 885
513 877
513 873
513 862
514 861
513 859
512 855
513 853
513 850
513 847
512 843
513 837
514 833
514 828
512 825
513 820
512 814
514 809
513 804
512 799
513 795
513 788
513 784
514 778
513 773
512 770
512 766
513 760
512 755
514 748
512 745
513 740
513 737
512 729
516 733
513 718
513 712
513 710
513 704
513 697
513 694
513 687
513 682
513 679
514 673
513 670
513 663
513 659
513 655
514 647
513 643
513 635
513 630
514 623
514 616
513 609
513 600
513 595
514 590
513 584
513 565
513 561
514 557
512 568
515 550
484 548
515 539
512 537
517 536
515 522
504 519
515 508
513 501
514 494
511 488
513 482
515 477
514 472
513 468
513 461
513 456
512 452
514 447
515 442
514 436
514 430
513 425
513 419
513 412
513 406
515 400
512 394
514 387
513 381
513 376
513 369
513 364
513 360
514 353
513 348
508 341
513 360
515 336
512 306
509 325
488 318
515 318
510 310
515 295
513 301
511 295
512 291
513 273
514 285
513 280
510 276
513 272
516 255
517 254
523 250
712 252
796 247
731 242
766 242
875 241
902 233
858 228
804 223
809 219
806 215
815 211
774 206
752 201
766 200
731 196
754 192
735 190
723 186
748 184
721 182
785 176
740 160
718 173
758 162
729 165
741 162
700 155
733 150
725 151
669 152
674 147
699 145
700 134
667 144
656 139
637 141
634 138
695 137
654 136
696 134
601 132
655 130
681 130
622 128
660 127
604 125
654 124
621 123
629 122
626 121
626 119
628 119
603 117
634 118
590 115
621 111
603 115
571 114
570 114
601 114
597 114
555 114
577 114
576 112
562 116
566 109
555 117
556 110
526 115
590 121
569 118
531 114
524 113
518 119
514 123
512 125
502 124
516 133
503 129
510 136
501 138
514 137
518 135
509 137
516 137
511 139
513 142
512 147
513 148
513 152
514 155
514 157
513 158
514 163
513 166
515 169
514 171
513 175
514 177
513 181
513 186
513 189
513 191
513 196
513 200
514 206
514 208
514 216
514 220
513 225
512 230
514 250
514 253
514 255
514 251
516 265
513 270
513 274
515 279
514 284
514 289
514 296
513 300
514 303
514 309
513 316
513 319
513 324
514 330
513 336
513 343
513 345
513 351
513 357
514 360
513 366
513 371
513 376
514 380
513 386
514 391
513 396
513 403
513 409
513 416
513 425
513 428
513 438
514 446
514 449
513 456
512 459
513 466
513 469
513 473
512 477
513 481
513 486
514 490
513 497
512 502
512 510
513 515
513 523
512 531
514 537
513 545
510 551
512 570
514 576
512 571
513 582
512 587
514 589
513 596
511 601
512 608
511 614
513 620
514 628
512 632
512 637
512 646
512 651
513 656
513 664
513 667
513 674
512 679
513 684
512 690
513 695
513 699
513 705
514 709
513 713
513 719
513 723
513 729
513 733
513 736
513 741
513 746
513 749
513 753
512 758
513 762
513 766
512 769
512 774
512 779
512 782
371 782
311 788
321 792
221 792
177 798
159 802
176 807
252 811
235 815
225 820
245 822
224 828
246 831
286 846
301 847
279 849
287 853
251 856
284 861
261 861
250 864
297 869
280 873
288 875
296 878
289 880
295 883
334 885
339 887
322 889
362 892
343 894
342 895
357 897
389 899
394 900
339 902
399 904
346 904
391 906
358 907
379 909
386 910
386 912
420 912
403 915
381 914
378 916
382 917
413 918
388 919
418 919
409 920
431 921
419 922
439 922
438 922
436 923
422 923
445 923
465 923
424 923
450 923
471 923
464 923
455 924
447 924
471 923
464 925
476 919
501 922
503 918
506 916
511 914
512 912
514 909
513 908
513 905
514 902
513 903
511 899
513 900
513 897
512 896
512 895
512 892
512 888
513 888
513 885
517 881
512 871
513 877
513 873
512 870
512 867
512 865
515 861
512 859
513 855
512 851
513 848
513 844
514 840
514 835
512 830
513 826
513 824
513 816
510 809
513 804
513 802
514 796
513 793
512 786
514 780
513 774
513 771
512 765
514 763
514 756
513 752
513 748
514 741
513 739
509 732
514 742
530 703
513 700
513 700
513 697
513 690
513 684
513 682
513 676
513 669
513 667
514 659
512 656
513 651
511 644
514 640
513 634
513 627
512 620
513 613
513 606
513 596
512 593
514 584
513 580
514 576
514 570
513 568
513 562
514 558
512 553
513 541
513 542
513 527
512 530
504 529
512 518
510 508
514 505
515 498
513 493
513 485
513 480
512 475
514 469
512 464
514 460
514 455
513 450
513 442
514 440
514 434
514 427
513 421
513 415
513 409
514 402
514 397
513 372
512 368
513 365
514 361
514 356
514 351
514 345
514 343
513 337
516 334
516 327
513 320
510 318
512 311
519 309
518 301
525 307
518 294
506 292
515 288
513 283
514 279
512 273
514 270
513 266
513 261
517 256
520 252
522 248
819 250
749 246
696 239
889 240
882 236
820 230
852 223
810 222
773 217
806 212
798 209
794 204
777 200
756 197
753 195
744 192
721 188
764 185
719 182
766 180
774 176
717 177
792 173
751 163
764 166
760 167
695 154
718 152
682 149
701 142
693 145
647 142
696 139
643 143
678 137
658 137
649 133
703 133
628 130
646 130
615 128
679 127
609 126
637 125
655 125
646 123
631 122
590 120
649 118
597 117
619 118
630 117
590 117
608 116
592 115
621 115
600 115
576 114
593 115
582 114
587 115
582 113
574 114
567 115
572 117
563 109
565 115
571 115
534 119
561 116
553 107
545 119
517 116
513 121
519 127
521 124
517 124
512 131
511 137
513 138
510 136
514 138
518 139
514 144
511 141
512 150
516 151
513 154
514 156
513 158
513 162
514 164
511 167
514 170
512 174
514 174
513 178
516 182
514 186
513 189
512 194
513 198
512 204
513 208
513 212
512 218
514 222
514 229
513 235
513 240
514 240
513 248
513 253
516 256
511 255
513 266
513 271
513 277
514 283
514 288
513 291
513 298
513 303
514 306
513 311
513 319
513 323
513 326
514 333
513 338
513 343
514 349
513 354
513 358
513 365
513 369
512 371
514 379
514 380
514 387
513 395
514 399
514 425
514 430
513 435
513 440
513 447
514 453
513 458
513 464
513 466
512 471
512 474
512 480
514 484
513 489
512 494
513 499
513 507
514 513
512 520
513 526
513 535
513 538
513 546
511 553
514 557
514 561
513 568
515 571
513 578
516 582
513 586
518 591
512 599
513 600
512 610
514 614
512 622
513 628
514 636
513 642
514 649
514 653
514 661
513 666
514 672
513 678
513 682
514 687
513 691
513 697
513 702
512 708
514 711
513 716
514 721
513 726
513 731
513 747
513 749
513 751
513 755
513 755
513 764
512 768
513 772
511 776
511 780
508 785
251 784
315 789
273 792
156 796
183 801
204 805
240 809
218 814
229 818
211 822
251 825
256 830
231 833
252 836
277 840
290 842
278 847
273 850
299 853
301 855
257 861
279 863
311 866
255 869
292 873
301 876
262 879
309 882
311 885
323 884
369 889
313 891
377 893
369 895
339 896
359 898
368 899
358 901
379 902
354 906
373 906
391 906
395 909
396 910
380 912
379 910
409 916
393 916
394 918
406 918
427 920
406 919
404 921
434 922
430 918
424 922
435 916
449 922
435 920
439 923
464 927
479 924
424 922
452 924
469 924
459 923
447 923
460 924
467 924
470 922
489 921
495 923
500 919
511 919
513 916
512 913
513 910
514 907
512 906
512 907
513 903
514 904
512 900
513 903
512 898
513 895
513 894
514 890
512 888
513 885
512 883
509 882
507 881
510 875
513 872
513 869
513 866
513 863
513 860
513 856
513 853
513 850
513 847
513 827
513 826
513 823
514 820
512 814
513 807
513 801
513 797
513 792
512 790
512 785
512 777
513 774
513 770
514 763
514 757
513 754
512 751
512 745
512 740
514 736
510 729
515 726
514 721
511 712
513 709
514 702
513 695
513 693
513 687
512 683
514 678
514 671
512 670
512 663
513 657
513 653
513 646
513 643
513 635
513 629
513 623
514 614
512 611
513 599
515 596
513 587
514 582
513 578
513 573
513 570
514 563
512 563
513 555
522 550
512 524
519 518
512 517
512 512
502 506
512 498
513 494
513 487
513 482
514 476
513 472
512 467
512 461
513 458
514 452
514 446
514 443
514 437
512 430
513 424
515 418
514 411
512 406
514 399
513 394
515 388
514 381
513 375
513 370
513 363
513 359
513 354
514 349
514 343
510 341
512 336
513 331
524 325
509 325
504 311
513 308
533 305
515 303
514 296
514 294
514 289
513 286
513 280
513 276
514 270
515 267
514 264
515 258
516 255
521 252
525 252
813 249
720 241
844 227
801 224
815 221
809 218
822 214
786 210
809 208
785 204
769 200
768 196
765 193
724 190
728 186
762 180
730 181
716 174
754 171
775 167
752 168
714 166
758 161
726 159
700 150
703 153
703 145
677 148
696 138
654 144
635 143
683 140
649 142
679 138
688 136
623 134
658 134
620 132
675 130
599 129
637 128
684 127
653 125
644 124
603 123
638 122
620 121
624 119
637 119
624 118
609 117
601 117
630 116
601 116
578 115
603 115
593 114
583 113
579 115
576 113
560 101
577 112
582 115
570 114
550 124
579 117
547 124
534 117
537 124
533 122
516 119
512 120
