370 924
392 923
386 923
402 923
396 924
408 924
429 923
431 925
414 924
411 924
404 925
470 924
431 922
423 923
443 923
469 924
455 922
473 921
501 920
508 917
512 915
511 912
513 909
512 906
512 905
513 903
512 902
514 900
508 899
513 898
514 897
513 895
513 892
512 893
513 887
513 884
513 881
514 879
513 875
513 874
513 868
514 868
514 865
513 860
514 858
513 854
512 852
514 848
511 843
513 839
513 836
513 830
513 826
513 820
512 815
513 811
514 807
697 126
671 122
695 120
679 121
701 107
681 118
656 117
678 115
650 108
668 111
640 96
648 114
642 115
621 114
624 114
617 114
608 113
626 114
593 113
593 113
590 114
610 114
570 114
586 114
560 114
585 114
583 116
532 117
526 118
517 121
514 123
514 126
514 129
514 131
513 133
514 134
514 135
514 137
513 137
514 139
514 141
515 141
514 145
517 149
513 148
505 147
514 155
514 161
513 158
519 163
511 154
502 170
515 173
517 177
517 181
514 183
514 182
514 733
513 727
513 725
512 721
512 714
513 708
513 705
513 696
513 692
513 690
513 681
514 677
511 674
512 667
513 663
513 659
513 652
512 649
513 641
513 635
513 630
513 622
513 617
513 608
513 600
514 596
514 588
513 580
510 579
514 570
512 569
513 566
522 560
512 571
513 551
513 549
513 540
513 536
513 529
514 521
513 516
516 507
513 503
513 494
513 488
513 483
512 477
513 474
511 467
513 463
512 456
513 452
512 449
513 441
512 437
513 431
514 425
514 329
513 327
513 323
512 319
514 314
514 309
513 305
513 300
513 297
512 293
514 289
513 285
512 282
514 277
513 272
513 268
513 262
515 258
516 253
629 253
618 250
824 251
914 244
849 239
1023 238
1016 234
967 230
941 225
964 222
944 213
944 214
919 220
911 203
940 203
880 194
829 194
879 191
859 188
875 184
869 181
820 176
911 175
903 172
873 168
843 164
819 163
929 159
820 156
783 153
804 151
762 148
813 147
739 146
744 143
755 142
746 140
743 137
705 133
686 131
691 130
733 129
721 129
681 126
721 125
672 125
694 112
694 121
698 113
684 121
693 127
663 114
652 116
660 116
675 124
649 115
637 116
611 113
658 114
653 114
619 111
581 114
629 112
596 113
601 113
600 113
588 114
590 113
585 114
563 113
595 114
556 115
544 115
546 117
518 119
515 122
514 124
514 127
514 131
514 132
514 132
514 134
514 135
513 138
514 139
513 140
513 140
523 145
509 145
516 145
512 149
507 154
511 159
519 161
512 170
513 177
512 171
514 181
518 184
512 180
520 189
514 192
514 196
515 200
513 204
514 208
515 214
513 222
513 227
513 231
512 235
513 240
515 245
512 251
513 254
513 257
513 262
514 270
513 277
513 280
513 285
514 291
513 296
513 300
514 304
515 310
514 316
513 319
514 323
514 331
514 334
518 339
510 345
512 351
510 364
509 362
512 369
512 369
512 385
507 376
513 390
515 390
518 390
511 401
514 411
510 417
515 422
511 436
513 437
511 454
510 446
513 470
513 474
513 476
513 478
513 480
513 485
513 491
514 494
513 504
513 508
514 518
513 524
513 529
513 538
514 542
513 551
513 555
513 562
513 567
513 571
513 575
513 580
512 585
511 590
513 596
512 601
514 608
512 614
513 615
511 626
510 629
513 639
513 646
513 651
513 658
513 663
513 668
513 675
513 680
512 685
514 690
514 694
513 700
513 704
511 709
513 714
513 719
514 723
512 729
514 734
512 739
513 743
512 746
513 750
512 751
513 758
513 762
513 779
508 781
467 783
400 783
196 785
200 790
186 793
44 796
51 801
56 805
68 809
100 814
66 818
63 822
88 828
92 828
145 834
143 836
120 840
166 844
191 848
145 851
153 853
144 857
155 859
180 864
121 867
148 871
157 874
181 876
230 880
167 883
168 884
218 886
265 888
260 891
244 892
254 894
283 895
314 896
272 899
266 901
293 902
308 903
324 905
299 907
316 910
317 909
323 910
326 913
341 914
310 915
358 915
334 917
345 918
346 919
359 919
362 920
388 922
407 922
411 923
426 923
409 923
409 924
411 923
413 923
420 925
442 925
397 924
431 925
451 923
443 924
437 923
465 922
452 923
475 921
505 919
504 917
512 915
510 912
513 909
512 906
512 904
512 904
514 902
513 901
512 902
512 898
513 896
513 895
513 893
513 890
513 882
513 885
513 883
509 882
513 876
513 874
512 871
513 867
514 865
513 861
513 859
512 855
513 852
516 849
513 844
513 840
511 835
513 832
512 828
513 822
511 816
513 811
511 806
513 787
513 783
512 780
513 775
513 771
514 767
512 761
513 757
513 752
513 748
518 740
513 738
513 733
514 727
515 721
513 716
513 711
513 704
513 702
513 696
513 689
514 686
513 679
512 675
513 672
513 666
512 661
513 655
511 647
513 647
512 638
514 632
513 626
512 619
512 612
513 602
511 600
512 590
513 586
512 581
513 574
514 574
512 565
513 564
511 562
516 553
511 548
513 545
511 538
513 531
512 526
513 518
511 512
513 504
513 499
513 491
513 486
516 332
511 334
512 331
513 325
512 321
514 317
513 312
513 307
513 303
514 298
513 294
514 290
513 286
513 282
513 278
513 273
512 269
512 265
513 260
518 257
575 258
631 250
722 251
871 248
853 242
843 241
966 238
1023 232
1023 227
927 223
961 219
1012 212
959 213
917 207
914 203
905 198
854 195
834 193
882 189
850 186
852 183
869 180
853 177
914 173
881 170
851 166
865 163
838 161
882 158
793 155
827 152
807 150
745 147
772 146
741 144
774 139
754 135
746 134
764 134
719 132
761 130
687 131
765 129
724 129
688 126
681 124
652 122
722 100
674 125
708 120
686 120
677 107
682 119
656 117
663 115
657 122
632 114
651 112
610 115
629 114
628 114
604 113
607 113
612 113
604 113
600 112
588 113
587 113
599 113
586 114
559 114
573 116
580 115
539 116
523 117
518 120
514 124
514 125
514 129
514 131
514 132
510 134
514 135
513 137
514 138
513 140
514 140
513 142
523 144
518 145
515 149
512 151
513 155
513 167
517 167
510 171
512 173
523 174
518 177
515 187
512 184
519 190
513 193
513 198
513 203
512 208
514 212
513 216
513 221
510 227
513 232
514 239
513 243
514 247
513 252
513 258
513 263
514 266
513 273
514 279
513 282
513 286
513 292
514 300
513 302
513 306
513 312
513 318
514 322
514 327
514 336
512 329
513 343
513 338
518 353
512 351
510 363
513 368
516 374
517 381
515 382
518 391
512 393
514 400
513 398
516 413
515 410
511 424
513 438
515 440
518 464
514 464
513 466
513 470
515 473
512 480
513 485
514 487
516 495
514 499
514 506
513 513
513 522
513 526
514 535
514 540
512 548
513 553
514 559
513 564
513 568
512 573
514 578
513 583
513 588
514 593
513 599
514 604
512 609
512 615
512 623
513 634
515 636
512 642
513 649
513 654
513 660
513 666
513 671
513 678
513 682
514 688
514 693
513 697
513 703
512 707
513 712
513 716
509 721
514 726
510 730
512 735
513 740
514 743
512 747
514 751
513 756
513 773
512 776
511 777
513 781
443 782
293 784
203 787
227 791
90 793
54 800
31 803
72 807
108 811
84 815
76 820
64 824
99 828
113 832
137 836
107 839
153 843
164 846
131 849
126 853
153 856
167 859
133 861
158 865
140 868
171 871
172 873
225 878
184 880
171 883
216 885
220 887
256 889
271 892
272 893
280 896
251 896
322 900
286 901
290 902
303 904
337 906
293 906
292 908
351 909
321 910
318 912
312 913
341 914
349 915
331 916
309 917
323 918
366 919
362 922
381 922
392 922
408 923
380 922
391 924
401 923
416 923
427 923
396 923
436 924
443 924
445 924
425 923
451 923
430 924
449 922
457 922
482 922
490 920
502 918
513 918
508 914
512 910
509 907
512 906
513 904
514 903
512 901
513 902
513 898
512 896
513 896
514 893
512 891
512 889
513 886
514 884
512 881
513 878
508 876
513 873
511 869
512 866
512 863
513 860
512 858
512 853
513 850
511 846
513 844
513 836
513 832
513 830
513 825
511 819
513 814
513 795
513 789
514 786
513 782
513 778
513 774
508 769
513 764
510 759
512 753
513 750
512 746
510 745
514 735
513 730
513 726
512 717
513 716
513 712
513 702
513 697
513 694
508 687
512 683
512 677
514 671
513 669
513 662
513 658
512 653
515 647
512 643
517 636
512 630
514 623
513 616
512 609
513 601
514 597
513 587
513 582
511 575
513 574
512 568
514 562
512 563
510 553
525 554
507 546
508 541
513 536
514 527
513 522
511 515
512 509
512 501
513 476
510 473
513 470
513 467
513 462
513 458
507 453
513 445
511 443
513 436
514 431
514 425
514 418
514 413
512 404
514 399
513 394
513 387
513 381
513 375
513 370
514 364
513 358
512 351
504 350
508 338
507 345
515 333
513 327
514 324
510 319
514 314
513 309
513 305
513 299
508 295
513 291
513 288
513 284
513 281
513 277
514 272
513 268
513 264
514 259
520 254
604 256
628 250
797 251
870 246
866 241
1023 240
1023 234
1023 229
963 224
933 221
987 219
884 201
888 196
909 198
889 194
835 191
854 189
883 185
859 182
882 178
845 175
934 173
884 169
852 162
881 161
850 158
861 155
838 154
774 151
762 149
772 147
767 146
760 144
759 141
713 140
745 138
754 137
700 135
763 135
722 132
739 130
695 128
745 127
707 125
705 125
691 121
661 122
712 116
664 121
696 122
685 122
673 113
652 118
606 111
696 118
668 103
619 111
636 114
631 114
620 113
626 114
604 113
601 113
592 113
602 114
608 112
593 114
570 114
577 114
538 115
552 115
543 116
514 117
516 123
514 124
511 127
514 130
516 132
514 134
515 135
514 136
508 138
514 139
513 140
513 141
514 143
516 146
514 154
518 150
510 163
517 153
511 166
513 162
514 160
511 165
511 175
513 174
515 177
512 184
518 187
513 197
517 193
513 195
515 201
510 205
513 210
511 216
514 219
514 223
513 232
513 237
514 240
514 245
514 249
514 254
514 259
513 266
513 269
513 273
513 280
514 285
513 289
512 296
513 300
513 305
513 323
514 325
513 330
513 336
510 342
516 340
513 351
508 355
512 363
515 365
512 370
513 378
517 377
515 386
522 392
510 394
518 398
511 409
508 416
512 428
517 429
512 438
513 442
512 445
513 458
522 460
512 466
513 468
514 473
514 476
513 481
513 486
514 490
513 498
514 502
513 509
514 516
514 523
514 530
515 536
513 545
513 548
514 556
513 561
514 564
508 571
512 576
513 581
513 584
514 590
514 595
513 601
513 606
511 614
513 619
511 626
513 630
514 656
513 660
513 665
513 669
513 675
513 681
513 685
513 690
513 695
513 699
513 704
513 710
514 714
513 719
513 724
513 728
513 733
513 738
513 742
514 746
513 750
513 755
514 756
513 762
514 765
512 770
512 775
511 779
509 783
401 783
240 785
186 790
195 794
39 795
26 801
5 805
65 810
107 813
107 818
55 822
60 826
127 831
143 834
109 838
134 840
203 844
166 847
144 850
159 853
176 856
184 861
119 863
147 867
151 868
176 874
190 877
195 880
194 889
225 891
257 892
275 892
279 894
280 895
266 898
278 900
303 901
316 903
321 903
312 906
273 907
298 910
333 910
321 912
364 913
289 913
313 913
352 915
322 917
339 918
342 918
364 920
373 920
358 922
390 921
364 923
388 922
415 923
395 923
423 923
424 923
416 923
412 923
453 923
407 923
414 924
432 923
434 923
456 923
472 924
425 923
472 924
490 922
500 920
502 918
512 914
512 912
511 908
512 907
513 904
513 903
513 902
513 901
509 899
513 898
508 889
513 888
512 887
509 884
513 882
512 879
513 876
509 874
513 871
513 868
514 865
511 863
512 858
513 856
514 851
513 849
512 845
514 841
513 836
512 832
513 826
513 822
512 816
513 811
514 806
513 802
511 796
512 791
513 787
511 782
513 777
513 770
513 767
513 761
513 758
513 752
512 747
513 745
504 732
513 732
513 729
512 723
513 715
513 710
513 708
513 699
513 696
513 691
513 684
513 681
513 676
513 669
514 665
513 662
513 657
507 650
513 643
507 617
513 612
513 607
513 603
513 598
512 592
513 583
512 581
514 575
513 570
513 568
513 562
512 558
512 556
525 554
512 547
513 540
513 531
513 526
511 519
513 511
513 506
512 497
513 491
513 486
512 480
513 476
508 469
513 465
513 460
513 455
513 450
513 445
513 440
513 433
513 428
513 422
513 416
513 410
513 403
513 397
513 391
513 384
514 379
514 373
513 367
513 361
512 356
513 350
511 345
514 342
518 336
512 331
513 327
513 322
513 317
514 311
513 295
513 293
514 289
511 287
514 282
513 278
513 275
513 269
513 266
514 261
516 256
525 254
625 251
645 249
892 248
870 244
860 241
1023 237
1023 232
1002 228
971 223
969 218
973 214
948 199
945 204
905 199
867 200
875 193
896 193
838 188
852 186
884 183
876 180
894 176
830 173
901 170
902 167
857 164
853 161
821 157
865 156
817 153
746 150
816 146
758 147
786 145
748 143
740 141
717 139
725 138
754 136
726 134
750 133
697 131
738 130
698 129
703 128
657 126
682 122
667 121
661 124
684 108
681 117
676 133
691 117
634 117
661 114
661 115
641 114
620 115
618 114
626 114
618 115
605 114
616 111
599 114
569 112
632 113
591 114
605 114
565 116
593 115
556 114
579 115
549 117
524 118
513 120
514 123
514 126
514 129
512 130
515 133
514 134
514 136
514 137
513 138
513 139
514 140
514 142
513 152
512 146
514 155
515 153
517 167
505 157
515 162
507 161
512 165
512 174
514 174
514 183
514 176
513 186
516 199
514 201
513 205
514 208
514 212
513 217
514 223
513 227
513 233
514 239
513 242
513 245
513 251
513 257
513 263
514 267
513 271
514 276
514 282
513 291
514 293
514 297
514 302
514 307
514 311
514 316
513 324
513 327
514 331
514 338
514 344
512 346
513 356
513 359
515 362
514 369
514 374
515 378
513 379
513 391
511 393
515 403
515 404
513 416
515 419
512 426
513 434
514 442
515 447
513 450
513 458
510 465
513 470
513 470
514 475
514 478
514 484
514 507
513 512
513 516
513 520
514 527
513 533
512 541
514 544
513 552
514 558
514 563
513 569
514 573
513 577
513 584
513 587
513 594
514 599
514 605
513 610
514 616
513 622
513 628
515 634
513 641
514 648
513 654
513 660
513 665
513 671
513 678
514 682
514 687
514 692
513 698
513 702
513 707
513 712
513 716
513 721
513 726
513 731
513 735
513 740
513 743
514 748
513 751
513 756
514 759
514 764
513 768
513 772
513 777
509 781
479 783
271 783
225 788
218 804
34 806
107 809
108 811
96 816
74 820
63 824
102 828
118 832
135 836
150 839
148 843
180 845
167 849
163 851
176 856
137 858
168 861
133 865
178 868
167 871
152 874
191 877
196 881
243 882
180 886
208 888
305 889
276 891
291 893
221 896
283 897
270 900
264 901
319 903
297 903
338 905
303 907
334 907
298 908
312 911
331 910
315 912
315 914
328 915
345 916
351 917
353 918
344 919
348 920
391 921
350 922
410 922
384 922
389 922
412 923
401 924
428 921
393 924
413 924
429 923
432 924
438 923
435 924
442 922
460 924
448 922
462 923
491 921
505 919
514 916
512 912
513 910
514 908
511 906
513 904
513 902
513 902
512 900
512 899
512 898
511 896
512 894
513 892
513 887
513 886
516 878
513 881
512 878
513 875
512 873
513 870
514 866
514 864
513 856
513 856
514 855
514 849
514 846
512 841
513 839
513 836
512 833
514 824
512 819
513 815
513 806
512 805
511 798
514 790
513 788
513 784
511 780
513 774
511 755
513 752
513 748
513 744
513 742
509 736
513 729
513 727
514 719
513 717
514 709
512 705
513 697
514 693
513 688
512 683
513 679
513 673
514 668
513 662
513 658
513 653
514 648
513 642
513 636
512 628
513 624
510 615
512 610
512 602
514 592
512 591
511 580
513 579
512 573
512 569
513 564
513 559
513 559
513 549
517 549
515 542
513 535
513 531
513 521
513 517
513 508
517 502
513 495
516 489
514 483
514 478
513 473
514 467
514 462
515 457
514 453
513 430
514 427
513 422
513 418
513 413
512 406
514 400
513 394
514 388
513 383
513 374
514 370
513 364
513 359
513 354
513 350
504 350
512 337
511 333
513 329
513 325
513 320
513 314
513 310
513 305
514 301
513 296
513 293
513 287
512 286
513 280
514 276
513 272
513 267
514 263
515 258
517 255
613 253
628 250
791 250
888 245
886 240
1016 239
1023 235
1023 230
940 225
998 221
970 217
943 215
941 210
921 205
911 201
881 200
842 196
895 192
859 190
852 185
865 172
883 170
883 168
875 165
840 162
857 158
863 155
826 154
784 151
753 149
790 146
802 145
764 143
721 142
769 140
706 139
726 137
766 135
737 133
748 132
709 131
715 129
723 128
713 128
705 126
678 125
690 136
674 125
720 95
681 123
688 119
658 121
657 119
692 106
657 113
653 115
638 113
638 130
620 117
627 114
636 115
588 114
609 114
606 113
614 113
579 113
575 113
595 113
602 113
570 113
561 114
570 114
551 117
557 116
518 119
514 121
514 127
513 134
514 134
513 134
514 137
514 135
514 138
512 140
513 141
514 143
511 131
519 149
515 146
511 157
515 158
514 157
513 162
514 162
511 171
516 170
512 172
519 165
521 182
513 184
512 189
512 193
515 195
514 200
513 205
513 209
513 213
513 220
513 224
513 230
515 235
514 241
513 247
513 250
519 254
514 259
514 263
514 270
513 275
514 279
514 285
513 290
514 293
514 300
513 307
513 307
513 313
512 320
513 325
513 329
513 335
514 341
510 339
515 353
517 368
511 367
516 378
514 379
510 385
512 389
512 396
509 398
514 412
511 410
512 423
515 435
515 434
510 442
513 451
519 453
513 459
515 465
512 466
513 472
513 476
514 481
513 485
512 495
516 495
513 504
514 510
513 515
513 524
513 529
513 537
514 543
513 550
513 555
513 560
513 566
510 570
514 576
510 580
514 585
513 591
514 598
519 606
514 607
514 613
513 619
513 625
513 632
513 636
515 644
513 653
514 656
511 663
513 667
513 674
513 680
513 684
513 704
513 707
514 709
513 713
513 719
514 723
513 728
513 733
513 738
513 741
513 745
513 748
513 753
514 758
513 762
513 767
512 771
514 774
510 779
482 784
442 784
174 787
179 790
205 794
32 796
61 800
69 804
86 809
114 814
104 817
37 822
89 826
125 830
104 833
134 837
144 840
175 843
174 847
109 850
182 854
184 857
127 860
185 863
124 866
130 870
205 873
194 876
191 878
162 881
215 884
173 888
259 888
291 892
292 891
297 895
225 895
297 898
270 905
340 905
341 906
316 907
323 909
302 909
320 911
320 912
334 913
348 914
356 916
361 917
332 918
349 919
344 919
346 922
404 921
356 922
381 922
408 922
412 923
382 923
380 924
435 923
425 927
398 924
419 925
445 925
407 924
421 924
447 926
438 920
450 923
451 923
467 923
479 922
493 919
513 917
512 917
512 911
513 909
512 907
513 905
511 902
512 902
520 901
513 899
519 899
514 897
515 895
513 893
512 891
513 889
513 883
513 883
513 878
512 876
513 866
512 862
512 859
512 860
511 855
513 851
513 848
513 844
512 840
512 836
513 831
513 826
513 823
512 817
512 813
519 806
511 801
515 795
513 793
513 787
513 783
512 776
514 771
513 767
512 761
513 759
513 753
512 748
514 741
513 737
518 735
513 729
514 723
513 718
513 711
513 705
514 701
513 696
513 690
513 687
513 681
513 674
513 672
513 667
513 659
512 656
511 651
513 645
520 640
513 636
516 626
514 619
516 613
512 604
513 598
514 591
513 588
513 568
513 564
514 563
513 559
513 555
514 544
502 547
517 542
513 534
513 526
513 518
513 513
513 504
512 500
514 491
514 487
515 481
513 476
513 470
513 464
513 461
512 455
512 451
513 446
513 439
513 434
514 429
515 422
513 416
513 410
514 404
513 396
514 393
513 385
513 378
513 374
519 367
513 362
513 356
514 351
516 361
534 338
514 339
513 328
517 327
513 322
513 317
513 312
512 307
513 303
513 299
513 294
513 291
514 286
514 283
513 279
513 274
516 257
519 254
551 254
627 251
648 250
868 249
846 243
871 242
1010 238
1003 234
1023 229
978 224
987 220
943 214
964 205
925 208
906 194
897 197
897 191
845 194
857 192
890 187
880 184
880 180
845 177
910 173
886 171
853 167
885 164
830 161
848 157
858 155
788 152
806 151
766 149
778 147
753 144
743 143
746 141
742 140
766 137
737 136
713 134
763 133
736 132
712 130
715 129
717 128
699 126
706 125
677 124
686 123
695 113
696 122
684 117
669 118
667 112
665 115
628 115
623 108
612 112
606 114
633 114
612 113
601 113
606 113
590 113
620 113
587 114
562 114
602 113
587 113
603 114
557 114
567 115
530 117
523 119
516 120
514 127
514 127
514 129
514 130
513 132
513 135
510 134
514 137
513 138
513 139
514 142
516 143
514 145
514 150
512 149
513 153
515 157
513 151
514 159
511 167
515 170
514 170
514 172
514 176
514 182
513 180
514 184
514 189
513 191
514 196
513 201
514 207
512 212
514 216
514 224
514 243
518 246
514 248
516 251
513 256
514 261
513 264
513 271
513 278
513 282
513 285
513 292
514 298
514 303
514 305
514 310
513 319
516 324
514 327
516 333
513 338
515 339
514 343
513 353
515 355
513 364
507 368
513 381
516 375
516 382
511 386
516 391
508 397
512 410
516 410
514 415
513 425
512 434
513 442
516 446
513 456
510 456
516 467
515 462
515 476
513 474
514 478
514 485
513 487
514 493
518 499
514 505
517 511
514 520
516 526
513 532
514 540
514 564
514 568
512 572
513 574
513 578
513 582
513 588
514 593
511 599
513 604
513 609
513 617
515 622
514 628
513 635
502 642
517 647
514 654
513 661
513 666
514 671
513 677
513 682
514 687
513 692
513 696
513 701
513 707
513 711
513 717
513 721
513 726
513 731
513 734
513 739
514 744
514 748
514 751
513 755
513 759
513 763
513 768
512 772
514 776
510 780
469 783
273 783
194 788
197 792
159 793
58 797
51 802
49 808
94 810
101 817
78 819
36 823
100 828
150 842
141 843
176 846
144 850
162 850
193 855
136 858
158 862
171 865
129 868
172 872
188 875
188 877
183 882
180 884
212 887
204 888
262 891
283 892
259 894
312 897
233 898
313 897
279 900
294 901
304 903
314 906
331 905
282 908
352 908
324 912
320 908
290 912
305 914
348 914
351 916
359 917
327 923
338 918
345 919
359 921
403 923
369 921
382 922
422 923
411 923
386 923
396 923
423 923
429 924
410 924
431 923
439 923
407 924
417 923
458 923
431 922
481 921
500 920
506 919
513 917
512 915
512 911
513 908
513 907
512 904
511 903
513 903
511 901
514 898
511 897
520 896
513 894
515 892
513 889
519 887
514 884
517 885
513 878
512 875
513 873
512 870
513 867
513 863
512 860
514 856
513 853
514 850
513 847
513 843
513 838
515 833
513 829
513 824
513 821
513 815
513 808
513 805
513 799
513 793
513 790
512 784
513 780
514 776
514 769
512 767
514 759
514 753
518 749
513 746
518 741
512 733
510 730
513 727
513 706
513 702
512 698
513 693
513 689
514 684
513 678
514 674
513 668
513 663
513 659
511 654
513 648
514 643
513 638
513 630
513 624
513 616
512 610
513 602
513 596
515 588
513 584
514 574
513 575
515 570
514 564
518 564
512 556
520 553
507 553
514 539
511 537
512 528
513 524
513 515
513 509
513 503
514 495
514 490
513 483
513 479
513 472
513 468
513 462
512 458
513 453
513 448
514 442
513 437
513 431
513 426
514 419
514 414
513 407
513 401
514 376
512 371
513 368
513 363
513 360
513 353
513 348
517 338
516 337
517 332
511 328
512 324
513 320
513 315
513 309
513 305
512 301
513 296
512 293
513 289
513 285
514 281
513 277
514 272
514 267
514 263
515 260
524 254
611 254
629 250
819 251
853 246
844 241
973 240
1023 236
1017 230
991 226
975 221
987 217
945 212
946 214
955 204
879 205
880 197
887 192
842 191
865 189
890 184
859 182
847 178
880 175
886 171
880 169
830 165
879 162
855 159
851 158
814 147
750 144
727 144
756 144
757 142
712 140
741 139
746 137
725 135
747 132
717 133
752 130
699 131
713 129
714 128
696 126
682 125
666 125
737 125
683 120
690 114
691 115
663 118
666 114
674 117
658 120
646 116
633 115
655 115
609 118
612 113
635 114
609 114
597 113
584 115
606 113
607 113
593 114
564 113
599 114
587 114
582 114
562 114
555 116
544 117
515 119
518 120
514 124
514 127
514 130
514 131
514 133
513 134
516 136
521 138
515 139
521 140
512 147
512 150
512 147
521 153
513 157
514 159
511 162
512 164
513 169
510 175
514 172
510 179
512 189
515 188
522 186
511 194
517 197
513 200
514 203
515 210
513 214
514 218
514 225
513 230
513 236
513 241
514 246
514 249
513 253
514 259
513 265
514 269
520 274
514 278
520 283
514 288
513 292
514 298
513 304
513 308
514 313
513 318
514 325
513 329
513 335
513 340
514 349
516 349
512 356
514 357
514 364
514 372
515 385
511 378
515 387
513 390
514 393
513 429
512 424
505 432
515 441
518 443
512 446
514 459
515 455
513 472
512 465
516 472
513 477
514 480
513 487
514 490
513 497
514 500
514 510
513 515
513 523
513 531
514 534
513 544
513 548
513 555
514 560
513 565
513 570
512 576
513 580
513 585
513 590
513 595
513 601
514 607
513 613
512 619
513 625
513 632
519 638
512 644
513 651
513 657
521 664
513 668
521 674
513 680
513 684
513 690
514 694
513 700
513 704
513 708
513 713
513 718
513 724
513 728
511 744
513 747
513 749
513 753
513 757
513 761
514 765
513 770
512 774
513 779
509 782
409 784
181 786
214 790
193 795
104 795
68 801
41 804
71 808
101 812
101 818
41 821
53 825
105 830
131 835
78 835
138 840
160 843
176 847
161 851
170 853
179 855
134 856
155 863
157 866
115 870
149 873
190 875
215 879
171 882
175 883
250 887
229 889
278 890
276 893
266 896
313 896
258 897
315 900
257 903
291 904
292 905
316 906
342 907
267 909
363 909
315 911
342 916
313 916
317 917
339 918
348 919
336 919
