742 167
754 169
761 165
752 163
724 161
689 162
727 155
707 153
705 151
701 148
651 147
691 145
657 143
686 141
671 139
671 138
668 136
626 135
671 133
642 131
660 130
624 128
671 128
646 127
621 125
639 124
632 123
655 122
599 121
614 120
636 119
633 118
622 116
590 119
615 118
615 114
582 115
596 111
586 114
594 112
582 115
599 113
550 114
580 113
572 115
571 113
564 115
552 114
572 114
554 114
538 114
531 115
552 116
526 117
515 121
514 123
514 125
260 832
248 835
234 836
260 839
297 842
275 846
277 849
263 852
290 856
285 859
258 862
286 865
265 868
318 871
280 875
278 877
298 880
306 881
343 886
351 888
356 895
322 892
341 895
351 895
335 898
414 898
368 900
370 902
370 903
349 905
375 907
398 907
398 910
348 909
408 911
406 913
373 914
382 911
412 917
425 918
363 919
400 918
412 919
432 921
423 921
392 921
451 922
436 923
423 923
436 923
451 923
445 923
449 924
457 923
444 924
458 924
463 924
514 136
513 140
511 142
514 143
513 145
514 148
514 151
514 152
513 157
514 160
512 162
513 165
513 168
513 170
513 166
514 177
509 176
517 186
515 184
516 195
523 198
512 199
514 206
516 207
514 213
515 216
514 224
514 225
515 234
509 235
514 243
515 253
513 256
524 256
517 260
515 273
514 272
512 279
513 284
513 289
513 295
514 300
514 305
513 308
513 314
513 318
513 322
514 329
514 335
513 338
514 345
513 351
514 355
513 361
513 365
513 368
513 377
514 466
514 469
514 470
513 475
513 481
514 485
514 491
514 495
512 497
512 508
513 514
512 522
514 528
514 536
514 542
512 549
512 553
513 559
512 564
514 570
515 573
514 579
513 585
512 589
513 594
513 600
513 606
512 611
514 618
512 625
513 631
514 636
516 644
513 650
513 656
513 661
513 667
512 673
513 677
513 684
514 689
513 693
513 699
513 703
514 708
513 713
512 718
513 723
513 728
514 732
512 737
513 741
514 746
515 749
515 755
513 758
513 762
514 777
512 779
486 781
405 784
396 788
386 792
252 793
159 798
191 802
223 807
270 812
210 814
209 819
229 822
231 828
233 832
273 834
275 838
268 841
277 845
269 848
318 851
288 854
261 857
264 860
253 863
302 867
267 871
245 873
288 877
300 879
263 882
353 883
324 885
342 887
304 892
345 893
376 895
369 897
365 899
343 898
380 900
338 902
376 904
387 905
357 906
405 908
371 911
397 910
377 912
397 912
404 913
388 916
400 916
392 917
431 920
408 921
427 921
431 922
438 922
429 922
458 923
437 923
432 923
458 921
456 924
447 921
446 924
468 924
460 925
457 924
470 922
461 925
479 922
484 922
486 921
502 920
510 918
513 916
512 912
511 910
512 906
513 904
513 903
513 903
513 902
512 900
513 898
512 899
513 895
512 892
513 890
513 888
513 885
512 882
513 879
514 876
513 872
513 871
513 869
513 865
514 862
514 859
514 854
513 852
514 848
514 845
513 839
514 837
511 832
513 827
514 822
513 818
516 796
513 793
513 789
512 785
511 781
512 777
512 773
514 767
513 761
513 758
513 755
513 751
513 742
515 738
513 727
513 727
513 723
513 717
514 711
514 705
515 702
513 698
512 690
513 685
512 682
513 677
513 671
513 666
514 661
513 657
513 651
513 647
513 641
515 633
514 628
513 621
513 613
513 606
514 599
514 593
513 586
512 581
513 577
514 571
513 567
512 565
515 559
513 555
504 549
513 563
500 544
516 536
513 528
514 520
512 514
513 505
513 500
513 476
513 470
515 468
514 466
511 462
514 457
514 452
515 447
513 439
510 436
514 429
516 424
513 417
515 411
512 405
514 399
514 392
514 386
513 379
513 375
514 368
513 362
509 355
516 344
513 346
514 330
509 334
516 326
514 327
515 319
513 317
514 313
512 308
514 303
513 299
513 295
517 290
514 287
518 283
512 279
518 275
513 270
517 267
513 260
512 258
547 254
627 251
630 247
668 243
652 240
843 240
908 237
843 230
813 226
851 222
818 218
817 213
826 196
741 199
740 193
753 190
741 188
719 188
754 183
784 181
744 179
743 181
758 170
771 168
751 165
707 158
772 158
684 155
696 153
730 150
723 148
683 147
653 145
651 143
662 140
706 140
645 140
694 136
674 135
640 131
668 131
624 131
655 129
619 128
638 126
647 125
639 125
653 124
634 121
628 121
599 120
631 119
626 118
627 117
615 118
584 120
617 118
583 112
575 119
602 121
575 115
572 114
555 111
589 111
561 110
574 114
560 116
566 114
568 110
560 115
539 116
549 116
522 118
513 120
515 123
513 125
514 128
513 131
514 133
514 135
513 135
513 136
513 138
514 139
518 141
513 141
514 144
513 146
514 150
514 153
513 156
513 158
514 161
513 164
512 167
514 170
512 173
514 174
516 178
511 182
514 186
510 195
514 196
512 198
511 203
512 208
514 213
513 220
511 216
514 227
513 237
512 237
517 245
514 249
512 244
511 257
508 260
513 266
514 271
513 278
514 283
514 285
514 292
516 297
513 301
516 305
512 451
513 456
512 457
512 461
513 465
512 471
514 473
513 480
514 480
513 489
511 491
514 498
511 506
514 510
512 519
513 524
513 533
513 538
513 545
513 552
515 556
512 562
513 567
513 571
514 576
512 583
514 588
513 592
513 597
513 603
512 610
515 615
513 621
511 628
513 634
513 640
512 647
514 653
513 658
514 665
514 670
512 676
513 680
513 686
513 691
513 696
514 702
513 705
513 710
514 715
512 720
513 725
513 731
515 737
514 738
514 744
513 746
514 764
513 766
511 768
513 772
514 777
511 779
480 782
402 787
368 790
367 793
217 795
174 799
215 803
240 808
245 813
226 817
210 821
234 824
242 829
233 833
232 835
274 840
279 843
282 846
239 850
299 852
299 856
246 859
278 862
274 865
265 870
310 872
270 875
259 878
300 882
320 884
327 887
306 889
374 890
338 893
313 893
357 895
381 897
390 899
363 899
398 901
345 903
363 905
358 907
364 908
402 909
399 910
401 912
405 914
402 914
400 914
400 916
400 920
401 919
414 919
395 920
419 922
450 922
432 923
403 922
431 924
482 923
435 923
433 923
466 924
468 924
464 923
444 924
470 924
471 923
463 923
470 923
470 923
489 921
504 922
507 918
512 917
511 914
512 912
512 910
512 906
513 904
512 902
511 901
511 898
512 899
518 898
512 895
518 894
513 892
513 889
514 888
512 888
512 880
513 880
513 875
514 869
513 869
513 866
513 865
512 860
513 856
513 853
513 851
513 846
513 841
514 838
513 837
515 830
514 810
513 806
513 804
513 798
513 792
513 789
513 786
513 781
517 773
513 769
516 765
513 761
512 754
513 751
511 746
513 740
514 734
512 738
515 726
514 721
513 714
513 708
513 705
513 698
513 692
513 689
513 683
514 677
512 674
513 668
513 663
513 659
513 653
513 649
513 642
513 638
513 631
514 623
513 619
514 608
513 604
513 596
513 590
514 585
514 577
513 575
513 569
513 566
513 556
513 557
513 554
514 548
512 539
510 535
512 535
513 523
513 492
512 490
509 486
513 482
514 477
512 473
513 469
514 463
513 459
512 454
513 450
515 443
513 438
512 433
515 426
513 422
514 414
513 407
515 401
513 395
512 387
514 382
514 378
514 370
513 365
513 359
516 359
512 366
512 348
512 339
506 334
511 348
514 326
511 320
514 315
513 310
513 305
513 301
514 297
513 292
513 288
514 283
513 281
514 276
514 273
514 268
513 263
514 259
517 256
587 254
642 249
647 246
684 240
791 242
873 238
828 233
851 229
797 210
771 208
789 205
776 204
761 198
744 194
775 193
736 191
746 188
754 183
759 184
752 175
743 185
770 168
752 165
739 162
763 162
714 159
695 156
737 153
725 151
661 149
693 147
687 145
699 141
636 142
682 141
703 139
643 137
651 135
673 134
659 132
636 131
638 129
630 128
655 127
627 126
632 124
645 123
626 122
627 120
627 120
611 116
627 118
625 117
606 119
587 118
594 116
622 115
597 115
565 116
578 113
615 115
608 113
545 112
592 112
582 113
575 112
564 113
563 114
560 114
547 115
541 116
523 116
520 118
516 121
514 124
514 127
513 130
514 131
514 133
513 134
514 136
513 138
513 138
513 143
515 142
513 143
515 146
513 149
513 151
514 153
512 157
513 159
514 165
514 166
513 168
514 171
513 174
513 174
513 179
515 184
512 181
513 192
511 192
514 200
515 204
512 208
513 216
514 220
513 225
512 229
514 235
512 240
509 244
511 240
514 251
515 255
513 263
514 269
514 274
515 280
514 286
513 292
513 310
514 313
513 316
513 319
513 323
513 328
513 336
513 339
513 346
513 350
513 355
513 361
514 365
513 370
513 375
513 380
513 386
514 390
513 397
513 401
514 408
513 416
513 422
513 430
513 437
514 443
513 452
513 455
513 458
513 464
513 469
513 471
512 476
513 480
513 485
513 491
514 496
514 502
513 509
513 514
514 522
512 529
513 535
513 542
515 548
513 556
513 558
516 564
513 568
513 575
513 580
513 583
513 589
513 596
513 600
513 607
513 612
512 637
512 641
513 641
512 650
510 656
513 662
513 666
512 673
514 678
515 684
510 689
512 694
513 699
514 704
513 707
513 713
513 718
513 723
513 726
512 733
513 737
513 742
513 746
513 750
513 753
512 757
512 761
512 767
512 771
512 773
511 780
508 782
416 785
382 788
364 792
288 792
200 795
187 801
219 807
205 811
255 816
213 819
214 823
242 827
222 832
239 835
261 839
270 842
268 843
311 848
272 851
278 854
283 857
298 861
287 866
234 867
292 870
272 882
273 883
321 885
331 887
325 888
338 891
357 891
374 894
329 896
408 898
340 900
369 901
339 904
342 904
414 905
369 906
386 909
356 912
401 911
359 913
381 915
398 914
398 915
410 915
386 917
427 917
407 920
408 920
425 921
416 922
433 921
432 921
431 923
453 923
429 923
456 917
474 923
443 924
452 924
464 923
474 922
441 924
463 922
476 923
463 924
468 924
453 922
504 922
500 920
510 918
512 914
512 912
512 911
512 907
513 905
513 903
513 902
511 897
513 895
513 895
512 892
512 890
512 888
512 886
510 879
513 879
513 876
513 874
513 873
512 868
513 864
513 862
512 859
512 855
513 852
515 847
514 843
514 840
512 837
514 833
513 826
513 823
514 816
513 813
513 806
514 801
512 796
513 790
512 786
514 784
513 777
513 771
513 767
513 762
511 757
513 754
512 747
513 742
513 741
513 730
516 725
514 723
513 718
514 713
513 706
513 700
513 696
513 690
513 684
512 681
513 675
513 670
512 666
513 661
513 640
515 636
513 631
514 625
515 620
513 611
514 606
513 598
512 593
513 587
514 579
513 577
514 570
513 569
513 563
513 561
513 556
517 549
515 545
524 542
513 534
521 522
514 520
513 514
514 504
512 500
514 493
511 487
513 482
515 475
515 472
513 465
514 463
513 456
514 452
514 446
514 442
513 436
514 429
515 423
514 415
512 411
513 405
514 398
512 389
513 385
514 381
513 372
514 368
513 363
514 357
509 351
518 345
513 341
518 335
514 328
505 325
514 309
513 305
514 302
513 299
513 297
514 290
513 289
514 283
512 279
513 274
513 270
512 265
513 260
514 257
522 254
634 251
656 247
633 244
642 240
868 242
886 236
846 230
808 226
844 222
812 217
767 213
814 209
810 205
766 201
768 199
735 194
751 192
742 189
735 187
764 185
727 185
754 179
788 168
738 169
743 161
731 166
732 157
752 157
707 155
716 152
700 150
667 148
699 147
662 145
701 143
640 141
639 140
681 137
686 137
633 134
643 133
677 127
622 127
634 126
630 125
623 123
651 123
630 121
643 116
628 120
624 119
596 117
624 116
621 122
602 116
581 117
593 116
605 115
580 115
577 117
579 119
630 111
560 116
546 114
576 116
590 113
546 117
558 112
569 116
569 113
530 115
531 116
543 116
521 118
513 121
514 124
514 126
513 129
515 131
513 133
514 130
512 136
513 137
513 138
513 139
514 142
513 144
516 145
510 148
514 151
514 154
514 156
512 159
513 162
514 165
513 167
513 170
512 173
513 188
513 187
512 192
513 192
515 195
513 201
513 207
512 211
513 217
513 222
512 227
514 235
513 237
516 245
514 250
516 250
510 256
514 261
518 266
514 270
512 276
514 282
513 287
512 292
513 298
515 301
515 306
514 311
513 318
514 321
513 326
513 333
513 336
513 343
517 348
513 352
514 359
513 364
513 368
512 375
513 377
513 384
515 388
513 393
512 400
513 405
513 413
513 418
513 428
512 434
513 439
512 449
515 451
511 459
514 461
514 466
513 471
516 489
516 493
513 497
513 501
513 505
514 512
513 519
513 525
511 533
514 536
513 546
512 551
514 556
512 562
514 566
513 572
512 576
513 582
516 587
513 592
513 598
513 603
513 608
513 614
513 622
513 628
514 633
511 640
514 645
513 652
513 658
513 663
513 670
513 674
514 679
507 686
513 692
511 696
513 701
509 706
513 710
510 715
513 721
512 725
513 730
514 734
513 739
514 743
510 746
515 751
515 755
514 761
513 763
515 768
514 771
512 777
512 781
435 794
200 794
225 796
166 801
217 804
184 808
214 812
245 816
221 820
217 824
222 829
252 832
268 837
212 839
308 843
310 843
269 849
277 851
252 855
302 859
299 863
230 865
280 870
266 872
268 875
329 878
286 882
322 883
309 885
346 886
334 890
347 892
385 894
340 896
339 896
341 898
382 900
381 899
354 904
354 905
388 906
404 909
333 908
391 910
376 911
411 913
378 914
388 915
397 916
400 917
416 917
399 920
415 919
400 920
420 921
430 923
412 922
444 923
454 925
450 924
449 923
451 924
450 922
449 923
465 924
473 923
440 926
471 922
490 922
472 921
481 920
505 919
502 918
510 916
513 912
510 911
513 908
515 905
513 905
513 903
513 901
514 900
513 898
513 897
513 896
516 894
512 892
515 887
512 886
514 884
514 881
512 878
513 875
513 871
513 868
514 867
513 863
513 860
515 857
515 854
513 850
513 846
512 842
512 840
512 833
514 828
514 825
513 820
512 813
513 809
514 805
512 800
513 794
513 788
513 772
516 767
513 763
513 759
511 755
513 750
512 746
512 742
506 738
514 727
513 734
513 722
513 715
513 709
513 704
513 699
513 693
512 691
513 684
513 676
513 675
512 670
513 664
513 659
513 653
513 649
507 643
513 637
514 630
513 625
513 616
513 609
513 603
516 595
513 591
514 583
512 581
512 574
516 569
513 567
513 561
515 558
513 554
531 544
516 545
514 505
511 532
501 525
513 517
511 510
513 503
512 496
513 491
513 484
512 479
512 474
513 469
508 450
516 446
513 444
513 439
515 433
515 427
514 421
513 414
513 408
514 401
513 396
515 389
514 383
513 378
513 372
508 364
513 361
508 355
513 345
514 347
514 338
515 332
512 330
507 326
512 293
511 315
513 310
513 306
514 300
514 297
513 293
514 288
513 288
508 282
514 276
514 272
512 269
512 263
513 259
515 255
629 253
653 249
634 246
635 240
756 243
857 238
858 233
849 228
783 224
831 220
792 215
813 211
766 208
780 204
817 199
748 198
738 193
732 181
774 180
789 180
757 171
768 185
755 167
754 166
746 159
721 159
711 156
747 154
691 152
684 150
672 149
621 146
704 144
675 143
701 141
630 141
646 137
656 136
629 134
666 132
634 132
675 130
639 130
639 128
667 125
654 125
614 124
605 123
652 121
610 120
628 119
627 120
615 117
611 117
596 118
604 108
622 116
592 105
591 111
602 117
567 118
584 120
606 113
561 115
573 111
540 114
608 109
557 116
554 109
551 111
569 104
527 115
529 116
536 118
514 127
514 130
515 130
514 132
514 133
513 135
514 137
514 137
514 138
514 140
514 141
513 145
514 147
513 148
514 152
514 154
513 157
512 160
514 163
513 165
513 168
515 171
513 175
514 177
512 179
514 182
515 186
515 192
513 194
514 200
514 205
513 212
513 215
515 222
518 221
512 222
515 233
508 237
515 247
513 249
515 254
513 259
514 269
515 268
513 276
514 279
512 279
513 289
513 292
514 298
513 305
513 309
513 313
513 319
514 326
514 329
513 351
512 354
514 355
514 359
516 363
513 372
514 375
511 380
513 385
513 389
512 398
514 400
513 409
513 416
517 422
512 432
516 435
513 443
513 451
511 452
513 458
513 464
513 469
514 470
513 477
515 479
512 486
513 489
512 496
513 501
513 508
507 514
513 521
513 529
513 535
513 541
513 548
513 554
514 559
513 564
512 569
513 574
512 579
514 583
514 590
511 595
513 600
513 607
514 612
513 618
513 626
506 631
512 638
512 644
513 649
513 655
513 661
513 684
513 688
513 691
513 694
513 698
514 703
513 708
513 713
513 717
514 723
513 727
513 732
512 736
512 741
513 744
510 749
513 752
513 756
512 760
511 765
513 769
512 774
513 778
492 780
400 785
385 788
386 792
244 791
179 795
206 802
235 805
237 810
205 814
212 817
254 822
215 827
224 831
243 834
297 838
264 841
270 845
286 848
304 851
289 854
247 856
280 861
262 863
267 864
285 870
264 873
258 876
304 879
304 882
322 884
320 886
335 889
314 891
359 899
360 898
337 900
354 902
354 901
388 905
347 904
421 906
373 907
378 909
385 909
394 912
414 913
363 914
382 915
403 916
425 918
404 920
403 919
417 921
414 920
422 921
427 922
438 922
422 914
438 923
438 923
457 924
425 922
466 923
467 923
429 922
455 924
472 922
460 923
449 924
475 922
486 922
490 922
477 920
502 920
509 915
512 914
513 912
512 909
513 906
513 905
513 903
513 902
511 900
513 896
513 897
513 896
512 896
514 893
513 890
514 889
513 876
513 875
514 873
513 870
508 868
513 865
514 861
513 858
512 855
513 852
513 848
513 844
513 841
513 836
513 832
513 826
516 821
513 818
516 811
513 807
513 801
512 795
512 791
513 788
513 782
512 777
512 770
513 767
513 763
513 758
514 751
512 746
513 745
514 740
514 731
512 729
516 725
514 718
513 711
513 708
513 701
513 695
513 691
513 685
513 680
513 676
513 669
513 665
514 661
507 657
513 652
512 645
513 641
512 634
514 626
513 622
515 612
512 901
514 900
513 899
513 897
513 895
512 894
514 891
513 888
512 885
513 883
513 880
512 882
513 875
513 872
514 869
513 866
513 864
515 860
513 856
514 853
513 848
514 846
514 843
513 839
513 832
513 828
513 823
513 819
513 814
513 808
513 804
513 798
512 792
514 789
513 785
513 780
513 776
512 770
513 765
513 760
519 756
512 751
513 745
513 739
513 735
513 730
509 731
514 714
507 714
513 712
513 703
513 696
512 696
513 688
513 682
513 680
513 670
513 600
513 595
512 589
510 584
513 579
514 572
512 571
513 565
515 562
512 558
514 551
513 550
514 537
510 535
509 529
513 495
509 517
514 510
513 502
513 496
514 489
514 484
513 479
515 473
512 469
513 463
513 458
514 454
514 449
513 444
513 438
512 431
513 426
514 420
513 415
513 407
513 402
513 395
514 389
514 383
513 377
515 372
512 367
513 360
513 355
514 349
508 343
512 342
515 340
513 328
506 325
510 320
510 328
513 311
513 306
514 302
514 297
513 284
513 280
513 277
513 274
513 268
514 264
513 258
515 255
578 254
636 250
674 245
657 242
805 243
848 238
831 233
821 228
818 224
809 219
790 215
843 212
790 209
773 204
762 200
798 197
768 192
737 190
726 184
754 184
770 181
722 169
754 168
737 162
767 168
772 171
764 155
688 158
692 156
730 154
704 152
701 150
682 147
694 146
636 144
656 143
678 141
641 140
703 137
657 136
670 134
644 133
612 129
664 130
655 128
657 127
616 125
628 125
664 123
613 119
644 119
631 118
609 117
629 117
610 115
593 116
607 123
615 115
592 116
578 112
611 121
569 113
578 116
580 112
567 111
569 114
567 115
574 111
559 114
569 117
546 115
563 123
546 115
525 117
522 119
516 122
514 125
514 128
514 130
513 131
513 133
514 135
516 136
514 137
512 139
513 140
514 142
514 143
509 147
513 148
512 151
514 156
513 157
514 160
513 163
513 166
513 167
513 172
513 178
512 178
513 181
512 183
513 185
505 187
514 200
512 199
513 217
515 228
514 227
513 235
512 236
514 251
509 238
513 253
514 253
516 257
514 262
512 271
510 272
505 279
512 289
514 292
513 294
513 301
514 304
513 306
513 314
512 320
514 324
514 328
514 336
513 340
514 345
513 351
513 356
513 361
513 364
513 372
514 375
513 379
514 386
513 389
514 396
513 402
513 409
514 416
513 422
513 430
513 437
513 443
512 451
514 453
510 461
517 468
519 466
516 472
510 473
509 477
513 482
514 491
513 492
510 500
513 528
500 531
511 535
513 542
510 553
521 553
515 560
512 562
510 566
509 574
511 577
515 584
512 585
513 596
510 602
516 610
517 610
515 618
514 621
509 627
513 637
513 644
513 650
513 656
511 660
513 667
513 673
513 678
513 683
512 687
513 694
513 699
513 703
512 707
512 713
513 718
520 722
513 728
506 733
513 737
511 740
512 745
513 749
513 753
513 756
512 760
513 765
513 769
513 774
513 777
509 781
412 784
379 787
383 792
222 795
157 796
223 801
223 820
206 821
198 824
210 827
223 831
241 834
262 838
280 841
274 845
230 848
287 850
299 855
277 857
276 860
226 863
273 867
311 868
251 873
303 876
288 878
300 883
305 884
354 886
334 889
326 891
344 892
351 894
388 896
353 898
347 899
387 901
331 901
370 903
369 905
389 905
369 908
402 909
410 910
376 913
404 913
387 915
381 915
354 916
419 916
437 919
387 919
400 919
411 921
424 920
449 920
405 921
453 921
425 922
448 923
437 922
449 923
454 923
468 922
463 923
474 923
466 922
446 924
487 922
483 920
495 921
488 923
516 918
513 913
512 912
512 911
513 906
512 904
514 904
513 901
514 901
513 900
514 897
515 895
512 893
512 893
513 890
513 888
513 884
515 882
514 879
513 887
513 875
513 867
512 869
512 864
513 861
514 857
513 855
513 851
508 848
514 844
506 840
513 836
513 831
513 826
513 822
513 818
513 812
513 805
513 801
513 794
513 790
512 786
514 781
512 776
513 773
513 766
513 761
513 757
513 736
513 730
513 732
513 726
514 727
516 715
513 713
513 708
513 700
513 695
513 691
513 686
513 681
514 676
514 671
516 666
513 661
511 657
514 651
513 646
514 640
512 634
513 631
512 619
512 614
512 605
514 596
513 594
514 583
511 582
512 576
514 572
512 569
514 562
513 559
513 554
511 550
514 545
521 540
511 531
514 528
512 515
512 514
514 506
508 500
513 493
512 487
513 482
511 476
514 471
512 466
513 462
512 456
513 451
512 446
513 441
512 436
514 412
513 408
512 402
514 397
516 392
514 386
514 379
513 374
513 369
513 363
514 358
514 353
513 347
513 349
511 337
511 304
505 326
509 312
505 321
512 313
512 308
514 304
513 299
513 295
514 291
513 287
510 284
514 280
514 275
514 270
514 266
514 261
514 258
521 257
602 252
652 247
665 245
656 240
908 241
883 235
826 229
802 227
807 221
801 217
822 213
832 210
757 205
760 201
765 199
757 193
742 194
715 189
783 190
740 184
722 182
782 156
777 169
724 149
712 136
751 158
724 155
712 153
701 151
724 149
658 146
689 144
668 143
672 141
676 140
649 137
683 136
636 134
673 133
650 132
633 131
659 129
647 128
638 127
621 129
625 124
657 123
614 122
622 121
631 120
614 119
605 118
605 118
606 116
613 116
603 117
573 114
616 114
598 117
589 112
566 117
577 113
576 114
567 114
572 115
558 107
574 115
555 103
575 114
541 119
549 115
557 115
545 116
512 118
517 121
515 123
514 127
514 129
514 132
514 132
513 138
514 139
513 140
513 141
514 143
513 146
514 149
514 149
513 153
513 156
513 159
514 161
513 164
514 165
513 169
513 174
513 176
512 180
513 184
516 187
512 191
513 192
510 200
512 195
512 208
514 206
514 219
518 226
520 229
514 235
514 238
510 241
513 247
514 254
513 257
507 263
512 259
513 271
516 271
514 282
515 290
512 292
514 297
515 303
514 307
513 311
510 316
515 321
509 327
513 332
514 339
513 343
513 348
513 354
513 360
513 362
513 369
513 387
513 390
513 395
513 399
514 406
513 413
514 419
513 426
513 433
510 440
514 446
513 453
513 459
513 463
512 467
515 469
513 474
513 478
514 483
513 487
513 492
513 498
512 505
512 513
514 517
511 525
513 531
514 538
510 545
514 551
514 557
513 563
514 567
512 571
511 576
513 582
513 586
513 592
512 597
513 604
513 609
512 615
513 621
513 627
513 635
513 641
514 646
513 652
513 656
512 664
513 669
513 676
513 680
513 687
514 691
514 696
513 700
513 720
513 723
513 726
513 730
513 735
513 739
514 742
515 747
512 750
514 755
513 757
513 762
514 766
514 771
513 775
513 779
445 780
405 785
386 790
399 793
169 795
173 799
209 804
242 809
239 812
228 817
219 821
203 822
237 830
251 833
256 836
260 839
304 843
248 847
272 849
290 852
268 855
304 859
239 861
285 865
276 869
251 872
280 873
298 878
346 880
292 883
293 886
346 888
356 889
368 891
372 894
357 895
335 896
334 898
378 900
382 901
367 908
387 909
398 909
378 910
360 912
371 914
406 913
404 915
379 915
399 916
405 917
426 918
372 919
394 920
462 920
437 921
400 922
429 922
450 922
445 915
438 923
427 915
468 923
457 924
451 923
446 924
471 923
446 923
472 923
466 923
465 923
484 921
492 921
502 920
504 919
512 915
513 910
510 910
512 908
513 906
512 903
515 903
513 901
512 899
513 900
512 897
514 894
512 893
513 892
511 889
513 887
511 885
513 881
512 876
514 876
513 872
513 868
513 856
512 855
513 851
513 850
515 846
513 843
512 838
513 833
514 828
513 824
513 819
513 813
512 809
513 804
513 798
