512 769
513 769
513 771
512 774
513 777
510 782
420 784
387 788
374 791
343 793
165 796
179 802
206 808
236 810
226 815
218 819
222 823
233 828
213 831
267 835
264 838
233 841
274 845
303 848
258 851
298 853
306 858
244 861
293 864
281 868
255 871
253 875
288 877
328 880
324 883
321 885
312 887
323 889
317 892
361 893
390 895
351 897
373 898
337 900
379 901
336 903
401 906
368 907
379 908
396 909
375 910
414 909
384 912
402 914
361 915
411 916
402 917
514 311
513 308
514 304
513 300
513 296
513 292
514 288
513 283
513 280
514 276
514 273
513 266
515 261
512 258
519 256
644 252
633 251
650 245
657 242
776 241
894 237
855 232
835 235
791 221
815 225
776 215
798 211
802 206
793 203
757 200
714 196
780 193
736 190
707 187
759 183
746 180
752 176
759 173
737 169
765 167
732 163
760 160
733 157
697 155
725 152
674 153
696 148
675 146
648 142
680 142
673 140
651 141
635 137
692 136
649 134
631 135
666 132
419 922
447 920
440 920
423 921
443 922
423 926
440 925
433 924
466 924
443 924
453 923
470 924
447 924
467 927
456 924
460 923
467 924
462 922
471 923
476 924
503 922
489 921
512 919
513 917
512 913
513 911
513 908
513 905
513 904
513 903
513 901
513 900
512 899
513 898
512 896
512 894
509 892
513 890
513 888
513 884
514 882
513 881
514 878
515 873
513 870
513 867
513 864
513 861
513 858
512 854
512 851
513 847
515 842
514 838
513 835
513 831
514 825
505 743
513 739
513 737
513 734
514 726
515 720
513 717
513 710
513 707
514 701
514 694
513 691
513 684
516 679
513 677
513 667
513 665
514 662
514 654
512 651
514 643
514 639
514 633
515 624
512 618
514 609
510 605
513 598
514 591
513 586
516 578
513 577
509 569
511 568
513 561
515 558
513 556
513 547
512 543
513 538
512 532
512 524
513 519
514 510
515 504
513 497
515 490
512 484
514 478
514 474
513 468
513 463
513 459
515 454
513 449
514 443
513 433
513 418
512 411
514 407
513 401
512 396
513 390
515 384
516 381
515 373
515 370
513 361
514 355
514 350
513 344
513 341
514 335
513 331
514 326
513 321
514 317
514 312
513 307
513 302
514 298
513 293
514 290
514 286
512 283
513 278
515 273
514 269
513 264
517 260
516 257
546 254
637 251
634 247
656 244
645 239
882 241
862 235
863 230
812 246
824 218
799 219
798 210
804 208
764 205
739 201
775 197
745 195
727 192
748 188
725 184
721 182
729 180
750 167
748 163
757 161
744 161
724 156
708 155
709 151
676 149
692 144
656 146
693 144
654 141
648 140
712 139
628 137
678 135
649 134
658 125
655 130
641 122
646 126
636 116
640 126
624 126
673 126
619 122
622 120
613 120
633 120
616 118
592 118
632 116
611 116
581 112
599 114
604 115
602 114
568 113
586 114
586 113
568 114
569 114
582 113
572 114
553 112
581 113
556 113
550 114
567 113
547 114
549 116
524 116
516 118
517 121
519 126
511 127
519 130
512 130
508 136
517 138
513 130
511 140
522 143
516 142
517 148
513 149
513 150
514 153
514 156
513 159
514 162
513 164
514 167
513 171
514 174
514 175
513 181
513 183
513 187
514 191
514 195
514 198
514 202
514 208
513 213
513 220
513 225
514 230
513 234
514 238
513 244
514 247
514 252
513 257
514 265
512 270
513 270
514 279
515 277
512 291
511 297
518 298
512 296
515 307
510 311
515 319
512 322
516 326
513 334
514 341
514 344
513 349
513 354
513 360
513 380
514 382
514 385
514 389
513 394
512 403
515 405
510 415
513 420
514 429
513 435
513 440
513 448
514 453
513 458
514 463
513 468
515 472
515 476
512 482
514 483
513 490
513 494
516 499
512 496
512 516
516 521
512 531
512 534
512 539
516 548
513 554
511 558
515 556
505 571
515 563
515 578
514 586
508 591
510 595
512 602
515 606
512 610
510 618
512 617
515 631
512 636
513 642
513 650
513 655
513 662
515 666
512 672
513 678
512 682
513 688
515 693
513 713
513 715
513 719
513 722
513 726
513 732
514 735
512 740
512 744
513 748
514 752
513 756
514 759
512 764
514 768
513 773
513 778
503 782
424 784
419 788
356 791
406 796
217 794
198 800
206 803
235 809
225 812
226 817
223 824
207 826
257 831
231 834
243 838
263 840
280 844
291 847
270 850
279 852
292 856
278 861
242 864
281 866
294 870
275 874
294 876
323 879
272 882
337 884
349 889
320 889
352 890
347 895
381 895
341 896
358 898
413 899
351 901
409 906
412 907
379 908
369 910
381 911
398 912
391 913
414 914
382 915
410 917
399 917
393 920
416 922
408 922
403 921
443 921
436 924
407 921
447 923
447 923
440 923
448 923
466 923
460 922
454 924
455 923
486 923
449 922
462 922
483 923
469 923
468 922
488 922
494 921
499 920
511 917
512 916
513 912
512 910
513 908
513 905
513 904
513 902
513 900
514 900
513 898
513 897
513 895
509 893
514 889
513 888
513 885
512 882
513 879
512 876
514 874
513 871
513 754
512 754
513 750
513 742
514 739
513 735
513 730
513 724
514 719
513 714
514 707
513 704
513 698
514 691
512 687
513 683
514 677
512 673
513 666
513 663
514 657
515 653
513 649
515 640
512 635
514 629
514 622
509 615
516 608
513 602
513 593
510 590
513 581
514 579
509 578
516 563
512 566
513 559
511 557
513 550
513 548
513 538
514 533
513 530
514 519
512 516
513 506
514 500
513 495
515 486
512 483
514 475
514 472
513 466
513 461
513 456
513 450
513 431
514 427
514 423
513 418
514 411
514 406
513 400
513 394
514 387
513 383
504 372
522 369
510 363
515 358
512 352
513 348
514 343
513 338
513 333
514 330
513 323
513 319
513 308
513 309
514 305
513 300
513 296
513 293
513 288
513 285
513 281
513 275
514 271
515 267
513 262
514 257
515 255
587 253
664 249
629 245
645 242
663 241
893 237
868 232
820 226
825 216
826 220
817 213
775 212
798 206
786 203
747 200
744 197
744 192
770 190
733 187
707 183
779 171
747 168
754 166
750 162
729 160
738 158
728 156
659 150
691 150
693 148
670 146
720 145
642 143
685 141
631 140
656 138
693 137
660 135
647 135
664 140
652 131
629 120
651 128
628 100
634 126
651 128
641 127
641 122
632 121
612 120
616 118
625 117
623 117
606 116
622 115
616 115
581 115
577 114
603 114
572 114
558 114
569 114
586 114
559 113
560 118
582 112
553 113
569 113
541 113
570 114
543 114
533 115
542 116
522 117
516 119
514 122
513 129
517 134
514 132
505 138
529 134
514 137
514 137
514 143
512 141
516 148
515 146
513 148
514 153
514 153
514 157
514 159
513 163
514 166
514 169
513 174
514 176
513 180
513 182
514 185
514 189
514 194
513 197
514 201
513 205
513 210
514 215
513 221
514 227
513 230
513 237
513 242
514 247
512 251
513 256
513 260
508 266
514 271
521 276
514 280
513 284
508 291
502 295
515 298
509 306
516 304
514 318
510 316
515 325
511 328
512 334
515 341
513 345
513 368
513 370
516 373
513 377
514 380
514 386
514 394
513 397
513 405
513 409
512 417
513 424
514 431
513 438
512 444
511 450
513 455
513 462
515 464
514 469
513 473
514 476
511 483
514 486
513 492
514 498
513 503
511 512
513 525
511 524
513 541
512 538
515 551
511 554
516 559
513 560
514 572
519 569
513 579
512 580
512 586
512 602
516 597
512 612
512 610
514 624
515 620
516 636
512 632
515 640
512 645
513 651
512 657
512 666
513 669
512 674
513 680
513 700
513 704
514 706
513 709
513 714
514 719
512 724
514 730
513 734
513 739
513 742
513 746
513 749
512 754
514 757
514 761
513 766
512 770
513 774
513 778
466 782
391 784
408 790
392 792
279 793
190 797
197 802
215 806
210 810
232 816
244 819
199 823
237 827
248 832
252 835
251 839
279 841
300 845
297 849
248 850
287 854
312 858
279 862
274 865
229 867
305 871
341 875
252 878
304 880
303 883
306 883
349 888
341 888
362 892
311 893
359 895
345 897
349 903
348 905
361 906
400 905
364 907
392 908
379 910
378 911
407 913
419 913
403 915
392 916
414 917
386 918
408 916
411 919
418 920
424 921
417 920
434 922
449 923
422 925
439 921
455 924
444 923
406 923
479 923
461 925
445 924
479 925
463 924
448 925
451 923
496 924
459 923
472 922
501 919
505 919
511 917
512 914
512 911
517 908
513 905
513 905
513 903
513 901
512 901
513 899
512 898
513 896
513 895
514 892
513 889
513 887
514 883
513 880
513 879
513 867
513 863
511 863
513 860
514 858
514 854
514 849
511 847
513 846
512 839
513 835
514 831
513 828
513 821
513 817
513 811
513 805
513 799
513 795
513 789
513 784
513 781
513 776
514 770
513 765
514 762
515 756
513 750
513 748
513 742
513 736
513 731
513 728
514 721
512 715
513 712
512 705
514 700
513 696
512 687
512 686
514 680
514 674
513 670
513 665
513 660
514 656
513 648
513 646
513 640
514 631
513 627
514 619
513 611
514 605
512 597
512 592
514 572
499 571
514 566
512 563
514 557
513 554
512 549
515 543
513 538
514 530
510 525
513 516
512 512
513 504
514 497
513 491
513 485
514 478
514 474
512 469
515 464
514 459
512 454
514 448
515 444
514 439
514 433
513 427
512 421
513 415
514 408
514 402
513 396
513 389
513 384
515 380
510 371
514 370
502 360
512 356
513 349
513 345
513 340
513 335
513 331
513 326
512 322
513 316
514 313
514 307
513 305
513 299
513 294
513 290
513 288
514 282
514 277
513 262
512 259
516 256
523 255
619 250
656 248
644 243
638 240
840 240
883 236
847 230
825 230
820 221
841 223
820 207
784 208
805 205
766 201
743 191
756 195
760 193
709 188
736 185
735 183
753 179
760 175
730 172
752 168
762 165
766 162
723 159
697 156
745 154
690 150
690 150
680 146
709 146
654 146
658 141
692 141
612 139
682 137
664 136
688 133
646 133
649 132
649 127
614 129
665 136
605 123
639 133
632 132
644 130
630 123
618 120
635 118
597 120
611 116
623 114
596 117
609 115
575 115
567 114
612 114
560 114
576 113
580 114
575 116
570 113
550 113
568 114
573 113
529 113
575 114
534 114
539 115
525 117
519 118
516 121
514 123
514 122
514 133
510 133
514 138
514 133
515 132
515 133
513 131
514 137
514 144
519 138
513 148
514 152
512 150
514 153
514 157
513 159
513 161
513 164
513 168
514 171
510 175
513 177
513 180
513 183
513 187
513 191
513 196
513 198
513 204
513 208
513 213
513 217
514 222
513 241
513 248
513 249
513 254
513 259
513 262
511 267
514 273
514 278
514 279
510 285
515 293
520 303
516 302
514 307
517 311
512 319
512 322
513 329
512 333
513 340
510 341
514 351
512 355
516 356
513 365
512 369
513 371
512 380
514 382
513 387
512 394
513 399
512 408
514 412
513 421
512 427
513 433
512 441
515 447
512 454
514 457
509 463
512 466
514 469
511 476
513 478
512 485
513 489
513 494
513 500
511 510
504 510
512 521
500 531
513 530
514 541
510 565
514 563
515 569
512 577
504 577
513 588
511 595
512 592
515 599
516 603
498 611
514 614
515 624
517 632
513 637
503 640
512 649
511 654
514 661
513 666
513 672
513 677
514 682
512 687
514 693
512 698
513 702
515 707
513 711
513 716
513 722
512 727
513 732
513 735
513 740
513 746
513 748
513 751
513 756
512 760
514 764
514 766
513 773
513 777
514 780
429 786
402 787
387 791
401 794
225 794
196 800
186 803
240 809
239 812
213 817
217 821
222 838
265 839
263 842
256 844
273 847
271 850
256 853
295 857
271 860
255 863
278 866
264 869
298 873
322 876
274 879
278 881
294 887
333 887
309 889
364 890
347 891
319 894
369 896
366 898
387 900
341 900
377 902
374 904
364 906
410 907
366 907
411 909
370 911
405 912
409 913
377 914
408 916
386 917
402 917
409 916
412 920
400 920
426 921
427 922
412 921
430 922
446 925
423 924
422 924
451 923
449 924
438 924
448 924
484 924
456 925
452 925
465 923
468 923
473 921
507 921
505 920
515 917
512 916
508 912
512 910
513 908
514 905
513 905
513 902
512 901
513 900
513 899
513 896
513 893
512 894
513 891
513 888
513 886
514 883
513 881
513 876
513 874
512 871
513 871
514 868
513 859
513 859
513 856
513 853
513 848
513 846
513 842
513 837
512 833
512 829
513 824
514 818
513 813
514 807
511 802
513 796
514 791
514 788
512 782
513 780
512 773
513 767
514 763
514 759
514 753
513 750
513 747
513 738
512 733
513 714
514 710
513 705
513 700
513 697
513 694
513 686
513 683
514 678
513 672
512 667
515 664
513 659
519 652
515 647
513 642
513 640
512 629
513 622
512 616
513 608
515 598
512 596
513 586
511 583
513 578
518 572
513 569
512 563
513 561
514 556
512 553
513 545
515 541
512 536
515 527
513 524
514 514
512 509
513 499
512 495
513 489
516 481
512 477
515 471
512 467
513 461
515 457
512 452
515 447
513 442
513 437
515 431
513 426
512 419
513 413
513 404
511 381
513 376
513 372
514 372
514 369
518 359
512 354
512 347
512 344
513 337
514 333
513 327
511 324
514 317
512 314
513 310
513 305
512 300
513 297
513 292
514 290
513 285
513 281
513 277
514 272
514 268
513 265
514 259
516 255
593 254
648 247
639 244
656 241
631 242
891 238
850 232
861 228
803 226
772 221
847 215
788 212
751 207
791 203
775 200
736 196
736 193
746 190
769 188
733 184
717 181
773 177
739 174
776 169
760 168
684 163
770 160
735 158
721 149
708 147
678 146
706 144
695 142
659 141
668 140
634 138
658 136
630 136
674 132
672 132
648 133
650 130
634 126
628 128
620 125
625 134
621 121
649 122
593 121
652 118
626 119
599 118
610 117
590 117
633 116
601 116
558 115
622 115
579 115
570 114
590 113
581 114
562 114
572 113
578 113
583 113
542 113
572 113
594 114
533 113
552 113
555 113
541 116
515 117
515 119
516 121
514 125
515 128
513 129
518 132
514 129
517 134
516 135
513 137
514 137
511 148
509 148
516 150
514 152
513 155
514 157
513 160
513 163
514 165
513 169
513 172
513 175
513 179
515 182
513 186
513 189
513 192
513 196
513 202
514 206
514 210
514 215
513 220
512 223
514 232
513 236
513 241
513 244
513 250
514 258
513 260
513 266
507 269
514 283
514 285
512 286
513 289
512 296
513 301
515 308
514 311
512 313
514 332
508 328
514 339
508 340
511 352
512 345
514 350
512 357
513 359
512 367
512 370
512 376
513 381
513 384
512 392
511 415
513 420
513 424
514 430
513 439
513 443
513 450
512 458
514 458
513 467
514 468
513 474
513 477
513 482
513 487
513 491
511 499
514 501
513 515
516 516
511 526
514 532
512 540
511 542
525 547
514 555
522 564
516 564
516 573
512 581
517 583
510 588
514 591
511 601
512 602
512 606
513 613
521 627
515 623
525 633
512 638
517 641
512 651
513 658
513 663
513 669
513 675
513 680
513 684
513 690
514 695
513 700
512 706
513 709
513 714
513 719
513 724
512 738
512 743
514 746
513 749
513 753
513 757
513 762
514 766
513 770
512 774
514 778
510 782
402 786
403 790
362 793
300 793
224 798
193 801
228 806
235 810
237 815
219 818
236 823
200 827
261 831
275 836
222 839
272 842
280 845
279 849
273 851
280 854
251 858
299 862
279 865
251 869
282 871
287 874
322 878
316 881
280 883
293 885
342 888
338 890
345 892
388 894
360 895
342 897
369 899
389 901
361 902
387 903
372 906
389 906
385 908
384 909
400 910
376 914
389 915
385 916
370 917
405 917
408 918
423 920
400 921
432 920
420 922
428 922
424 923
449 924
442 924
421 923
463 925
458 924
441 924
453 926
469 925
482 924
442 924
473 924
476 924
463 922
481 923
483 918
503 921
505 919
514 917
512 914
512 912
512 908
513 906
513 905
513 903
513 902
513 900
513 899
513 898
513 896
513 894
512 892
512 889
513 888
513 884
513 881
513 879
513 874
514 871
514 870
513 867
511 864
512 861
512 857
512 855
513 839
514 836
513 832
513 829
513 826
513 820
513 816
513 810
513 805
513 798
513 795
511 791
513 788
512 783
512 776
512 771
512 764
513 760
513 757
512 750
513 746
513 740
513 736
513 730
513 728
513 721
514 715
514 711
512 707
514 699
513 696
513 692
512 684
513 681
512 677
513 670
513 667
513 659
513 656
513 653
513 643
513 640
513 632
514 627
512 621
516 610
513 605
514 597
512 591
513 585
514 580
512 575
515 571
506 565
512 564
511 558
514 553
511 530
513 528
511 521
513 518
515 510
512 506
514 497
514 493
515 485
511 479
511 474
513 470
513 464
513 459
512 455
515 449
513 445
513 439
513 433
513 428
515 421
512 415
513 408
515 402
513 397
513 390
513 384
511 379
513 373
511 369
513 357
513 357
513 351
513 344
513 341
513 336
514 331
513 326
514 321
514 316
514 312
513 307
513 301
511 298
513 294
512 290
513 286
513 282
513 278
513 275
513 270
514 265
513 261
512 256
522 252
639 252
652 246
632 235
851 230
802 226
793 226
798 221
794 217
817 210
798 207
761 197
776 201
739 198
755 195
749 191
741 188
765 185
726 182
763 179
754 175
738 172
756 168
730 166
750 163
747 159
701 156
747 154
707 152
716 150
667 149
639 145
690 143
676 142
689 140
650 138
683 137
640 135
649 132
692 132
619 131
671 126
617 129
645 127
630 125
642 126
638 116
617 121
638 120
614 121
620 120
637 118
634 117
585 116
590 116
614 116
600 114
582 113
593 113
607 113
560 113
566 113
553 113
573 113
598 113
541 113
562 113
570 117
553 116
540 114
541 116
534 116
517 113
515 120
515 121
514 126
517 131
516 137
513 133
512 139
518 135
515 136
514 137
513 139
514 140
517 142
515 144
515 149
515 141
514 151
512 157
514 157
511 161
513 164
513 167
515 170
513 174
513 177
513 181
513 183
513 188
514 191
513 194
513 198
513 204
513 207
512 212
513 218
513 224
513 228
514 234
513 238
514 242
513 246
514 253
514 256
514 262
513 280
513 287
515 286
515 292
514 302
513 306
503 304
512 315
512 326
512 320
520 324
514 329
498 340
515 340
513 347
513 355
513 358
513 363
511 370
514 372
513 378
512 383
513 388
512 394
513 400
512 406
512 413
514 420
512 427
513 434
514 442
513 447
513 454
513 458
514 462
512 467
515 470
513 475
514 479
513 484
513 487
512 495
514 498
513 506
510 509
515 519
508 529
513 535
510 544
517 546
510 551
509 558
501 564
512 570
512 574
516 573
515 581
515 604
513 603
511 612
510 618
505 624
514 632
510 637
514 642
513 649
512 654
513 660
513 666
513 675
513 676
513 681
513 688
513 693
513 697
514 701
513 707
513 711
513 716
513 721
513 726
514 731
513 736
513 740
513 744
513 748
513 752
513 755
513 759
513 764
513 768
513 772
513 776
510 781
472 785
384 784
395 792
362 795
199 795
205 800
206 804
233 808
231 814
208 817
222 821
239 825
230 830
222 834
260 837
279 841
257 844
273 847
298 850
295 853
516 532
512 543
512 550
511 559
513 571
516 567
515 571
509 575
517 572
509 584
515 593
511 594
512 603
512 606
512 617
513 619
516 628
512 636
510 638
514 652
518 651
513 658
512 662
513 669
513 673
512 679
513 684
513 690
514 695
512 699
513 704
513 709
514 713
513 718
513 724
514 728
513 733
513 737
512 741
514 746
513 749
513 753
513 757
514 762
512 766
513 770
513 775
513 781
510 781
429 784
389 792
372 789
266 792
162 794
230 798
220 804
232 808
218 842
217 844
278 846
246 845
301 851
319 853
247 855
289 860
253 866
276 867
332 866
236 875
260 876
334 883
308 880
319 882
341 884
383 886
298 889
351 892
380 895
376 897
372 899
373 901
379 902
326 902
376 905
409 906
378 908
398 909
370 910
390 911
400 912
403 913
386 915
420 916
387 915
401 918
406 919
395 918
447 921
398 921
423 923
457 923
415 923
439 922
449 923
454 923
433 923
453 924
469 924
447 925
453 924
454 924
469 924
454 923
475 924
491 921
495 920
509 920
511 916
512 915
513 911
512 908
513 906
512 905
513 902
510 902
513 900
513 899
513 899
517 895
513 894
513 892
512 890
513 888
513 884
513 882
512 877
513 876
512 873
512 872
512 866
513 866
514 862
513 858
512 854
515 851
514 848
513 843
512 838
513 835
513 831
514 830
515 822
513 817
512 812
512 805
513 801
513 797
514 791
512 788
513 782
513 774
513 771
513 767
513 762
514 755
513 751
513 747
513 741
513 738
513 735
513 711
513 707
511 702
512 699
514 695
514 689
513 685
512 680
513 676
514 670
514 665
513 661
513 657
512 651
514 644
513 641
513 633
515 626
512 618
513 611
513 607
513 599
513 591
513 587
513 581
515 575
512 571
512 567
511 562
513 560
514 553
512 551
514 542
513 538
513 533
515 525
513 520
515 511
512 506
513 498
514 491
516 486
515 479
513 474
513 471
513 466
514 460
512 455
514 451
514 445
513 444
514 435
514 428
514 423
514 416
513 410
513 403
513 378
513 376
513 372
514 367
507 360
514 368
512 352
514 345
513 342
513 336
516 331
513 328
513 322
513 317
513 312
513 308
513 303
513 298
514 294
514 291
512 286
513 283
514 279
512 275
513 271
515 266
514 261
515 257
517 253
627 253
657 248
643 244
660 239
888 239
879 234
819 231
771 227
820 223
815 217
781 213
794 200
785 207
774 202
755 198
743 195
758 192
757 189
740 186
724 183
739 179
764 175
746 171
758 169
773 164
716 162
756 160
753 157
683 148
709 146
671 145
691 144
695 143
608 141
677 138
681 137
669 136
671 135
646 133
649 132
644 130
652 128
618 126
635 127
613 116
645 125
628 123
626 122
663 121
592 120
594 118
627 117
623 116
599 117
616 116
614 116
595 114
578 114
605 114
578 114
561 114
597 114
595 113
555 114
580 113
555 113
574 113
556 113
559 114
570 114
540 115
538 117
547 116
519 118
515 121
514 123
514 126
514 128
514 131
517 128
512 135
495 139
515 145
516 136
515 139
497 149
522 149
514 153
514 152
513 157
513 159
514 161
513 165
515 168
515 169
513 173
513 176
513 179
512 182
513 186
513 191
513 194
513 198
514 203
513 208
515 212
514 219
513 224
513 229
513 234
513 239
513 242
513 247
513 253
515 256
513 261
512 268
513 268
509 275
515 281
514 292
517 295
511 297
514 302
510 303
511 312
511 312
515 321
512 321
507 336
512 340
515 342
516 350
507 351
513 360
513 364
513 367
513 373
513 376
513 383
512 389
514 391
514 420
513 424
513 427
512 435
514 440
514 447
512 451
513 457
512 463
514 466
514 469
513 473
516 479
514 482
512 488
512 493
514 500
513 506
513 512
514 521
513 527
507 534
510 549
506 549
512 562
508 558
512 573
514 572
514 576
513 576
513 585
512 587
515 595
514 604
507 604
514 621
508 616
514 631
513 632
513 638
514 641
512 654
513 655
513 660
513 665
513 671
514 676
513 682
513 688
512 693
517 697
512 703
513 707
514 711
510 717
513 721
513 727
513 743
513 746
513 748
513 751
513 754
513 759
514 765
512 769
514 773
514 777
510 781
459 784
402 786
409 789
368 794
161 795
176 799
218 804
211 808
237 813
232 818
204 820
225 825
260 829
242 833
252 837
269 841
269 844
313 847
276 851
300 853
295 857
287 859
299 863
248 866
303 870
292 873
269 875
340 879
276 882
315 884
311 886
337 888
388 891
324 893
386 894
348 896
381 898
314 900
372 900
410 902
353 904
426 906
338 906
404 909
356 909
394 910
401 914
394 916
413 917
412 916
395 919
402 918
412 922
445 922
410 920
437 921
441 923
421 923
454 924
454 925
448 924
442 923
456 924
468 923
451 924
438 924
479 923
460 922
449 925
469 924
483 922
464 922
499 922
509 921
506 919
512 916
513 915
512 910
512 907
513 907
513 903
513 902
513 901
513 900
513 899
513 896
513 896
513 894
511 891
513 888
513 885
512 884
514 881
513 877
512 875
513 872
513 869
511 865
514 862
513 859
513 855
513 851
514 849
515 834
513 831
512 826
513 823
512 818
514 813
513 808
513 805
513 799
513 793
512 788
515 783
514 778
514 772
513 769
513 762
514 759
515 755
512 752
517 743
514 738
513 737
513 724
513 723
513 720
513 714
512 707
514 704
513 698
514 693
512 689
513 683
513 679
512 673
514 668
513 664
513 658
514 653
512 649
514 644
512 635
513 631
517 623
514 619
514 609
512 600
513 594
514 589
512 580
513 578
514 572
516 568
511 567
513 558
512 557
513 552
515 546
512 524
513 519
513 516
513 509
514 500
513 495
515 487
510 484
512 477
515 473
513 467
513 464
514 457
513 452
513 448
513 442
515 437
513 430
513 425
513 419
513 412
514 406
513 399
514 393
514 388
513 382
514 376
513 370
514 365
510 360
511 346
514 348
512 343
513 338
513 334
513 329
514 325
513 320
513 314
514 310
514 305
514 301
513 296
513 293
514 289
513 284
513 281
512 276
514 272
513 268
514 263
514 258
515 255
522 252
652 249
661 246
656 231
859 228
837 225
806 223
852 219
814 215
781 211
801 197
771 205
747 205
756 196
731 194
778 190
738 187
700 184
781 180
752 177
765 174
749 170
741 167
766 163
739 162
756 158
741 155
682 152
680 150
699 148
704 147
680 145
720 142
645 142
644 138
662 138
637 136
716 134
644 134
663 132
632 131
632 129
640 126
599 123
653 123
616 125
640 120
619 120
658 118
644 121
598 119
625 119
586 117
634 117
603 116
616 115
617 115
574 115
599 114
611 114
577 113
601 113
573 113
583 113
585 113
548 113
569 114
561 114
565 114
537 115
545 110
533 116
514 118
513 121
514 124
514 127
512 132
516 126
512 134
513 136
511 136
514 139
515 140
