921 160
829 157
787 156
785 154
789 152
761 150
759 149
772 145
779 144
785 142
694 140
752 139
754 138
678 151
757 130
712 133
735 133
720 130
715 129
703 127
671 126
729 124
672 124
682 123
681 121
682 121
713 120
681 119
650 118
636 117
660 117
696 115
633 114
613 115
641 113
638 114
602 113
619 113
622 114
604 114
570 114
641 114
601 114
592 114
580 118
601 113
582 105
565 114
560 105
539 114
512 108
512 119
507 120
516 127
514 129
514 130
515 133
177 847
152 850
115 852
153 855
174 859
156 863
149 865
141 869
167 872
123 875
209 878
224 882
186 873
235 886
215 888
278 891
268 889
274 894
297 896
248 898
334 899
288 901
279 902
301 904
312 906
340 907
304 911
311 909
292 913
364 910
322 913
355 914
331 916
325 916
369 917
340 918
358 918
384 920
344 920
361 920
404 921
387 923
375 923
410 923
419 923
422 925
403 923
428 919
422 924
426 924
448 925
442 924
436 924
420 923
473 923
471 923
445 923
514 175
514 177
509 178
512 182
514 185
514 190
515 192
514 197
513 201
512 212
506 214
510 227
509 220
508 226
515 241
511 239
520 243
518 256
512 251
518 255
513 259
507 267
513 270
514 274
513 279
513 285
513 290
513 295
513 301
513 305
514 310
514 315
513 323
514 327
513 331
514 336
513 342
513 346
513 351
514 356
514 361
514 365
513 369
514 376
513 382
513 386
514 392
513 396
514 403
514 411
513 418
517 423
513 435
514 440
511 447
519 453
512 458
514 548
514 551
513 556
513 562
513 567
513 571
514 577
513 581
515 587
513 592
513 597
517 602
513 610
513 615
513 624
513 628
514 634
513 640
513 646
514 652
513 659
512 664
513 669
512 675
512 681
513 687
511 693
514 703
517 701
515 704
510 709
516 715
511 721
517 724
513 727
514 734
516 738
511 744
513 747
516 750
514 755
509 758
516 765
518 765
516 775
514 774
517 780
511 783
400 787
205 786
166 790
229 794
87 796
50 800
40 805
80 809
75 813
81 833
109 835
153 837
156 841
183 841
173 845
148 848
177 851
152 854
185 857
159 860
128 861
145 867
160 869
203 875
132 878
150 880
195 882
232 884
247 888
224 890
257 892
251 893
283 895
283 896
281 899
304 900
296 902
318 904
287 905
325 907
282 909
316 908
340 910
331 911
333 913
355 914
355 916
341 916
350 917
305 918
349 919
382 919
375 919
381 920
372 923
353 921
405 922
413 923
387 923
382 923
430 923
412 923
418 922
418 924
418 924
440 924
428 923
439 923
453 923
466 923
493 922
503 920
512 917
512 914
512 911
512 909
512 907
512 904
512 901
512 902
513 900
512 898
512 899
513 898
511 896
513 895
514 890
513 888
512 884
513 883
514 879
513 876
513 874
513 870
513 867
513 865
513 860
514 858
513 853
513 849
512 848
513 844
512 840
513 835
513 831
513 826
513 824
513 815
512 811
513 805
513 799
512 790
513 791
513 786
513 781
513 775
513 769
513 764
513 761
513 757
513 747
513 746
513 742
513 722
513 720
514 715
512 712
514 706
513 698
513 695
513 690
513 684
514 681
512 676
513 668
513 665
513 660
513 656
513 651
514 644
512 640
513 634
512 626
512 620
514 611
514 604
513 598
512 591
514 584
513 578
512 576
513 571
513 565
510 563
513 558
515 552
513 550
513 542
512 539
512 531
514 524
512 520
514 510
513 504
514 497
514 491
508 485
512 479
513 473
512 468
513 465
513 459
513 454
513 450
513 444
511 437
511 433
513 427
514 421
512 414
513 391
519 386
513 382
514 376
513 373
513 367
514 362
514 354
513 350
512 345
514 339
513 336
514 329
513 326
513 322
513 315
513 311
513 306
513 302
513 298
512 293
513 290
513 286
514 282
513 279
513 275
513 269
514 264
513 261
515 257
523 253
640 255
641 249
909 248
895 241
916 239
975 238
996 233
1020 227
934 222
945 218
975 215
927 210
902 206
906 202
900 199
899 195
849 194
807 189
890 188
878 183
851 181
839 176
819 173
908 169
880 167
844 163
791 153
779 151
838 151
779 149
712 145
762 144
729 143
783 140
697 139
810 138
739 138
685 140
743 136
668 133
760 130
686 130
721 128
689 126
706 125
710 125
664 122
689 120
637 121
672 119
722 119
672 117
631 118
627 117
668 116
654 115
624 114
628 114
613 114
602 114
612 113
622 114
604 113
594 114
602 114
589 113
603 113
571 111
591 117
578 117
584 115
553 115
532 117
531 116
515 122
518 114
520 127
514 129
514 130
513 133
514 134
513 136
514 137
514 143
516 144
515 145
513 149
514 151
513 153
513 157
513 158
513 162
513 164
515 167
513 170
514 174
513 176
513 180
514 183
513 188
515 190
514 194
514 199
514 205
510 191
486 215
515 217
526 224
516 235
514 235
514 239
514 245
512 252
513 252
504 257
511 264
490 273
513 271
513 277
512 284
513 287
513 290
514 296
513 303
513 307
514 312
512 318
513 323
512 326
513 332
513 341
513 344
513 347
513 354
514 359
514 364
513 369
513 373
514 378
513 531
513 534
514 541
514 547
513 553
513 559
513 564
513 570
514 574
513 579
514 584
513 588
514 594
513 600
512 605
513 611
512 618
512 623
514 629
513 638
512 643
513 649
512 655
513 662
512 667
513 673
513 678
506 684
513 685
503 693
511 698
514 702
514 708
515 713
513 716
513 722
513 728
514 732
506 736
513 742
504 742
511 746
507 753
514 755
514 760
513 763
514 770
513 773
511 778
510 781
466 783
301 783
197 788
162 792
125 796
64 798
95 802
79 807
90 823
108 826
131 829
123 832
134 836
142 839
114 842
161 846
188 849
160 852
145 856
147 859
157 862
138 867
158 870
166 872
142 875
188 878
214 880
185 884
221 889
236 889
251 890
308 892
243 895
283 896
275 897
258 896
292 901
289 902
313 904
308 905
310 907
337 908
299 910
272 910
327 912
331 913
302 913
361 916
377 915
342 914
333 918
338 919
337 919
378 920
380 921
390 921
375 922
375 923
416 923
415 924
413 923
418 923
417 924
415 923
427 924
433 924
433 925
442 923
466 922
455 922
466 922
487 920
513 919
509 916
512 913
512 909
512 908
513 905
514 903
515 902
513 901
513 899
514 902
514 896
514 895
513 893
514 890
513 889
513 886
514 883
513 880
512 877
512 875
513 873
512 869
514 867
513 863
514 861
511 856
514 854
513 849
512 846
513 841
513 838
512 833
513 828
514 824
512 821
512 814
513 808
513 800
513 798
513 793
513 790
513 785
513 778
513 772
514 768
513 765
512 761
512 755
513 747
513 730
512 727
513 727
513 719
514 713
515 709
512 704
515 696
514 694
513 688
513 682
513 679
513 672
512 670
513 665
513 657
512 654
512 647
512 642
512 637
513 627
512 624
514 615
514 611
513 601
513 593
513 591
513 580
513 579
513 575
512 569
513 564
513 559
512 557
513 550
513 547
513 542
513 536
512 528
514 521
512 515
512 508
513 501
514 493
513 489
512 482
513 475
513 473
514 466
513 463
514 457
513 452
514 447
513 442
513 435
513 430
512 400
513 402
507 398
513 392
513 387
513 381
513 374
513 369
512 364
514 359
513 353
513 348
513 342
514 337
513 333
512 329
513 324
514 319
513 314
513 309
513 306
514 301
513 297
512 292
513 288
513 283
514 281
513 277
513 272
512 267
514 263
513 259
519 256
574 254
638 250
814 252
908 246
857 240
1009 244
997 234
980 229
965 225
946 220
926 216
958 212
916 208
925 206
885 201
872 198
877 194
858 191
858 188
862 186
870 182
908 178
862 175
835 171
861 159
823 156
827 155
816 153
799 152
832 149
747 147
744 145
749 144
722 141
773 140
717 139
749 131
724 133
749 139
690 133
689 131
734 128
686 127
699 127
688 125
728 123
676 123
697 121
702 120
643 120
672 118
676 118
693 115
662 116
616 116
645 115
655 115
614 114
632 114
625 114
606 113
620 109
602 113
622 113
595 113
579 113
572 113
605 113
587 114
576 114
565 113
567 113
557 121
534 121
518 122
517 123
514 141
523 127
515 130
514 131
513 133
514 139
513 139
513 140
513 142
513 144
514 145
513 149
514 151
514 155
514 158
513 160
514 162
513 166
513 168
513 172
513 175
513 178
514 181
514 184
514 189
514 194
512 196
512 202
513 205
513 207
513 213
509 215
509 227
504 224
514 235
505 242
506 245
512 241
511 258
520 260
512 268
512 273
512 274
513 279
512 287
513 292
513 295
513 299
514 304
513 309
514 313
513 320
513 325
514 329
513 336
513 341
514 345
514 350
513 356
514 359
514 365
513 370
513 389
514 393
512 398
513 403
514 410
513 417
512 423
515 428
521 438
512 444
507 449
511 455
512 461
515 462
514 469
510 472
513 477
514 481
514 483
515 491
514 495
516 505
512 509
514 516
512 525
513 528
513 539
513 544
513 550
513 556
513 563
512 566
513 572
513 577
513 581
513 585
514 591
513 597
512 603
513 609
512 614
512 620
513 625
512 633
514 639
514 644
513 652
513 657
513 663
514 669
512 674
513 680
509 680
514 689
507 695
512 701
515 703
515 730
513 730
510 732
511 734
505 729
511 739
508 748
514 752
516 752
513 756
513 761
511 768
514 769
517 772
510 779
513 775
422 784
227 784
186 790
203 795
48 796
31 800
66 804
108 809
53 813
60 818
89 822
97 828
71 831
125 834
161 837
130 841
162 844
166 847
168 850
147 853
163 856
155 860
153 863
145 867
150 870
174 874
166 877
162 882
203 882
216 889
225 878
227 889
262 890
261 893
307 894
277 897
251 898
315 900
267 901
312 903
304 905
291 906
330 912
348 911
346 913
326 913
347 914
353 915
347 916
352 918
338 918
377 919
364 920
352 920
386 921
396 921
375 922
391 923
410 922
404 923
397 923
445 923
409 924
415 924
439 924
424 924
431 924
452 923
429 924
441 923
471 923
467 923
479 921
496 919
514 917
512 915
512 912
512 908
513 906
512 905
510 903
513 903
512 902
513 900
514 898
512 898
511 896
514 893
512 890
512 888
514 881
514 882
514 875
512 876
513 875
512 870
512 867
512 862
512 862
513 848
513 846
513 844
513 840
515 836
513 831
514 826
513 822
512 817
513 811
513 806
513 800
513 795
513 791
513 787
513 782
513 775
514 771
512 768
513 763
513 756
512 750
510 748
513 744
512 737
513 731
513 727
513 725
513 716
513 712
513 707
512 701
512 695
513 692
513 687
514 681
512 678
514 670
514 665
513 662
514 656
513 652
512 644
514 638
513 633
513 625
514 619
512 612
513 605
514 599
513 588
513 583
513 581
513 577
513 570
513 568
512 550
514 546
513 540
512 538
513 533
514 524
513 520
512 511
513 505
514 498
514 491
513 485
513 479
513 472
513 469
512 465
513 460
516 453
513 451
513 445
514 439
513 433
513 430
513 426
512 416
513 409
513 402
508 389
514 391
513 384
513 382
513 371
513 367
513 362
514 356
513 350
513 345
514 340
513 336
513 331
513 327
513 321
514 317
512 311
513 307
513 306
513 299
513 294
513 290
513 286
513 283
514 280
514 275
513 270
514 265
514 261
515 257
521 248
867 245
867 243
1006 230
1023 239
1019 232
998 227
942 223
938 219
987 215
940 210
892 206
917 202
897 199
835 196
863 193
856 189
880 189
859 183
812 180
920 178
870 173
856 170
887 167
827 162
874 161
814 157
822 155
824 153
752 151
793 148
739 146
778 144
742 144
688 140
764 139
715 138
733 132
721 132
739 130
718 134
714 130
721 128
683 127
675 126
698 124
692 123
689 123
694 121
676 121
687 119
664 118
654 116
680 117
651 116
666 114
653 115
625 113
626 114
623 113
618 113
566 113
619 113
603 112
581 113
567 113
599 114
587 113
577 111
565 112
552 119
546 116
487 119
518 119
515 123
517 130
515 129
514 131
513 131
514 134
513 135
514 136
514 138
514 140
513 142
514 143
513 146
513 147
512 151
514 154
513 156
514 159
513 161
514 164
514 167
516 171
514 173
513 176
514 180
513 183
514 186
514 191
513 194
512 198
513 203
513 208
514 223
514 216
515 238
517 231
513 207
513 238
498 244
513 250
514 263
498 278
513 273
513 277
513 280
514 289
513 294
513 296
513 302
513 308
514 312
513 316
513 322
513 327
514 331
514 340
514 342
513 348
514 353
514 359
514 364
513 368
513 371
513 378
513 383
514 388
512 393
513 398
513 405
513 414
511 419
514 424
515 432
514 442
514 432
516 454
513 453
515 462
508 469
513 467
505 472
513 475
508 483
513 490
514 492
511 497
516 504
513 511
514 519
515 527
513 534
513 540
513 548
514 554
513 558
514 564
513 570
514 587
513 591
512 595
513 598
513 605
513 611
513 617
513 624
512 629
513 636
513 642
513 648
513 654
512 660
513 666
514 671
512 677
513 684
514 686
515 693
514 699
520 700
513 709
514 712
517 718
514 723
513 726
513 729
513 733
514 739
515 744
514 747
527 750
515 757
520 756
517 766
515 768
510 774
514 775
513 780
507 782
404 785
188 787
176 791
179 793
22 797
24 801
72 807
94 810
78 816
81 819
99 824
68 830
122 832
133 835
124 839
150 842
185 856
166 857
155 860
149 862
136 865
124 869
171 872
140 875
192 878
151 881
189 883
240 884
244 891
216 890
258 892
290 894
290 896
267 897
296 899
250 901
274 902
314 904
292 905
314 907
320 907
348 909
318 910
359 911
317 913
334 913
352 915
318 915
346 918
357 920
349 917
381 919
362 919
380 921
382 922
390 922
370 922
419 923
402 923
375 923
418 924
428 924
414 924
432 924
426 924
426 924
419 923
459 925
442 923
428 922
473 922
477 922
487 916
506 911
513 905
513 907
513 905
511 904
512 902
513 900
512 898
512 899
514 897
513 895
513 889
514 892
514 889
513 885
513 882
514 880
514 878
513 874
514 874
514 870
513 866
514 865
509 861
514 857
513 854
512 848
513 847
513 841
513 838
511 833
513 830
514 824
512 818
513 814
514 807
513 804
513 798
512 791
513 788
513 784
513 779
512 774
513 765
512 766
513 759
513 755
514 749
513 745
513 740
513 737
513 730
512 724
513 720
513 713
513 709
513 707
513 681
513 678
513 675
514 672
514 667
513 667
514 657
513 654
512 650
514 641
512 636
512 631
513 622
513 618
514 606
513 605
513 595
512 593
512 585
513 576
513 574
513 568
513 565
513 562
512 556
515 551
513 548
513 542
513 535
514 529
514 523
514 516
513 507
512 502
514 495
513 489
513 483
513 477
512 472
514 468
513 461
513 458
513 453
513 447
512 442
512 438
513 430
513 425
513 418
512 412
513 407
512 400
509 395
512 387
513 378
513 375
514 369
510 347
514 344
514 341
513 339
513 333
513 329
514 325
513 319
513 315
513 310
513 305
513 300
513 296
513 292
513 290
512 285
514 280
514 277
513 272
512 268
514 263
513 260
514 257
523 251
674 251
761 251
870 245
889 241
1017 241
1023 235
1023 229
982 224
926 221
939 217
996 212
931 208
899 203
871 200
881 197
866 194
841 192
840 188
855 185
869 182
858 178
864 175
856 171
879 169
889 165
833 162
825 158
796 157
851 153
839 151
781 149
738 149
748 145
725 138
730 137
760 136
747 129
705 134
696 132
724 127
740 129
691 128
684 126
716 125
690 125
724 123
686 123
673 121
651 118
688 119
716 118
650 117
658 116
649 116
656 114
652 115
603 114
656 114
613 113
602 114
655 112
593 113
589 112
614 113
600 114
578 114
592 112
584 114
581 114
565 114
576 111
552 116
526 111
517 120
516 119
515 127
513 133
512 129
514 131
514 133
513 135
513 133
514 136
514 140
514 139
514 140
514 144
515 146
514 148
514 151
514 162
512 164
514 166
514 169
514 170
514 174
513 178
514 181
513 185
514 188
514 191
513 197
511 199
513 205
503 209
518 221
514 219
514 224
514 229
516 235
514 245
508 242
512 248
514 253
515 265
523 257
517 276
506 274
513 278
513 284
514 292
514 295
513 298
514 304
513 310
513 313
513 320
513 326
513 329
513 334
515 343
513 346
514 350
513 357
514 361
513 364
514 370
514 375
513 380
513 385
514 392
513 396
513 402
513 411
513 414
513 423
515 448
513 457
511 457
513 460
515 469
514 473
514 472
516 475
514 479
513 487
515 486
514 498
513 504
514 513
516 515
514 526
512 530
515 534
513 545
514 549
513 555
513 563
513 566
513 572
514 575
513 580
514 585
512 591
513 596
513 601
512 608
514 613
513 620
513 626
512 632
512 639
513 645
513 651
511 657
513 662
513 669
513 675
513 679
514 685
510 692
517 695
519 703
510 707
511 709
511 713
513 719
513 724
512 723
513 732
516 740
511 743
517 750
520 762
512 766
513 766
515 769
514 774
511 777
507 783
432 784
256 784
195 790
209 793
96 796
0 800
44 805
79 809
66 813
109 817
86 821
83 827
80 831
149 834
135 839
148 841
136 844
162 847
200 851
146 854
145 856
152 859
175 863
175 866
127 870
176 873
145 876
175 879
207 882
197 884
257 884
208 891
216 892
305 892
274 895
277 897
294 899
280 902
295 901
287 903
319 904
300 906
339 908
300 909
319 910
327 911
339 912
326 914
343 914
335 915
352 917
338 920
347 922
338 921
359 922
354 922
393 922
386 923
422 921
403 923
409 923
417 925
412 924
417 924
425 924
439 924
420 924
439 923
450 923
448 923
452 923
459 922
478 922
497 919
506 917
512 915
511 914
512 910
513 906
512 904
511 903
515 904
513 900
513 901
513 898
513 897
512 897
513 893
514 890
513 888
512 885
513 882
513 881
513 878
514 875
513 869
512 869
512 861
512 863
511 856
513 855
512 848
513 848
513 843
513 840
513 837
513 833
512 826
513 807
513 802
513 802
513 795
512 790
513 786
513 783
513 778
513 771
512 762
513 761
513 758
514 751
515 747
515 741
511 739
514 733
513 728
512 722
512 719
513 712
513 705
513 703
512 695
513 690
511 688
512 681
513 675
513 672
513 664
513 662
514 655
513 651
513 642
512 639
513 635
512 628
513 620
513 612
513 608
513 600
512 589
512 587
513 579
514 578
513 571
514 565
513 564
514 557
512 555
513 550
513 544
512 539
513 531
513 526
512 517
514 516
513 488
513 483
513 476
513 474
513 470
514 464
514 459
512 455
513 450
513 439
513 440
512 434
512 427
514 421
514 415
513 410
514 402
511 396
517 390
513 385
513 378
513 373
513 368
513 362
518 356
512 352
515 345
513 341
513 336
513 331
513 326
513 322
512 317
513 310
513 308
513 302
513 299
513 292
512 290
513 286
512 283
513 277
514 275
513 271
513 266
514 261
515 258
518 252
620 252
653 250
849 249
924 243
880 239
1023 237
1006 233
992 228
953 223
908 203
903 205
911 201
851 199
891 195
911 193
828 190
819 186
862 183
895 181
900 176
828 173
862 169
891 167
881 163
836 161
777 158
811 155
832 153
790 149
818 144
732 145
739 144
753 142
719 141
742 139
744 137
762 136
745 131
703 134
690 129
713 129
712 128
693 127
719 126
712 124
717 122
724 122
687 123
658 120
627 123
702 118
701 118
658 117
644 116
635 116
638 115
655 114
631 114
618 113
604 113
610 114
624 113
589 113
594 113
586 113
617 113
569 114
590 114
570 114
565 118
555 116
519 134
512 118
524 115
512 123
512 128
514 130
514 133
515 134
514 136
515 137
513 138
514 139
514 141
515 141
514 146
514 147
514 150
513 153
513 156
513 159
513 161
514 164
513 167
513 170
514 173
513 177
513 180
514 184
513 186
513 189
514 194
514 199
512 202
513 207
513 219
508 217
512 228
516 233
513 240
520 240
517 258
510 244
515 256
513 253
514 263
512 264
506 270
514 277
512 282
514 287
513 293
513 312
513 316
513 319
513 323
513 328
514 331
514 336
513 344
514 348
514 352
513 359
514 362
513 368
513 372
513 376
513 383
513 387
514 392
513 401
513 404
514 413
514 418
514 427
515 433
511 443
514 446
513 448
514 462
510 468
514 470
512 468
514 476
512 478
513 482
514 488
514 495
517 498
511 503
513 512
512 515
513 527
512 533
513 540
514 548
514 553
512 560
514 563
514 569
514 575
514 580
512 584
513 588
513 594
512 600
513 605
514 611
513 617
514 643
513 647
513 651
510 655
513 659
513 667
513 669
513 676
513 680
513 689
512 693
515 698
512 702
510 704
513 711
516 718
516 721
512 726
515 727
508 738
512 738
516 745
514 744
513 752
511 754
513 760
517 763
512 768
511 772
515 776
507 782
510 783
366 784
220 786
189 791
132 794
51 798
64 804
76 806
86 810
71 814
99 820
107 828
78 827
86 832
123 836
151 839
159 843
148 846
148 848
177 852
162 856
168 857
155 862
124 865
196 869
170 872
131 875
144 886
246 893
229 883
260 890
265 892
291 894
270 892
298 897
232 896
316 901
298 902
290 903
308 905
315 906
379 908
271 909
370 910
311 912
323 913
311 915
320 918
345 916
327 917
395 918
354 919
347 919
351 921
373 921
427 920
380 919
375 922
405 923
421 925
409 923
423 924
421 921
418 923
416 924
436 924
446 923
436 924
423 924
456 923
457 923
466 922
456 924
493 921
511 919
510 916
512 914
512 911
512 908
513 905
512 907
510 902
514 903
513 900
513 895
515 891
513 891
514 891
515 888
513 885
512 881
512 877
512 876
513 871
514 868
512 866
512 863
511 860
512 857
513 852
512 851
512 846
513 843
513 836
512 835
513 829
513 823
512 820
513 813
514 809
513 805
513 798
512 792
513 789
513 784
513 780
514 774
513 768
516 764
513 764
511 759
513 749
513 743
514 742
513 738
513 730
513 725
512 721
512 714
513 711
513 706
513 700
512 691
513 688
514 684
514 678
513 673
515 669
514 664
513 659
513 653
514 630
513 626
513 622
513 617
513 611
513 603
513 595
513 592
513 603
513 581
513 578
514 568
512 566
513 560
513 558
513 550
510 547
514 542
514 536
512 529
516 523
513 517
513 508
513 502
513 495
516 489
513 482
514 477
513 473
513 467
512 465
513 457
512 453
514 447
514 442
512 437
513 429
513 424
513 419
513 412
514 407
513 399
513 391
512 388
513 381
513 376
514 370
520 364
512 359
513 353
513 348
513 342
513 338
513 334
513 329
514 324
513 319
514 302
514 299
513 296
514 293
513 290
514 284
513 281
513 277
513 273
513 268
513 263
514 260
518 256
527 249
643 250
777 251
910 246
891 240
1005 241
1023 239
965 228
966 226
986 221
959 216
930 212
939 208
947 204
884 201
855 197
873 193
907 192
826 189
822 184
874 181
875 178
905 174
816 171
854 168
902 165
854 158
857 159
817 156
807 153
803 151
779 149
784 147
769 145
748 141
743 141
741 142
728 138
709 137
774 135
719 134
701 118
752 128
691 129
688 125
685 124
678 124
677 123
705 121
648 121
695 118
675 118
656 117
693 117
632 116
643 115
635 115
621 115
654 114
601 113
608 113
602 114
604 114
607 113
588 113
586 113
603 112
602 115
575 114
595 113
572 113
560 117
551 111
544 117
520 119
514 123
519 122
516 126
513 123
515 134
514 133
515 135
514 136
513 137
514 140
512 139
514 142
514 144
512 146
513 150
513 151
514 154
514 157
515 160
514 163
514 166
514 170
514 172
514 174
512 177
513 193
513 195
514 197
513 201
513 205
514 208
513 211
522 215
510 227
487 227
514 233
513 238
517 247
514 250
507 256
513 258
512 255
513 268
504 268
513 279
513 284
514 290
513 296
513 300
514 301
513 309
515 315
513 320
513 322
513 331
513 334
514 339
513 346
514 349
513 355
513 360
514 364
513 372
513 374
513 380
514 387
513 390
513 400
513 402
513 407
513 416
514 420
513 433
513 435
502 444
510 455
513 453
513 464
514 463
512 471
512 473
512 473
514 500
515 503
511 502
513 509
512 515
516 523
514 530
512 539
514 542
513 552
513 555
513 561
513 566
512 573
513 576
513 580
513 586
514 591
513 597
514 602
513 608
512 614
513 620
513 626
514 632
516 638
513 645
513 651
514 656
513 663
513 668
514 674
514 679
516 684
513 691
513 702
507 699
513 706
512 710
512 724
513 715
515 726
513 725
513 731
513 735
507 742
513 753
507 749
512 761
503 757
511 763
514 764
515 773
515 772
509 789
513 779
454 786
193 795
87 799
54 801
14 805
59 808
80 813
80 816
84 821
113 825
73 830
105 834
108 837
143 841
165 844
149 849
138 851
180 854
177 857
164 860
156 863
140 866
180 870
186 876
153 876
154 882
238 881
226 885
194 887
239 892
232 891
287 895
280 895
291 898
300 899
245 900
335 901
303 903
297 905
291 906
329 906
354 909
298 911
362 912
315 912
357 913
310 914
343 916
334 917
328 918
381 918
357 920
344 921
347 922
372 923
413 922
380 922
389 923
417 923
425 925
418 924
435 924
430 924
432 924
438 926
465 923
414 924
457 923
479 923
447 922
478 922
501 920
510 918
510 915
512 913
512 909
513 908
513 905
512 903
513 902
513 901
512 900
513 902
513 896
513 895
511 893
513 890
513 887
512 884
513 881
514 877
514 876
514 872
514 870
515 867
514 864
512 862
513 857
514 855
514 849
513 849
513 845
513 840
513 836
514 831
514 827
514 822
513 817
513 812
514 806
513 801
512 796
513 791
513 788
513 784
512 778
513 756
513 755
513 753
514 747
511 742
514 737
513 733
514 726
513 722
512 719
513 711
512 706
512 702
513 696
513 689
514 687
513 681
513 675
513 673
515 668
513 661
513 656
513 651
514 645
513 640
514 634
513 628
513 619
512 613
513 609
513 597
513 592
513 584
512 581
513 576
514 571
513 568
513 563
514 559
512 555
513 549
513 545
513 538
513 533
513 526
514 518
513 513
513 503
513 499
512 490
514 486
513 480
513 475
512 470
513 465
513 460
514 453
514 435
513 430
512 427
513 420
514 415
514 409
512 404
513 396
513 391
513 386
513 379
513 374
514 368
513 362
513 356
513 349
513 346
514 341
513 336
512 332
514 326
513 322
513 318
513 313
513 308
513 302
514 299
513 295
513 290
513 289
513 283
510 279
514 275
513 271
514 265
514 260
516 257
520 253
605 251
636 247
863 248
877 243
820 239
1022 241
1023 235
978 232
975 222
997 219
940 215
950 209
928 203
913 203
879 198
866 195
845 193
865 187
851 176
891 170
831 171
846 168
889 167
