513 757
514 759
517 759
513 765
516 769
513 776
514 779
508 789
409 781
260 783
129 786
119 788
115 795
0 801
0 801
0 805
0 809
0 815
0 818
0 823
0 827
0 831
0 834
13 838
22 841
11 844
67 847
87 851
0 853
63 857
37 861
10 864
70 867
32 870
22 874
38 876
57 879
122 883
120 885
148 888
133 888
147 892
229 893
208 893
189 898
178 905
221 900
229 906
251 902
234 913
235 902
256 908
257 908
251 908
231 910
258 914
263 912
282 914
288 920
294 918
319 927
511 327
512 324
513 319
512 314
513 309
513 304
513 299
513 296
513 292
513 288
512 285
515 280
513 275
514 271
513 268
514 262
516 257
522 254
608 254
708 251
883 251
970 247
978 240
1023 241
1023 238
1023 232
1023 228
1023 223
1023 219
1023 214
1023 210
1023 206
1023 201
1000 198
989 195
990 192
964 189
994 186
971 181
986 178
1022 176
959 171
1007 170
1002 166
960 164
967 160
885 159
931 154
915 153
863 151
873 148
823 148
890 145
795 143
798 141
823 923
400 923
389 923
385 923
404 923
399 922
415 922
417 923
433 922
443 923
431 922
459 921
489 919
510 917
511 915
512 912
511 909
512 907
512 905
513 902
514 902
512 901
514 898
513 900
515 896
513 893
516 892
513 891
512 888
513 884
511 882
513 880
513 876
513 872
512 871
512 868
512 865
512 862
513 858
513 855
513 851
513 848
513 843
514 840
515 836
513 831
512 825
513 821
513 815
513 811
513 807
513 801
513 797
512 789
513 785
515 784
513 779
513 689
512 687
515 680
513 676
513 671
514 665
513 660
513 656
514 652
512 645
512 639
512 634
513 627
513 619
513 614
512 606
512 598
512 590
512 586
513 578
512 575
512 570
513 565
511 562
513 558
512 555
513 548
514 545
513 538
513 533
513 526
512 518
513 513
513 503
513 499
513 492
513 486
513 479
513 474
513 468
512 464
513 460
513 454
513 451
516 446
513 439
512 434
514 426
513 422
513 415
513 409
512 402
512 395
513 389
513 385
512 380
514 373
513 352
513 347
512 347
514 341
513 336
514 331
513 327
513 322
513 316
513 312
513 307
513 302
513 300
514 295
513 290
513 286
513 281
511 277
513 274
513 268
513 264
515 261
516 256
548 254
634 251
772 248
900 249
1006 245
973 241
1023 241
1023 235
1023 230
1023 226
1023 221
1023 216
1023 213
1023 208
1023 204
1023 201
992 197
988 195
977 191
944 188
964 185
973 182
981 179
993 174
964 172
993 167
1009 165
943 162
925 162
904 156
930 154
913 151
861 144
786 142
824 141
818 141
771 139
834 138
809 135
796 132
780 132
778 131
817 130
760 128
809 130
763 124
776 125
756 124
723 123
764 122
700 120
744 119
748 119
711 118
705 117
689 117
678 116
701 116
658 115
670 114
649 114
623 116
670 115
623 114
662 113
605 114
613 114
642 114
630 115
589 115
614 115
585 116
592 115
551 117
536 117
515 120
514 123
513 126
515 128
514 131
514 132
514 134
514 137
513 136
514 138
514 139
513 142
514 143
514 144
514 157
514 158
513 158
513 161
513 160
510 167
514 172
518 173
513 180
513 180
513 183
514 187
514 190
513 193
514 198
513 202
514 206
514 213
514 219
513 223
514 229
515 232
511 237
514 243
513 249
513 253
514 258
513 261
514 266
512 273
513 278
514 283
514 286
514 292
513 299
514 303
514 307
513 312
514 317
515 322
506 331
515 333
509 339
514 341
506 350
511 351
514 361
513 363
514 365
513 374
514 378
513 382
516 388
513 393
514 401
514 403
515 413
513 444
513 447
513 450
514 452
514 459
512 462
513 466
514 473
514 474
514 480
513 483
514 489
514 493
514 501
513 506
513 512
514 520
513 526
514 536
518 544
511 549
523 558
511 559
502 560
511 566
499 573
515 579
525 583
513 590
513 592
514 599
513 604
513 610
513 616
513 622
513 629
512 635
513 643
512 648
514 655
514 659
513 665
513 671
513 675
513 682
513 685
514 692
513 697
513 701
513 707
513 711
513 716
513 721
514 726
513 731
513 735
514 739
514 762
511 760
512 762
512 764
508 767
510 775
515 764
507 782
446 783
288 784
129 786
118 789
119 793
0 795
0 799
0 805
0 809
0 813
0 818
0 823
0 826
0 831
11 834
51 839
11 840
48 844
57 847
48 851
61 853
7 856
30 860
56 864
33 868
63 871
23 874
33 876
63 879
101 883
149 881
119 887
127 890
172 892
187 893
180 895
231 897
201 896
184 892
238 898
226 903
224 903
241 905
258 906
239 908
261 908
227 910
261 912
274 912
254 909
287 913
278 917
309 916
328 921
332 920
344 920
360 921
345 922
359 922
359 923
402 922
369 923
400 923
370 923
403 924
393 923
418 923
398 923
430 923
401 923
447 922
443 922
456 922
468 920
497 918
510 917
511 914
512 910
512 908
512 906
513 906
513 903
512 903
511 899
511 899
513 898
514 896
514 895
519 891
512 889
513 886
512 884
513 881
513 878
513 874
513 872
513 869
513 866
513 864
513 860
514 858
515 854
513 851
512 846
512 842
513 837
513 833
513 828
513 826
512 819
513 689
513 684
513 676
512 674
513 672
513 662
513 661
511 653
513 650
512 642
513 635
512 630
512 623
513 617
512 607
512 602
511 594
513 588
512 582
513 576
516 575
513 568
513 565
513 561
513 557
514 552
513 547
512 542
513 535
513 531
513 522
514 516
513 509
513 502
513 496
513 489
515 483
513 477
516 473
513 468
513 462
513 458
512 453
512 448
513 442
513 437
513 431
512 426
513 420
513 413
511 409
512 400
513 395
513 387
514 382
514 376
513 370
513 348
513 346
514 343
513 338
513 334
513 329
512 324
513 320
512 315
513 310
513 305
513 302
515 296
514 293
515 288
513 285
513 281
513 277
512 272
513 268
514 263
515 259
517 255
582 255
729 250
878 250
956 247
964 242
1023 240
1023 237
1023 232
1023 227
1023 225
1023 218
1023 214
1023 210
1023 206
1023 202
992 197
984 195
1016 192
964 191
946 185
1023 179
954 179
1000 178
1004 173
935 170
1002 167
992 164
967 160
912 153
912 155
958 153
850 151
853 143
866 143
792 141
836 139
770 137
813 136
814 134
817 134
793 131
757 130
744 129
757 128
783 126
770 127
774 126
767 123
761 122
731 120
708 120
743 119
701 117
740 116
728 117
648 116
683 116
683 114
670 115
647 114
664 117
661 114
639 120
627 114
671 115
619 115
612 115
589 114
630 115
604 114
603 114
572 115
568 115
549 117
518 119
517 122
514 125
514 127
515 129
514 132
513 133
514 134
513 135
513 136
513 138
514 140
512 141
513 143
514 147
515 157
514 157
513 161
514 162
513 166
517 167
514 162
519 173
514 176
513 181
515 184
513 187
513 192
513 196
515 200
514 204
514 209
514 213
514 219
514 225
514 230
513 235
513 241
513 246
513 250
513 254
514 259
513 264
513 268
514 276
513 280
514 282
513 289
513 296
514 299
514 302
514 309
514 316
508 318
514 300
521 328
513 335
514 340
511 348
513 352
516 356
513 360
514 365
513 370
513 376
513 380
514 386
514 390
513 396
513 402
513 409
513 417
514 442
513 445
514 450
514 454
513 461
513 463
514 470
514 472
514 478
513 480
513 486
514 492
514 496
513 504
516 509
514 515
516 524
510 530
511 537
514 551
513 549
514 554
514 558
513 565
513 566
513 575
518 583
514 587
513 596
513 595
514 601
515 607
514 613
514 619
513 625
513 632
513 638
513 644
515 650
513 656
513 662
513 667
513 674
515 678
513 685
512 689
513 696
510 700
512 704
511 708
513 713
513 718
514 723
513 729
514 733
514 737
513 756
517 758
515 752
514 765
514 765
514 771
514 772
521 780
505 777
413 783
170 775
94 788
98 793
72 793
0 799
0 801
0 808
0 811
0 818
0 820
0 825
0 829
0 833
0 834
27 839
47 843
28 844
23 849
42 852
90 856
72 860
6 863
17 865
57 869
65 872
65 876
36 877
62 881
111 883
142 886
160 887
199 889
147 893
203 894
194 896
201 897
221 901
211 903
234 903
217 905
269 903
236 899
218 906
287 908
260 912
262 911
274 910
281 913
306 917
261 916
287 921
319 919
351 921
344 924
354 920
354 919
363 921
342 923
366 923
392 923
387 923
389 923
388 924
390 926
399 923
423 923
378 924
451 923
395 923
441 923
433 921
479 921
485 919
501 918
512 914
511 911
511 909
512 907
511 905
512 903
512 902
512 897
512 901
513 898
512 897
513 893
513 887
514 891
513 888
513 885
512 882
512 879
512 876
512 874
513 870
512 868
513 865
512 862
513 859
513 856
513 852
513 849
513 844
513 840
513 834
511 832
513 827
513 821
513 804
512 798
513 792
512 790
513 785
513 781
513 777
513 772
514 764
514 761
513 757
513 753
513 749
513 743
513 738
513 733
513 728
515 724
513 719
513 712
513 704
513 702
513 697
513 689
513 687
513 680
513 676
513 672
514 663
513 662
512 654
513 648
512 646
512 638
514 634
514 627
513 619
512 613
513 603
514 600
513 590
514 585
514 581
513 575
513 573
512 568
514 564
514 558
512 556
513 549
513 545
512 540
513 532
512 528
514 519
513 512
514 505
513 479
512 476
513 473
514 471
512 464
513 460
512 456
513 451
513 446
513 440
513 434
513 427
513 423
513 415
514 411
513 404
513 398
513 391
513 386
513 380
513 374
513 368
514 363
513 357
513 351
513 347
514 341
512 336
513 332
513 327
514 322
513 317
513 312
514 308
512 303
512 300
514 294
513 291
513 287
514 281
513 279
513 274
513 270
512 266
515 260
519 255
580 254
640 253
730 250
908 249
961 245
970 241
1023 240
1023 235
1023 230
1023 226
1023 222
1023 205
1023 204
1004 200
1003 197
995 194
1003 192
962 187
979 184
1003 181
987 178
994 175
982 170
994 168
945 164
967 161
975 159
894 157
915 155
900 151
874 149
874 147
801 146
839 140
791 142
823 140
824 137
791 139
827 136
761 133
872 133
755 131
770 130
774 127
770 127
766 126
725 125
781 124
747 123
747 121
756 120
735 119
716 119
710 117
698 117
702 116
693 116
668 115
676 114
653 115
673 113
650 114
651 110
654 114
617 114
647 113
635 114
616 114
626 115
597 115
567 115
567 116
530 117
516 120
516 124
516 126
514 128
514 130
515 132
514 134
513 134
514 137
515 138
514 139
514 140
515 143
514 145
515 148
514 149
514 152
514 156
513 158
513 161
513 164
513 166
517 171
512 167
503 177
515 178
513 181
514 186
514 188
516 194
513 198
515 202
514 208
515 213
513 217
513 223
514 228
513 233
513 238
515 241
514 247
514 251
513 257
513 262
513 266
515 272
513 278
513 282
513 286
514 294
514 296
513 318
513 321
519 324
516 330
513 335
515 335
511 345
514 346
514 354
515 359
513 363
514 367
513 372
514 378
513 383
514 387
513 395
515 399
513 406
514 412
513 420
515 426
513 433
514 440
514 447
514 451
513 457
514 461
513 467
513 470
514 476
514 478
514 483
512 489
513 493
514 499
513 505
514 513
513 519
514 527
515 534
513 542
515 548
514 551
514 559
517 562
515 567
514 563
504 576
511 566
520 589
515 602
513 598
514 604
513 610
515 616
514 622
513 646
514 649
513 654
513 659
513 665
514 671
513 675
514 681
513 686
514 691
513 697
513 701
514 705
513 710
514 716
514 720
515 726
514 730
513 735
514 739
514 744
513 745
514 749
515 754
514 757
511 762
514 766
514 771
510 776
510 779
479 779
312 780
141 784
81 788
77 791
0 794
0 801
0 803
0 808
0 814
0 817
0 821
0 826
0 830
0 833
17 838
35 841
26 845
83 848
40 850
43 854
80 855
8 860
63 863
41 867
35 870
42 874
49 876
107 880
78 882
96 884
182 892
196 893
165 895
221 896
228 898
209 898
204 903
219 903
213 904
249 905
227 907
250 903
274 909
266 905
273 913
243 905
291 914
280 917
274 918
270 918
285 918
343 920
307 921
305 921
334 916
363 920
350 913
352 923
377 922
376 923
348 923
381 923
413 923
370 924
414 924
383 923
420 923
397 923
457 923
400 921
417 923
460 922
471 920
496 919
502 916
512 914
510 912
512 908
511 905
513 904
513 902
513 902
512 900
513 899
513 897
513 896
512 894
513 884
514 882
514 880
512 879
513 874
513 872
512 870
513 866
513 863
512 861
513 856
511 854
512 851
512 847
512 842
512 839
513 834
513 830
512 825
514 819
514 812
513 810
512 805
514 799
513 793
513 789
514 783
513 782
513 776
513 770
513 764
513 759
513 756
513 751
513 746
513 741
513 736
513 732
513 724
514 718
513 717
512 710
513 702
512 700
514 693
513 687
513 685
513 677
513 672
513 670
512 665
513 659
513 652
512 649
512 643
512 635
512 631
514 602
513 596
513 594
513 587
512 585
515 577
513 576
513 569
513 565
514 563
513 557
513 554
513 549
513 542
513 536
513 530
513 523
513 517
513 511
513 501
513 497
512 489
513 484
513 478
513 473
513 468
514 463
513 458
513 454
513 447
513 444
513 438
513 433
513 426
514 419
513 412
513 407
513 401
515 395
513 390
513 384
514 377
514 368
513 365
514 360
513 354
513 349
512 344
513 339
512 332
513 330
513 325
513 319
513 315
513 312
513 306
514 288
514 286
513 283
513 281
513 277
515 273
513 268
514 263
515 260
517 256
570 254
642 252
746 249
1000 249
1004 243
1008 241
1023 238
1023 232
1023 228
1023 224
1023 220
1023 214
1023 212
1023 206
1023 203
1022 197
973 195
984 193
1005 190
969 188
981 183
1008 181
957 177
997 173
1005 169
955 167
956 163
971 160
963 158
900 155
895 154
908 151
875 149
863 146
832 145
824 143
814 141
805 140
822 138
812 136
803 134
821 133
775 132
760 131
780 130
722 128
738 123
755 120
754 122
744 121
705 120
749 120
739 118
681 117
733 116
713 116
675 116
670 116
657 114
684 115
637 114
644 114
639 115
648 106
611 114
648 114
610 116
633 114
610 114
607 115
593 116
603 114
573 116
539 116
527 119
518 121
515 124
514 127
515 129
514 132
514 132
514 134
513 135
514 135
514 137
515 140
513 141
514 144
514 146
514 148
514 151
513 154
512 156
512 158
516 162
514 165
515 170
515 168
513 176
513 175
514 184
514 184
513 199
513 204
514 207
513 209
513 212
514 219
513 225
514 232
513 235
514 238
514 244
512 249
514 252
513 257
513 262
513 268
514 274
514 280
514 285
512 288
514 293
514 299
513 303
513 309
514 313
515 317
518 324
512 339
512 335
531 333
510 344
516 349
511 357
503 361
514 363
514 370
512 374
514 379
513 387
514 389
513 395
513 403
511 407
513 417
514 422
512 431
514 435
513 444
513 449
514 454
514 461
514 463
513 469
513 472
514 477
513 480
514 485
513 510
513 513
514 516
514 522
512 537
510 541
512 551
520 549
514 567
507 569
517 567
515 568
516 574
513 577
516 584
513 597
508 594
514 599
514 608
514 612
513 619
514 625
514 631
513 639
513 644
513 649
514 656
511 661
514 666
513 673
513 678
514 683
514 688
514 693
514 698
513 703
514 708
513 713
513 718
513 723
514 728
513 732
513 736
513 740
513 745
514 746
516 752
511 755
515 765
510 768
515 773
513 773
512 781
510 781
411 782
258 783
126 789
62 800
0 804
0 809
0 811
0 815
0 819
0 824
0 828
0 832
0 835
26 839
17 842
28 846
57 848
39 850
46 855
75 858
52 862
29 865
20 868
59 871
74 875
63 878
82 880
50 883
141 885
188 888
185 888
165 892
125 893
213 894
186 897
227 899
255 901
232 900
246 903
211 908
267 905
234 908
245 906
256 913
262 910
307 915
270 911
318 916
269 915
280 918
284 918
304 917
328 920
350 921
316 924
328 920
335 922
376 918
341 923
361 919
383 923
356 923
377 923
418 923
382 923
423 923
436 923
413 922
444 923
428 922
461 921
477 920
507 918
509 914
512 913
512 909
512 907
513 905
512 904
512 903
512 900
512 900
512 898
514 897
514 893
513 893
517 896
515 888
513 885
514 883
512 879
512 877
513 874
513 872
512 868
510 865
513 863
513 859
512 855
513 853
513 851
513 844
514 840
513 836
512 833
512 827
513 822
513 818
514 812
513 809
513 804
513 797
513 791
514 787
513 782
514 777
512 773
513 767
513 762
512 759
513 754
513 735
513 731
513 727
513 724
513 718
513 713
513 705
513 703
513 698
513 691
513 687
513 682
513 676
513 674
512 668
512 661
513 657
514 652
512 647
514 641
514 633
514 632
513 622
513 614
513 606
513 600
513 593
513 588
512 582
513 576
513 572
512 566
512 564
514 559
513 557
513 550
513 546
513 540
513 534
512 527
513 521
513 514
513 506
513 500
513 494
513 488
513 481
513 475
513 472
512 465
513 462
513 456
513 452
513 446
513 441
513 436
513 428
513 406
513 402
512 398
513 392
513 387
513 383
513 375
513 368
513 363
513 358
514 353
513 347
512 341
512 337
512 332
513 327
513 323
513 317
513 313
513 308
512 303
513 300
514 295
512 291
513 288
513 283
512 279
514 276
514 271
513 266
513 262
515 259
527 253
639 250
721 248
945 249
955 245
918 240
1023 241
1023 236
1023 231
1023 227
1023 222
1023 218
1023 212
1023 209
1023 204
1023 200
1023 197
960 197
985 191
993 189
949 185
981 182
1000 178
995 164
982 162
978 161
927 159
935 156
880 155
929 152
875 149
862 147
832 144
821 143
818 142
827 140
797 138
825 137
800 135
800 134
773 133
827 131
798 130
746 129
763 126
743 125
766 125
767 123
742 123
740 120
743 120
726 119
718 119
719 118
714 118
690 116
689 117
714 117
650 115
656 115
670 115
658 113
631 116
659 105
638 115
619 114
640 114
618 114
602 114
593 114
607 114
609 115
580 116
560 116
533 117
520 120
514 122
515 124
514 128
514 131
514 137
514 138
514 138
514 139
514 142
514 142
514 144
514 147
513 149
512 151
515 155
514 157
514 160
514 163
513 166
514 169
515 174
515 189
511 183
508 183
513 186
514 189
513 193
515 198
515 201
513 206
513 211
513 218
513 222
514 226
514 233
515 237
514 241
512 247
513 252
514 254
515 261
514 266
514 270
514 275
513 281
513 288
512 292
513 297
513 300
514 304
513 312
513 316
514 320
512 329
514 334
512 338
518 342
511 348
516 351
512 350
520 361
514 380
514 383
514 386
513 391
513 399
513 403
514 412
513 417
513 427
512 434
513 437
513 448
514 450
514 458
514 461
514 465
514 467
514 472
513 479
515 480
513 489
513 492
513 497
513 505
514 511
513 518
514 526
514 514
518 539
515 545
509 551
513 557
513 563
513 566
515 572
511 581
517 581
512 584
517 578
523 602
513 602
513 609
513 614
513 621
513 627
513 634
513 640
514 647
513 653
513 658
513 663
513 670
514 675
513 681
515 685
514 691
513 696
514 715
514 717
514 720
513 725
514 729
513 735
514 738
513 742
513 746
514 750
512 751
515 757
512 760
511 767
513 769
513 778
512 774
489 784
406 788
209 786
82 787
46 791
0 798
0 797
0 804
0 806
0 813
0 818
0 822
0 826
0 829
0 833
0 836
0 841
8 844
63 847
75 850
35 854
46 856
85 860
80 863
30 866
3 870
60 873
53 876
78 879
81 882
113 884
127 886
175 889
166 891
150 892
217 895
183 896
187 898
261 897
201 891
240 902
225 908
229 904
257 908
262 913
282 913
262 915
291 915
266 907
295 917
321 909
257 916
298 920
344 919
316 922
323 921
344 923
351 923
349 923
374 922
369 924
359 924
382 923
396 923
392 922
409 923
391 923
403 924
396 923
420 924
433 923
425 922
427 921
488 920
494 919
510 915
512 914
511 911
511 909
513 906
512 905
512 903
513 903
513 900
513 900
513 899
512 896
513 894
513 892
512 882
514 887
512 884
513 880
513 879
513 875
514 873
514 870
513 868
512 864
512 860
512 858
513 841
514 839
512 837
514 834
513 830
513 826
513 819
513 814
514 810
512 805
512 803
512 795
512 789
513 784
513 779
513 775
512 770
513 765
513 760
513 755
513 750
513 746
513 743
512 738
513 730
513 727
513 722
514 715
512 709
512 705
513 697
513 694
513 689
513 685
513 678
513 675
513 669
513 665
513 660
512 654
514 650
514 644
513 637
513 631
514 625
514 617
513 610
515 604
513 596
514 589
513 583
512 580
514 574
515 571
513 566
514 562
513 557
512 537
513 532
513 528
513 524
513 518
513 510
513 503
513 496
513 491
513 484
513 479
513 474
513 468
514 464
513 458
513 454
513 446
513 444
513 439
513 432
512 427
512 421
513 414
513 407
513 401
513 396
513 390
513 381
515 380
514 371
513 364
513 359
514 354
513 350
513 344
513 339
512 334
513 331
513 326
513 320
513 315
513 310
513 307
513 302
513 298
515 294
514 289
513 285
513 281
512 278
514 270
513 269
514 264
513 259
517 257
583 253
652 250
1013 239
1023 240
1023 238
1023 234
1023 229
1023 224
1023 219
1023 216
1023 210
1023 206
1023 203
1023 200
1023 197
959 193
985 190
1013 187
929 185
938 179
1013 176
977 175
1002 170
1014 166
949 164
982 161
930 159
952 156
912 151
894 151
828 149
849 147
890 144
818 144
837 143
833 138
803 139
814 136
776 135
783 134
771 132
827 130
808 129
763 129
793 126
740 125
734 125
737 124
753 121
760 120
750 121
745 120
718 118
718 117
677 116
711 115
708 114
677 114
652 115
632 114
664 115
615 111
619 111
618 115
634 113
619 114
611 113
617 114
584 117
610 116
572 115
550 116
523 119
516 121
515 123
515 126
514 129
514 130
513 133
513 134
514 135
513 136
512 139
514 140
514 141
514 143
514 145
513 148
514 150
514 153
514 156
514 160
513 161
514 163
514 166
518 174
520 179
517 177
513 184
523 181
513 189
514 192
513 196
513 198
514 203
514 208
514 214
514 221
514 225
514 230
514 235
514 239
513 243
513 249
513 268
514 270
514 274
513 278
513 284
514 288
514 292
513 299
513 301
513 309
514 313
513 317
514 321
513 330
502 335
512 338
515 344
512 348
519 356
519 360
513 364
514 369
514 374
513 379
513 385
513 389
513 395
513 400
514 406
514 415
513 420
513 429
513 435
513 444
514 447
513 455
513 459
513 462
514 470
514 470
514 477
513 480
513 484
514 490
514 494
513 504
514 505
513 516
513 521
514 528
516 542
514 540
513 549
514 555
513 560
515 566
514 571
513 584
513 595
511 582
514 599
513 605
514 613
513 618
514 624
513 630
514 637
514 643
512 650
513 654
514 661
513 666
514 673
513 677
513 682
513 688
513 694
514 698
513 703
513 707
513 712
514 717
514 722
513 727
513 731
513 737
514 740
514 745
514 748
513 752
516 756
510 759
517 757
517 769
516 760
511 780
508 786
427 787
275 783
137 788
125 792
45 793
0 797
0 794
0 806
0 810
0 814
0 819
0 823
0 826
0 832
0 833
0 839
31 840
45 845
68 848
67 851
0 865
61 866
62 869
23 870
54 873
87 877
94 880
118 883
140 885
118 887
171 889
165 893
220 893
153 895
222 896
253 898
184 897
269 900
224 902
236 904
247 906
255 905
226 907
255 910
275 909
234 910
279 911
279 915
291 914
302 915
283 906
269 915
306 919
361 920
348 921
298 920
348 917
346 921
365 923
360 923
371 922
417 923
353 923
391 924
419 922
412 923
379 923
419 923
403 923
436 923
420 922
441 923
445 922
488 921
502 916
509 915
511 913
511 904
513 903
512 902
512 901
512 900
512 899
513 897
512 895
513 893
515 891
511 887
513 885
512 883
513 879
513 877
513 873
513 872
513 869
513 866
513 863
513 859
512 856
512 853
513 849
513 845
513 839
512 838
514 834
513 828
513 823
512 817
512 812
513 808
513 803
513 798
513 791
513 787
513 784
513 778
513 773
513 769
514 763
513 757
513 754
513 750
513 744
510 737
514 735
513 730
512 724
513 718
513 713
513 708
512 702
513 696
513 692
513 686
513 667
513 661
513 661
514 656
513 653
512 648
513 641
513 636
513 628
512 622
513 614
514 608
512 602
514 593
513 589
514 583
513 576
514 572
513 568
513 565
514 559
514 557
514 549
513 546
514 539
513 534
512 528
513 521
513 515
514 508
513 501
513 494
513 488
513 482
513 477
512 471
513 466
513 462
513 457
513 450
511 447
513 441
513 435
513 430
512 425
512 418
512 412
512 404
513 399
513 392
512 386
513 381
512 375
514 368
514 363
512 359
514 353
514 333
512 329
511 326
514 323
513 318
510 314
513 308
513 303
513 298
513 295
513 292
513 287
513 283
512 282
512 275
513 272
513 267
514 262
515 258
519 256
613 253
683 251
843 251
991 247
1012 242
1023 241
1023 236
1023 231
1023 223
1023 222
1023 218
1023 213
1023 208
1018 205
1013 202
1010 198
1006 194
947 192
978 189
994 186
956 183
978 179
986 176
995 171
983 169
1000 164
976 163
922 160
954 156
943 154
886 156
865 150
879 148
860 146
836 144
815 143
801 136
807 134
813 134
801 132
750 131
796 131
771 129
790 127
753 126
735 125
789 123
723 122
749 122
752 121
727 119
735 119
719 118
704 118
696 116
680 116
700 115
686 114
630 114
664 113
666 114
651 115
624 115
642 120
617 111
624 114
634 114
616 115
608 114
623 115
577 115
608 115
559 116
538 117
523 119
517 122
515 125
514 127
515 130
514 132
513 133
514 135
514 136
514 138
514 137
513 140
513 142
513 143
514 147
513 149
513 149
514 155
514 164
513 168
514 170
513 173
513 180
519 178
513 191
515 184
514 190
514 192
514 197
513 201
513 206
513 211
514 214
513 221
513 227
514 232
513 237
513 241
513 245
514 251
512 256
514 260
513 265
514 270
513 275
514 280
513 287
513 290
514 294
514 301
513 305
513 309
515 315
513 322
513 321
517 330
510 334
512 350
531 345
514 353
514 353
511 363
513 366
513 372
513 376
514 379
512 388
513 391
513 398
513 404
513 409
514 417
513 424
513 432
513 437
514 461
513 466
512 469
513 471
512 473
513 477
514 482
513 486
514 493
514 497
513 505
513 510
514 518
514 524
513 531
521 545
514 546
525 541
515 555
517 568
512 568
528 572
511 574
512 580
511 584
