511 442
512 440
498 436
514 432
513 428
513 421
513 415
514 408
513 401
513 398
513 390
514 384
513 377
513 373
513 367
512 361
513 355
513 352
513 345
514 338
513 334
512 331
514 324
513 321
515 316
513 310
513 307
513 301
513 297
513 294
513 289
512 285
514 280
513 278
513 273
512 269
514 265
510 258
512 256
530 254
652 252
764 249
772 245
780 240
922 240
1013 235
992 231
967 227
944 222
952 219
964 214
912 211
911 205
909 202
875 199
862 196
887 192
513 523
512 529
514 534
515 542
513 547
513 553
512 559
513 562
513 570
513 574
514 579
513 584
516 586
514 598
513 604
515 608
514 611
518 617
511 625
514 627
513 636
515 642
512 648
513 652
514 661
514 670
514 675
514 677
513 683
513 688
513 693
512 697
513 703
514 708
514 711
513 716
514 721
514 727
513 731
514 734
513 740
513 745
513 748
512 752
513 756
513 760
513 765
513 769
513 773
513 777
511 781
432 783
372 785
306 789
252 792
150 795
68 799
868 183
886 182
879 181
866 177
852 171
911 170
835 165
876 161
865 159
773 156
818 154
795 151
822 149
736 149
757 148
736 144
720 145
775 140
737 138
747 136
716 135
694 133
757 132
688 131
734 130
689 128
696 127
712 126
702 123
705 124
684 122
687 121
679 123
680 119
669 120
675 118
652 118
637 116
654 116
614 116
653 116
630 114
618 114
599 114
635 115
630 113
578 113
614 113
610 111
613 118
579 110
599 116
582 113
586 114
550 115
567 115
524 117
513 154
514 154
514 158
513 160
513 164
513 166
513 170
513 172
513 175
515 180
514 183
513 199
514 190
512 193
513 195
517 200
514 207
513 211
516 216
513 221
514 228
514 232
514 237
513 240
514 245
513 250
513 254
513 259
513 267
513 271
513 271
513 279
513 287
513 290
514 294
513 299
514 306
514 311
513 314
514 320
514 327
514 330
513 334
513 343
514 348
514 348
512 358
511 365
523 366
513 375
514 376
510 390
512 384
513 388
513 396
513 400
512 409
514 438
514 442
513 445
513 450
514 457
514 462
513 466
513 468
513 472
512 479
515 481
513 488
515 490
514 498
513 503
513 509
513 517
514 524
513 533
514 537
514 545
515 550
514 555
512 562
513 567
513 571
513 576
512 581
514 586
518 592
515 595
514 600
512 608
513 613
515 622
516 625
516 632
514 643
505 644
514 652
512 656
514 664
514 668
513 675
514 677
513 685
515 690
513 695
515 700
513 704
514 709
513 714
512 720
513 724
513 729
512 734
513 750
513 753
513 756
513 758
514 762
512 766
514 770
513 774
512 779
491 784
442 785
320 789
266 791
230 794
83 796
66 802
74 805
108 809
88 806
62 816
63 818
60 825
81 828
117 833
113 838
147 845
133 843
150 846
182 850
165 847
182 856
157 855
138 861
181 863
193 870
118 875
163 875
159 880
216 881
206 884
274 887
253 889
208 893
284 893
278 894
294 896
299 897
316 899
317 901
250 902
309 904
301 905
348 907
308 909
309 910
340 911
325 912
321 913
312 917
360 919
334 919
348 920
387 920
352 920
381 921
370 921
390 924
400 924
398 923
412 923
414 924
409 923
450 923
399 923
437 923
435 923
454 923
410 923
460 923
439 921
466 922
445 922
466 920
505 920
505 917
512 915
511 911
512 909
512 906
513 905
513 902
514 901
513 900
513 898
513 897
513 896
513 893
512 891
513 891
512 888
513 884
513 882
513 878
514 876
514 873
514 870
513 867
513 864
515 860
513 858
513 855
514 851
513 850
514 843
513 840
514 823
512 815
512 814
514 811
514 806
514 800
511 794
514 789
513 786
513 782
514 778
514 773
513 768
512 761
513 757
512 752
513 745
513 742
512 740
513 732
513 724
512 721
512 717
513 711
510 706
513 701
512 693
513 690
513 686
513 680
513 676
513 671
513 665
512 660
514 656
512 652
513 645
514 638
513 633
514 624
513 620
513 612
512 606
513 599
514 590
513 587
513 578
512 577
513 570
512 567
513 563
513 559
513 554
513 549
513 545
515 537
513 533
511 506
513 502
513 498
513 489
512 488
512 479
512 477
514 470
513 464
511 461
513 454
513 450
513 445
513 438
513 453
513 427
513 421
513 415
504 409
513 402
514 395
513 389
513 384
512 377
513 372
513 366
514 361
512 356
513 351
512 345
513 340
514 335
513 331
513 326
514 322
512 316
512 311
513 308
513 302
514 297
514 293
513 292
513 286
513 283
513 279
512 274
513 270
513 265
513 260
512 259
521 254
660 252
748 249
774 245
812 240
924 240
1009 235
972 220
972 216
943 213
961 211
899 207
916 203
905 198
850 196
881 193
868 190
837 186
842 185
868 180
868 176
858 173
851 170
898 166
867 165
864 161
856 158
798 155
786 156
782 150
806 151
738 140
771 149
748 140
714 141
766 140
755 138
762 137
712 134
750 133
718 132
700 130
730 129
650 128
710 126
702 125
704 124
687 123
726 122
696 122
633 119
660 119
687 118
677 117
649 116
636 116
658 115
637 115
618 116
646 117
613 114
609 117
626 114
606 114
514 146
513 147
514 150
513 153
513 156
514 159
513 160
513 164
513 167
513 171
514 175
513 177
510 179
513 184
519 188
514 192
517 190
514 196
517 204
513 208
513 213
514 220
513 225
514 229
514 233
513 236
514 243
514 247
513 252
513 257
514 260
513 268
515 273
513 280
513 282
513 287
513 292
514 297
514 302
513 307
514 312
513 318
514 321
514 328
514 333
514 339
514 344
513 348
513 351
522 360
516 360
508 368
513 375
513 376
514 391
513 387
507 394
514 421
512 426
512 430
513 437
514 439
512 449
514 451
514 460
514 462
514 468
512 472
514 473
513 481
514 483
513 489
513 494
513 501
514 506
513 513
513 520
515 527
512 534
515 542
514 547
515 553
513 559
513 563
513 568
513 574
514 577
514 583
514 589
508 593
514 599
507 605
515 607
514 620
509 623
513 632
511 633
513 642
512 648
512 655
505 660
514 668
513 672
514 676
513 683
513 687
514 693
513 694
513 702
513 706
515 712
513 717
513 721
514 742
513 743
513 746
514 749
513 752
513 756
513 760
513 764
513 768
513 772
513 777
511 780
456 783
356 786
267 789
213 794
143 794
78 798
82 802
85 804
112 810
62 818
48 817
80 829
107 826
76 833
99 834
152 840
134 852
166 842
146 852
187 851
172 853
174 860
161 871
103 866
173 869
196 869
148 873
173 877
174 879
222 892
235 885
250 888
235 889
252 891
239 894
296 895
294 897
303 898
320 900
269 902
287 903
290 904
276 906
340 907
313 909
313 910
330 917
346 915
356 918
357 919
348 917
342 918
388 919
382 919
343 921
388 921
402 925
402 924
377 923
402 922
422 923
420 923
408 923
418 923
427 925
434 923
421 923
433 920
439 922
444 923
451 922
461 923
473 922
484 919
511 919
510 917
513 912
513 909
512 907
512 905
512 904
512 901
514 901
513 900
514 899
512 897
513 896
513 893
512 890
513 888
513 886
512 883
513 881
513 877
513 874
514 871
512 867
514 865
513 863
513 860
513 856
512 852
514 849
513 832
513 829
513 826
513 822
513 819
513 814
513 807
513 803
515 799
514 794
514 788
512 785
514 780
513 773
512 769
514 765
513 759
513 754
513 748
512 744
513 740
513 738
514 729
513 723
512 720
513 714
513 707
513 705
513 698
513 693
513 689
513 682
514 676
513 675
514 668
514 663
512 661
515 652
512 649
513 644
514 638
514 629
513 623
518 616
514 608
513 602
515 593
512 590
512 582
514 577
514 575
514 567
512 566
514 559
513 557
513 546
514 547
513 524
512 520
514 515
514 509
512 502
513 495
515 489
513 483
514 476
513 473
513 467
514 462
513 457
513 452
511 447
513 442
512 436
512 431
514 426
514 419
513 412
513 407
513 399
513 393
513 388
514 381
513 376
515 370
512 365
514 359
514 354
514 347
513 342
513 337
513 334
513 328
513 324
514 318
512 315
513 309
513 305
514 300
514 296
514 292
513 289
514 285
513 280
513 277
513 272
512 268
514 263
514 259
528 256
613 253
692 251
766 247
776 243
971 231
991 227
971 223
953 221
933 217
974 212
962 209
915 205
907 201
895 198
843 194
881 191
867 189
836 184
868 182
840 178
904 175
857 172
834 169
901 165
823 160
860 160
829 156
794 154
822 152
761 150
783 147
768 149
777 147
729 151
731 140
751 139
716 137
739 135
741 135
728 133
726 132
719 129
699 129
680 123
704 126
671 124
725 124
705 122
712 122
674 122
667 119
685 118
642 118
682 117
645 116
642 116
657 115
613 114
626 114
613 114
603 114
567 114
584 113
575 114
569 114
595 114
592 114
601 114
552 114
586 114
542 116
533 117
523 118
513 121
515 124
515 127
514 131
515 132
514 136
515 134
515 136
514 137
514 139
513 140
513 141
514 144
514 146
513 149
513 151
513 155
513 157
513 162
514 163
513 165
513 170
512 172
514 175
513 178
515 183
512 190
505 190
512 196
511 203
514 201
508 205
513 210
516 214
513 221
513 228
513 230
514 234
513 240
513 244
513 251
512 255
514 258
514 263
514 269
513 290
514 290
514 295
513 299
514 303
513 310
513 315
514 320
514 324
513 330
514 336
513 340
513 347
513 352
514 356
514 361
523 360
514 370
520 378
519 377
515 394
513 395
518 397
513 406
515 409
513 422
514 422
513 432
514 436
513 443
511 450
513 455
513 463
515 463
514 470
514 472
514 477
513 481
513 485
512 493
514 495
514 505
515 509
513 516
514 524
514 529
512 538
515 543
513 552
514 556
513 562
513 566
513 571
513 577
513 581
512 586
512 593
514 615
519 619
512 622
519 626
513 634
517 640
513 646
518 652
514 657
512 664
513 668
520 676
510 681
515 686
514 690
513 696
514 700
513 705
513 709
513 714
513 719
513 725
513 729
513 735
514 738
513 742
513 745
513 750
514 753
513 758
513 761
513 765
513 771
513 776
513 780
510 782
384 785
287 787
233 791
265 795
133 796
89 800
54 804
101 807
93 812
61 814
47 821
84 829
100 832
96 832
113 841
136 846
193 838
169 845
139 849
184 853
197 854
165 869
176 874
111 873
182 874
170 881
178 880
235 883
236 887
238 889
255 891
257 893
269 895
262 896
280 898
304 900
289 902
305 901
322 905
309 906
295 907
331 909
331 909
334 910
321 911
337 912
342 914
350 914
317 917
320 917
362 918
372 919
366 920
341 921
375 921
375 921
394 923
383 923
401 925
390 923
420 923
435 925
385 923
437 923
423 925
416 926
400 924
443 923
454 923
452 923
432 923
476 923
479 922
493 920
514 918
511 916
512 912
512 908
512 902
513 901
513 901
513 899
514 898
513 896
513 895
513 893
513 891
513 887
512 887
513 882
513 878
514 876
513 873
513 869
513 868
513 865
513 861
513 857
513 854
513 850
512 848
513 844
513 839
514 834
513 831
513 827
513 822
514 816
513 811
515 804
513 801
513 796
512 792
512 787
513 782
511 778
512 773
513 766
513 761
512 757
513 751
512 748
512 742
512 737
513 732
513 728
511 721
513 719
512 711
513 705
513 701
512 695
513 686
513 687
513 680
513 660
514 657
513 654
514 650
512 647
513 639
512 634
512 626
514 618
505 615
513 601
511 599
513 591
515 585
512 581
515 574
514 571
513 566
513 563
514 557
512 555
511 549
513 543
512 539
514 532
513 526
514 517
512 512
514 504
511 499
513 491
513 485
512 480
514 474
513 469
514 464
514 460
513 455
512 450
513 446
514 439
512 435
517 425
515 422
513 416
513 410
513 402
514 397
513 392
513 384
514 379
513 373
513 367
512 362
514 355
513 351
512 346
513 326
513 325
514 321
514 317
513 311
513 307
513 303
513 299
514 294
514 290
513 287
514 282
513 278
514 275
514 269
513 266
513 260
514 259
531 254
618 251
765 249
737 244
781 242
867 240
966 236
978 232
962 228
942 223
943 219
953 215
958 212
960 207
898 202
898 199
883 197
886 192
849 190
841 187
864 183
830 180
875 176
873 174
836 171
856 167
893 164
862 161
824 158
802 155
806 152
792 150
786 148
771 146
740 143
755 142
723 141
730 139
713 141
708 132
700 130
694 130
725 128
699 127
676 126
691 125
669 124
742 123
679 121
683 121
671 120
691 118
658 118
643 117
659 117
663 115
625 115
621 114
634 114
630 113
607 114
601 113
627 114
589 115
620 113
581 113
598 114
567 110
611 112
572 114
575 113
561 115
578 115
561 116
522 118
515 118
514 122
516 127
515 129
514 132
512 132
514 134
513 135
514 137
514 138
514 138
513 141
513 143
514 145
514 148
513 150
512 154
513 156
513 159
513 162
513 165
513 176
513 178
514 175
519 183
512 185
517 189
513 187
515 198
524 203
513 208
513 212
513 219
513 225
513 230
513 234
514 237
514 242
514 247
513 253
513 257
513 260
514 266
513 273
513 278
514 280
513 287
514 294
514 298
514 301
513 307
514 312
513 317
514 322
513 328
514 327
514 337
514 342
513 348
513 352
514 344
504 366
513 367
508 374
515 372
510 383
510 390
513 403
515 400
513 411
514 411
511 423
504 427
514 435
515 442
513 446
513 453
513 457
513 474
513 477
513 480
512 485
513 488
513 494
513 500
513 506
513 513
513 519
514 527
513 535
514 539
513 547
513 552
514 558
512 564
514 569
514 573
513 578
513 583
513 588
513 596
520 597
515 604
512 608
514 612
513 620
513 630
514 634
511 638
515 648
511 655
516 665
519 662
516 672
510 675
511 683
513 687
514 692
513 696
512 702
513 707
513 711
514 716
514 721
513 726
512 731
513 735
513 739
513 743
513 748
513 752
513 755
513 760
515 764
513 782
464 783
425 784
331 787
301 789
274 794
199 793
109 798
78 802
89 806
81 806
59 815
92 813
79 825
64 831
120 834
112 835
127 838
165 843
177 847
183 849
171 849
181 855
160 854
166 863
163 868
116 867
149 870
178 873
168 880
178 882
192 884
230 885
247 887
230 889
279 893
261 895
301 896
279 897
276 899
266 900
311 903
321 904
281 904
313 906
312 907
308 909
316 910
339 912
302 913
333 914
376 915
313 916
340 916
357 918
364 919
337 920
346 920
386 924
383 920
407 921
414 924
401 924
423 924
418 924
428 923
444 924
393 924
454 923
435 924
441 924
438 923
452 922
455 922
470 921
494 921
503 919
513 916
512 913
511 910
516 907
512 905
513 904
513 902
512 900
513 898
513 899
513 898
513 895
513 894
514 892
513 889
514 887
513 884
513 880
513 878
513 874
513 872
512 868
513 866
511 863
514 859
513 856
513 853
513 850
513 847
512 844
513 837
513 834
513 830
513 825
514 819
513 813
513 810
513 803
512 785
514 783
512 779
513 776
514 770
514 765
513 759
512 754
513 750
512 745
512 740
513 735
512 732
513 725
513 718
512 716
512 709
512 703
513 698
513 693
513 687
513 684
511 677
513 673
513 670
513 660
513 658
514 653
513 649
514 643
513 636
513 631
513 621
512 616
512 608
514 602
513 596
515 585
512 586
513 575
512 575
514 570
515 562
514 562
513 553
511 554
512 547
512 541
512 536
514 529
513 524
514 515
512 510
512 502
514 496
513 489
513 483
512 462
513 459
513 457
513 453
513 448
513 443
514 436
514 432
513 426
513 419
512 413
512 407
514 400
514 395
513 388
513 383
513 376
513 371
513 365
514 359
513 354
514 349
513 342
514 339
512 334
513 330
514 325
513 319
513 315
516 309
513 306
513 301
513 296
513 293
513 289
513 284
513 281
515 277
514 273
513 266
513 262
513 258
516 255
567 252
676 251
755 247
781 244
762 240
906 240
1019 236
1001 231
948 226
988 221
991 218
957 213
916 208
965 205
868 192
857 190
848 188
846 184
837 182
858 178
898 175
881 171
831 168
862 164
900 163
828 159
841 156
814 154
784 152
782 149
782 147
778 145
793 152
736 136
743 146
686 139
714 137
767 134
754 134
721 132
738 131
729 129
679 128
700 127
684 125
683 124
701 123
710 122
688 121
712 120
685 119
676 118
638 118
660 117
690 115
645 115
625 114
623 114
641 114
627 114
608 113
613 115
624 112
610 113
600 113
584 114
600 114
597 90
593 116
581 112
586 115
525 118
517 119
513 122
515 124
514 127
514 130
515 131
514 133
513 134
514 136
514 137
513 139
515 140
513 141
514 143
513 146
512 149
514 151
514 154
513 158
513 160
513 163
513 165
514 168
514 171
515 174
514 179
513 184
513 184
511 187
512 192
508 197
513 200
508 207
507 207
514 215
514 218
513 224
514 230
513 236
514 241
513 246
513 251
513 255
513 259
513 265
513 270
513 273
514 279
513 285
513 290
514 295
514 298
513 304
513 309
513 314
513 336
514 338
514 342
513 346
514 350
514 356
514 358
516 364
513 372
514 370
509 378
512 378
519 391
516 388
519 396
513 409
508 415
513 431
514 429
514 438
514 443
513 449
512 455
513 460
513 466
514 468
513 473
514 478
513 481
511 486
514 490
512 497
514 502
514 509
513 516
514 522
512 531
514 535
513 544
513 549
513 555
512 562
514 565
513 571
513 576
513 580
512 584
512 591
511 599
517 602
517 613
514 611
515 613
513 623
516 630
508 640
516 644
513 668
513 672
515 675
514 680
513 686
513 691
513 694
513 700
512 704
513 708
513 714
513 718
513 724
514 728
513 732
513 737
514 741
513 745
513 749
514 753
514 757
513 761
514 766
513 770
513 775
513 779
511 783
385 785
333 788
304 792
256 795
127 795
86 800
60 804
65 809
77 807
94 819
63 816
54 827
91 831
140 829
80 837
151 842
195 844
165 853
179 849
143 843
177 855
213 855
135 865
130 867
130 873
213 873
190 876
128 880
215 882
186 883
260 890
263 895
263 896
288 897
287 898
280 899
340 901
310 902
302 904
312 906
319 906
318 908
303 909
323 911
342 911
343 913
322 914
319 915
346 916
353 916
336 919
365 919
371 920
366 919
374 922
369 921
396 922
397 923
391 919
404 924
423 923
418 924
408 923
458 924
385 924
437 923
448 923
436 924
428 923
472 923
455 923
454 922
493 922
501 920
505 918
512 913
512 912
514 908
512 907
512 905
513 903
513 902
513 900
513 899
513 898
513 898
513 895
513 892
513 882
513 880
513 876
514 876
513 873
513 871
513 867
514 865
513 861
513 858
513 856
513 852
513 848
513 844
513 840
513 837
513 831
513 826
513 821
512 816
513 811
512 807
513 800
512 794
513 791
513 786
512 781
512 775
512 771
512 767
513 761
514 757
513 753
513 748
512 742
513 739
516 732
514 729
515 722
513 718
512 712
513 708
513 701
513 695
513 691
513 684
513 682
512 674
513 671
514 666
512 661
513 658
513 652
514 645
512 642
513 635
514 627
513 600
513 596
514 592
513 586
515 582
513 578
512 571
512 565
512 563
514 558
513 555
514 550
515 544
513 541
513 531
513 526
513 520
514 511
512 506
514 498
515 492
513 486
513 480
513 475
513 470
514 466
513 461
514 456
514 451
514 446
513 440
512 436
513 427
514 418
513 416
513 408
514 404
513 397
513 391
513 385
514 382
514 374
512 369
513 363
514 356
513 351
513 345
513 341
514 337
513 332
513 326
514 322
513 317
514 313
514 306
513 303
514 299
513 283
511 280
513 277
512 275
512 269
513 265
512 261
512 257
514 257
664 249
763 249
754 246
765 241
835 242
998 237
986 233
957 229
966 224
972 220
937 215
942 211
941 208
920 203
885 198
864 196
902 193
844 190
863 188
851 183
856 180
896 178
861 174
856 168
896 167
872 162
853 161
817 158
831 155
825 155
742 150
789 149
760 146
774 144
774 136
707 143
718 140
727 138
761 136
728 134
738 134
714 131
718 130
718 129
697 128
701 126
691 125
718 124
658 120
689 119
718 117
678 117
660 117
664 115
641 116
654 117
645 115
612 114
641 114
618 113
604 114
621 113
605 110
594 114
594 113
617 113
589 114
600 118
566 109
609 117
563 115
562 115
554 115
533 118
514 119
515 120
514 122
514 128
514 130
514 131
514 133
513 135
514 137
513 139
513 138
515 141
513 143
514 144
514 149
513 150
514 152
513 154
514 157
514 161
513 163
513 163
513 169
514 173
513 176
513 178
514 186
513 189
523 180
509 192
514 199
698 134
716 132
697 132
719 124
689 128
687 127
732 126
678 123
709 124
689 122
714 121
676 120
634 119
683 117
661 117
667 116
648 115
646 115
646 114
633 114
617 114
633 114
622 114
617 114
590 113
618 113
603 114
606 113
580 113
620 111
569 111
568 114
562 116
576 114
540 115
536 116
528 118
514 120
515 123
515 127
514 129
513 132
513 133
514 135
514 136
514 138
514 137
514 139
513 142
513 143
513 145
514 148
513 151
514 153
513 156
513 159
514 162
514 217
513 221
513 225
513 229
514 233
514 239
512 244
514 249
513 254
513 259
514 262
513 268
513 274
513 279
513 284
513 289
514 294
513 299
514 303
514 307
514 313
513 319
513 323
513 329
514 333
514 338
513 347
513 351
516 354
513 361
514 359
515 367
504 376
514 380
515 382
512 392
513 394
518 402
512 408
523 420
512 422
506 418
511 433
514 440
511 452
514 452
513 462
514 463
514 468
513 472
512 476
512 482
516 484
512 492
515 494
513 503
513 529
514 533
514 539
514 543
514 549
513 554
514 560
512 565
514 570
513 575
512 579
514 584
513 590
514 596
512 602
510 605
511 614
510 620
514 624
512 635
511 637
512 639
514 648
511 651
508 662
516 662
511 674
518 679
510 687
514 689
513 694
514 699
513 704
513 708
513 713
514 717
513 722
513 728
513 732
513 737
513 740
513 745
513 749
514 753
513 755
513 761
513 765
513 769
513 773
512 778
511 782
447 784
303 786
238 790
263 795
109 796
74 800
107 813
79 821
68 822
102 822
112 830
83 831
94 837
151 838
152 845
146 845
134 848
195 853
169 856
132 857
160 859
140 866
159 864
193 872
158 868
176 879
193 878
227 882
196 884
244 889
280 890
261 892
278 895
270 896
309 898
267 900
310 895
301 903
285 898
277 905
328 907
333 908
307 910
334 910
316 911
328 913
327 914
338 915
342 916
340 917
360 918
348 919
351 919
378 917
360 921
397 922
387 923
374 922
416 923
409 922
434 923
397 923
418 924
446 924
402 923
448 924
409 923
461 924
455 921
464 923
475 921
493 920
510 918
511 916
512 912
513 909
513 906
512 905
508 903
513 901
513 901
513 899
513 898
513 896
513 894
512 893
514 891
512 888
514 886
513 882
512 879
514 877
514 874
513 872
514 868
513 865
513 862
513 858
513 855
513 852
512 849
513 845
513 841
513 836
513 832
514 827
513 821
513 817
513 812
514 807
513 801
513 796
514 791
513 786
515 782
514 779
515 775
514 768
513 763
513 757
514 754
513 736
511 732
512 726
513 723
512 719
513 713
514 706
513 703
513 697
513 688
513 688
513 682
512 675
513 672
513 666
513 662
513 656
514 651
512 644
513 640
513 638
513 629
515 619
513 615
513 605
513 599
513 594
514 585
514 582
514 577
513 571
512 567
514 562
514 559
513 556
513 550
514 545
513 535
513 533
513 523
514 519
513 516
513 505
512 500
513 494
514 486
513 483
514 476
514 470
515 466
513 460
513 456
512 450
513 444
513 440
514 433
513 429
512 405
513 401
514 396
513 392
513 385
513 380
513 375
514 368
513 363
513 357
514 352
513 346
513 340
513 336
513 332
513 327
513 322
513 318
513 313
513 309
513 303
513 300
513 296
513 291
512 287
513 284
514 279
513 273
513 270
513 267
513 261
514 257
521 255
594 254
711 249
797 246
800 242
839 241
975 237
997 233
930 230
920 223
974 221
942 215
930 211
945 208
911 203
896 196
915 196
841 193
892 191
869 187
816 184
861 181
880 177
907 174
846 159
802 159
769 156
812 155
747 153
783 150
760 143
819 148
758 139
776 143
723 143
720 145
747 138
721 137
783 135
716 133
727 132
705 131
733 129
714 128
671 126
696 120
674 124
690 123
683 121
720 121
698 120
655 119
654 118
651 117
682 116
657 116
632 115
627 114
621 112
647 114
610 115
619 113
599 113
624 110
613 114
581 112
616 113
588 113
604 114
555 110
598 115
593 116
554 112
552 116
528 117
515 120
515 122
515 125
514 128
513 131
514 132
513 137
514 138
514 139
514 140
513 142
513 144
514 148
515 150
514 153
514 150
513 159
514 154
511 163
513 166
515 169
514 172
512 175
513 178
514 182
513 188
514 191
511 195
516 196
508 202
512 190
519 213
515 217
513 223
513 229
513 233
514 235
513 240
514 247
514 251
514 255
514 259
513 264
513 271
513 278
514 280
513 283
514 291
511 298
513 302
513 304
514 311
510 317
514 321
514 326
513 332
513 336
513 341
513 349
514 352
513 352
511 364
513 366
513 389
512 395
512 399
513 404
516 408
514 409
525 418
511 424
516 432
511 440
514 446
513 452
514 456
513 462
514 465
513 470
513 474
513 478
512 483
513 489
513 493
513 498
513 505
514 510
513 519
513 525
513 533
512 539
514 545
511 552
513 556
513 563
513 567
514 572
513 577
513 582
514 587
514 592
513 600
515 603
513 609
512 615
511 623
516 628
514 635
511 642
520 649
513 653
516 660
512 655
514 670
515 669
512 680
514 684
514 691
513 696
514 702
513 722
513 724
512 728
514 731
514 735
514 738
513 743
514 746
514 751
512 754
513 759
513 762
514 768
513 772
513 775
512 780
503 783
406 786
341 788
252 792
167 793
89 798
84 802
79 806
99 810
87 814
46 819
76 821
99 829
72 834
94 836
108 841
164 840
152 843
155 845
150 852
173 852
183 855
170 861
146 865
136 872
188 872
181 876
134 874
193 888
183 878
209 884
250 885
275 893
254 892
248 893
289 895
269 900
311 898
311 900
296 901
309 903
267 905
298 910
316 912
295 911
316 913
333 915
322 915
309 916
376 916
347 918
337 918
