512 452
516 449
514 445
515 440
515 435
511 432
512 425
515 419
514 414
513 409
513 402
513 399
513 394
514 390
514 385
515 379
515 375
515 369
514 365
513 361
513 357
513 351
514 347
513 342
515 336
513 332
513 329
514 326
513 322
512 318
514 314
514 309
514 305
515 300
514 297
514 293
514 290
514 286
515 281
513 278
515 272
513 271
514 266
511 259
515 257
513 255
521 248
766 253
792 245
733 239
680 234
647 231
660 227
664 225
639 221
648 217
638 214
513 677
513 678
513 685
513 687
513 692
514 697
513 701
511 704
511 708
513 711
513 715
514 720
514 724
513 727
514 732
513 737
513 741
511 745
513 749
512 753
516 757
513 761
513 766
513 770
513 773
511 777
512 780
508 785
318 785
303 789
334 794
356 799
375 801
357 804
359 809
383 813
399 816
393 820
351 824
398 826
372 831
374 833
413 837
398 838
384 842
373 845
385 849
416 852
395 854
417 856
401 860
381 862
384 866
376 868
397 872
407 875
374 877
513 312
515 309
513 306
513 303
512 300
514 293
513 292
513 287
514 283
514 279
514 275
513 271
514 267
513 263
515 260
517 255
514 252
520 248
693 251
804 245
758 239
729 234
683 232
660 228
665 223
663 220
661 217
665 214
648 210
633 206
645 204
631 201
639 199
657 196
627 193
616 189
632 187
655 184
657 181
671 177
652 175
628 171
646 169
642 166
645 162
609 159
609 157
615 154
599 152
590 151
630 148
599 148
557 146
560 144
592 140
628 142
568 140
511 170
512 171
514 174
513 177
513 180
513 183
513 187
514 191
513 195
512 199
514 202
514 207
514 207
513 213
513 218
514 222
513 227
514 233
512 238
513 241
510 245
513 248
513 252
513 257
514 262
513 267
513 274
513 275
509 278
513 284
512 288
514 291
514 297
513 302
518 304
512 314
514 315
510 321
513 325
513 330
513 334
514 338
515 342
513 349
513 353
513 357
514 358
514 362
513 369
513 375
512 379
512 383
513 386
513 395
510 401
513 404
514 410
513 533
513 537
512 541
511 547
512 551
514 555
513 558
514 563
511 567
515 570
513 575
512 579
510 584
513 587
512 594
515 600
513 604
515 610
513 614
514 620
512 625
512 630
512 635
512 642
512 647
513 649
514 655
512 659
512 664
513 669
511 675
512 679
513 684
512 689
512 693
516 698
513 701
515 705
513 709
513 713
511 717
512 722
512 727
513 730
513 734
513 737
514 742
512 745
514 749
513 753
513 757
513 762
512 766
513 769
512 774
509 778
510 861
375 862
386 866
397 868
421 870
398 867
392 875
397 877
416 880
412 882
407 884
419 886
460 888
451 891
421 891
409 894
431 893
495 895
449 898
426 898
413 898
463 901
438 902
441 906
469 904
489 906
426 907
437 908
444 909
482 910
463 911
428 911
453 913
443 915
457 915
449 915
456 917
436 917
442 918
472 919
498 919
478 920
427 921
461 921
501 921
503 921
476 922
459 922
453 922
470 922
492 925
502 923
478 923
465 921
492 923
504 922
495 922
485 827
514 824
513 822
513 817
513 813
513 809
513 806
513 802
513 799
513 790
515 785
513 781
513 776
515 772
513 769
513 765
513 760
513 756
514 752
513 749
512 744
513 740
513 736
515 731
513 725
513 719
516 715
514 711
513 708
513 701
513 696
513 691
513 687
514 684
513 680
513 676
513 668
513 664
513 663
512 657
514 653
514 646
513 641
513 636
513 631
516 621
514 618
513 612
519 605
512 601
513 596
513 591
513 584
509 580
511 578
514 574
515 570
515 366
513 361
513 358
513 353
513 347
514 343
514 338
514 333
515 330
514 327
513 322
512 318
513 314
513 310
513 306
514 302
514 297
515 295
516 290
513 285
513 284
514 278
514 273
514 268
514 264
513 261
515 258
518 253
517 250
689 250
804 248
754 242
699 237
680 233
640 229
652 226
647 223
631 219
664 216
642 213
610 209
627 206
603 203
633 200
657 197
630 194
603 193
607 188
641 185
649 182
649 179
634 176
613 173
629 170
637 167
655 164
623 162
617 114
559 116
541 114
525 114
525 115
544 115
534 116
526 115
520 117
520 117
515 120
515 122
514 124
514 125
513 128
513 128
513 131
516 132
513 133
514 134
514 135
515 137
514 138
513 140
515 144
514 143
513 145
514 147
514 149
514 151
514 154
512 156
513 159
513 160
513 172
512 165
513 169
513 169
513 173
514 176
514 179
513 182
515 185
512 189
513 191
514 195
513 199
514 203
514 206
514 211
513 216
516 220
513 224
514 228
513 232
514 237
514 242
515 372
515 373
514 374
513 379
514 384
514 392
512 397
515 400
515 406
514 413
512 421
515 424
514 430
514 437
513 444
514 448
514 450
513 456
511 461
514 463
512 467
513 473
509 476
515 477
517 482
511 488
511 493
516 497
507 512
509 511
510 516
516 521
514 526
513 531
513 537
514 542
513 546
513 553
512 557
514 561
513 565
513 569
513 575
514 577
512 581
513 585
513 591
513 596
513 601
514 608
512 612
512 617
512 622
513 627
513 632
513 635
513 642
403 821
374 823
379 826
388 828
382 832
348 835
388 840
387 841
415 844
413 847
373 850
381 853
394 856
401 858
395 859
379 864
391 867
386 870
384 874
380 875
374 879
403 881
409 883
386 886
400 888
424 889
442 891
419 892
410 895
444 896
485 897
445 899
424 899
441 901
452 902
414 903
434 905
460 904
470 911
424 910
422 910
469 910
471 912
452 915
432 913
450 914
479 915
466 917
446 916
448 918
430 919
438 919
464 919
499 920
459 921
450 921
458 921
458 922
482 923
487 923
499 923
483 924
501 923
502 928
484 922
476 924
482 922
506 922
507 921
507 922
507 919
509 921
510 916
512 916
512 913
513 910
513 909
513 907
513 906
513 905
514 903
511 903
514 901
516 901
511 899
515 896
514 897
512 893
514 891
513 891
513 887
514 887
512 883
513 880
513 879
513 875
513 874
512 871
512 870
513 866
514 863
513 861
513 857
514 855
514 852
513 848
513 845
514 842
513 837
514 833
513 829
515 825
514 820
513 816
518 751
513 746
514 742
513 740
513 734
514 728
517 724
513 721
513 716
513 711
514 706
514 700
514 695
513 691
513 687
513 683
514 678
513 671
515 668
513 665
512 662
513 655
515 649
515 645
511 641
513 635
515 628
514 621
513 618
514 611
513 604
515 597
515 594
513 589
514 584
513 588
514 577
515 572
514 568
513 565
513 561
513 559
514 552
514 547
514 543
513 538
514 531
513 526
515 521
512 515
513 510
516 504
517 499
514 492
514 491
514 481
516 480
513 407
515 403
515 397
514 393
517 388
517 384
513 378
514 374
518 368
515 363
515 359
517 356
514 350
513 348
513 342
514 338
513 333
514 333
514 326
514 321
514 317
514 313
514 309
513 305
512 300
513 298
514 292
514 287
515 284
516 279
514 276
514 272
513 269
513 264
514 261
516 257
517 253
520 250
742 250
829 242
737 240
710 236
683 233
683 229
685 225
658 221
657 217
661 213
641 211
651 208
659 205
628 202
633 199
639 198
608 194
617 192
656 152
589 147
563 146
626 145
642 142
561 142
573 147
565 135
624 138
603 135
584 136
548 134
599 133
589 131
585 131
555 130
571 128
565 127
565 126
594 125
591 123
561 123
521 118
583 121
589 121
576 120
529 119
563 121
584 118
558 116
546 116
574 116
556 115
550 115
558 115
539 113
535 114
553 114
521 114
533 114
556 114
553 113
530 110
515 122
546 114
564 114
549 115
532 115
520 115
523 115
525 116
525 117
519 119
513 120
513 123
513 124
514 128
515 153
513 155
514 158
514 156
513 155
513 162
515 161
512 163
512 170
514 173
514 176
513 179
514 182
513 185
513 188
516 192
513 196
515 200
513 206
515 208
514 213
514 218
517 221
513 225
514 230
514 235
514 240
514 243
514 246
513 250
514 254
513 259
515 263
514 268
514 274
513 280
514 284
513 288
513 292
515 295
514 299
512 304
513 309
514 313
513 322
519 322
518 327
514 332
514 338
514 341
513 344
514 350
513 359
513 363
513 365
514 367
514 372
513 488
508 493
514 491
514 498
512 501
501 509
524 517
514 521
514 526
510 534
514 540
512 543
515 549
513 553
513 557
514 562
513 567
511 570
514 573
513 578
515 583
513 588
513 593
514 597
514 601
514 602
515 613
513 619
514 623
513 630
513 635
513 640
514 644
517 649
515 654
512 659
513 665
513 669
513 673
518 678
511 682
513 687
513 691
513 695
514 699
514 704
512 708
512 712
512 716
513 720
514 724
513 728
514 732
514 737
513 740
513 745
515 749
513 835
403 838
405 840
386 842
368 845
374 848
370 850
396 854
397 856
397 857
366 863
372 866
397 869
405 872
414 874
395 877
370 880
407 882
445 885
421 887
439 888
387 891
435 891
440 893
477 893
433 895
459 896
414 897
458 898
456 900
480 902
427 903
414 905
422 906
450 907
458 908
460 909
457 909
445 911
439 911
470 913
459 914
472 915
455 916
456 917
488 918
485 918
465 919
438 918
469 920
478 920
479 921
478 921
467 921
459 921
476 922
494 923
514 905
514 903
514 901
512 900
513 901
515 897
511 896
513 894
516 892
515 890
515 888
513 887
512 885
513 881
512 880
514 878
513 876
515 871
514 870
514 868
512 864
512 862
513 859
514 858
513 854
513 850
513 848
516 843
514 839
513 837
514 832
512 829
513 825
513 821
511 816
513 812
513 808
514 800
514 796
514 791
513 787
513 783
514 780
514 775
513 771
514 766
514 762
517 756
513 753
515 751
513 746
513 743
515 739
512 734
512 728
514 723
513 720
511 636
514 632
515 623
514 622
512 616
513 608
516 605
512 598
509 593
513 588
515 582
513 580
510 576
513 572
514 567
511 565
514 558
514 556
517 550
510 547
514 544
514 534
517 530
513 527
514 521
513 514
517 506
514 503
515 499
513 492
510 487
513 484
512 479
513 475
514 472
514 467
514 462
514 458
514 453
515 449
512 442
514 439
512 433
513 429
514 423
513 418
515 412
515 406
515 401
514 397
513 392
515 383
512 382
512 378
514 374
513 368
515 363
515 259
516 256
519 252
519 248
688 253
802 243
725 240
710 234
677 231
652 228
663 224
652 220
640 217
668 215
638 210
666 207
642 204
622 201
648 198
632 195
645 194
648 189
610 183
642 184
610 181
653 176
661 175
625 172
606 168
612 165
658 163
633 159
622 157
601 155
618 152
609 151
613 149
603 148
581 146
594 145
625 143
622 142
583 142
592 126
612 135
588 136
601 136
590 134
620 133
562 130
581 130
561 130
581 128
587 126
578 126
552 124
582 124
542 114
525 114
537 115
527 115
546 116
548 115
522 116
517 118
512 119
520 120
514 122
514 125
513 127
514 127
513 131
514 132
513 134
515 134
514 135
514 136
514 138
513 139
514 141
512 143
514 145
514 148
514 147
513 150
513 153
513 155
514 158
513 159
514 162
512 164
506 177
510 170
513 172
512 176
514 177
514 180
515 184
513 187
514 191
508 194
513 198
514 202
514 204
514 210
514 214
514 220
513 224
514 228
513 234
514 237
513 240
513 245
514 247
515 366
513 368
512 369
513 377
513 379
515 381
514 386
514 395
509 401
515 404
514 409
513 417
509 425
514 429
514 432
514 440
510 447
515 450
513 452
514 457
513 461
512 465
510 469
512 473
511 478
513 480
514 485
519 492
506 499
515 501
512 508
516 513
507 516
514 524
513 528
512 535
513 540
514 543
513 549
513 554
513 557
513 563
514 567
513 571
513 575
512 581
513 584
514 589
514 594
515 598
513 604
512 609
514 614
514 620
514 625
511 630
512 724
513 727
515 730
513 733
513 738
514 742
513 746
514 750
513 754
513 759
512 763
513 767
512 771
514 774
513 777
510 781
509 785
369 783
307 789
314 792
288 800
336 804
351 807
375 810
397 814
383 817
367 821
366 823
374 827
407 831
398 832
406 836
411 840
354 842
389 845
406 848
403 851
411 854
367 857
398 861
367 863
421 866
408 869
397 872
382 876
369 874
424 881
428 883
416 885
403 888
420 888
429 890
423 893
428 893
425 894
443 896
453 898
403 922
485 922
485 921
457 923
456 922
475 923
510 925
493 923
481 922
472 923
476 923
480 923
508 923
501 922
486 922
468 922
484 921
505 921
513 919
513 918
514 916
513 914
513 912
513 910
512 908
515 906
514 902
512 902
512 904
512 901
513 902
513 899
514 899
514 896
513 894
512 892
514 887
513 888
511 886
514 884
513 881
513 879
515 879
513 875
514 871
512 869
513 868
515 866
511 862
513 860
515 857
513 854
512 849
513 847
511 842
513 838
513 835
514 710
515 707
513 706
513 702
512 699
513 694
513 690
514 685
514 679
514 675
512 672
513 669
513 663
514 655
516 651
511 648
513 644
513 635
516 628
513 625
513 619
514 614
515 607
514 602
510 597
511 591
514 586
512 583
514 579
514 573
517 569
511 567
514 562
514 557
514 552
513 550
513 546
512 540
516 535
512 531
512 524
515 518
515 513
512 506
514 500
514 495
521 490
514 486
515 482
512 478
512 473
512 469
514 464
514 461
514 457
514 452
514 447
514 310
513 309
513 305
514 302
513 297
513 294
512 291
514 286
513 282
513 279
513 275
515 270
515 267
515 263
516 257
517 254
521 250
523 247
812 248
771 232
743 236
689 232
645 228
657 225
631 223
624 219
648 216
658 213
644 210
619 206
621 203
652 201
644 198
639 196
615 193
599 189
647 186
676 182
645 180
625 176
610 173
644 171
643 168
663 165
621 162
606 162
617 157
623 154
622 152
595 151
599 149
594 141
581 146
559 145
599 143
600 141
583 141
635 133
572 132
577 131
574 131
592 128
564 128
582 127
561 125
570 123
571 123
602 123
553 121
584 121
569 120
611 119
569 117
548 118
555 120
561 117
538 117
579 117
546 116
523 116
546 115
556 115
572 114
563 116
550 115
532 115
518 115
552 114
567 103
531 108
511 117
537 114
532 116
541 115
540 116
523 116
511 118
510 119
516 119
514 122
517 123
514 125
513 128
512 131
513 131
513 132
513 133
514 135
514 135
514 137
514 139
513 139
511 141
513 144
515 183
513 182
513 181
513 184
515 187
514 191
513 195
512 197
514 203
514 204
514 212
514 214
514 219
513 224
513 230
514 234
514 236
514 242
514 246
514 249
513 254
514 258
514 262
513 267
513 272
513 277
514 281
514 284
513 288
513 293
513 298
513 300
514 305
514 311
513 317
514 323
513 325
511 332
519 334
513 338
514 344
514 350
514 354
511 357
514 361
513 368
514 372
513 376
513 379
513 383
512 389
511 396
511 401
516 404
513 411
514 419
510 427
515 491
513 497
515 497
509 503
511 509
511 515
513 512
508 526
514 532
513 537
510 543
514 547
514 550
513 556
512 561
513 564
510 568
514 572
513 577
512 581
513 586
511 594
512 596
512 601
513 606
513 610
514 615
513 622
514 628
512 632
513 637
513 643
512 647
513 652
514 656
512 661
513 666
514 672
514 677
513 682
512 686
513 694
512 695
513 699
514 702
514 705
514 709
514 714
512 717
513 723
513 726
513 731
513 735
511 733
514 743
514 747
514 751
377 807
368 810
378 811
396 814
380 818
357 821
392 825
399 827
384 831
381 834
386 837
395 840
400 843
390 846
408 849
397 851
373 855
393 858
405 861
392 864
386 867
372 870
405 873
388 875
424 878
408 879
425 882
393 884
412 887
446 889
434 890
443 891
439 893
410 894
451 895
455 897
468 898
450 899
441 902
457 902
494 902
439 907
439 907
446 906
460 908
452 910
444 911
443 911
461 911
460 914
408 914
485 914
467 911
463 919
417 917
445 918
489 919
487 922
497 922
492 922
493 922
474 922
481 921
495 921
509 919
509 920
512 919
510 918
511 915
513 913
513 911
516 909
514 908
512 906
513 905
514 903
512 903
515 899
513 899
513 900
515 898
513 898
512 894
514 892
512 891
515 887
515 884
513 883
514 881
513 873
513 876
513 873
513 872
515 870
514 867
515 862
513 861
513 857
512 854
515 851
514 849
513 843
514 842
514 839
513 833
513 829
514 825
515 820
513 806
513 812
513 808
513 803
512 798
514 697
511 694
512 690
514 686
514 684
513 680
513 675
514 669
514 666
516 661
513 658
510 653
515 647
513 643
514 638
512 629
516 621
513 618
513 613
514 607
514 598
517 593
509 590
504 587
513 581
515 576
514 574
521 571
513 566
514 562
511 559
512 554
513 552
514 542
515 538
513 534
514 528
513 523
516 516
512 511
513 507
513 501
514 494
513 491
514 485
511 479
515 478
512 474
513 469
514 465
516 459
512 457
514 452
515 445
514 441
514 436
513 432
515 324
514 322
514 318
515 314
513 309
514 305
514 301
513 297
514 293
513 289
514 285
514 279
514 276
515 272
514 269
514 265
515 262
516 257
520 253
520 250
520 252
826 243
755 235
710 239
671 232
662 228
673 224
662 222
634 218
639 214
651 210
628 207
635 205
643 201
645 199
613 196
618 193
630 191
645 188
665 184
640 181
648 178
615 174
638 172
650 169
636 166
646 162
595 160
627 158
604 156
634 154
607 152
596 149
553 149
579 146
598 145
577 144
569 118
569 118
567 117
562 116
566 117
553 116
534 118
557 115
538 115
545 115
562 115
546 115
533 115
545 114
562 115
544 115
540 115
541 114
541 116
568 108
555 115
524 115
519 116
524 117
517 117
516 119
516 121
514 122
514 124
515 126
514 128
514 131
517 131
513 132
514 134
513 135
513 136
514 137
511 139
514 140
514 141
514 145
514 146
513 148
514 150
513 152
514 154
513 161
512 159
514 161
513 164
514 166
514 168
512 168
511 170
511 176
514 189
514 247
514 252
513 255
514 258
514 262
513 267
513 276
513 278
513 283
511 288
513 292
513 296
514 299
514 303
513 307
513 312
514 318
513 322
509 328
514 339
505 336
520 340
513 344
513 349
514 355
512 359
513 364
513 370
514 373
513 376
514 382
513 387
512 393
513 397
514 401
514 407
512 416
511 420
516 424
514 431
514 435
512 444
509 447
514 451
513 457
512 460
514 462
514 468
513 474
511 476
514 479
514 485
513 491
509 495
495 497
512 505
516 509
513 635
512 639
513 645
513 649
512 654
514 658
514 663
514 667
514 672
513 674
513 681
512 686
512 693
515 699
513 699
514 704
513 707
513 710
514 715
513 719
513 725
512 729
513 733
513 737
513 741
512 745
513 747
510 752
514 756
514 761
515 764
514 768
512 771
511 777
510 779
510 784
371 780
269 788
305 793
319 798
334 802
366 807
378 810
374 813
372 813
382 819
376 823
377 826
383 829
386 832
370 835
384 838
402 841
411 843
389 845
365 850
371 853
438 904
475 905
462 908
487 908
471 909
476 914
459 910
437 912
471 913
479 915
471 915
441 915
456 917
477 917
448 918
461 919
475 919
474 919
449 921
450 920
463 921
487 921
482 920
485 924
451 923
469 922
494 923
483 922
469 922
474 923
497 923
493 924
500 922
495 922
480 922
483 922
499 922
506 921
506 920
497 920
501 917
510 916
517 914
513 912
513 910
513 908
513 912
513 905
513 904
511 903
513 903
513 901
512 899
513 898
513 897
511 895
514 893
515 821
513 818
512 815
513 811
513 807
513 802
511 797
513 793
513 789
514 785
513 782
514 775
513 773
513 767
512 763
513 759
513 755
514 751
514 747
513 742
514 737
514 732
514 728
515 724
514 721
512 718
515 712
514 705
514 699
514 694
514 690
514 687
513 680
513 676
513 672
515 670
512 666
513 660
514 654
512 652
513 647
514 639
515 631
513 629
513 624
513 618
514 609
517 603
511 600
514 593
514 588
514 582
513 581
513 577
516 573
512 571
514 565
514 462
513 460
514 456
512 450
513 448
514 439
515 435
514 428
515 423
514 419
514 414
514 409
513 403
513 399
513 396
515 388
515 383
515 377
515 374
512 370
513 365
513 359
514 354
513 350
514 343
515 340
514 336
513 332
513 330
512 326
513 322
513 320
514 314
514 307
514 305
514 301
514 296
514 292
513 288
515 285
513 281
513 279
512 272
513 267
514 263
515 260
516 256
515 253
520 248
714 252
778 245
723 240
716 235
697 232
669 226
684 224
666 221
585 145
612 145
592 143
577 140
532 139
577 139
598 137
571 138
547 141
569 134
566 133
576 132
560 130
565 129
592 128
557 127
588 127
583 125
567 124
518 122
571 117
565 121
596 121
525 120
539 118
557 118
573 118
554 117
577 115
554 116
539 116
563 115
550 115
555 115
547 115
536 122
546 115
539 114
550 114
554 114
540 114
529 114
538 115
549 111
548 116
545 117
532 115
516 115
523 116
528 116
518 119
514 121
514 121
515 124
514 126
514 128
514 186
514 189
514 192
514 196
514 198
513 201
514 206
514 209
514 213
513 217
513 223
513 228
514 233
513 238
515 241
514 245
514 250
514 253
513 257
515 260
517 263
514 269
514 274
514 277
514 282
512 286
514 290
513 295
513 301
513 308
512 313
516 315
513 320
514 323
514 330
512 333
512 336
514 346
513 348
513 352
514 351
514 361
514 366
514 368
512 372
513 377
514 383
513 388
514 392
513 396
513 403
514 411
512 418
513 424
514 429
514 433
514 438
512 596
513 598
512 602
511 608
512 613
513 618
514 623
512 627
514 634
513 640
513 645
511 651
511 656
513 660
514 665
515 668
513 674
513 679
516 684
512 688
513 692
511 695
512 701
513 704
513 707
514 710
514 715
512 719
513 724
512 729
512 733
513 738
515 742
513 747
514 749
512 755
513 758
514 764
513 766
513 770
514 773
513 777
514 781
510 785
273 784
293 789
352 793
350 798
363 803
346 807
343 812
384 814
397 816
395 819
390 824
368 828
352 831
375 846
372 848
386 851
424 854
389 858
371 860
392 863
403 868
425 869
400 873
416 875
417 878
415 881
400 883
421 886
458 887
436 891
442 891
396 892
452 893
487 895
483 896
402 896
419 899
445 899
474 902
466 903
421 904
472 905
458 907
442 908
443 909
446 909
439 910
435 913
459 912
443 913
478 914
472 915
466 917
451 918
469 919
486 919
487 919
470 920
467 920
457 923
485 921
486 922
480 922
448 922
465 923
495 922
492 926
484 923
473 924
460 923
493 913
513 911
513 910
513 908
510 906
515 905
514 904
513 903
514 901
513 900
512 899
513 897
512 897
513 894
515 894
514 891
513 888
514 887
515 883
515 881
514 879
513 876
513 874
516 871
514 871
514 864
516 863
512 862
516 858
513 855
509 851
513 848
513 847
514 843
514 840
514 835
513 830
513 826
514 822
514 817
511 813
513 794
513 807
513 801
514 797
514 794
513 789
513 785
513 782
513 776
513 771
515 766
513 761
515 756
514 753
508 748
514 743
512 672
512 669
514 668
514 661
513 658
512 653
513 648
513 642
516 636
515 631
512 630
514 621
513 614
515 607
515 602
516 596
514 592
515 587
514 584
515 579
514 574
513 570
514 566
515 563
513 559
514 557
514 550
514 546
514 542
514 536
516 529
515 523
513 519
515 512
516 508
514 501
514 496
514 490
514 486
516 482
513 477
515 474
513 470
515 465
514 461
512 459
513 454
514 448
515 443
514 439
514 432
515 428
516 422
514 417
514 411
513 405
513 401
513 332
513 328
514 325
513 320
513 316
516 311
514 307
514 303
515 300
514 294
514 291
514 285
513 284
514 279
513 277
513 273
514 268
515 264
514 260
517 256
518 250
520 247
777 249
756 244
698 239
674 234
673 234
667 229
637 224
633 220
635 217
640 213
659 211
650 208
624 204
607 202
608 198
639 194
635 192
625 190
632 188
611 183
638 181
629 177
639 176
632 171
619 168
625 164
642 161
637 160
628 156
629 155
592 152
586 151
595 147
623 147
600 146
546 127
546 125
556 125
535 123
599 123
614 121
581 121
570 119
563 119
558 118
546 117
549 117
567 117
555 119
546 116
527 116
