512 922
514 921
514 922
513 923
514 938
514 922
514 921
514 922
514 922
514 922
514 922
514 921
513 922
513 922
514 922
514 922
513 920
514 919
514 915
512 918
514 915
514 913
515 900
514 908
513 908
514 908
513 902
514 903
513 902
514 900
514 899
513 899
514 897
514 896
514 893
514 891
512 888
513 888
513 887
514 884
515 881
514 881
515 875
515 874
514 872
513 871
514 867
513 865
513 863
514 860
513 855
514 854
514 850
511 845
515 843
514 837
513 837
514 267
515 271
515 276
516 279
514 283
513 287
513 293
516 298
512 302
512 307
511 311
515 315
514 320
514 326
514 331
513 335
513 342
513 345
513 350
516 354
514 359
512 364
511 368
509 372
516 373
512 379
513 385
511 391
513 396
516 401
515 408
512 413
511 420
513 422
514 428
514 429
511 441
509 448
513 451
514 453
514 457
514 465
513 468
513 470
515 471
514 478
508 482
515 486
513 491
513 498
512 502
514 509
513 514
509 520
513 523
513 529
512 535
514 148
513 150
512 149
513 147
514 145
515 144
513 143
510 143
514 139
513 138
514 137
512 136
514 133
515 132
513 132
514 130
514 125
511 132
518 128
518 136
516 128
514 123
514 128
513 122
513 122
515 120
513 119
510 118
513 116
509 117
513 116
514 116
513 115
508 115
513 116
513 115
514 114
513 114
514 114
514 114
514 114
513 120
512 114
514 114
514 115
513 114
513 111
514 120
514 115
514 117
514 116
514 118
517 117
516 120
513 121
513 124
517 136
514 267
512 271
514 275
513 278
513 283
514 286
515 290
514 296
514 299
514 305
516 309
511 314
512 317
514 321
515 327
514 330
514 337
511 343
510 347
514 351
513 356
513 361
512 366
512 368
515 372
521 375
512 385
512 387
513 391
514 394
512 403
511 410
510 411
516 419
515 426
513 432
512 438
515 442
521 448
510 453
511 457
516 459
514 471
513 469
510 471
516 473
513 477
513 484
512 487
515 499
514 497
510 503
512 507
514 513
512 520
511 526
514 532
511 654
513 658
512 661
513 666
514 671
511 676
512 680
513 686
514 690
514 695
512 698
514 703
514 706
513 710
513 715
512 719
513 723
514 728
513 731
513 735
513 741
516 744
513 747
515 752
514 757
513 759
513 764
513 768
512 772
513 779
514 780
513 784
513 787
511 791
513 795
514 800
515 803
513 807
514 810
512 813
514 816
514 826
513 816
513 827
513 830
513 833
516 837
513 838
516 842
514 846
513 847
506 847
515 853
514 856
514 859
513 862
514 906
515 908
514 909
514 911
514 911
512 907
514 912
516 913
514 914
512 915
514 916
514 918
514 918
513 918
514 920
514 920
514 921
513 921
514 920
513 922
513 922
514 922
513 931
513 931
514 923
513 923
513 923
511 922
514 924
514 929
514 922
514 921
513 921
516 921
513 920
514 921
514 919
513 918
515 916
514 915
514 913
514 911
513 910
514 909
513 908
514 906
512 904
514 902
513 900
514 902
513 900
513 897
513 896
513 893
514 897
514 889
513 889
515 808
514 805
514 811
511 798
515 792
514 791
514 786
514 783
514 777
512 773
513 769
514 765
515 761
514 756
513 752
511 748
511 744
513 740
514 735
516 730
517 724
514 719
514 713
513 710
520 705
513 701
513 696
515 687
516 695
521 682
513 678
514 681
517 668
516 664
511 662
512 658
512 651
512 643
519 635
513 635
514 629
515 623
517 615
513 611
513 606
516 599
512 593
515 590
513 585
513 581
514 577
512 577
512 569
516 565
515 562
513 558
514 552
517 458
514 454
513 452
515 447
515 442
514 438
514 433
514 428
513 421
517 416
513 418
514 405
515 400
513 395
512 390
513 385
515 379
516 374
515 370
513 366
514 360
515 355
514 351
514 347
514 342
514 337
517 333
513 339
514 325
514 323
515 318
514 311
511 309
514 305
513 300
514 296
514 292
514 288
515 284
514 280
514 276
514 274
514 268
515 265
515 261
513 256
515 260
517 248
513 244
516 242
511 238
510 235
514 230
514 227
513 223
513 221
513 223
514 145
514 142
514 144
510 141
514 140
514 137
514 135
516 134
513 134
513 140
516 130
514 130
511 130
513 124
509 139
514 125
513 132
515 123
514 123
513 124
512 120
514 119
515 118
514 118
513 117
515 116
513 112
513 115
514 115
515 115
513 114
514 114
513 114
514 113
514 114
512 114
514 114
513 114
513 115
516 114
515 114
514 114
514 114
513 115
514 116
513 122
512 114
513 117
513 119
514 120
516 119
516 121
514 138
512 129
513 129
514 131
513 131
514 191
516 195
513 195
514 208
514 202
518 209
521 222
513 215
514 220
511 227
511 231
513 236
513 239
514 242
514 246
514 250
514 255
514 265
514 263
514 266
513 272
513 276
512 282
515 289
513 300
511 298
509 303
513 306
512 309
514 311
513 318
514 324
513 329
508 336
513 339
514 342
513 346
513 351
511 357
513 360
514 363
515 366
514 372
511 378
513 384
514 384
514 391
514 400
507 405
515 409
514 415
514 421
508 428
513 432
513 437
511 444
514 449
513 645
512 649
512 654
513 658
512 664
515 667
513 672
512 677
512 679
512 686
514 691
513 699
511 699
512 703
513 715
513 713
513 716
513 721
514 725
513 730
513 734
510 739
512 742
513 746
514 750
514 754
514 758
513 762
518 765
514 769
513 770
512 777
512 783
513 785
510 788
514 792
513 797
512 801
515 805
514 809
514 813
516 816
514 819
512 821
515 824
516 829
513 833
513 834
514 838
514 840
514 842
514 845
514 848
513 851
514 854
515 856
513 860
514 873
514 873
513 877
513 880
514 882
513 883
514 884
514 887
514 887
511 888
512 892
513 893
513 894
515 896
512 898
516 899
515 899
513 901
514 902
513 904
511 905
514 907
513 909
515 907
516 912
513 912
514 911
512 912
517 917
513 916
514 915
516 916
513 918
512 923
514 919
513 920
514 920
513 922
515 922
514 922
513 928
514 923
513 929
514 924
513 922
516 922
514 923
513 923
513 923
514 922
513 922
511 922
514 921
513 922
513 920
515 919
513 920
516 906
514 898
515 898
514 896
513 895
515 895
513 891
515 888
514 886
513 884
514 881
514 881
514 877
513 875
516 873
514 868
514 873
532 869
514 867
513 859
513 857
513 853
513 850
512 855
514 843
512 840
514 836
513 832
516 829
515 824
514 820
514 816
512 812
514 809
515 805
513 798
514 792
512 789
515 783
514 779
517 774
514 771
514 766
514 763
515 759
514 753
512 751
515 747
514 741
515 739
514 732
513 729
514 723
514 717
520 711
517 708
512 706
515 636
514 635
514 632
515 626
517 620
513 614
515 610
513 604
515 598
515 592
515 586
513 585
513 580
514 575
514 572
513 567
513 565
515 560
516 556
514 552
514 549
514 542
516 538
514 533
512 527
514 523
514 517
517 507
513 504
515 499
515 493
514 489
511 485
513 480
515 476
515 472
513 468
514 464
516 458
516 455
515 450
514 447
513 440
515 435
514 430
514 423
513 419
515 415
515 408
518 403
513 398
516 394
515 390
514 385
513 380
514 376
515 311
514 304
514 302
514 299
514 295
514 293
515 289
516 284
514 284
514 277
515 271
520 268
514 263
512 259
516 254
514 253
517 247
515 243
514 240
517 236
516 233
512 229
514 226
517 223
513 217
516 215
514 210
513 209
515 206
513 203
513 199
517 199
511 195
517 191
515 188
515 185
514 182
514 178
514 176
514 173
516 171
513 168
514 165
516 162
515 160
514 157
514 156
514 154
516 151
509 149
516 148
513 147
514 144
513 144
514 143
514 145
515 138
514 120
513 120
514 119
514 117
515 116
514 114
514 117
514 117
515 114
512 115
513 115
514 114
513 116
511 114
515 114
513 114
513 114
513 114
514 113
513 114
508 114
515 115
517 115
514 115
514 115
515 116
513 116
514 117
516 118
513 120
514 122
508 123
509 125
514 127
513 132
520 131
514 129
514 137
514 134
514 135
514 136
510 138
519 138
513 140
513 143
514 145
513 147
513 148
515 150
513 152
514 154
514 157
514 160
514 162
514 164
514 167
514 171
514 254
514 259
512 261
513 266
514 271
513 274
514 278
512 284
510 287
513 293
516 298
514 302
513 305
513 310
515 314
514 319
514 326
512 331
512 335
512 340
513 343
515 347
513 352
512 356
513 360
514 364
511 370
512 374
513 379
512 383
514 400
512 394
513 399
515 405
513 410
514 417
511 423
515 429
514 433
513 441
512 446
515 448
514 452
516 457
510 463
514 465
510 468
516 473
511 477
515 483
514 485
512 490
510 496
511 500
513 505
510 512
512 517
512 630
515 635
512 639
512 644
512 649
512 654
512 662
514 665
512 669
513 676
513 679
510 684
514 688
512 693
512 697
514 701
513 704
513 707
513 712
513 716
513 722
514 725
513 730
513 735
514 738
513 743
512 746
512 751
507 754
513 759
513 764
513 767
514 771
512 774
514 778
513 783
512 787
513 789
513 792
512 797
513 800
513 805
513 809
513 815
511 816
515 819
513 823
511 826
517 830
514 832
512 835
517 837
513 841
514 843
512 846
514 848
513 851
517 895
515 897
512 902
513 900
516 902
515 905
515 906
514 910
518 909
515 907
514 911
514 909
515 911
515 913
513 914
512 918
514 915
514 916
514 918
513 921
514 919
514 920
513 921
513 921
512 923
515 920
514 921
515 923
514 923
514 923
514 922
514 923
514 922
514 923
515 922
513 922
515 922
514 922
512 922
514 923
513 921
515 922
512 920
514 919
513 918
513 916
513 914
513 914
513 910
514 911
514 907
513 906
514 904
513 903
515 902
514 903
514 902
514 862
513 860
514 856
511 853
513 850
514 848
513 841
514 839
515 836
513 830
513 826
513 823
516 816
515 814
513 810
512 808
513 800
514 796
514 792
515 787
514 784
514 780
515 775
517 768
515 766
515 760
517 756
513 753
513 748
515 744
514 741
516 734
517 728
517 725
513 722
513 721
516 714
514 709
514 707
523 695
515 692
511 691
514 685
515 680
516 674
515 671
513 667
513 664
513 657
515 651
518 648
511 645
514 636
513 628
519 623
512 619
513 615
515 498
515 494
513 487
517 483
513 480
515 476
511 472
516 467
512 462
515 458
515 454
517 450
515 445
510 439
513 435
517 429
514 424
514 418
513 411
514 407
518 402
515 399
514 395
515 387
513 382
514 377
515 372
516 368
515 364
514 358
513 353
516 348
515 344
515 340
514 336
513 332
515 325
516 320
516 319
514 315
514 312
514 307
517 303
514 298
513 294
514 290
515 286
515 278
514 277
515 275
514 271
514 267
515 263
514 259
514 255
515 249
517 247
515 166
513 164
515 162
513 159
514 157
513 159
513 153
513 153
514 151
514 149
514 147
514 147
514 145
513 143
513 142
514 139
515 139
512 137
514 135
512 134
513 133
516 131
513 131
514 130
514 129
513 127
516 115
516 125
518 125
508 123
513 123
512 121
513 120
514 119
514 118
513 117
513 117
514 117
514 116
515 117
516 116
514 115
513 113
513 114
514 114
514 114
514 114
516 114
514 114
514 114
515 115
513 116
514 109
513 115
513 116
513 117
513 116
513 156
513 158
514 159
514 161
514 164
513 164
513 167
514 170
512 172
514 175
514 178
514 181
513 183
514 188
513 189
516 196
515 199
515 203
512 206
514 210
514 216
513 235
512 217
516 230
517 236
511 238
513 241
514 245
514 242
515 253
513 257
513 262
514 267
512 272
511 277
513 279
514 284
514 288
513 294
513 297
512 302
511 306
514 313
512 318
510 322
511 326
514 331
515 333
515 339
514 343
514 348
514 354
517 358
513 362
513 365
513 372
512 470
514 473
514 476
514 482
512 486
514 490
514 495
509 501
515 506
513 511
513 518
511 523
512 530
515 533
513 538
513 545
514 549
512 553
513 557
511 563
511 567
515 568
514 575
513 580
511 583
514 588
514 592
516 598
512 603
512 608
512 614
514 619
515 625
511 629
517 634
512 639
513 644
513 650
513 653
514 660
514 664
513 670
513 674
514 679
515 684
512 688
513 693
514 697
513 701
513 705
512 718
513 711
514 719
514 722
513 722
513 729
513 735
513 835
514 837
516 839
514 842
512 845
512 847
514 850
514 853
513 856
512 858
515 862
514 864
513 867
513 871
513 873
514 874
514 877
512 880
511 884
515 884
515 885
513 890
512 890
515 889
513 892
515 893
508 894
516 896
515 897
515 899
514 902
512 903
513 902
514 905
512 904
515 906
512 909
509 908
511 910
514 911
514 910
511 915
516 913
515 915
514 916
513 918
515 917
513 917
514 920
519 921
513 921
515 917
514 923
514 921
513 923
519 920
514 923
514 900
513 898
511 895
512 893
513 895
514 890
514 889
514 888
516 884
513 884
513 882
513 879
513 876
513 876
513 871
514 869
514 867
513 864
515 860
518 858
514 856
516 852
514 849
514 846
514 842
515 838
513 835
514 831
515 826
513 818
512 817
514 813
514 809
514 804
514 800
514 796
514 781
515 786
515 781
513 780
514 773
515 768
515 765
514 760
514 756
514 753
516 748
514 744
513 740
513 735
513 730
512 725
514 721
513 716
514 710
514 705
515 702
512 564
513 562
514 558
516 554
514 551
515 545
512 537
517 536
512 530
516 521
515 518
516 512
514 499
515 515
514 496
516 490
515 487
513 483
515 481
512 476
512 470
515 465
515 463
513 457
514 453
514 448
515 442
514 437
513 433
512 428
516 425
515 418
514 413
514 409
515 401
516 396
512 392
515 386
514 381
515 377
512 371
515 367
515 361
514 357
515 352
514 347
512 345
514 338
514 335
514 330
514 323
514 323
514 319
514 314
514 310
514 305
515 299
513 284
515 279
514 277
514 271
514 268
514 264
514 260
513 256
514 254
514 251
514 246
513 242
514 239
514 234
515 230
515 226
513 225
507 220
514 217
513 214
513 210
513 207
514 205
514 201
514 198
516 197
511 194
515 192
515 188
512 184
515 181
514 179
513 176
513 174
513 171
517 167
513 165
514 162
514 160
515 155
514 154
514 153
514 150
514 140
519 147
515 142
513 145
512 143
516 139
515 141
514 140
514 138
514 135
516 135
511 135
513 133
514 132
513 119
513 116
514 121
514 116
515 115
514 114
513 116
514 114
513 114
514 108
514 114
514 114
514 113
514 114
513 119
514 118
514 111
514 114
514 113
514 114
514 116
515 117
514 117
514 116
515 122
514 120
514 122
515 124
515 128
507 128
512 133
519 130
528 135
515 134
514 134
515 135
513 136
514 139
515 140
514 144
513 144
514 146
514 149
513 150
513 150
513 153
514 158
513 159
513 161
512 163
513 166
515 168
514 171
514 174
513 176
515 181
511 183
513 248
514 252
515 255
513 260
514 264
516 269
513 272
511 276
512 282
514 286
513 290
513 295
512 301
514 304
513 309
509 314
512 319
513 324
514 329
514 332
514 337
514 342
513 348
510 351
513 356
514 359
514 363
514 364
512 373
512 378
513 378
514 387
513 393
512 394
514 402
515 408
511 415
512 418
513 425
515 431
513 438
513 440
513 446
514 451
514 456
513 460
515 463
514 466
512 471
512 475
513 477
514 479
512 487
513 492
512 498
514 502
511 510
513 575
512 577
513 580
513 584
512 589
514 594
514 599
513 605
514 609
510 614
511 619
513 622
513 631
514 636
513 638
513 646
512 652
514 657
513 660
513 665
514 670
513 675
513 680
513 685
514 689
513 693
511 698
513 702
512 703
512 710
513 714
513 719
513 723
512 728
513 732
514 736
516 740
514 744
513 749
513 752
513 755
512 760
513 764
512 766
513 771
514 776
511 779
514 783
514 786
513 791
514 796
514 799
512 803
514 807
513 809
506 811
513 816
514 861
513 865
514 868
513 870
514 876
514 877
515 879
513 880
514 883
510 885
513 888
516 889
511 888
513 890
512 892
510 892
513 894
513 896
512 899
510 901
517 903
511 902
510 902
510 905
511 903
513 906
513 908
513 909
512 913
513 913
514 912
514 914
511 912
513 916
512 918
515 917
514 918
521 918
514 920
514 920
514 921
513 922
513 922
513 923
513 923
510 922
514 923
514 923
513 923
512 922
514 923
514 926
513 922
514 922
514 922
515 922
513 891
513 891
513 896
512 887
510 885
513 884
515 879
515 879
513 876
512 874
513 872
514 869
514 865
512 864
510 864
514 859
514 852
514 852
513 848
514 844
513 840
514 837
513 833
513 829
512 825
514 821
513 820
512 813
513 810
513 803
514 799
513 795
514 791
517 785
515 781
514 778
515 773
516 770
516 761
514 760
513 755
514 750
514 746
514 742
513 738
514 735
515 729
515 725
516 720
515 713
514 710
513 706
514 700
513 698
509 690
514 686
515 681
511 573
515 569
515 567
515 564
517 560
512 558
513 553
513 548
519 542
515 538
513 532
514 528
515 521
515 516
511 510
514 505
513 502
513 495
515 490
516 484
521 479
512 480
515 473
516 468
515 464
512 460
514 454
515 451
516 446
516 441
513 436
516 431
515 426
514 420
514 415
515 411
516 405
514 398
519 394
514 389
515 384
512 380
514 376
515 370
514 365
516 360
515 355
512 351
515 345
514 341
511 336
513 333
514 328
514 325
515 322
510 317
514 312
513 218
514 214
515 213
514 211
512 207
514 205
514 201
513 198
514 196
513 191
512 190
516 182
514 184
513 181
514 178
514 175
513 173
513 170
513 168
513 164
514 160
513 159
514 156
515 152
515 152
515 151
513 153
514 148
514 147
516 145
516 144
514 142
515 140
516 141
513 145
513 139
514 135
515 133
513 134
513 132
514 130
515 129
512 129
514 128
514 126
515 124
516 129
505 131
521 124
514 120
513 120
513 119
514 118
514 118
514 117
514 117
514 115
510 117
514 117
514 118
514 118
514 118
515 120
513 123
512 126
513 128
512 127
517 138
511 130
514 147
514 134
514 136
514 137
509 138
516 139
514 141
515 142
513 145
514 146
513 149
513 150
514 152
513 154
514 156
513 159
514 163
515 163
514 166
514 169
514 173
514 174
514 177
514 180
512 182
513 186
514 189
513 193
514 197
515 200
514 202
514 209
513 214
513 218
514 223
513 225
511 228
513 235
518 239
513 242
514 247
511 251
513 254
514 261
513 264
512 385
508 389
515 393
513 395
510 405
514 412
514 416
514 422
514 427
510 434
512 441
520 442
513 448
514 454
508 456
514 459
513 465
512 469
514 472
514 474
514 480
512 485
511 487
515 493
514 499
510 505
514 510
513 514
511 521
513 527
514 532
514 539
512 542
513 547
513 551
514 555
511 560
513 564
513 568
510 574
512 577
517 582
511 585
514 591
513 596
512 601
512 606
514 612
512 614
514 622
514 627
512 632
513 637
513 643
514 647
516 652
512 658
514 763
513 765
513 770
507 774
514 777
514 781
512 785
513 786
513 794
513 797
514 800
514 804
513 807
513 810
514 814
513 817
512 821
513 823
513 827
513 830
514 833
514 837
512 840
512 843
514 846
513 848
511 851
513 854
512 857
515 859
514 861
514 864
512 868
514 871
514 874
517 876
512 879
514 880
515 882
514 884
514 887
513 891
514 891
514 891
513 892
514 893
515 894
514 896
515 898
512 900
513 902
513 903
511 903
513 904
513 905
512 907
512 908
514 923
516 922
514 922
513 921
514 922
514 921
514 925
513 920
515 920
512 919
514 918
514 915
514 914
514 913
514 910
512 910
520 908
513 906
513 905
514 903
513 902
515 900
513 900
514 899
511 898
512 895
514 893
513 892
513 890
514 888
514 885
516 884
515 881
514 879
514 878
514 875
514 873
515 871
514 867
514 865
513 862
514 860
513 856
513 855
517 850
514 848
514 844
514 841
513 837
513 833
512 828
514 824
514 819
514 815
513 811
514 806
513 800
512 720
513 716
514 711
516 708
514 703
515 699
514 695
515 698
515 686
516 680
514 677
513 673
511 669
514 665
513 660
513 655
516 649
514 645
512 639
514 631
514 625
517 620
516 616
514 610
515 604
515 597
513 594
513 589
514 583
517 578
515 577
513 573
513 567
516 565
512 560
514 558
511 553
517 547
513 543
514 537
517 532
516 526
513 522
512 516
515 510
516 504
512 501
515 494
516 489
516 485
513 482
514 476
515 470
509 468
513 465
514 457
514 453
514 321
515 320
516 314
514 310
515 307
514 303
514 299
517 294
514 290
514 286
514 282
514 278
514 276
512 271
512 267
515 263
514 259
514 255
514 249
514 245
515 241
514 240
514 236
514 233
513 228
516 225
514 221
514 218
513 216
513 211
515 209
513 206
514 202
515 199
513 197
514 193
514 197
530 189
515 184
518 183
513 179
512 177
513 176
514 171
513 167
515 165
512 162
514 160
513 158
514 155
513 154
513 153
515 149
515 148
511 148
514 146
514 115
515 116
511 116
514 113
513 115
512 115
513 115
514 115
514 113
513 115
513 114
513 115
514 115
513 114
514 115
517 116
513 116
514 116
513 117
512 117
513 120
513 119
511 120
513 122
513 122
514 126
513 128
522 129
516 130
510 133
514 135
516 135
514 135
514 137
514 138
513 140
513 142
514 143
514 144
514 147
513 149
514 151
514 151
513 155
513 159
514 160
513 162
513 164
512 169
514 169
512 172
514 174
517 178
509 180
514 183
514 187
513 190
514 334
513 338
514 340
513 342
514 348
511 353
514 356
513 360
513 365
514 371
511 376
511 379
515 383
516 389
511 395
509 400
516 405
515 410
514 417
510 424
513 429
515 433
514 439
514 446
510 451
517 453
513 457
514 463
510 466
515 469
514 473
511 477
510 479
515 484
514 489
511 495
508 500
516 504
514 510
512 517
510 524
517 528
514 533
514 539
507 544
514 549
513 552
514 557
513 561
513 566
509 569
514 574
511 578
513 582
512 586
513 592
514 597
514 624
511 628
511 632
513 634
513 640
513 645
513 648
512 654
511 659
512 664
513 668
512 674
512 678
514 684
513 688
513 693
513 697
513 702
513 705
513 711
513 713
514 717
513 724
514 727
514 731
513 735
516 739
511 743
513 747
514 750
512 755
514 758
513 761
512 766
514 770
512 775
513 779
514 783
513 787
514 792
514 796
513 799
513 802
513 806
513 809
513 812
522 815
512 818
513 822
513 825
514 826
514 832
514 834
514 838
514 839
514 844
513 846
515 889
514 886
515 887
514 890
514 891
515 892
513 894
515 895
512 897
514 896
511 899
513 900
514 904
511 904
512 904
512 905
514 909
516 907
512 909
513 909
515 911
512 915
513 913
514 914
516 917
513 915
514 916
512 915
514 919
514 917
514 923
514 921
514 921
513 921
514 922
514 922
513 923
514 921
512 923
514 923
513 923
514 923
514 921
514 922
513 922
514 922
514 923
514 922
514 922
514 922
514 921
516 920
514 920
514 920
514 917
513 915
514 913
514 889
514 887
514 893
512 885
514 881
514 880
512 871
512 872
513 873
513 870
510 867
513 865
514 863
515 858
513 854
512 852
513 849
514 847
514 842
513 839
514 835
513 830
513 825
514 823
514 818
514 814
514 811
514 805
515 801
515 794
514 792
513 788
515 783
514 780
514 775
513 771
513 767
513 761
514 757
514 752
516 749
515 744
523 740
513 737
512 730
514 727
514 723
516 717
515 712
512 709
515 704
513 697
513 692
517 689
515 683
513 681
513 678
514 598
514 594
514 592
514 587
513 586
516 577
515 574
511 573
513 568
511 563
516 559
512 557
514 552
515 546
516 542
511 537
515 530
515 523
516 519
511 514
513 509
513 503
514 510
511 493
515 488
515 483
516 479
512 475
514 469
514 466
517 463
512 459
514 454
515 450
514 443
516 438
516 433
516 428
514 423
514 418
514 413
514 409
513 402
515 398
516 391
514 388
512 381
515 376
514 377
515 368
515 362
514 357
514 352
514 347
514 342
513 339
523 335
514 274
514 271
515 268
514 264
