654 121
604 120
617 120
656 120
605 119
595 118
589 117
579 118
598 117
581 118
586 116
595 117
572 118
575 117
580 116
572 116
569 114
589 116
570 116
561 116
549 116
551 111
560 117
561 117
545 119
527 118
522 120
516 121
513 123
514 126
514 128
514 130
514 128
514 132
514 133
515 134
513 136
514 138
515 138
513 141
513 142
514 143
512 145
514 147
513 150
514 152
511 153
514 156
514 158
513 161
513 163
514 165
512 167
514 170
514 172
513 174
514 177
467 921
468 921
480 920
465 920
465 920
485 920
499 919
508 916
510 914
513 913
513 910
512 909
513 907
514 903
512 903
515 903
513 902
514 900
513 900
513 897
513 897
513 895
513 893
514 890
514 889
513 887
513 886
515 883
513 881
513 880
513 876
514 874
513 872
514 869
513 866
513 864
513 861
513 858
513 855
513 853
514 848
513 846
513 842
514 838
511 836
514 832
513 826
514 822
513 818
513 813
515 809
514 806
513 801
513 796
513 791
513 786
514 782
514 142
513 144
514 145
514 145
513 149
512 152
513 152
511 154
514 156
513 158
513 161
513 164
513 166
513 168
509 167
515 173
514 175
514 178
514 182
511 184
514 188
513 191
519 207
511 198
514 202
513 207
514 211
515 215
514 219
514 225
513 230
514 233
514 238
516 243
514 246
514 248
513 252
514 256
514 262
513 266
514 271
514 275
514 279
516 284
514 288
514 292
514 300
514 301
513 308
513 313
515 317
513 321
514 325
514 330
514 337
514 339
514 344
513 696
513 699
512 703
514 703
514 711
507 714
504 717
513 723
513 727
510 731
514 735
514 740
513 744
513 748
513 752
512 755
513 760
514 765
512 768
512 772
512 776
510 778
508 782
431 784
176 785
127 790
155 794
191 799
231 802
209 805
182 809
219 813
239 817
246 820
249 824
239 827
247 830
232 834
258 836
282 839
280 842
278 845
236 847
279 850
231 853
270 856
279 858
280 862
267 865
249 868
300 871
276 869
313 876
268 878
329 881
285 882
337 885
412 917
414 918
385 916
401 919
399 918
407 920
426 919
447 920
436 920
444 922
452 921
440 924
451 921
453 921
437 921
455 921
474 921
452 921
442 921
461 921
484 921
484 921
476 920
494 919
486 919
497 918
507 916
512 916
511 912
512 909
513 908
513 906
513 901
514 903
514 902
513 902
513 900
513 901
513 898
513 897
514 894
513 893
516 891
513 888
513 887
513 884
514 882
513 879
513 877
513 876
513 873
513 872
513 868
513 867
513 864
513 861
512 752
516 749
512 746
513 739
513 738
515 733
513 729
514 724
512 721
513 717
514 713
513 708
513 702
515 696
513 692
514 688
513 683
513 678
513 673
513 668
514 663
513 660
514 655
514 650
513 647
515 643
513 637
513 628
509 625
513 620
513 613
513 604
513 601
513 597
513 592
512 587
512 581
518 577
513 574
512 571
513 566
512 562
513 558
514 554
512 551
514 546
513 541
513 536
516 530
513 523
513 521
513 513
513 508
513 501
513 497
515 493
514 487
513 359
514 354
513 352
512 349
513 344
515 339
514 335
514 330
514 327
512 323
515 319
512 314
513 310
515 306
513 302
518 297
513 293
513 290
513 285
514 281
514 278
513 273
513 270
514 265
515 261
517 256
523 255
623 251
633 250
897 248
934 243
866 238
842 234
784 231
776 228
788 225
776 220
789 218
791 213
751 211
769 204
740 204
752 202
761 199
736 196
764 192
764 190
744 185
744 184
742 181
770 178
796 175
750 172
712 169
744 166
770 164
764 162
734 129
624 127
652 127
627 127
655 124
643 125
659 124
611 123
620 121
630 120
633 121
634 121
618 119
576 119
608 119
591 118
605 116
585 117
612 116
595 118
566 118
570 115
589 116
597 115
581 116
552 115
564 117
567 115
556 116
545 115
569 116
571 116
565 117
556 118
544 117
524 119
516 123
516 123
515 125
513 127
514 128
514 128
514 132
513 133
514 136
514 134
511 137
513 138
514 140
513 141
514 142
514 146
513 148
514 148
515 151
513 153
513 154
512 259
514 264
514 265
513 267
514 272
513 275
513 281
514 285
513 291
513 298
510 303
513 307
515 310
514 312
514 316
514 321
513 327
513 333
513 339
513 343
513 346
514 350
516 356
514 361
513 365
515 367
514 372
512 377
513 382
513 385
513 390
513 397
513 403
514 407
515 412
514 419
513 428
513 431
514 437
513 443
513 448
514 450
513 453
514 459
515 465
513 466
513 469
513 474
514 479
514 482
514 486
513 492
513 498
513 500
513 508
513 515
514 519
514 662
514 666
513 670
514 675
513 681
512 686
513 691
512 695
514 698
514 702
513 697
513 712
513 716
513 727
515 723
512 728
515 732
513 736
513 740
512 744
514 747
514 752
513 756
515 761
514 765
514 768
515 772
512 777
510 781
506 783
299 783
207 790
205 791
183 795
164 799
187 803
220 807
243 810
256 814
213 817
204 821
235 825
234 828
260 832
283 835
243 837
268 840
274 845
278 845
261 847
258 851
266 864
276 855
313 860
258 863
258 866
293 869
442 921
412 921
463 921
476 921
457 922
445 921
433 920
455 922
469 921
489 922
476 921
469 921
467 920
470 920
491 919
502 918
510 917
514 914
513 912
513 909
513 908
513 907
513 905
513 904
512 903
514 900
514 900
513 899
513 898
513 896
513 895
513 893
513 889
513 889
513 885
512 884
513 882
513 880
513 878
513 875
513 873
513 871
513 868
513 866
513 863
513 860
513 858
513 855
513 852
512 849
513 846
513 841
513 838
514 833
513 830
513 825
513 820
513 789
513 784
513 781
514 777
513 774
513 770
512 765
513 759
513 755
516 751
514 748
514 741
514 738
513 732
514 725
513 722
514 717
514 713
513 709
512 706
513 701
514 696
513 689
511 685
513 682
513 678
513 673
513 669
513 664
513 659
514 653
513 652
513 646
515 639
513 632
513 628
512 621
514 616
514 610
513 605
513 599
514 593
513 588
516 584
513 581
514 577
513 572
513 569
513 565
514 562
512 558
513 551
513 548
514 543
513 539
514 533
513 528
513 451
513 446
514 442
514 436
514 432
513 427
513 422
513 415
513 413
514 404
514 400
512 395
517 390
512 386
516 380
516 374
512 370
513 365
513 359
514 356
515 351
514 346
515 343
514 337
515 335
515 329
513 326
515 322
520 318
512 312
515 311
514 305
514 300
513 297
512 292
514 288
513 284
514 280
513 277
514 273
513 272
514 265
517 261
517 256
524 253
613 251
622 249
896 249
944 244
885 238
848 234
821 230
790 226
813 223
803 220
801 217
787 214
738 167
727 165
724 162
719 161
705 158
724 156
743 158
715 153
691 151
671 150
719 147
686 148
637 144
637 145
696 141
680 141
690 140
621 138
680 135
655 135
639 133
657 133
695 131
632 130
597 129
646 126
666 127
626 126
629 126
674 124
640 124
618 123
591 122
633 120
639 121
620 117
583 119
596 118
628 118
612 116
596 117
597 115
591 118
589 117
576 116
575 115
558 115
583 116
589 115
565 120
556 117
567 116
578 116
578 116
572 115
569 116
546 142
513 141
515 141
514 143
514 145
514 146
513 148
512 151
514 153
513 155
514 157
513 158
513 163
514 164
514 166
514 169
514 171
514 174
514 176
514 180
514 183
514 185
514 189
514 193
514 196
512 200
513 205
513 209
514 213
513 219
514 223
513 227
513 233
514 237
514 239
513 242
516 247
514 250
514 256
515 259
514 264
515 269
516 275
513 280
514 284
514 287
513 291
513 296
514 301
514 305
516 310
513 315
517 320
514 324
513 330
514 334
513 338
513 433
514 436
513 440
513 443
513 448
512 454
514 456
514 459
514 464
513 467
513 472
514 475
514 480
514 484
514 488
514 492
513 498
514 504
510 509
514 514
513 520
516 527
514 531
513 536
519 541
515 545
510 527
514 555
515 560
513 564
514 568
514 572
513 577
509 581
514 585
516 589
514 595
512 601
514 606
512 611
512 617
512 623
513 628
513 632
514 638
514 642
513 647
513 652
512 658
512 663
512 669
513 672
513 677
513 681
513 686
513 690
511 695
514 795
160 798
201 802
190 805
216 808
231 812
258 815
287 817
251 821
288 826
261 828
220 832
284 834
288 839
278 841
273 843
228 848
272 850
230 853
286 855
259 858
261 860
281 864
221 867
271 870
284 872
304 875
291 877
300 880
281 882
303 885
335 886
344 888
337 889
374 891
311 892
330 893
361 895
412 896
357 898
348 898
365 899
393 902
401 903
315 903
364 905
416 906
410 908
371 908
372 910
393 911
413 912
412 911
402 913
408 916
354 919
386 914
424 922
497 920
480 920
486 918
503 917
514 915
513 913
512 911
512 909
513 907
512 906
513 905
513 904
514 899
511 902
515 900
513 898
514 897
513 895
513 894
514 892
513 890
513 888
513 886
513 884
513 882
512 881
513 878
513 874
513 873
514 871
513 868
513 864
512 862
513 859
514 857
513 853
513 849
515 848
514 843
513 839
513 836
513 832
513 827
513 823
512 819
514 813
513 811
513 806
513 802
513 798
513 793
514 789
513 785
513 781
512 776
514 771
512 661
513 654
514 646
513 642
512 640
514 635
514 624
514 618
513 616
513 611
514 601
509 595
513 592
513 589
513 583
513 577
513 576
513 569
513 568
514 564
513 560
513 557
514 552
513 546
515 543
513 537
513 531
514 525
513 520
513 515
514 509
513 504
513 499
513 493
514 490
516 485
513 480
513 476
513 473
512 469
514 464
514 459
513 454
513 450
516 445
513 440
514 436
514 429
515 424
515 419
513 414
515 411
513 404
513 398
513 396
514 389
514 384
514 296
514 293
513 290
513 287
514 283
514 279
513 276
512 271
513 267
511 263
516 259
518 254
522 253
615 250
775 252
886 248
892 242
883 238
854 233
842 230
824 225
796 222
797 221
792 215
789 212
785 209
768 206
764 203
746 200
746 197
753 195
732 191
738 189
759 186
735 183
752 179
773 178
761 174
738 171
739 169
718 166
749 164
749 162
733 159
688 156
676 154
687 152
711 152
651 148
658 148
657 145
680 145
606 143
650 142
657 141
717 140
624 137
577 116
596 116
594 116
601 116
583 116
559 115
553 115
556 115
568 117
578 115
573 116
557 117
550 117
553 116
543 117
539 118
523 119
517 121
514 123
516 123
515 127
514 129
515 130
515 131
514 135
514 135
513 136
513 138
514 137
514 140
514 141
513 143
513 144
513 148
515 149
514 150
515 154
514 154
515 157
514 159
514 161
514 164
513 166
517 169
514 172
513 175
514 177
515 181
514 184
513 187
513 191
514 194
514 198
514 200
511 210
513 209
513 214
513 334
514 339
514 342
514 344
513 350
512 355
514 358
514 361
513 365
513 370
509 377
515 380
514 384
514 389
513 394
513 399
514 405
513 413
513 418
514 423
514 429
513 434
512 441
513 446
514 449
511 454
514 457
514 461
513 466
513 470
514 472
514 477
514 481
514 486
513 490
513 495
516 501
514 507
514 511
513 518
514 525
514 528
513 533
514 538
513 543
512 550
510 551
514 557
513 562
514 565
513 569
514 575
512 579
514 583
512 588
514 593
514 598
513 730
513 735
513 739
511 743
514 747
513 751
514 754
514 759
513 764
513 767
512 771
511 775
512 778
511 782
445 784
243 783
204 788
213 792
209 797
200 801
168 805
179 810
236 813
260 817
268 819
249 824
209 827
250 830
296 833
301 835
322 839
276 841
262 844
265 837
299 852
313 850
246 855
276 872
268 861
315 864
262 867
257 869
307 872
301 875
313 878
281 880
311 882
325 884
355 886
306 886
352 889
387 890
397 891
300 892
346 894
393 896
407 919
401 919
416 921
456 920
443 920
421 921
433 917
453 920
445 921
435 921
429 921
454 921
478 921
469 921
452 922
448 920
430 922
458 921
482 921
479 921
459 921
463 919
491 919
512 918
513 916
517 916
511 914
512 912
513 909
513 907
513 905
512 903
513 903
513 902
512 900
513 900
513 899
514 897
515 896
514 893
513 892
513 890
513 888
513 885
513 884
513 881
510 879
514 877
511 874
513 873
514 869
513 867
513 865
513 863
513 859
514 856
514 853
513 882
513 880
514 878
514 875
515 874
513 871
513 868
514 866
513 863
513 861
512 857
516 854
513 852
513 848
514 844
513 841
513 834
513 833
514 829
513 826
514 821
514 816
513 812
513 808
513 803
514 799
513 795
514 790
514 786
514 781
513 776
514 772
512 768
513 765
513 761
513 756
514 752
513 750
516 745
515 739
513 734
515 729
513 725
514 721
513 715
513 710
513 705
513 700
514 696
513 691
513 688
513 682
517 678
514 672
513 668
513 664
514 659
515 395
513 392
514 387
514 384
514 379
514 374
511 370
514 364
513 361
513 356
513 351
515 346
515 343
514 337
514 335
513 330
513 326
515 323
513 318
512 313
515 310
512 305
514 300
513 296
513 291
515 288
513 284
513 280
513 277
513 272
513 268
514 264
515 261
515 257
518 253
601 252
639 249
892 251
901 244
857 240
856 237
840 231
834 226
837 223
801 219
772 216
780 213
772 210
763 207
750 203
756 201
734 198
727 195
752 193
725 191
736 188
746 184
753 119
554 116
589 116
572 115
547 115
549 116
573 118
583 118
553 117
536 116
536 117
527 118
520 119
517 122
516 124
514 125
512 129
514 129
514 131
515 133
515 134
514 135
515 135
514 137
514 139
514 138
514 141
514 142
514 145
513 145
513 149
514 151
515 154
513 155
517 158
514 159
513 163
512 165
514 166
513 171
514 171
514 173
514 177
514 180
514 181
513 186
514 190
513 193
514 197
514 201
513 205
514 211
512 221
513 218
514 221
513 228
514 231
514 265
513 270
514 274
515 278
514 282
514 288
513 293
515 297
512 301
514 305
514 310
514 313
513 317
514 320
514 326
514 333
513 339
513 342
513 345
513 348
514 354
514 360
513 366
514 368
513 371
514 374
513 383
515 389
514 392
514 397
514 405
513 410
514 414
515 419
513 427
510 434
514 437
513 441
513 448
513 454
517 456
514 459
514 465
515 468
513 471
516 474
514 480
513 485
513 488
514 493
513 499
513 504
514 507
513 515
514 521
514 528
514 531
514 617
514 621
513 628
513 632
513 639
512 644
513 648
514 654
514 658
513 662
513 666
514 674
513 677
512 681
513 688
514 691
508 695
513 700
513 704
514 708
513 712
513 716
515 719
513 724
513 730
513 733
513 738
514 741
513 746
515 749
513 753
513 757
513 760
513 764
513 771
512 774
511 778
510 782
451 783
300 783
185 786
184 791
200 796
192 799
215 805
218 808
206 812
234 815
275 820
269 822
251 825
234 828
251 831
242 834
267 838
311 839
279 842
366 887
341 889
321 889
335 890
389 892
417 893
371 894
340 896
393 898
424 899
413 901
346 902
395 903
414 905
429 905
415 906
419 907
386 909
380 910
369 911
445 912
396 913
394 913
378 914
411 917
373 923
426 925
426 917
452 918
386 919
393 919
426 920
465 920
461 920
420 922
423 923
431 920
443 921
458 921
434 920
443 919
475 921
452 921
465 921
473 921
454 921
459 920
477 920
483 919
475 918
482 918
506 917
508 916
512 913
512 912
513 910
513 907
514 879
513 878
512 875
513 872
513 870
514 867
514 865
514 862
513 861
513 858
513 854
513 851
513 848
514 843
512 839
513 836
513 832
513 828
513 825
513 820
513 814
513 812
514 806
517 801
513 797
512 793
513 788
513 784
513 780
513 776
514 772
513 768
514 764
516 760
513 755
513 751
513 745
513 740
513 736
514 732
512 730
513 729
513 722
513 716
513 709
514 703
513 698
514 694
513 690
513 685
513 681
513 676
514 672
513 668
514 664
513 659
513 655
513 567
513 563
511 562
514 559
513 554
512 549
513 542
516 538
513 534
513 528
514 522
514 516
513 511
513 504
513 496
513 495
513 491
514 486
513 480
513 478
516 473
513 469
514 464
514 460
514 455
514 452
514 447
513 441
513 435
514 430
513 425
513 421
514 415
514 410
514 403
515 401
512 392
516 389
515 387
512 380
515 377
514 371
514 366
514 358
514 353
514 350
514 344
513 340
513 337
515 334
514 330
514 327
515 322
513 317
516 312
513 308
513 211
774 208
792 206
755 202
773 200
740 198
774 195
776 191
743 188
760 185
737 181
748 182
768 176
754 174
748 171
725 168
741 165
712 163
779 161
705 159
720 156
699 155
677 152
662 150
716 150
682 147
662 146
637 144
648 144
702 141
688 141
665 139
668 138
635 136
649 136
641 134
671 133
622 132
630 130
616 130
663 129
632 129
607 127
641 125
632 124
643 124
588 122
636 122
617 121
620 121
568 120
657 120
634 120
595 119
602 119
582 117
626 117
601 134
513 136
513 137
511 139
514 139
513 140
514 142
514 144
514 146
513 147
513 152
514 151
513 155
514 156
514 159
513 161
513 164
513 165
514 168
515 170
513 172
507 175
513 178
514 181
514 184
513 187
513 191
513 195
514 197
514 202
514 206
515 210
512 210
514 219
514 224
511 229
513 233
513 238
513 242
514 246
514 250
513 253
514 257
513 260
514 265
513 269
514 275
514 279
513 282
515 287
513 292
514 295
514 300
513 304
514 311
513 314
514 318
512 448
513 450
514 453
514 457
514 460
513 466
514 468
513 472
513 477
513 481
513 484
514 489
514 495
513 500
514 506
514 511
514 515
513 522
513 528
514 532
514 537
512 543
514 548
513 551
514 555
499 558
514 568
514 569
514 573
512 578
515 582
513 587
514 592
511 597
516 601
513 606
513 612
512 618
512 622
514 628
513 632
510 638
513 643
514 647
512 654
516 660
513 666
513 669
514 674
513 679
513 683
515 687
513 692
513 696
513 701
513 704
513 708
514 789
167 791
181 794
178 798
214 802
221 805
222 808
224 811
240 816
246 819
255 823
247 825
246 830
272 832
261 835
278 838
287 841
254 844
283 846
275 850
293 852
262 862
281 858
262 859
268 866
308 867
221 867
286 872
262 875
301 876
255 880
312 883
296 883
333 886
341 887
324 891
331 890
421 891
392 893
345 894
313 896
380 897
407 898
378 899
344 900
404 902
388 904
345 905
397 906
422 906
402 908
364 910
386 909
410 911
379 913
392 913
414 914
504 916
509 917
512 914
515 911
511 908
512 906
512 906
513 904
513 904
513 902
513 901
513 899
520 899
512 895
513 895
516 893
514 892
513 889
513 889
514 886
513 884
513 882
513 879
513 876
513 875
512 872
514 870
513 867
513 864
514 862
515 860
514 857
516 853
513 850
513 846
513 843
513 840
514 835
513 831
513 826
513 822
512 818
514 814
513 809
513 805
514 801
515 797
513 793
513 789
514 785
514 780
514 774
513 770
513 766
513 762
514 758
513 753
507 617
513 615
513 608
513 604
513 598
514 593
513 588
513 584
513 580
513 574
514 571
513 567
514 565
513 560
513 555
513 551
513 548
514 542
507 536
513 533
513 526
513 520
514 515
513 510
513 505
508 498
513 493
513 490
510 485
513 479
514 476
514 472
513 468
514 464
513 459
513 456
513 451
513 445
516 440
513 436
512 429
515 423
513 419
514 412
514 408
513 404
514 397
514 392
514 386
515 381
513 378
513 373
513 366
512 364
512 359
514 354
516 349
870 237
831 234
808 232
794 228
780 224
775 220
786 218
779 214
793 210
781 209
739 205
737 203
733 199
751 196
769 193
749 190
723 188
724 185
740 183
735 178
752 175
769 173
729 169
712 167
745 164
726 161
743 159
706 157
732 155
677 153
689 151
689 149
699 147
705 147
692 144
636 144
660 145
685 142
680 140
658 139
676 136
653 136
699 134
662 132
617 132
624 131
665 130
657 129
632 128
614 127
641 126
679 126
636 124
675 123
604 122
618 122
577 121
553 118
552 118
526 119
518 121
513 122
515 125
514 126
514 129
510 130
513 130
514 133
508 134
513 135
514 137
514 138
514 138
514 140
514 142
514 145
514 147
514 149
514 150
514 152
514 154
512 156
514 158
514 161
514 162
514 166
514 167
513 170
513 173
514 174
513 179
513 182
509 185
514 188
513 191
513 195
514 199
514 202
512 207
514 211
513 216
511 221
508 224
513 226
514 232
513 236
514 240
514 245
512 250
512 253
514 258
513 262
514 267
513 272
514 417
514 422
507 426
513 433
513 435
513 438
514 443
513 450
514 456
514 457
513 460
513 467
513 470
513 472
514 476
514 482
515 487
513 490
513 494
513 502
513 505
514 511
514 517
513 523
513 528
514 533
514 538
514 544
513 549
513 552
514 558
512 560
515 565
511 570
513 574
513 578
514 582
513 588
514 593
507 599
513 603
513 608
512 614
513 618
514 624
513 629
513 635
513 640
512 644
514 650
512 655
514 660
508 664
514 668
514 675
515 680
513 805
214 807
225 811
240 814
231 817
238 821
244 824
221 827
240 830
272 830
256 836
245 840
258 842
282 845
282 848
276 851
265 854
247 856
287 862
274 866
284 866
303 869
270 872
293 874
295 876
320 879
323 881
378 883
326 885
333 887
346 889
372 890
375 892
344 893
355 894
345 895
341 897
349 899
402 899
403 902
377 902
324 904
365 904
377 907
419 907
382 909
389 909
411 910
407 911
410 912
386 913
382 916
412 915
422 915
439 916
414 918
405 919
431 876
514 875
513 871
507 871
513 869
513 866
513 864
513 861
514 858
513 855
513 852
513 849
513 846
513 842
513 838
513 834
513 831
513 827
514 823
513 818
513 813
513 808
513 804
514 799
511 794
513 790
513 786
513 782
513 777
513 772
513 769
513 765
513 762
513 759
513 754
517 749
514 744
513 737
513 732
513 729
513 724
513 721
513 717
514 712
513 707
513 701
513 695
513 691
513 687
513 683
513 679
513 674
513 668
514 665
514 661
513 657
514 652
513 598
510 595
514 589
514 585
514 583
513 579
513 575
513 571
511 567
513 563
513 557
513 555
513 552
514 545
512 538
513 534
513 531
513 523
514 517
513 512
513 508
512 502
513 497
513 493
513 489
513 483
514 479
513 476
513 472
513 466
515 461
512 458
513 454
513 447
515 443
514 438
514 433
513 428
515 423
513 418
512 413
513 408
514 402
514 397
513 391
514 385
513 380
513 375
514 371
512 368
512 361
516 359
514 352
513 347
513 342
513 339
513 337
512 261
516 258
514 255
522 253
596 253
661 250
798 251
875 246
887 241
902 236
852 233
820 228
792 225
771 221
815 218
828 214
798 211
787 208
744 204
743 201
752 198
742 196
739 194
723 191
763 188
763 185
769 182
775 178
731 176
805 173
767 169
741 167
752 164
757 162
731 159
730 155
686 152
691 150
690 151
674 149
622 148
644 146
668 145
668 144
595 142
611 141
660 140
658 138
648 137
663 135
652 136
634 133
613 131
645 132
637 129
