603 142
549 142
560 140
586 141
586 137
596 136
555 135
550 135
566 132
601 130
592 131
545 129
548 128
547 127
558 126
555 125
594 124
553 123
553 122
551 121
579 120
580 120
555 119
590 118
592 117
560 114
540 117
549 116
589 115
573 116
540 115
539 116
525 114
546 115
550 113
555 114
555 114
542 115
520 115
521 115
547 115
554 115
545 115
533 116
522 116
517 116
516 118
517 118
514 121
511 122
514 124
514 126
513 129
514 129
513 132
514 133
515 135
458 915
451 916
483 917
449 918
472 918
450 919
483 919
433 920
457 919
478 921
478 920
480 922
469 922
474 924
478 922
470 922
499 922
493 922
486 922
470 923
479 922
497 923
499 922
484 922
504 922
505 916
492 923
495 921
507 919
510 918
513 917
515 914
513 912
513 910
513 908
515 907
513 906
513 905
516 903
513 902
514 901
513 899
514 899
512 896
513 893
513 893
513 891
514 888
514 886
513 884
512 882
514 880
514 878
514 876
513 874
513 871
513 868
547 114
521 114
535 113
524 113
522 113
540 114
557 115
546 115
520 114
521 115
529 116
529 116
527 118
517 119
515 119
514 122
514 124
513 127
514 129
513 130
514 131
514 135
513 134
514 134
513 136
514 132
511 140
516 140
513 143
514 145
514 146
513 149
513 151
513 154
513 155
514 157
514 159
513 161
514 164
513 165
514 167
515 172
513 175
514 177
514 180
514 184
513 186
513 190
514 194
513 197
514 202
513 205
514 210
513 214
514 218
513 222
514 225
514 562
512 566
513 570
513 574
514 578
513 583
513 588
512 597
518 598
516 601
515 609
511 615
515 618
513 623
512 628
514 634
511 640
513 645
513 650
513 655
512 660
510 665
514 670
513 674
513 679
513 683
513 688
513 693
513 698
513 702
514 705
514 708
514 712
513 716
514 721
513 725
512 730
512 734
513 738
513 743
513 747
511 751
513 755
513 756
512 762
515 766
512 772
513 777
510 780
511 782
479 785
443 788
409 792
384 794
369 799
358 803
349 807
384 883
410 886
411 887
456 889
419 890
463 892
401 892
428 894
455 895
460 900
417 898
438 899
426 901
451 902
424 904
443 906
425 906
458 907
432 908
429 909
452 910
465 911
467 913
442 913
449 914
449 914
472 916
439 916
485 918
483 919
491 919
445 919
456 922
474 919
485 921
493 920
475 922
476 922
453 923
461 923
487 923
486 923
489 924
482 922
473 926
463 923
487 922
504 923
500 923
494 921
476 922
486 921
507 922
512 921
507 920
511 917
514 868
513 867
513 864
513 862
513 860
514 855
514 853
516 851
513 846
514 843
513 839
513 835
513 829
513 826
513 822
514 818
513 814
513 810
514 806
513 802
513 797
513 793
514 789
513 785
513 780
513 775
513 770
513 765
513 761
514 758
514 753
513 750
513 746
513 742
513 737
514 731
514 726
514 721
513 716
512 713
514 711
515 703
513 698
513 690
515 686
514 685
513 681
513 676
513 670
515 665
513 663
514 660
515 650
514 647
514 642
515 636
513 630
514 502
515 496
514 492
514 490
514 486
513 482
513 479
516 474
513 470
515 465
513 461
513 458
513 454
514 448
513 443
514 438
513 433
513 427
514 423
515 417
513 411
514 406
515 401
514 395
514 390
513 386
514 380
514 376
515 371
514 367
513 363
514 357
513 353
514 348
513 344
516 339
515 335
514 332
515 327
514 321
514 318
513 315
514 310
513 306
514 301
514 297
514 293
514 290
514 285
514 281
514 277
514 275
513 271
513 266
514 258
514 257
515 253
559 185
635 184
642 182
622 178
654 176
608 170
633 170
642 168
664 165
656 162
632 160
601 157
609 155
632 152
630 152
613 149
602 148
595 148
586 145
593 144
579 143
621 141
578 140
607 138
557 136
587 136
602 134
595 131
591 130
586 130
588 130
573 128
566 126
589 125
611 125
568 124
549 123
587 123
582 121
581 121
572 120
598 119
578 116
549 118
538 117
553 116
581 116
553 116
534 115
536 114
542 114
547 114
551 115
560 114
548 113
540 114
536 117
524 152
513 153
512 156
513 158
513 161
513 165
513 166
515 167
513 169
513 172
515 175
514 178
513 181
513 185
517 188
513 190
513 194
514 200
514 203
512 207
514 211
514 216
514 220
513 224
514 229
513 234
510 238
513 241
514 244
510 250
505 256
514 259
514 263
513 268
513 275
513 277
514 281
514 286
514 291
514 293
510 299
513 302
513 306
514 310
514 315
514 321
513 327
514 333
513 337
512 340
514 344
513 350
513 357
512 361
515 363
513 366
513 371
514 509
509 515
515 520
513 524
514 532
513 537
515 541
514 545
513 550
512 555
514 559
512 562
511 567
513 571
514 575
513 580
513 585
512 589
513 593
515 596
510 606
512 609
511 615
513 622
511 626
512 631
514 636
513 640
514 645
513 651
513 657
512 662
512 667
513 671
513 675
510 680
513 685
513 689
513 694
513 699
513 703
513 707
513 711
513 715
513 718
513 723
513 727
515 732
514 736
513 739
513 744
513 747
513 751
513 755
514 760
522 762
511 770
435 895
463 896
427 897
426 900
450 900
462 902
393 903
429 904
486 905
480 906
442 904
402 907
459 909
465 911
457 912
475 913
485 913
441 916
435 916
450 917
508 918
467 919
452 918
431 920
479 921
439 921
458 921
474 920
481 919
493 922
467 922
475 923
486 923
493 924
508 923
485 921
460 923
468 923
490 922
490 923
498 923
497 922
497 922
488 922
495 922
500 922
505 920
511 919
513 917
512 914
513 914
513 912
513 910
513 907
514 906
514 905
514 903
513 897
513 895
514 893
513 891
513 890
513 888
513 886
514 883
514 882
513 880
509 876
512 874
513 872
513 869
513 866
513 864
514 861
514 858
514 854
514 853
513 848
513 846
512 841
513 839
514 833
513 831
513 826
513 823
513 819
515 814
513 809
514 804
513 799
514 794
513 789
514 786
511 781
512 776
514 772
514 766
513 764
514 760
513 758
514 754
514 749
514 744
516 739
513 734
512 730
513 726
512 721
513 716
513 710
514 704
514 700
515 697
512 692
514 613
515 610
514 604
514 599
512 597
513 586
515 584
513 583
513 578
513 570
515 567
513 566
513 562
514 557
515 553
511 550
514 545
513 538
515 533
512 529
513 523
514 516
515 509
513 505
513 500
514 495
514 488
513 486
514 480
514 478
514 473
514 468
513 463
516 460
512 456
514 451
513 446
514 441
513 436
513 431
513 426
511 421
512 416
514 410
515 405
515 399
515 393
513 389
514 385
513 380
514 375
514 370
514 364
514 358
513 354
514 351
514 346
513 283
514 279
514 276
514 272
515 266
514 263
514 260
515 254
516 250
587 251
639 246
663 244
668 238
657 235
660 230
668 227
661 224
650 221
636 219
666 214
644 211
640 207
653 204
651 201
641 197
638 196
631 194
623 190
634 186
642 182
663 181
657 182
613 175
620 173
641 170
658 167
644 163
644 161
636 153
603 155
601 154
595 153
649 149
602 149
597 146
555 143
612 144
583 143
605 142
559 140
595 138
608 138
593 136
571 135
595 134
613 132
627 117
584 117
555 116
566 116
564 115
570 115
577 115
538 115
537 116
561 114
553 115
544 114
556 114
527 118
526 114
534 112
549 114
561 115
541 115
522 114
520 115
525 116
520 115
525 116
520 117
517 117
514 122
514 123
513 126
512 127
514 131
513 132
514 133
515 134
515 135
514 136
514 137
514 138
515 129
504 139
515 145
513 146
514 148
514 149
514 153
513 154
515 157
517 159
514 159
513 163
514 166
514 170
514 171
514 174
514 177
513 179
514 183
513 121
513 125
514 125
514 126
513 128
514 128
514 131
514 133
514 134
514 134
513 135
512 137
514 139
513 139
516 147
514 143
513 147
514 149
514 151
512 153
513 154
514 157
514 159
513 161
515 163
513 166
515 169
513 172
514 173
514 176
513 180
512 182
513 186
515 190
513 193
514 197
514 201
513 205
514 209
509 214
513 218
517 222
513 225
514 229
513 234
514 239
513 243
514 248
514 252
514 256
504 262
511 266
514 271
514 277
513 280
515 283
513 288
513 498
513 502
513 506
511 513
515 518
513 523
513 529
509 535
515 538
512 543
514 550
510 553
516 557
512 562
514 567
513 570
515 573
513 579
513 582
511 588
516 592
513 598
513 609
511 618
509 615
514 618
513 623
513 628
513 634
514 639
513 644
512 650
512 656
512 660
513 664
513 669
513 675
513 679
514 683
512 688
512 693
513 698
513 702
514 705
512 709
513 713
514 716
514 720
514 725
513 729
512 734
514 739
513 742
512 747
513 751
513 754
513 760
514 894
436 895
422 896
453 897
435 898
441 899
403 900
428 903
398 903
437 904
467 904
459 907
414 908
418 909
440 910
457 912
457 912
458 913
463 913
433 916
426 916
477 917
467 918
469 919
444 921
495 920
471 920
468 921
460 921
479 921
498 921
483 922
460 922
463 923
473 923
496 923
492 923
483 923
476 923
467 923
479 923
495 923
497 923
510 922
503 922
480 922
474 922
500 921
507 920
512 918
512 916
513 914
513 911
513 910
513 907
513 907
513 905
513 858
513 856
514 853
514 851
514 848
515 843
514 840
514 835
514 833
513 827
514 823
513 819
513 816
514 809
513 803
514 798
514 794
513 791
514 787
513 783
513 779
513 774
514 771
514 766
514 763
513 759
517 755
513 751
513 747
519 742
514 736
514 729
513 725
514 721
513 718
514 714
513 708
514 702
515 698
515 694
514 689
513 686
515 679
513 674
513 674
513 669
512 663
516 656
514 652
508 648
514 644
513 636
513 629
515 625
512 621
515 615
514 608
513 526
514 519
518 512
514 507
513 503
516 497
515 492
514 487
514 483
513 479
513 478
514 470
515 465
515 461
513 456
514 454
514 449
514 445
513 439
512 435
512 428
516 423
514 417
515 412
514 406
514 402
513 396
513 392
514 387
513 381
515 375
515 371
512 366
515 361
515 357
513 353
513 347
513 344
513 341
514 336
515 333
515 327
514 323
514 319
514 315
513 311
512 306
513 301
514 297
514 292
514 289
514 285
514 281
514 277
514 275
514 270
513 266
635 183
645 181
658 178
639 175
626 172
656 168
640 165
660 163
666 160
644 157
603 156
621 153
623 152
612 150
610 149
564 146
617 144
607 145
568 143
554 142
623 141
628 139
591 137
544 136
581 134
586 133
572 131
568 130
581 128
590 128
544 128
556 126
587 125
597 125
571 124
567 123
581 122
590 121
560 121
585 119
574 119
561 116
540 114
556 117
541 117
557 116
578 116
540 115
529 115
540 115
548 114
567 115
545 114
551 114
548 115
544 114
538 115
507 140
512 147
513 148
514 151
514 153
514 155
514 158
513 161
513 162
513 164
517 166
513 168
511 173
514 174
514 177
513 180
515 184
514 187
512 190
512 194
513 197
513 203
513 206
514 210
513 215
513 220
516 225
513 229
513 232
514 236
514 239
513 243
513 247
513 251
513 256
514 263
514 266
518 272
512 277
514 281
513 286
514 290
514 295
513 298
514 303
514 307
514 312
513 316
514 320
513 324
514 328
514 333
514 341
513 345
513 349
514 353
517 357
512 481
511 485
515 488
513 492
514 497
514 500
513 508
512 513
511 519
513 525
513 531
512 536
523 542
514 546
513 550
514 554
512 559
512 563
513 567
518 571
513 576
512 580
515 584
512 588
515 594
513 599
505 604
512 611
514 617
510 614
512 626
512 631
510 636
513 642
513 648
514 651
513 656
514 661
512 666
513 671
512 676
512 680
514 683
513 689
513 692
514 698
513 701
513 706
513 711
521 716
513 719
513 724
512 727
514 731
514 735
514 739
513 820
384 820
410 823
379 825
369 828
349 832
359 835
397 839
413 841
388 843
365 847
371 849
381 853
398 856
393 859
372 862
378 865
393 867
409 871
378 874
397 877
417 879
448 882
407 882
392 885
422 886
440 888
474 890
399 889
435 893
422 893
467 897
392 898
433 899
478 899
476 901
429 903
414 904
442 905
471 906
433 907
443 908
469 909
437 911
424 911
444 912
476 913
464 918
438 915
477 918
469 917
459 918
463 917
471 919
484 919
449 920
464 920
466 904
513 903
514 903
514 903
514 900
514 899
513 897
513 895
512 893
513 890
514 889
514 890
513 886
514 883
514 881
513 879
511 877
514 874
514 872
515 870
513 868
514 865
523 865
511 858
514 856
513 853
513 849
514 846
514 844
513 838
514 835
513 831
517 827
514 822
513 816
513 813
513 808
513 803
513 799
513 795
514 792
515 789
514 784
514 779
513 775
513 771
513 766
513 762
512 758
514 753
513 747
513 743
514 738
515 734
514 733
514 728
513 722
513 574
513 572
513 569
513 567
513 562
514 558
515 553
513 549
512 544
514 540
515 534
514 527
514 522
517 517
514 510
515 504
515 505
514 495
515 490
514 484
514 480
513 478
513 474
515 468
515 464
513 461
512 457
524 451
514 445
516 440
514 436
514 431
514 427
514 421
513 416
513 410
514 407
515 400
515 394
514 388
515 385
514 379
513 374
512 373
513 366
514 360
517 354
514 349
513 344
513 341
512 337
514 334
513 330
513 325
514 322
514 316
514 313
514 202
601 200
631 198
659 196
638 194
645 191
607 187
619 184
645 182
660 179
631 176
642 171
643 172
630 167
642 165
623 162
650 160
627 156
600 154
597 152
613 151
581 149
587 147
593 147
583 144
569 145
570 141
570 141
608 139
584 138
570 136
566 135
584 133
577 133
545 131
569 131
567 129
586 130
537 127
554 125
571 125
567 124
565 122
587 121
575 122
577 121
539 120
586 120
597 118
573 118
541 118
545 116
561 116
571 116
562 115
569 115
560 115
542 115
518 114
552 115
548 115
525 116
539 115
543 116
531 116
528 118
520 118
525 119
514 121
514 122
513 125
514 126
514 128
513 130
519 131
514 134
514 135
513 135
514 136
514 138
514 139
514 140
513 142
513 144
515 144
512 160
513 150
523 153
514 155
513 157
514 158
513 161
514 165
514 166
521 170
514 170
513 173
515 176
514 180
513 182
514 185
514 189
514 193
513 198
514 200
514 204
514 208
512 213
514 216
514 221
513 225
513 229
514 234
513 239
514 305
514 310
514 313
513 317
513 323
513 329
514 333
514 338
514 341
514 347
513 345
514 356
514 361
515 364
514 367
513 371
513 376
513 382
513 386
514 390
514 397
513 403
514 409
514 412
513 420
514 427
512 433
513 439
513 442
518 451
510 456
513 456
514 459
514 463
514 466
514 472
513 476
514 479
512 485
514 488
512 493
513 498
513 503
514 508
512 515
513 521
513 526
514 532
512 538
522 542
513 547
513 550
512 555
514 560
513 565
514 569
512 572
514 647
514 650
515 654
514 658
512 663
514 667
514 672
514 677
513 682
515 686
512 691
512 697
513 700
513 703
514 706
514 710
513 715
513 719
512 725
512 729
512 734
513 738
514 742
513 746
513 750
513 753
513 756
514 761
514 765
514 769
513 774
514 778
514 778
512 784
396 786
368 790
381 794
376 798
375 801
380 805
348 809
367 813
352 817
367 820
404 823
368 826
362 830
374 833
366 836
406 839
368 841
399 844
407 848
390 849
385 853
377 856
412 859
404 894
425 892
428 896
432 897
478 898
461 900
443 901
474 902
482 904
438 905
436 907
466 907
480 909
482 909
409 913
470 911
476 913
466 913
465 914
469 915
473 916
451 917
457 918
473 918
492 919
463 919
463 920
472 921
432 921
488 922
479 922
468 922
484 922
480 922
478 922
477 922
487 923
493 922
491 921
475 923
473 922
494 923
485 922
499 922
499 920
495 923
495 920
501 920
506 918
509 916
511 914
513 913
513 910
511 908
513 906
513 906
513 904
513 876
513 875
513 872
514 873
514 869
513 865
513 863
513 860
514 858
514 851
513 852
514 849
513 845
513 841
514 837
514 834
513 829
513 825
514 820
514 815
514 810
514 807
514 803
514 798
514 793
513 790
513 786
514 781
514 777
516 772
513 769
513 768
517 760
516 756
513 753
513 748
514 743
513 738
513 734
513 729
513 724
513 719
514 715
513 711
514 707
514 702
513 697
510 685
513 685
514 681
524 678
517 672
513 668
514 665
516 659
513 654
513 542
514 537
512 533
513 528
514 523
515 515
514 511
511 505
513 498
512 493
513 490
513 485
517 481
516 476
512 473
512 469
513 464
513 459
516 456
513 452
513 447
514 441
515 435
515 431
514 424
515 419
513 414
514 409
515 405
513 400
513 394
515 388
514 384
515 379
514 375
515 370
522 366
513 360
513 355
511 351
514 345
515 341
510 336
514 332
514 328
514 326
513 320
513 316
512 313
514 309
515 304
515 299
514 295
514 291
514 285
514 284
514 280
513 196
621 195
646 193
648 190
635 187
613 184
629 181
633 178
638 174
639 172
637 167
623 165
611 163
616 160
604 158
644 154
604 153
617 152
591 150
592 149
608 147
605 146
594 144
624 143
570 142
597 140
600 139
614 138
615 135
597 136
582 133
596 131
564 131
590 130
593 128
599 127
561 126
569 126
577 121
575 124
572 123
567 122
621 120
566 120
564 120
537 118
555 119
584 117
583 117
563 113
520 116
551 115
558 115
570 114
553 115
527 114
540 120
534 135
514 136
514 137
514 138
514 140
514 140
513 143
513 145
513 147
519 147
515 151
513 154
513 156
514 158
514 159
513 163
511 164
514 166
514 170
513 172
514 176
513 177
513 181
514 183
514 187
513 191
513 194
514 198
514 201
512 204
514 210
515 215
513 218
513 223
513 226
514 227
514 234
513 239
520 245
513 250
513 254
514 258
515 261
514 266
515 269
505 275
511 280
513 284
514 289
514 292
514 295
517 299
514 304
513 310
513 315
513 320
513 324
513 407
512 413
514 417
513 422
513 427
514 434
512 441
514 444
515 449
513 455
513 459
515 461
514 464
513 469
512 473
514 475
513 479
514 486
514 490
514 494
513 499
513 506
514 512
512 516
516 522
514 527
513 533
513 538
514 543
512 547
515 552
512 556
514 561
511 565
514 569
512 573
515 577
513 581
513 586
514 592
514 597
509 602
514 606
512 612
512 617
513 621
514 625
507 632
515 638
513 643
513 647
512 653
513 658
511 663
513 668
520 672
513 678
410 787
362 789
375 791
367 799
389 803
396 806
392 809
380 813
363 817
370 820
382 822
393 827
398 831
381 833
379 835
383 840
383 843
397 846
401 848
393 851
399 853
383 857
382 860
377 862
420 866
379 869
365 872
389 871
385 877
385 880
389 881
422 884
412 885
440 889
386 889
418 891
457 892
480 897
424 894
435 896
429 898
446 899
443 900
465 902
450 903
424 904
423 906
442 907
440 907
446 909
444 908
460 910
452 912
435 913
447 913
478 914
464 915
497 921
512 921
508 920
511 918
511 916
512 913
513 912
513 911
518 909
514 907
513 907
513 905
513 904
513 902
513 901
513 896
513 898
514 897
514 895
513 894
513 891
513 890
514 888
512 884
511 884
514 881
512 879
513 876
514 874
514 872
514 869
515 867
513 865
513 862
510 859
513 856
514 856
513 850
513 847
514 843
514 840
514 837
514 832
513 829
513 824
513 820
513 815
513 811
513 806
513 802
514 797
513 793
514 788
513 784
514 780
514 776
513 771
514 658
514 653
514 649
517 644
513 639
515 631
514 626
513 621
514 614
513 609
515 601
513 599
512 595
511 588
515 583
516 579
514 578
515 572
513 566
515 562
513 561
514 556
515 551
513 548
513 543
513 536
517 528
512 526
514 521
512 515
519 508
513 504
513 500
511 494
516 484
513 485
513 481
514 476
515 472
514 467
513 463
515 457
516 452
507 449
512 445
514 440
516 435
514 429
513 425
514 421
514 413
515 407
515 403
514 397
514 392
514 386
514 383
514 286
514 284
514 281
513 278
515 274
514 271
516 265
512 261
513 259
515 256
577 253
634 249
657 245
668 241
661 237
650 233
647 232
677 226
680 223
647 220
649 216
639 212
642 211
678 206
660 203
647 200
618 198
622 195
657 193
669 189
646 187
613 183
630 181
646 178
632 173
638 173
653 169
651 167
636 163
613 160
607 157
636 156
626 153
628 152
587 149
583 150
583 147
604 145
594 145
609 143
579 142
598 142
589 140
578 137
587 137
584 134
582 133
532 116
540 114
554 114
546 114
549 114
539 115
530 114
526 115
529 115
543 116
530 117
517 119
517 118
515 121
514 123
514 125
514 126
514 130
516 132
513 133
514 133
514 134
514 136
514 137
514 137
515 139
514 141
513 143
514 145
513 147
515 142
517 154
514 153
514 153
514 157
513 160
514 162
511 165
514 164
513 169
514 172
513 174
514 177
514 179
513 184
513 185
514 191
513 195
513 198
514 202
514 207
513 210
513 215
514 220
513 225
513 228
512 355
513 358
514 360
514 365
513 370
513 376
513 381
513 384
514 390
514 396
513 401
514 406
514 410
514 418
512 425
514 429
510 434
514 442
512 449
513 450
514 459
513 460
513 463
513 466
514 469
513 475
513 479
513 482
513 485
513 491
512 496
514 501
514 506
512 513
512 519
512 523
512 529
513 535
511 541
515 545
514 548
514 553
513 558
512 562
514 564
514 571
511 576
514 579
514 580
514 587
513 594
513 599
514 603
514 609
514 614
512 617
511 629
515 815
361 817
363 820
394 822
359 825
377 828
403 831
408 833
392 837
384 839
387 842
370 846
395 848
405 851
390 854
388 857
375 859
388 863
388 867
402 870
402 872
417 875
402 874
392 880
411 882
437 884
426 887
442 887
436 888
415 890
424 891
441 899
417 894
414 897
418 898
434 899
423 901
418 901
434 903
459 904
463 906
404 907
422 908
456 909
463 911
444 910
466 911
460 913
446 914
413 915
458 916
467 917
483 917
458 918
473 916
439 919
469 920
474 922
497 922
492 923
481 924
485 922
473 923
466 923
490 922
500 923
497 922
499 922
496 922
477 922
483 921
506 921
513 921
515 919
512 918
513 914
512 914
513 912
514 909
513 906
513 906
514 906
514 904
511 903
513 902
514 901
514 899
514 898
513 896
516 894
512 892
513 890
513 889
514 886
513 885
513 881
514 881
514 877
513 875
513 873
514 870
513 868
514 866
514 863
506 859
513 856
513 855
515 851
513 847
513 843
513 840
513 837
513 832
513 828
513 758
513 756
515 752
513 748
513 744
513 741
513 738
514 733
513 727
514 721
514 715
514 711
514 708
514 704
513 699
514 694
514 686
513 683
513 679
513 676
513 671
514 666
512 664
513 657
514 654
515 645
515 642
512 637
513 632
515 624
513 618
514 612
514 608
514 602
514 596
513 591
514 585
512 580
513 577
513 575
513 571
513 568
513 562
514 559
513 555
514 546
512 545
514 540
514 535
515 529
513 523
513 519
514 511
513 507
515 501
514 496
514 491
514 418
516 415
515 410
514 406
515 401
515 395
515 391
512 384
514 381
513 377
513 371
514 366
514 360
516 357
514 350
514 347
514 342
513 338
513 334
512 331
514 327
514 323
514 319
514 315
515 310
506 306
515 302
513 294
514 294
514 290
513 286
514 283
507 278
514 273
515 269
517 265
513 260
515 256
517 252
579 252
639 248
660 245
662 242
661 237
657 232
645 229
655 226
651 222
662 218
666 216
645 213
635 209
620 205
635 203
662 201
629 198
627 196
598 151
574 148
581 148
593 148
578 145
613 144
576 142
595 142
584 139
585 138
588 138
563 135
569 134
602 133
593 132
569 131
557 130
584 127
571 128
580 126
576 126
613 123
581 124
570 121
572 123
569 120
598 120
573 119
551 117
542 115
554 117
538 117
573 116
578 122
529 115
550 116
549 115
547 115
584 115
540 115
549 114
548 115
534 114
533 114
551 113
560 116
533 115
517 116
529 114
524 115
522 116
520 117
519 118
516 120
518 121
514 123
