652 176
647 175
648 172
626 168
626 166
630 163
633 162
625 158
631 156
614 154
622 152
590 149
589 148
580 147
603 145
592 144
610 143
577 142
600 137
597 140
618 137
565 136
580 134
568 134
601 131
594 130
585 131
587 129
627 127
582 128
566 126
571 124
578 125
576 123
580 121
574 121
567 120
577 118
563 119
560 118
545 118
532 118
542 117
538 116
564 116
552 115
568 115
558 115
545 113
546 111
550 111
535 114
537 116
527 115
536 115
557 116
558 113
456 902
464 896
460 901
406 903
455 904
478 903
500 907
460 908
455 909
457 909
450 910
440 912
429 912
468 913
462 912
474 915
474 916
481 917
458 918
467 918
443 917
446 920
453 920
474 920
482 921
478 921
488 922
473 920
490 922
477 923
461 923
473 922
472 923
488 923
504 923
506 922
485 923
502 921
496 921
475 933
473 925
497 921
503 920
510 919
509 920
512 916
513 916
513 915
518 914
513 910
513 906
513 907
513 905
513 906
513 903
513 901
513 901
589 129
565 129
566 128
570 127
572 125
584 124
567 124
591 120
581 121
551 120
535 120
560 113
568 120
553 118
547 118
567 116
582 117
564 116
552 116
530 115
528 115
549 115
531 114
537 114
546 115
558 114
552 114
548 113
533 115
532 114
525 115
525 116
527 116
536 115
541 116
531 115
520 117
516 119
515 122
513 122
514 125
513 127
513 129
514 130
515 132
513 132
513 135
518 134
514 136
514 137
512 139
513 140
514 142
513 145
514 145
514 149
513 149
513 463
517 466
514 469
514 473
511 481
511 482
513 486
517 490
513 496
512 501
510 507
513 513
512 519
513 523
513 529
512 537
514 540
512 545
513 550
513 554
514 558
512 563
512 567
513 571
513 576
513 581
513 583
512 588
514 592
512 598
513 603
513 608
513 615
512 620
513 625
512 630
513 636
514 641
513 645
514 650
511 656
513 661
516 675
513 671
517 675
512 679
513 683
514 688
513 691
513 698
512 701
512 705
513 709
513 713
512 717
512 721
513 725
370 834
397 835
401 837
404 840
404 845
358 846
397 849
385 852
381 854
400 858
383 860
400 864
395 866
400 871
385 872
393 876
390 877
382 881
425 883
381 884
427 886
416 888
450 890
432 891
444 895
417 895
436 896
420 898
440 899
465 890
476 902
461 909
436 904
468 905
465 906
440 908
429 909
440 909
478 913
474 911
455 913
474 914
463 914
465 915
439 916
439 916
445 917
476 918
461 921
467 920
466 918
482 921
487 920
480 921
469 921
456 921
476 901
513 901
513 900
513 898
514 896
513 894
513 893
514 890
513 889
514 886
513 884
513 881
514 879
517 877
513 875
513 872
513 870
514 867
513 864
512 862
519 862
513 861
515 853
512 852
513 846
512 837
513 838
513 833
513 831
513 827
513 821
516 818
514 815
513 810
514 803
514 800
514 796
513 792
514 788
514 784
513 779
513 775
514 770
514 766
515 763
513 759
513 755
513 749
513 744
512 740
513 736
514 731
513 727
513 723
513 718
512 713
514 705
514 569
513 568
516 565
513 562
513 559
513 553
514 550
514 545
514 540
514 531
515 529
514 523
515 518
515 512
513 504
515 501
513 495
513 490
514 486
514 483
513 477
513 475
515 469
514 464
515 461
513 456
513 453
514 444
515 442
513 437
515 433
514 426
515 420
516 416
513 410
514 405
514 399
514 396
513 392
514 386
518 380
514 376
515 372
514 367
513 362
513 357
514 352
513 347
514 342
514 338
514 334
514 330
513 327
514 323
514 319
513 315
513 311
513 224
650 221
620 218
646 215
647 213
640 210
643 206
637 204
651 200
628 197
611 194
621 191
609 189
626 185
607 182
630 179
635 177
650 172
631 173
612 167
628 163
619 163
616 159
612 158
619 157
613 153
628 152
588 148
610 149
592 147
614 144
587 145
586 142
587 142
606 139
595 138
618 136
608 135
595 131
575 132
561 132
591 131
573 129
564 128
580 128
595 126
579 125
576 124
565 123
580 122
559 120
534 121
562 120
585 119
563 118
574 118
535 117
552 133
515 134
513 136
514 137
513 137
514 139
512 140
513 142
514 144
514 145
513 147
513 148
513 152
513 154
513 156
513 159
514 158
513 163
513 165
513 168
515 170
513 173
513 175
514 179
513 181
513 186
514 188
514 191
513 196
513 199
512 202
513 206
512 210
514 214
513 220
513 226
512 229
513 232
512 237
513 239
514 244
514 249
514 254
515 261
513 263
513 269
515 273
513 277
514 280
513 286
513 290
516 296
514 299
514 302
513 307
513 311
513 317
512 465
511 470
512 471
511 474
511 480
506 482
512 488
512 493
513 497
515 503
513 508
512 514
514 520
513 526
510 531
514 536
513 539
513 547
511 552
513 556
513 559
512 565
513 568
514 572
513 576
512 582
513 587
513 590
514 596
511 603
512 606
513 611
514 615
513 621
512 626
514 632
514 639
513 642
514 647
512 653
513 658
513 662
513 667
514 674
514 676
513 680
513 686
513 689
512 695
513 699
514 705
516 705
514 709
514 713
513 719
513 721
513 727
449 887
449 889
441 890
445 892
456 892
444 893
441 896
444 897
461 898
493 899
450 902
441 904
472 904
475 905
430 907
416 907
455 908
465 909
464 912
462 911
501 912
482 913
467 914
450 915
471 916
468 917
442 919
450 918
494 918
472 919
452 920
467 920
468 921
472 921
464 923
450 922
465 922
478 922
504 922
497 922
490 921
483 921
474 921
471 922
491 923
481 922
486 923
496 923
503 921
505 929
498 923
508 919
510 918
515 914
513 914
513 912
513 910
513 900
513 900
512 898
515 897
512 896
513 893
513 891
513 889
513 887
513 885
514 883
513 880
513 878
513 876
513 872
513 872
513 869
513 865
512 863
513 859
513 858
516 854
516 854
517 847
519 845
514 839
515 838
514 833
513 829
513 824
513 821
513 815
513 810
515 806
514 802
514 798
512 794
512 791
513 788
513 783
512 779
513 775
513 771
514 767
513 763
513 759
514 753
513 749
512 744
514 739
512 735
513 731
514 727
513 722
514 716
513 712
514 705
513 610
513 607
512 606
513 598
513 593
516 588
512 587
514 583
513 577
518 572
510 570
513 567
513 560
516 557
512 555
514 549
514 543
514 538
512 534
513 529
515 521
515 518
512 511
515 505
514 499
515 493
512 490
514 485
516 481
514 477
514 472
511 468
514 464
513 460
514 455
514 452
516 447
516 441
515 437
513 430
513 425
514 420
514 416
513 409
514 404
514 399
514 393
515 388
513 383
514 379
514 374
513 370
515 365
513 361
514 356
515 353
514 347
515 269
515 267
514 260
514 256
520 253
603 253
635 248
653 244
670 240
660 236
655 231
642 228
642 224
633 220
639 219
639 215
648 211
641 208
644 205
647 201
634 199
641 197
631 194
613 188
617 188
622 185
636 182
631 178
661 176
650 172
656 168
639 167
625 163
621 162
615 158
604 155
590 156
644 151
610 151
614 149
591 147
630 147
579 144
596 143
553 142
601 140
611 139
606 138
548 135
622 134
615 134
591 134
545 131
559 131
568 127
591 128
571 115
543 115
558 115
555 115
542 115
546 115
553 115
538 114
526 115
526 114
539 116
527 115
533 115
532 116
539 115
529 117
520 118
513 119
515 120
514 123
513 127
514 127
514 129
514 131
514 132
513 133
514 134
514 134
514 136
515 136
514 138
514 140
513 142
514 144
513 146
513 148
514 150
515 154
513 154
514 156
514 159
513 161
513 163
513 166
513 169
513 171
514 173
513 176
513 177
513 176
512 186
512 189
513 193
514 198
511 199
513 203
513 207
513 292
513 298
508 299
513 301
513 305
513 310
514 315
513 316
513 321
513 326
512 331
513 337
512 342
512 347
514 349
514 355
513 358
514 365
510 370
516 373
513 376
513 381
511 387
512 386
517 395
513 402
514 410
511 410
515 418
513 426
512 431
512 438
512 442
513 447
512 453
511 457
514 461
513 463
513 467
512 473
511 476
513 478
516 481
514 489
512 493
514 499
513 504
512 509
511 517
515 521
514 528
508 534
512 538
517 542
513 547
512 553
511 556
515 688
513 692
515 696
513 700
513 703
513 708
512 712
513 716
513 719
513 724
513 728
514 733
514 736
513 740
513 744
513 748
512 753
515 758
513 761
512 765
512 770
515 774
512 778
511 781
503 784
374 788
366 791
381 796
394 798
394 801
388 806
369 808
368 811
372 816
376 795
357 823
354 826
363 830
383 833
400 836
395 839
383 842
381 845
401 848
385 851
364 854
376 857
375 860
394 864
405 866
398 869
379 872
415 874
402 878
402 881
384 882
401 884
437 917
476 917
458 918
473 918
460 920
470 920
482 920
483 920
472 921
469 922
467 921
457 920
469 922
479 922
500 922
482 922
500 922
500 923
493 923
481 922
485 921
480 922
482 921
480 921
500 922
502 918
506 918
509 919
512 918
514 916
513 915
513 913
514 910
513 908
513 907
513 906
514 904
513 903
513 903
514 901
513 900
513 899
513 896
513 894
513 893
513 891
513 888
513 890
513 884
511 882
514 880
512 877
516 875
512 873
514 871
512 868
513 866
516 758
513 757
513 755
512 751
513 748
514 744
513 740
513 735
513 730
513 724
513 718
514 713
513 711
513 705
514 699
513 694
513 690
511 684
514 682
514 675
514 672
511 669
513 665
514 660
514 654
515 649
513 646
513 640
514 634
515 626
514 622
512 616
514 609
513 604
516 598
513 594
513 589
514 584
514 578
513 576
514 571
516 567
513 564
514 560
513 556
515 551
515 547
513 543
514 537
513 531
514 525
513 520
514 514
516 507
514 502
513 497
513 492
514 390
514 385
516 381
514 378
514 373
514 367
514 363
514 359
515 354
513 349
510 345
513 341
514 337
514 333
514 329
514 326
514 321
514 317
514 313
513 309
514 304
514 301
514 296
514 292
514 287
514 282
514 279
513 276
513 272
514 268
515 264
514 259
515 254
515 253
572 250
635 245
651 242
644 238
637 235
639 231
651 228
658 223
666 220
645 217
630 213
628 211
623 206
645 204
641 197
623 198
647 194
632 192
634 189
643 186
628 183
618 181
616 177
560 124
559 125
549 125
568 124
561 122
581 122
567 121
598 121
589 120
576 119
547 119
542 119
566 117
571 117
574 116
549 118
549 115
553 115
555 114
540 115
538 114
541 113
537 115
537 115
547 114
547 113
555 114
550 114
535 115
514 115
514 116
520 113
528 116
516 117
518 119
516 119
514 120
515 123
514 124
513 128
512 130
514 130
513 132
514 133
514 134
513 136
514 137
514 137
513 140
513 141
513 140
514 145
511 147
513 149
513 149
513 153
513 158
514 246
514 249
513 252
512 256
513 260
513 265
513 271
514 275
513 280
516 283
515 287
514 291
513 296
513 303
514 306
513 311
513 315
513 319
513 324
513 326
514 331
513 339
513 344
511 348
513 352
514 356
513 359
514 365
514 371
513 374
514 376
513 383
512 389
513 393
514 399
513 405
512 410
514 414
513 422
514 430
510 435
513 439
512 443
514 447
511 454
513 457
515 462
512 465
513 470
513 473
513 477
513 482
511 484
510 495
514 495
513 502
510 508
513 647
512 652
512 656
513 661
513 666
512 669
513 675
513 680
512 684
513 687
513 692
510 696
513 701
513 705
513 710
513 713
513 717
514 722
513 725
513 731
512 735
513 739
513 743
513 746
512 751
513 752
513 757
512 761
513 766
514 769
513 773
513 777
514 781
512 785
432 788
380 790
374 796
363 799
387 802
381 807
366 810
379 815
398 815
389 825
399 823
404 826
380 831
386 832
399 837
406 839
406 843
382 845
402 849
407 851
415 854
425 857
375 912
420 905
422 902
443 907
445 908
462 908
453 910
443 911
449 911
455 913
437 914
435 915
459 916
471 916
477 917
488 918
479 919
475 917
477 925
452 920
466 921
482 921
487 921
461 922
481 921
491 922
492 923
479 923
478 923
467 923
473 923
487 921
486 922
499 923
502 922
492 921
491 920
500 923
490 919
489 921
505 919
512 917
512 916
513 914
515 912
513 910
513 908
514 908
513 905
513 903
513 901
513 903
513 900
514 900
513 898
513 896
514 895
513 792
513 788
512 784
513 781
513 775
513 770
513 765
513 762
513 757
513 754
513 750
513 745
513 739
515 734
512 731
512 728
514 724
513 719
511 712
513 707
514 701
513 696
512 693
513 690
515 684
510 681
514 674
512 671
513 668
513 663
514 656
514 652
512 645
514 642
513 636
513 631
513 627
512 619
516 612
513 608
513 603
513 595
513 589
513 586
513 582
513 578
516 574
513 570
513 566
514 562
516 558
514 555
514 551
513 545
516 539
513 534
516 529
511 371
514 369
513 365
514 362
512 357
512 353
514 346
514 342
514 338
514 335
514 331
513 327
514 324
514 318
514 315
515 310
516 306
513 301
514 298
514 294
514 290
514 287
513 283
514 279
513 275
513 270
513 266
513 262
514 258
514 253
516 250
611 249
668 245
684 240
662 234
642 233
624 231
643 227
638 219
634 219
640 214
648 212
649 209
655 205
646 203
643 199
652 196
649 194
621 192
619 188
634 186
629 181
631 178
638 176
646 172
640 169
636 168
628 123
540 120
546 119
540 120
530 120
565 119
557 118
551 116
552 117
577 117
568 118
558 116
539 115
529 115
542 113
544 115
548 114
545 115
555 115
557 114
553 115
532 114
526 115
524 121
525 116
527 114
533 116
530 116
538 116
527 118
518 119
513 121
513 121
513 123
514 124
514 128
514 130
513 128
514 133
513 134
513 135
514 138
514 138
512 139
514 140
514 141
514 142
514 145
512 148
514 151
513 152
512 154
514 157
513 158
509 160
512 162
513 165
512 193
513 196
513 199
512 204
513 207
514 209
513 213
514 218
513 224
513 228
513 234
512 237
513 242
513 245
514 251
513 254
513 258
513 263
513 268
513 272
514 277
513 282
513 285
512 289
512 294
513 298
513 303
511 307
513 309
513 316
513 320
513 326
513 332
513 335
514 340
513 344
514 348
514 353
513 354
513 362
514 366
514 371
512 376
512 381
513 385
514 390
514 396
514 402
510 408
512 413
514 418
514 425
510 431
514 436
514 441
514 447
512 453
512 541
513 544
512 549
511 552
512 556
515 559
514 564
513 570
508 572
513 578
513 582
512 587
512 591
511 597
513 601
513 607
515 612
513 616
514 621
513 628
512 632
512 634
510 642
513 648
512 654
512 657
513 662
514 668
515 673
513 677
515 684
511 687
512 694
513 695
513 699
512 703
513 705
513 710
514 714
511 718
512 722
513 727
513 732
513 735
512 740
513 744
513 748
514 752
514 756
514 760
513 764
513 767
513 773
512 777
512 777
512 783
486 785
374 846
378 851
376 854
393 857
384 858
369 861
386 865
425 868
403 870
395 874
411 876
423 878
409 881
402 884
401 883
426 887
450 890
446 891
424 892
470 894
479 896
445 897
445 898
464 898
477 899
435 902
424 903
449 903
490 907
455 915
442 907
477 908
483 910
450 911
448 908
459 913
453 913
446 914
461 915
491 915
477 916
447 917
456 918
447 919
460 920
444 921
449 920
473 921
494 921
490 922
485 921
475 922
471 923
465 922
476 923
461 923
478 923
514 905
513 905
514 903
513 902
514 901
511 901
513 898
513 897
513 896
513 894
514 891
513 890
513 887
514 885
513 883
513 881
513 878
514 876
513 874
513 871
513 866
514 867
513 864
513 861
512 859
513 855
513 852
513 849
514 848
512 845
516 836
514 836
517 832
513 825
513 821
517 816
513 813
514 808
514 804
513 799
513 792
513 791
512 787
514 782
513 777
515 772
515 768
513 763
513 759
514 756
513 753
513 748
513 742
514 738
513 734
513 731
513 727
515 638
515 633
513 629
513 621
514 616
514 610
514 606
512 600
514 594
516 589
512 586
512 582
514 580
514 570
515 568
513 565
512 563
513 557
515 552
515 547
514 543
514 538
514 532
514 527
515 521
515 515
514 509
512 506
513 499
512 493
515 488
516 484
513 481
515 476
515 471
514 468
513 462
514 459
513 455
513 449
513 445
515 441
514 435
515 430
513 424
514 419
513 414
513 408
514 403
513 398
514 393
514 388
514 382
512 379
513 374
513 369
513 255
514 256
514 253
522 250
651 248
675 243
702 239
689 234
635 230
630 225
629 223
629 221
657 218
669 213
644 210
646 207
636 205
644 201
624 199
615 194
628 193
621 190
639 187
627 184
644 180
648 178
635 175
656 172
627 168
614 166
628 162
622 160
625 158
602 154
611 153
620 151
616 150
588 148
584 146
576 144
568 143
568 141
559 140
577 140
594 137
595 137
571 136
565 133
540 135
555 131
554 130
550 131
549 128
576 128
584 126
593 128
570 125
545 115
552 116
522 116
542 116
529 117
530 118
518 119
513 121
518 120
514 124
513 125
513 128
513 129
514 131
513 132
515 133
514 134
513 137
513 137
514 136
514 139
514 140
514 142
514 147
513 148
513 149
513 151
514 152
513 156
513 160
514 164
513 160
514 165
513 168
513 163
510 172
514 175
513 178
514 181
513 184
514 187
513 189
515 194
513 197
513 202
514 203
513 209
514 213
513 218
514 225
513 229
514 233
513 236
512 238
514 243
514 248
513 252
514 367
513 371
513 374
513 376
515 380
513 386
514 393
509 399
514 402
514 407
513 415
513 421
511 427
514 431
514 437
511 443
513 448
514 451
513 456
513 462
512 464
515 467
513 472
511 477
514 480
514 487
514 488
513 495
515 496
513 503
513 510
510 516
514 521
514 526
512 533
512 539
513 543
514 547
514 553
512 556
514 558
514 564
512 569
509 573
513 578
512 583
513 587
512 592
515 598
512 602
513 607
513 612
515 614
513 623
513 629
512 634
513 640
514 729
513 732
512 735
513 737
513 741
513 743
515 748
513 753
513 757
513 761
512 765
512 765
513 773
513 777
511 781
511 785
414 786
382 790
371 792
381 799
356 803
379 806
403 809
391 812
397 816
391 820
363 826
360 828
383 829
372 833
381 835
379 838
421 841
400 844
385 849
403 851
378 854
382 857
386 860
382 863
391 865
396 868
422 871
405 875
419 877
397 879
411 882
429 884
413 886
405 887
427 889
452 890
455 890
458 893
439 895
430 897
444 897
401 858
388 860
378 864
393 864
395 870
381 871
385 875
420 878
417 880
416 882
407 884
400 886
396 887
405 890
420 891
415 892
432 894
446 895
440 896
458 898
417 900
402 900
421 902
436 903
395 904
425 906
451 902
480 907
460 911
447 910
443 911
444 912
447 913
442 914
440 914
443 916
463 913
464 916
476 919
478 918
440 919
483 919
471 920
475 921
468 920
473 921
499 921
481 921
480 922
488 922
483 922
480 922
471 922
477 922
485 922
498 924
497 922
513 822
514 818
513 815
513 810
514 806
513 802
512 797
513 792
513 788
513 783
513 780
513 776
513 773
513 768
514 764
515 757
515 753
514 749
514 744
513 739
514 734
513 730
514 726
513 722
513 719
513 713
513 709
514 705
514 698
514 696
513 689
513 686
514 680
513 676
510 670
513 668
513 663
514 659
514 653
514 649
515 643
514 638
511 632
514 627
514 624
515 615
512 610
513 605
512 600
514 592
513 587
515 584
513 579
516 575
513 570
513 568
513 563
513 323
513 320
514 316
514 311
515 307
514 303
514 299
513 295
514 291
514 286
514 283
513 279
512 274
514 270
513 266
514 262
513 259
513 255
516 251
609 249
652 246
650 242
661 238
669 234
675 228
672 227
644 222
629 220
618 216
623 213
649 208
650 206
638 204
639 200
639 197
652 193
631 192
633 189
604 187
628 183
648 179
634 176
644 173
634 170
632 167
648 164
616 162
607 160
594 155
628 156
596 153
587 151
577 150
617 147
612 145
574 145
554 142
561 120
555 119
558 120
567 118
579 117
570 117
564 117
561 116
563 115
553 116
537 115
548 115
537 115
535 114
565 115
545 115
542 114
556 115
546 114
526 114
519 115
521 116
528 117
534 116
520 119
515 117
517 118
515 122
514 122
514 124
514 125
515 128
513 129
513 131
513 133
514 133
514 135
514 136
514 138
513 138
514 138
514 145
513 144
512 144
513 148
514 149
514 151
514 154
514 156
513 159
513 159
513 156
517 166
513 167
513 170
514 174
513 175
513 302
512 305
512 310
514 322
514 323
514 326
513 330
514 334
514 340
513 344
513 349
514 351
515 356
513 361
514 368
513 370
518 374
513 379
512 384
513 390
513 395
513 400
513 406
511 413
513 417
515 424
514 430
512 435
515 441
513 445
513 450
512 454
516 458
514 462
514 466
513 472
514 474
513 478
512 483
512 486
514 492
512 497
511 516
513 503
514 516
511 519
511 525
513 530
514 535
513 542
510 547
514 550
512 554
513 560
513 563
514 566
514 704
513 710
513 710
512 713
512 720
513 722
513 726
512 730
513 735
511 738
514 742
514 747
514 751
513 755
512 762
512 764
513 771
513 771
512 775
513 778
512 783
510 786
431 788
399 791
374 795
374 800
351 803
353 808
368 811
373 814
402 818
400 822
386 824
385 826
395 836
393 835
384 838
380 841
382 843
381 846
420 850
406 852
387 856
407 859
414 861
405 865
381 867
382 870
377 875
411 876
419 879
393 881
416 883
440 885
451 891
409 888
411 892
391 921
504 921
505 921
501 920
508 920
513 917
510 918
513 916
513 910
513 909
513 908
513 905
513 904
513 903
513 902
513 902
513 901
514 898
513 896
513 896
513 893
513 892
513 889
513 887
513 885
513 883
513 882
513 878
513 876
514 874
513 871
514 869
513 867
513 864
514 859
514 858
514 855
514 852
513 849
514 848
513 846
513 840
514 835
513 833
507 828
512 821
514 816
513 812
513 808
513 804
514 801
514 795
514 790
514 786
514 782
514 779
514 775
513 736
514 732
514 727
513 724
514 720
513 715
513 711
513 709
513 703
513 697
513 690
515 686
511 683
513 682
513 678
512 671
514 665
516 662
512 658
514 653
513 645
517 639
512 636
513 631
513 624
517 617
512 612
512 607
513 600
516 594
512 592
513 587
513 581
517 576
513 574
513 571
513 565
516 561
513 556
513 554
514 549
513 544
512 540
513 534
515 527
514 522
514 517
513 512
516 505
514 500
515 496
512 491
513 486
513 481
514 476
513 472
514 469
513 385
514 382
513 379
514 375
515 370
514 366
514 361
514 355
513 351
514 348
514 343
513 339
514 336
514 331
514 327
515 323
514 319
514 314
513 311
514 307
513 302
514 298
514 293
514 290
514 285
514 282
514 277
514 272
514 269
514 266
514 262
514 259
515 255
518 251
592 250
634 245
661 242
678 237
681 234
687 230
669 226
662 222
651 219
619 215
637 210
639 208
636 208
651 203
609 201
632 195
661 195
645 192
645 188
631 184
628 182
640 178
649 176
585 141
563 138
591 138
600 137
568 134
567 133
574 134
594 131
602 129
569 130
570 128
559 128
558 127
554 124
554 124
567 124
562 122
584 121
588 121
566 120
533 119
576 119
562 118
569 118
558 117
542 117
556 116
567 116
568 116
544 116
550 115
538 115
539 115
541 115
541 114
540 114
560 114
553 114
529 115
552 115
550 114
523 111
516 115
517 114
524 116
525 116
522 118
514 121
513 122
514 124
513 127
514 128
513 130
513 131
514 132
514 133
514 134
514 167
513 169
513 170
514 173
513 176
