584 118
570 115
540 115
543 115
545 116
551 117
561 117
549 117
525 121
512 120
514 124
513 126
515 126
513 128
514 128
516 131
513 133
514 133
513 135
514 137
514 138
513 138
514 139
514 141
515 144
513 143
514 147
514 149
515 151
512 152
514 159
516 158
513 160
513 162
513 165
514 167
514 169
514 173
513 175
513 178
514 182
514 180
513 187
513 190
514 195
512 198
514 203
514 206
514 208
513 214
514 221
514 224
514 229
512 232
514 237
512 241
514 244
514 902
513 900
513 899
514 899
514 897
513 895
515 893
513 892
514 893
514 891
512 876
514 882
513 881
513 878
513 876
513 874
511 872
513 869
513 867
513 865
512 861
513 860
513 856
515 853
512 850
512 847
513 842
513 838
512 835
514 830
513 827
513 823
512 818
514 812
511 809
514 803
513 799
513 795
512 792
513 785
512 784
513 779
513 775
512 771
512 767
509 765
515 758
517 756
510 750
514 742
513 736
514 732
514 728
513 726
512 722
513 717
514 711
513 178
513 179
514 182
514 186
513 188
514 192
513 196
514 198
514 203
512 208
513 212
514 216
513 221
513 225
513 230
514 234
514 237
514 241
515 246
514 250
513 256
515 260
513 264
513 268
513 272
513 277
513 282
514 285
514 289
513 294
514 296
513 302
513 307
513 312
513 316
513 321
513 327
515 331
514 336
514 340
514 344
513 348
512 356
517 361
514 364
513 365
512 370
513 375
513 380
512 388
513 390
513 394
514 400
515 408
514 414
514 421
514 424
513 767
512 769
512 774
511 777
512 780
508 784
304 783
207 786
209 790
185 797
209 799
177 804
194 808
241 811
233 814
256 817
267 818
222 824
220 827
226 830
237 833
271 836
253 839
270 842
271 844
251 848
275 851
261 854
286 857
270 860
240 864
247 866
270 867
326 872
277 874
261 877
306 879
313 881
349 884
321 887
318 887
340 889
387 891
382 893
363 894
371 895
413 893
355 897
359 898
376 897
393 901
356 902
338 901
405 905
456 906
363 907
384 908
466 922
462 922
479 921
490 920
472 921
452 920
468 920
502 919
504 918
507 916
512 914
512 912
513 910
512 909
512 908
513 905
513 905
513 903
513 902
513 901
513 899
513 898
513 896
513 891
513 893
513 890
513 888
512 889
512 883
514 887
514 881
514 878
514 874
513 874
514 871
513 869
514 866
513 863
513 860
514 859
513 855
513 851
512 848
514 845
513 841
513 835
514 834
514 829
514 825
513 821
514 816
513 813
513 809
513 804
514 799
513 794
514 661
513 658
514 654
513 649
514 645
513 640
513 634
515 629
513 622
514 615
513 611
514 604
514 599
513 594
513 590
514 585
513 581
513 580
512 574
517 569
503 566
514 564
513 559
513 553
518 549
513 544
514 539
512 534
512 527
513 521
514 516
514 510
514 505
512 499
514 496
513 490
515 486
513 481
515 478
513 471
513 468
513 463
514 456
514 455
514 450
513 446
514 441
513 436
514 429
513 422
514 420
514 415
515 409
514 404
513 399
513 394
514 390
514 264
514 261
515 258
518 256
521 253
596 252
654 250
894 249
908 244
870 240
857 234
830 230
829 226
809 223
765 220
785 214
807 212
777 209
775 210
757 202
731 201
755 200
753 195
743 193
732 189
762 186
792 183
778 180
750 177
751 175
737 171
738 169
770 166
755 163
723 159
740 157
740 155
713 154
721 151
685 149
698 148
662 146
660 145
670 144
644 142
682 140
651 139
652 137
652 137
649 136
638 135
640 133
619 129
644 131
642 130
630 129
638 127
612 118
567 116
554 115
547 115
548 116
562 116
570 115
560 117
547 117
533 115
524 118
519 115
517 122
515 122
516 127
514 128
514 131
514 130
520 131
514 134
513 134
514 134
514 136
516 139
513 141
514 140
514 144
514 145
514 146
512 149
514 151
515 152
513 156
513 158
514 162
511 163
514 164
513 166
513 170
514 171
513 174
514 178
513 180
513 182
513 188
514 190
513 193
514 197
514 200
514 204
514 210
514 213
514 217
514 222
514 227
513 231
514 236
514 377
513 381
514 382
513 381
513 385
516 390
514 400
513 406
513 410
515 414
516 419
513 428
514 435
514 438
513 443
512 449
513 453
513 457
513 461
515 465
514 467
513 468
514 476
513 480
514 484
514 488
513 494
512 500
515 504
513 509
515 518
511 521
516 527
513 531
515 539
512 543
514 546
514 553
513 557
513 562
513 565
513 570
513 574
513 578
514 582
514 586
518 592
514 597
513 601
513 607
512 614
513 619
515 624
514 629
514 635
513 639
514 645
510 778
511 781
444 781
285 784
220 787
202 792
226 796
234 800
186 804
179 809
208 812
235 817
259 815
258 823
242 826
269 831
267 832
291 835
306 837
268 841
310 842
279 845
257 849
236 852
269 855
323 857
269 861
257 863
250 866
283 869
290 873
273 875
264 878
280 880
313 882
343 884
356 886
312 887
395 889
356 891
347 891
354 893
389 895
408 894
399 898
353 900
380 901
413 902
389 904
390 905
369 906
391 907
379 908
406 909
391 910
419 911
346 912
514 892
512 890
512 888
513 886
512 881
510 888
510 879
513 877
513 875
513 871
513 870
515 868
513 866
513 863
513 860
513 857
513 853
513 850
513 847
513 843
513 840
513 835
513 832
514 828
513 823
513 819
514 815
513 811
513 807
513 803
514 798
515 789
513 788
513 782
513 778
514 774
513 770
514 768
513 764
514 761
514 757
511 752
512 748
514 741
513 739
513 733
510 727
512 721
513 717
513 713
514 704
513 703
513 700
513 693
513 688
513 686
512 683
513 646
513 641
513 633
513 624
515 620
512 615
513 611
513 605
514 598
514 592
515 588
513 584
512 579
515 575
512 569
513 566
519 566
513 560
510 559
515 552
513 548
513 541
514 536
514 532
513 526
514 519
515 513
512 510
513 504
515 497
515 493
512 490
514 484
515 479
513 476
513 473
513 469
517 462
515 459
513 455
513 450
513 445
515 440
514 435
513 430
513 426
515 418
514 414
514 408
514 403
515 397
513 393
512 390
514 385
514 378
514 373
514 368
513 298
513 295
514 292
515 287
513 283
514 279
514 275
513 271
513 267
513 264
514 260
519 254
524 251
630 249
867 249
858 246
842 242
848 237
821 233
810 230
787 225
766 223
775 220
759 216
792 212
783 209
743 207
755 203
758 200
780 197
766 195
718 191
765 188
750 185
766 182
748 180
754 177
766 174
760 171
774 168
739 165
779 162
744 160
745 158
704 155
659 153
723 151
701 149
689 147
651 145
678 144
655 143
664 143
636 141
664 139
639 137
638 137
630 118
612 121
568 118
588 120
596 117
613 118
604 116
589 116
551 116
564 116
598 116
592 115
583 118
561 116
543 115
569 116
604 116
590 116
544 115
532 116
537 115
554 117
555 118
544 117
520 119
518 121
513 122
515 124
515 127
516 127
514 130
514 129
515 131
513 133
513 135
514 136
514 138
515 138
513 141
514 142
514 142
513 147
515 147
512 149
512 150
514 155
513 155
514 158
514 161
514 162
513 165
514 167
513 170
514 173
513 175
514 178
514 246
514 253
513 255
514 258
513 264
514 267
513 271
512 277
514 284
514 286
515 289
515 293
513 296
513 300
514 305
513 310
514 314
513 320
514 326
513 329
512 334
512 340
514 344
513 349
514 352
513 356
513 363
514 364
513 370
513 374
514 379
514 383
513 389
513 393
513 398
514 404
511 412
513 417
514 422
514 425
512 436
514 440
513 442
514 448
513 455
512 460
514 460
514 466
513 469
513 473
514 475
512 480
513 487
514 491
510 495
514 499
513 508
512 601
514 605
514 610
514 614
512 619
513 624
513 629
513 635
514 639
513 644
513 650
513 656
512 660
513 664
514 670
515 675
513 680
513 684
514 688
513 693
514 698
513 702
514 705
513 710
513 713
513 717
514 721
514 726
513 730
513 734
515 738
513 743
513 746
513 752
513 754
513 759
514 765
514 767
513 774
512 775
511 777
509 781
398 781
313 786
242 788
190 792
202 797
213 801
241 806
248 808
251 813
252 815
252 818
267 822
272 825
278 829
285 832
275 894
375 895
334 896
355 896
369 896
350 898
327 903
377 902
374 904
382 905
356 906
409 907
370 909
382 910
384 910
414 911
363 912
352 913
362 913
417 914
427 915
390 916
389 916
437 918
437 919
442 920
413 920
405 918
444 920
439 920
444 921
450 920
439 920
438 920
469 921
457 922
428 921
428 921
441 921
451 921
492 922
501 921
481 920
453 921
470 921
479 921
483 918
502 918
509 917
510 915
512 913
512 910
513 908
513 907
514 905
513 905
513 903
513 845
514 842
513 840
513 838
514 834
513 831
513 827
513 824
513 818
512 814
514 810
513 805
514 801
514 796
513 792
515 788
512 784
515 779
514 774
512 770
513 766
514 762
513 760
513 757
512 747
513 745
513 738
514 731
513 731
514 725
513 722
512 718
513 714
513 709
513 704
514 698
513 694
515 689
513 684
514 680
514 677
513 673
512 668
514 662
514 658
513 654
513 650
513 643
515 637
513 631
512 626
512 621
513 614
514 608
512 603
513 599
514 591
514 470
516 465
514 461
513 458
513 453
514 449
513 444
513 438
513 434
514 427
513 422
514 418
514 413
513 407
514 403
513 397
512 390
513 386
508 382
514 376
514 371
514 366
513 362
513 357
513 352
514 349
514 344
514 339
513 335
514 332
513 329
513 327
513 320
513 315
513 310
514 306
514 302
514 297
514 293
514 289
513 285
513 282
515 278
513 274
513 270
514 265
515 262
514 258
516 255
520 252
631 250
875 251
914 245
878 239
837 235
819 231
791 227
767 170
765 166
732 164
716 161
708 158
751 157
743 155
687 152
686 152
670 148
700 147
674 146
625 145
646 143
694 141
683 135
669 139
709 137
698 131
661 135
634 133
694 132
684 132
629 130
613 129
651 127
665 126
639 126
641 126
615 124
640 123
598 123
652 122
619 121
619 120
587 119
611 118
630 118
591 119
589 118
558 117
577 116
614 113
585 116
579 116
572 116
576 116
591 117
595 115
561 116
538 117
554 116
548 116
548 116
554 116
560 116
569 117
514 163
514 165
513 166
514 168
515 170
514 173
515 176
513 181
514 182
514 185
512 190
514 191
515 195
513 199
514 203
513 207
514 211
513 216
512 220
514 225
514 229
514 230
513 236
514 239
514 244
513 247
514 253
515 258
514 261
513 266
513 270
514 275
513 279
514 285
514 289
514 294
513 298
512 302
514 307
513 311
514 317
514 322
514 325
514 329
513 334
514 340
514 345
514 344
513 354
513 358
514 363
512 368
514 371
514 375
513 380
513 387
513 389
513 526
514 531
513 536
514 541
513 545
514 551
512 555
511 560
514 564
514 567
513 572
513 575
513 580
514 583
513 590
513 595
510 600
512 605
513 611
514 616
513 621
514 626
513 633
514 636
513 642
513 646
512 652
512 657
513 662
513 668
515 670
514 671
514 680
513 684
513 689
513 695
513 698
513 703
513 707
514 710
514 715
514 718
514 723
513 727
513 732
512 736
513 740
514 743
513 747
513 750
513 754
514 759
514 763
513 767
514 771
512 767
513 779
266 865
291 868
319 870
333 874
268 877
291 878
311 881
361 883
304 885
305 889
313 888
384 890
356 891
358 893
322 894
371 895
366 898
362 898
341 900
406 901
372 902
371 903
379 905
386 904
385 907
361 907
380 910
388 912
362 911
366 912
436 912
405 914
392 915
389 915
430 916
423 917
413 918
386 918
418 919
439 919
451 919
449 920
407 920
424 920
458 921
440 921
470 920
433 922
426 921
468 921
483 923
452 921
438 921
461 921
478 921
478 921
473 891
514 889
514 888
513 887
513 885
507 884
513 879
514 878
514 872
513 873
513 873
513 869
513 865
513 863
513 861
513 857
513 854
514 852
514 849
514 846
513 842
513 837
513 833
513 829
513 825
513 821
513 816
513 813
512 809
514 803
513 798
513 793
513 790
513 786
513 783
513 777
513 774
513 770
512 765
514 761
513 756
513 752
523 745
515 749
511 741
511 738
513 731
513 727
513 720
513 715
513 712
513 707
514 701
513 695
514 690
513 686
513 684
513 528
513 523
514 518
513 511
513 506
513 500
513 495
515 490
513 485
513 482
512 477
515 473
513 470
514 465
513 460
513 457
513 453
513 447
514 441
515 437
513 432
514 427
514 420
515 416
513 411
513 406
513 400
513 395
513 390
514 385
512 379
514 375
515 369
513 365
513 361
513 356
514 350
515 345
514 341
514 337
513 333
513 330
513 326
513 322
513 318
514 313
514 309
515 305
514 301
513 297
513 292
514 289
513 285
514 280
514 276
513 273
513 269
514 173
735 170
736 168
745 165
734 162
714 160
686 158
720 156
711 153
693 152
675 150
654 148
691 145
606 145
640 144
676 143
693 142
644 140
637 138
621 137
690 133
680 135
637 134
607 133
634 132
664 130
661 129
641 129
633 128
645 126
661 126
621 123
603 123
608 122
605 120
599 120
633 120
609 119
600 119
586 118
581 117
589 118
610 116
583 116
593 116
584 116
589 115
605 116
573 115
572 116
563 116
549 116
564 115
571 116
559 116
560 116
570 116
573 164
513 166
514 167
514 171
514 172
513 174
514 177
514 178
513 182
514 186
515 189
513 193
514 195
514 200
513 203
513 208
514 212
513 216
514 222
513 227
514 231
514 235
514 239
514 243
514 246
513 250
513 254
514 258
513 263
513 268
514 273
513 279
513 284
513 289
513 293
514 295
514 301
513 303
514 307
514 311
514 316
515 323
513 328
511 333
515 337
514 341
514 346
514 349
514 356
514 359
513 363
514 368
513 372
512 376
513 380
514 385
514 391
514 436
513 440
513 444
513 447
513 451
514 456
512 458
513 462
513 467
513 471
512 475
514 478
513 483
513 487
512 493
513 499
513 503
514 509
514 515
513 519
512 526
513 532
513 535
513 541
513 547
512 552
512 556
513 559
513 564
513 568
513 572
515 577
512 582
513 586
513 591
513 596
512 613
514 606
512 611
513 616
513 621
514 626
514 632
513 638
514 643
512 649
513 653
511 658
514 664
513 667
513 672
514 677
513 682
513 686
513 690
513 696
514 700
513 768
512 771
513 773
511 775
514 778
507 784
290 785
230 787
215 791
185 795
242 800
236 803
239 806
244 811
202 814
216 817
245 821
238 825
269 828
242 832
253 836
258 838
277 837
298 842
265 846
266 849
279 852
241 854
276 858
280 860
280 864
280 867
278 869
269 872
301 876
290 878
321 880
300 883
314 884
370 886
391 887
365 889
355 890
375 892
371 894
369 895
362 896
363 897
356 898
336 899
382 902
408 904
373 905
325 905
406 907
428 908
372 907
413 920
456 921
417 921
432 927
466 921
462 926
461 922
435 921
458 921
476 921
471 922
465 922
467 923
467 921
474 921
485 920
491 919
510 918
507 917
509 916
513 915
513 913
514 909
513 907
513 905
513 905
513 903
513 902
514 901
514 899
513 898
512 897
510 896
513 895
513 894
513 891
513 889
515 886
512 884
513 881
513 878
513 877
512 880
513 873
514 870
513 868
513 865
513 862
514 860
513 857
512 853
513 851
513 849
512 844
513 840
515 836
513 832
511 760
513 759
513 754
513 749
513 749
513 743
515 738
515 734
512 732
513 723
513 718
513 714
513 710
514 707
513 700
513 694
513 688
513 685
513 683
512 680
513 674
513 668
513 663
513 659
513 656
514 651
513 644
514 638
512 635
513 630
512 623
514 617
514 609
512 606
513 599
514 594
513 590
513 585
514 580
514 575
514 573
513 565
518 564
513 555
515 557
506 553
512 547
513 542
515 538
512 533
514 528
513 521
515 517
513 510
513 506
514 498
515 494
513 415
515 411
514 405
514 403
513 399
513 392
514 388
514 383
514 379
515 373
513 370
513 366
513 362
513 355
514 348
514 345
514 340
513 335
514 332
513 329
513 325
514 321
514 316
514 311
513 308
514 303
513 300
513 296
512 292
513 288
513 283
514 281
514 277
513 272
513 268
516 263
517 258
518 255
524 252
600 251
769 252
877 247
864 242
840 237
806 234
781 230
809 229
823 222
800 219
784 216
779 213
773 209
770 206
762 203
737 200
737 197
755 140
657 139
656 138
646 136
645 136
632 134
650 133
654 131
648 131
661 130
624 129
645 127
647 126
606 128
581 125
612 124
633 123
620 122
595 121
629 121
642 119
605 119
620 119
594 119
573 118
613 117
610 117
613 116
598 116
597 116
588 115
579 115
570 115
580 115
574 114
560 115
554 112
555 115
576 116
583 116
551 116
537 116
538 117
541 118
528 116
517 120
515 121
514 122
513 126
515 127
514 129
513 130
513 133
514 133
515 135
514 136
513 137
515 203
514 203
514 210
515 213
514 217
513 221
514 225
514 230
514 236
513 240
514 245
514 247
513 253
513 256
513 262
513 267
513 272
513 276
514 279
514 283
514 287
514 291
513 293
515 300
513 305
513 310
513 315
513 318
514 325
513 328
513 333
514 339
514 343
513 349
513 352
512 356
513 361
514 366
514 368
515 372
514 378
513 384
512 389
514 390
513 396
514 406
513 412
513 418
515 420
514 422
514 433
513 440
514 442
513 449
513 454
513 455
513 459
513 576
513 579
512 584
509 588
512 592
513 597
511 608
509 609
513 613
514 618
513 623
513 628
513 633
513 639
510 644
514 649
513 654
512 659
514 663
513 668
514 673
514 679
513 684
513 689
513 694
513 699
513 702
513 705
513 708
513 712
513 715
513 720
513 725
513 729
513 733
513 738
514 742
513 746
512 750
514 753
513 757
513 763
514 767
514 771
513 775
512 778
508 785
360 782
262 786
238 789
220 793
239 796
250 800
217 804
214 808
211 812
223 815
245 874
302 877
322 876
320 881
314 883
369 884
326 887
380 891
346 890
402 884
372 892
380 894
334 895
370 896
411 898
401 900
377 900
438 902
393 903
411 905
381 906
404 908
400 907
398 909
389 910
420 911
445 911
415 913
420 913
385 914
421 915
399 916
438 917
428 917
411 917
392 918
432 919
429 916
434 918
435 920
404 920
435 920
456 922
442 921
465 920
442 921
438 919
466 921
480 921
455 920
442 922
473 919
456 921
461 920
475 921
482 919
493 918
513 870
513 868
514 866
513 864
514 861
514 858
514 855
513 852
513 850
513 846
514 841
514 837
514 835
512 831
514 827
513 822
513 818
513 813
512 809
514 804
513 801
513 796
513 792
513 787
514 779
514 779
513 774
513 771
512 766
513 761
513 758
514 755
514 751
513 747
510 745
512 737
512 731
512 728
513 722
513 715
514 711
513 706
513 703
513 698
513 694
510 688
513 683
514 681
513 677
513 673
513 667
514 662
509 660
513 655
514 648
514 641
515 639
515 498
513 497
514 493
514 490
514 485
514 477
515 476
513 471
513 468
513 463
513 457
514 454
512 450
512 445
514 439
514 434
513 429
514 424
514 419
514 414
512 408
513 402
513 396
515 392
514 387
515 382
513 377
514 372
515 367
514 363
514 359
513 351
513 349
514 344
513 340
514 336
513 332
513 329
513 323
513 320
514 316
515 311
514 306
514 302
514 298
513 294
513 291
512 287
512 282
513 278
513 275
513 270
513 266
514 262
514 258
518 254
525 252
746 163
751 164
732 160
756 158
741 156
678 150
653 152
659 150
672 149
681 148
595 147
613 145
677 142
687 142
618 141
620 140
633 138
669 137
667 136
632 134
632 132
643 132
619 130
644 130
620 128
588 127
608 126
654 125
600 125
589 123
603 122
651 122
631 121
627 120
596 119
616 119
590 119
589 118
562 113
608 117
618 117
597 116
589 116
565 116
589 116
601 114
574 117
554 118
542 115
552 115
590 116
597 115
570 118
550 116
552 117
546 115
540 117
513 152
514 153
513 154
513 158
514 159
514 162
514 164
515 166
513 168
514 171
513 173
514 176
513 179
513 182
515 184
514 188
513 192
514 194
514 195
515 204
513 208
514 207
513 215
513 221
514 223
514 227
514 231
514 235
513 240
513 246
514 250
513 255
512 259
513 263
513 268
513 274
508 279
513 283
513 286
513 292
513 294
514 297
513 300
515 303
513 309
514 316
513 321
514 326
513 329
513 333
514 337
513 343
513 349
513 353
513 357
513 362
514 362
513 512
513 517
513 522
513 529
513 535
514 539
514 543
513 551
513 554
512 557
514 563
513 567
513 570
513 573
513 581
515 583
512 589
511 594
514 599
513 603
514 610
514 614
514 619
514 624
513 630
513 636
513 641
513 646
513 648
512 656
513 660
514 664
515 671
513 674
513 679
512 684
512 689
513 693
512 698
513 703
512 705
514 709
513 712
514 718
511 723
512 727
514 731
513 735
513 738
514 742
514 747
513 750
513 754
514 758
513 762
513 766
512 865
208 866
259 868
301 871
261 874
286 876
303 879
319 882
307 881
331 886
369 887
376 889
386 891
355 897
351 894
373 896
351 896
374 897
413 898
424 899
397 902
382 902
405 904
389 905
421 905
372 908
383 908
403 909
432 906
435 911
391 912
409 908
427 914
408 915
411 916
395 920
375 917
430 918
417 918
424 919
408 921
422 920
426 921
428 921
442 922
416 921
420 921
440 921
466 921
461 927
452 918
478 923
464 922
452 921
466 922
475 921
468 921
451 853
512 850
514 847
513 844
515 841
514 837
513 832
513 829
513 825
514 821
514 819
514 814
513 809
513 803
514 799
515 794
513 787
513 786
513 782
513 778
513 774
513 768
513 763
513 760
513 754
514 753
512 748
513 743
513 738
514 742
508 728
518 725
513 719
513 717
513 713
513 706
514 699
514 696
514 689
513 690
513 684
513 679
513 674
513 668
513 664
513 661
513 656
512 653
514 647
514 642
513 635
514 631
513 625
513 618
514 611
514 606
513 601
513 563
500 561
513 560
513 556
515 544
518 549
516 538
513 535
513 530
513 523
514 518
513 512
514 508
513 502
515 497
513 490
514 488
514 483
515 479
511 475
513 471
514 466
515 461
513 456
513 454
513 448
513 441
515 437
513 432
513 427
513 422
512 418
513 413
513 408
513 402
515 395
514 391
514 385
514 381
512 377
513 367
515 365
517 362
513 355
514 352
514 347
513 342
513 339
513 335
514 331
513 327
513 324
513 319
515 314
514 310
514 306
514 303
513 240
836 238
809 234
815 232
803 230
827 225
813 221
780 217
760 214
771 210
779 208
751 205
750 200
746 198
746 196
738 193
759 191
751 187
737 184
768 181
729 178
753 175
725 166
763 170
772 167
769 164
726 160
716 159
759 156
737 154
714 157
648 149
702 149
681 147
693 146
629 144
627 142
660 142
672 140
618 139
651 137
651 136
630 134
641 133
647 131
682 131
629 131
613 129
655 127
636 127
601 126
595 125
623 123
629 123
