794 128
707 125
656 127
647 126
670 126
682 124
682 124
661 122
702 121
659 123
657 120
659 120
680 119
655 118
644 118
622 118
647 117
665 116
628 116
614 116
617 116
614 116
619 115
610 118
591 114
598 115
591 115
598 115
602 116
591 115
580 115
576 116
584 116
559 117
536 118
532 120
522 121
512 120
515 123
515 125
515 129
515 129
514 130
514 132
514 134
514 136
514 136
514 137
514 138
514 139
513 142
513 144
514 146
514 147
514 149
514 152
514 154
421 921
406 921
416 921
416 920
426 922
442 922
430 921
425 921
457 921
451 920
442 921
451 920
464 917
466 918
484 918
498 917
503 915
508 914
513 912
513 909
512 904
513 903
512 904
514 903
513 902
512 901
513 899
513 898
512 898
513 896
513 894
513 892
512 890
513 888
513 886
513 884
513 879
513 880
513 877
513 874
514 873
513 870
514 867
513 865
512 863
518 854
513 857
513 854
513 851
513 847
513 844
514 841
513 836
513 833
513 829
513 825
513 822
514 138
514 138
514 140
514 142
513 146
513 145
514 147
514 152
514 150
514 153
514 156
514 158
514 160
516 162
514 166
514 166
513 169
513 172
514 174
513 177
513 180
513 186
513 187
512 190
514 193
514 197
514 201
514 209
514 209
514 213
514 217
514 222
513 227
514 232
514 238
514 241
513 245
513 249
514 253
512 258
514 262
514 263
514 270
514 274
514 279
514 284
514 289
513 292
513 297
513 300
514 305
513 309
513 315
514 320
514 323
514 328
514 333
513 706
513 709
512 713
513 718
513 721
514 725
514 729
513 733
513 738
513 742
513 746
513 750
514 754
513 758
513 764
514 766
513 770
513 774
512 777
511 781
428 783
239 783
90 786
52 789
49 794
76 798
93 802
94 806
87 810
85 813
84 816
122 820
112 824
98 826
115 827
142 833
152 836
133 838
115 844
126 844
139 848
112 852
130 855
134 857
144 859
178 863
118 866
158 868
163 871
180 874
157 877
171 878
177 880
233 884
251 886
199 888
279 889
260 888
404 919
362 920
417 919
404 920
410 920
388 920
392 920
434 921
426 920
443 921
441 920
426 912
422 920
448 920
463 921
457 919
457 919
468 919
469 914
493 918
509 915
514 914
512 912
513 909
512 908
513 904
512 905
513 904
513 903
513 901
513 900
512 899
513 898
512 896
513 894
513 892
513 891
513 888
513 887
514 885
512 882
513 880
514 879
514 876
512 873
513 870
513 868
513 866
513 864
512 861
513 850
507 857
513 851
513 850
513 846
514 843
514 840
513 710
512 708
513 704
513 695
512 693
513 687
513 685
513 681
514 677
513 671
513 667
512 664
516 659
513 655
514 649
512 644
513 638
513 635
513 628
512 622
513 614
513 608
513 604
513 600
512 593
513 588
514 582
513 580
513 572
514 570
513 567
514 565
513 559
513 555
513 551
513 549
513 541
514 536
515 527
514 524
515 518
513 513
513 509
513 504
513 498
513 490
513 488
513 485
513 478
513 474
513 470
514 467
514 462
513 457
513 453
513 449
513 309
513 306
513 301
514 299
515 295
514 292
513 288
513 282
513 279
514 274
513 271
514 267
513 263
516 260
521 256
590 254
678 252
828 252
1001 248
954 245
977 241
992 236
944 233
944 229
959 225
934 221
944 217
929 213
891 212
875 206
857 204
907 201
897 199
854 195
842 192
826 190
875 184
867 184
879 181
842 179
839 175
890 172
891 170
858 166
861 164
867 161
838 158
820 157
782 154
831 153
813 151
807 149
749 147
764 145
761 144
762 143
735 142
772 220
941 216
921 215
932 212
904 209
933 207
877 202
878 201
868 200
855 195
863 192
877 188
910 186
860 182
883 180
887 176
881 174
887 170
868 168
848 166
830 163
831 160
801 158
816 155
728 153
814 151
733 150
766 148
699 146
751 145
718 144
763 143
692 141
733 139
743 139
708 137
685 136
738 136
708 134
689 134
663 132
672 133
693 127
688 134
692 128
701 132
694 125
653 125
648 124
687 123
704 122
641 121
632 122
669 120
688 119
651 119
657 119
626 194
514 197
514 198
514 200
514 205
514 209
515 213
515 217
514 225
513 225
514 229
514 233
513 237
514 244
514 247
514 252
514 255
514 259
514 263
514 268
514 273
514 278
514 283
514 285
514 291
513 297
514 297
515 302
514 305
514 312
514 317
513 322
514 325
513 330
514 336
514 341
515 346
513 350
514 354
513 358
514 364
513 368
514 372
515 374
514 377
514 385
514 391
515 396
514 399
514 405
513 414
513 421
513 425
513 428
513 436
513 446
513 445
515 706
513 710
514 714
514 718
513 726
513 728
513 731
513 736
513 740
513 744
513 748
514 752
515 756
513 761
515 766
510 768
514 772
511 776
509 780
497 783
289 782
148 784
99 788
112 792
98 796
87 799
117 804
100 807
82 811
98 814
95 818
119 822
90 826
76 829
141 833
143 835
154 837
146 841
119 844
177 847
158 850
191 852
134 854
110 858
166 862
153 865
172 867
155 870
177 872
195 874
188 878
150 877
210 883
245 884
261 887
228 887
262 890
284 891
507 912
512 913
512 912
511 909
512 907
512 906
513 904
513 903
512 902
514 902
513 900
513 897
512 897
513 895
513 894
513 893
513 890
513 888
513 887
513 884
513 883
513 879
513 878
513 875
514 873
513 871
512 867
513 864
514 864
513 860
513 856
513 846
514 851
512 848
513 844
514 838
513 837
513 833
513 829
513 825
513 821
513 816
514 814
513 806
513 803
513 799
513 792
513 789
515 785
513 780
515 776
513 772
513 767
513 763
514 759
514 754
514 750
513 701
513 698
513 693
509 693
514 686
516 682
512 679
513 671
513 668
513 664
513 660
513 657
513 648
513 645
514 639
513 635
512 630
514 624
513 618
513 611
513 607
513 601
513 595
513 589
512 586
512 585
513 577
513 572
513 569
513 566
513 562
513 557
513 553
509 549
515 544
513 538
513 534
514 529
516 522
514 518
515 512
513 506
513 502
513 494
514 490
514 486
513 481
513 477
513 473
514 464
513 465
513 460
513 455
514 450
514 446
513 440
513 436
513 341
514 346
511 337
513 331
514 331
513 323
514 322
514 317
514 314
513 309
513 305
514 301
513 297
515 293
513 289
513 284
514 280
514 276
513 272
513 268
513 264
513 260
514 259
521 254
637 249
752 251
888 251
978 246
986 239
1003 238
996 234
971 230
972 225
972 222
951 219
952 214
961 211
919 206
899 208
856 201
867 199
878 196
857 194
863 191
853 188
903 181
898 182
874 177
854 177
881 173
914 170
866 167
855 164
846 161
836 159
830 156
800 130
664 127
697 130
690 126
697 122
652 124
722 123
686 123
675 122
632 121
657 120
684 120
672 120
615 114
635 118
641 118
646 118
636 116
609 117
629 117
622 119
590 116
572 117
575 118
585 116
600 116
599 117
586 117
585 117
587 116
573 118
570 118
547 119
539 120
523 121
517 122
514 124
515 126
512 128
514 127
514 132
514 132
514 133
514 136
514 136
514 136
514 138
512 140
515 142
514 143
514 142
514 147
514 150
514 151
514 154
516 155
513 158
513 221
513 225
514 227
513 228
514 234
514 235
514 243
513 248
514 253
514 256
513 260
514 264
514 269
513 274
514 280
513 280
513 289
513 293
515 296
514 300
514 304
513 309
514 314
513 320
513 322
514 327
513 333
514 339
514 338
514 345
514 348
513 355
513 362
515 367
513 371
514 372
514 377
513 383
514 389
514 391
513 396
513 403
513 410
515 415
513 420
514 426
513 431
514 436
514 442
513 449
513 454
513 456
514 459
513 465
514 470
513 471
514 475
514 577
513 581
513 584
514 588
514 592
512 596
515 603
514 607
515 613
513 617
513 622
515 628
513 635
512 640
514 644
514 645
515 653
513 659
513 663
516 668
513 672
513 677
513 677
512 687
516 690
513 696
514 700
515 702
513 707
513 708
513 716
513 721
513 725
513 728
514 733
513 736
513 740
514 745
513 749
513 752
513 755
513 760
514 760
514 768
513 773
512 776
508 780
469 783
277 783
107 787
45 790
42 794
107 798
89 801
110 805
98 808
63 812
75 817
261 894
291 893
314 907
303 896
284 897
342 898
361 900
311 900
282 902
335 902
329 903
338 902
305 906
317 907
352 909
361 910
309 912
350 913
332 913
387 915
363 914
339 915
354 917
317 916
337 914
377 917
374 918
379 917
389 920
392 919
411 919
397 919
418 920
416 920
391 917
425 920
440 922
429 918
418 921
431 921
434 920
453 922
451 921
434 920
442 920
475 920
484 919
494 916
498 916
511 914
511 913
513 911
512 908
513 907
513 906
513 904
512 903
513 839
512 835
513 832
512 824
512 824
514 820
509 814
514 809
514 805
514 800
513 791
513 791
514 787
513 783
513 780
515 775
513 771
513 763
513 763
514 758
513 755
513 751
513 747
513 740
514 734
513 731
513 727
513 723
514 721
513 716
512 708
513 701
514 697
513 694
513 692
510 689
511 682
513 677
513 672
513 671
513 666
513 660
514 654
513 651
513 646
513 638
513 633
514 630
513 623
513 615
513 608
513 606
513 599
513 591
513 587
513 584
513 458
513 454
514 452
514 448
514 444
513 438
513 434
512 428
513 420
514 418
513 413
514 407
513 403
513 397
513 394
513 387
513 382
514 377
513 372
513 367
514 361
513 358
513 351
513 349
513 343
515 342
510 333
516 338
510 333
513 325
513 321
513 317
513 313
514 308
513 304
513 300
514 296
514 292
513 288
514 283
513 280
514 275
514 270
513 267
515 263
515 260
518 256
582 255
683 252
772 251
1009 248
997 244
944 241
950 237
960 233
942 229
951 226
951 157
829 155
783 153
749 153
820 151
745 149
786 148
757 146
754 144
749 144
743 142
715 141
721 138
729 138
740 135
709 135
703 134
708 133
740 132
704 130
696 127
696 129
689 127
689 125
710 122
708 123
715 125
657 119
698 122
697 122
660 121
636 120
620 117
670 118
657 117
638 118
631 118
585 116
638 117
665 116
629 116
631 117
591 117
585 116
612 117
614 116
590 116
600 116
598 116
555 117
571 117
581 117
565 118
553 118
544 119
527 120
519 122
516 176
513 179
514 182
515 184
514 187
512 190
515 193
513 197
514 201
514 205
514 210
513 214
513 219
514 223
514 228
514 234
514 239
513 243
514 247
513 250
513 254
514 259
513 263
513 266
513 269
514 273
514 277
514 283
514 287
514 295
514 293
513 301
513 305
514 310
513 315
515 320
514 324
513 329
513 333
514 339
514 345
513 349
512 350
514 355
513 357
514 366
514 369
514 374
513 378
513 383
513 387
514 393
513 400
513 405
514 408
513 414
513 423
514 572
514 575
513 579
513 582
514 588
514 593
514 598
513 604
512 608
513 613
513 619
512 623
514 628
513 635
514 641
517 647
512 651
513 655
514 661
513 665
514 669
513 675
513 679
514 684
514 689
513 694
513 698
513 700
512 705
513 706
513 708
513 716
513 720
514 725
513 730
514 735
514 739
513 743
514 747
514 750
514 754
514 758
513 762
513 767
514 770
513 774
513 778
510 781
455 783
273 783
116 787
64 791
78 796
95 798
95 802
67 805
58 808
96 814
241 892
273 893
305 895
332 895
211 896
235 898
299 898
369 900
255 901
302 902
345 903
318 905
292 905
296 906
390 908
330 909
296 910
324 910
373 912
323 913
337 914
336 914
377 913
335 916
365 918
394 917
431 917
351 918
376 917
370 919
392 920
415 920
405 920
406 920
410 920
423 920
435 920
410 919
417 921
439 921
424 920
414 920
428 920
457 926
479 920
474 919
474 919
471 919
476 917
502 917
508 914
512 912
513 907
512 909
512 907
514 905
514 904
513 846
516 845
513 843
513 839
513 835
513 831
513 822
514 822
514 818
514 814
514 809
513 805
514 800
514 796
513 792
513 788
513 784
514 780
513 775
513 770
514 766
513 762
514 757
513 753
513 749
513 745
511 741
514 736
514 732
513 728
513 724
513 718
513 713
513 708
513 703
513 698
513 692
514 688
513 678
512 680
516 677
513 673
513 669
513 663
514 657
513 654
513 650
513 645
513 637
514 631
513 629
513 622
513 615
513 607
513 602
512 599
513 453
514 450
513 446
513 442
513 437
514 431
513 428
513 422
513 417
513 411
513 406
512 398
513 396
514 391
514 386
515 381
514 376
514 373
511 367
514 363
513 359
513 352
514 347
514 343
512 338
513 334
514 331
513 323
514 323
513 319
513 314
514 310
514 306
513 302
514 298
513 294
513 290
513 287
514 283
513 280
513 275
514 270
515 267
514 263
515 258
521 254
590 253
675 252
865 251
1022 247
1023 242
1012 238
975 234
955 230
942 227
940 224
909 219
736 137
697 136
748 135
737 135
720 132
669 131
700 130
712 128
694 129
665 128
660 126
687 130
734 125
670 124
680 121
669 122
665 121
617 120
680 120
626 120
634 119
662 118
622 118
659 118
647 118
645 117
608 117
591 118
610 117
616 116
614 116
613 117
588 116
576 116
589 118
603 116
588 116
591 117
571 117
553 118
555 118
547 119
526 120
518 122
515 125
515 126
514 129
520 130
512 134
514 132
514 133
514 136
514 137
513 138
514 139
514 141
514 142
514 238
514 242
514 245
513 251
514 255
513 260
515 264
514 267
514 271
514 277
514 282
515 287
513 290
514 294
513 299
514 302
513 306
513 310
514 314
514 320
514 323
514 329
514 334
514 341
513 346
513 349
514 353
514 357
514 361
512 366
514 372
514 374
513 378
514 384
514 391
514 393
514 398
513 406
514 413
513 417
514 420
514 428
513 436
513 441
514 443
514 448
513 455
514 460
514 461
514 465
514 469
514 474
514 476
515 481
513 487
513 492
513 495
514 548
514 550
513 552
513 559
514 563
513 566
513 571
513 575
514 580
513 584
514 590
513 594
514 601
512 605
515 609
515 615
514 617
513 623
514 630
513 637
511 641
513 647
514 651
514 656
512 661
515 665
513 669
515 673
514 680
513 686
513 688
512 695
515 699
514 702
514 704
514 708
513 713
513 718
513 722
513 728
514 731
514 735
513 738
514 742
512 746
514 750
514 755
511 758
514 763
512 767
513 771
510 776
511 779
508 785
425 783
207 784
134 787
166 853
161 856
126 858
181 860
145 864
134 867
186 869
149 871
195 876
197 878
233 880
223 882
254 884
230 886
274 891
259 890
294 892
320 891
273 894
306 895
314 897
349 898
344 899
333 900
312 901
315 903
304 905
340 906
327 906
378 906
343 909
350 909
339 908
378 911
351 913
341 913
339 915
383 915
390 917
325 916
352 918
368 919
369 918
406 917
363 920
364 920
371 920
395 920
408 921
427 921
418 920
371 922
400 920
464 922
436 925
415 921
434 921
513 899
513 898
513 897
512 895
512 892
514 891
513 889
512 883
513 889
514 883
513 880
513 878
513 876
512 874
513 872
513 870
513 867
514 862
513 861
512 858
514 856
513 853
514 850
513 849
514 843
513 838
513 835
511 831
514 826
513 822
512 818
513 814
512 810
514 803
514 798
513 795
514 792
513 788
513 784
513 779
513 774
514 769
513 764
513 760
513 756
513 751
513 749
513 744
513 740
513 736
513 731
513 725
513 720
514 715
513 711
513 706
512 606
513 599
513 595
514 590
514 586
513 582
514 579
514 574
512 570
513 566
513 563
513 559
513 551
513 549
513 545
514 540
514 534
513 528
513 524
512 518
513 510
513 505
514 500
512 495
513 490
514 485
512 482
513 478
514 472
514 468
513 464
513 461
513 455
513 452
513 448
513 442
514 436
514 432
514 426
513 422
513 417
513 412
512 406
513 402
521 395
514 388
514 385
513 380
513 375
512 369
514 366
513 361
513 356
514 351
514 346
513 343
513 337
513 259
517 256
522 254
613 253
691 251
803 250
996 247
1023 244
1023 240
980 233
996 230
950 227
937 221
939 219
941 215
931 211
907 208
906 205
902 201
835 201
882 198
901 196
847 189
846 188
860 185
887 182
926 179
884 176
887 174
870 170
899 167
897 164
844 164
828 158
811 157
824 153
803 153
740 150
753 147
771 147
727 145
720 145
678 143
709 142
729 139
694 137
715 137
743 136
729 135
696 133
694 132
698 131
709 131
681 130
660 128
666 127
661 126
590 115
538 117
568 116
558 118
543 119
526 124
512 121
517 123
515 125
513 126
514 129
514 130
516 130
513 133
514 135
514 137
514 137
514 137
514 138
514 140
514 141
514 144
513 146
513 149
513 151
513 152
514 155
513 158
514 160
514 163
513 163
514 167
514 169
513 171
514 174
514 176
514 179
513 182
514 185
514 191
514 193
514 197
512 201
514 205
514 209
514 211
514 218
514 224
513 228
514 231
514 234
513 237
514 241
514 245
514 249
514 253
514 258
513 389
514 394
513 398
514 402
514 406
513 413
513 421
514 426
513 432
513 434
514 443
513 448
514 451
514 455
513 461
513 463
514 467
513 471
514 476
514 479
514 483
513 488
513 494
514 498
515 505
513 508
514 515
513 521
513 525
513 532
514 539
513 543
512 546
514 551
514 557
513 560
514 566
514 568
513 574
513 577
514 581
513 590
514 592
513 597
513 601
514 606
514 611
513 616
514 622
513 627
514 635
513 636
513 644
512 648
515 652
514 659
514 662
512 775
509 782
506 783
401 784
179 785
97 787
70 792
0 797
27 801
70 809
97 809
125 812
81 815
83 818
125 822
134 827
137 828
141 832
107 834
129 838
167 840
159 842
168 844
119 849
125 852
153 855
148 858
153 859
116 867
127 868
144 871
141 874
166 876
210 878
216 881
194 883
250 884
237 887
286 888
274 890
308 892
287 893
311 897
313 898
321 897
315 899
317 900
295 902
336 902
332 904
361 905
353 906
337 907
358 908
356 909
356 910
353 911
351 911
432 922
439 922
422 921
429 922
455 922
446 921
465 920
468 920
469 919
465 919
492 917
510 916
512 914
513 913
513 911
512 909
513 906
513 906
513 905
513 903
513 904
514 901
513 899
513 897
513 897
512 895
513 892
512 894
513 888
512 887
514 884
513 882
514 880
513 878
513 875
513 874
513 871
514 869
513 866
514 863
514 864
513 858
513 855
512 852
514 849
510 849
511 843
513 841
513 832
512 829
513 824
514 821
512 817
513 813
513 812
513 803
513 797
512 660
512 657
512 652
514 646
513 641
514 633
513 628
513 623
514 617
514 611
513 605
513 599
513 595
512 589
513 584
513 581
513 578
513 574
514 569
513 564
513 565
513 559
514 553
513 548
513 543
514 538
513 533
513 527
512 522
513 516
513 511
504 505
516 500
512 492
514 487
514 485
513 481
513 477
513 472
514 469
513 465
513 460
514 455
513 454
512 445
513 440
512 435
514 430
512 425
513 417
514 418
513 409
513 404
513 398
513 394
514 388
514 264
515 258
519 255
526 253
619 251
745 249
919 253
1009 246
1023 241
1023 237
972 232
955 227
947 225
943 223
931 218
940 214
915 211
884 207
899 204
895 200
870 196
864 195
880 193
886 190
884 187
882 184
852 181
901 177
918 175
889 172
850 168
818 166
864 163
830 160
817 158
786 156
800 152
806 152
761 152
740 148
728 147
754 145
738 143
654 144
669 141
741 139
708 138
708 137
635 135
703 137
708 134
667 132
698 131
712 130
686 125
658 128
659 127
549 118
524 119
517 121
517 122
514 123
515 126
513 127
516 130
514 130
514 133
516 132
514 135
514 136
515 137
513 139
513 139
514 144
514 143
514 145
514 148
514 150
513 152
514 154
513 156
514 158
514 164
513 164
514 165
513 166
514 169
514 173
513 175
513 178
514 180
514 183
514 185
514 189
514 194
513 197
514 201
514 205
513 209
514 212
514 218
513 224
513 232
513 233
514 236
514 241
514 244
514 248
513 252
514 260
514 260
514 264
513 268
514 273
514 386
513 389
513 393
514 397
514 404
513 411
514 416
514 422
513 427
514 433
513 440
514 444
514 447
513 452
516 458
514 460
514 462
513 467
513 473
512 477
514 480
514 485
513 489
513 495
514 499
513 505
514 511
514 516
512 521
513 528
514 534
513 538
514 544
514 549
512 553
512 559
514 561
513 565
514 570
514 573
514 578
514 583
513 591
514 593
513 597
513 603
513 608
515 612
513 618
514 625
514 628
514 636
514 638
513 644
514 650
512 654
513 661
104 787
122 789
98 791
47 797
37 802
9 805
50 810
84 813
91 815
129 820
103 824
60 829
147 830
119 833
144 836
172 839
165 841
154 844
133 847
155 850
166 853
142 857
148 860
155 862
126 866
106 869
160 872
187 875
195 877
174 879
198 881
226 884
252 886
246 888
281 890
250 890
337 893
346 893
283 896
304 896
348 897
314 899
284 900
308 901
367 903
355 904
306 905
326 906
393 907
363 907
326 910
331 911
371 912
354 912
343 914
349 913
375 914
318 915
513 908
513 907
512 906
513 905
513 903
513 902
513 901
513 900
513 899
512 898
513 896
514 894
512 892
513 890
513 888
514 885
514 886
514 881
513 879
514 876
513 875
514 872
513 870
512 870
513 866
513 862
511 859
514 856
513 854
513 851
513 847
513 844
512 838
514 835
514 832
513 827
513 822
513 818
513 813
514 810
513 805
514 801
512 797
513 792
512 788
512 785
513 781
514 777
514 773
512 769
513 764
511 759
513 755
513 752
513 745
514 740
514 736
514 549
513 545
513 541
513 537
514 533
513 526
513 520
513 515
513 509
513 504
510 511
516 493
514 488
513 484
513 481
514 476
512 471
513 468
514 464
514 459
513 455
513 450
513 444
515 439
515 434
514 429
513 424
513 419
513 413
513 408
513 403
512 396
514 392
515 386
513 382
514 378
514 373
514 369
513 364
514 360
514 355
514 350
513 344
514 340
513 336
513 332
522 329
513 323
513 320
515 312
514 311
513 307
513 303
514 298
513 295
512 291
513 252
697 252
772 247
968 248
1023 245
1017 239
1016 235
1023 231
986 227
944 222
918 220
906 216
904 213
914 209
921 207
893 203
841 200
866 193
884 196
846 187
877 194
866 187
879 184
923 180
879 177
916 174
886 172
913 168
861 166
844 163
853 160
839 158
844 158
800 154
753 151
779 150
790 148
740 147
746 146
698 147
712 143
714 141
704 140
718 138
740 137
719 136
690 135
706 133
677 132
665 131
679 130
677 129
657 129
684 127
682 125
696 126
657 124
593 117
614 119
595 115
585 116
563 116
551 116
557 116
555 118
539 118
524 122
516 122
515 124
515 124
515 127
515 132
514 131
515 136
513 133
514 137
514 136
514 137
514 138
513 139
513 141
514 143
514 146
513 147
514 149
514 151
513 154
514 156
515 158
514 160
514 162
514 165
514 167
513 170
514 173
515 175
514 178
514 182
513 184
513 187
514 191
513 195
513 198
514 203
515 207
513 211
512 214
514 219
513 223
514 227
512 232
514 236
