787 223
790 220
777 216
796 214
793 211
751 207
767 204
768 203
754 198
750 196
743 193
750 190
714 187
748 184
761 181
764 178
763 175
751 172
753 169
756 166
754 168
734 161
754 159
713 156
732 155
701 152
719 150
703 149
709 147
642 145
655 144
652 142
675 140
642 140
646 138
644 137
651 136
628 134
638 133
662 132
639 131
620 130
618 128
649 127
649 127
625 128
620 125
669 124
647 124
593 125
601 121
644 121
634 119
636 120
596 118
636 117
614 117
279 872
292 875
266 877
295 880
248 882
292 884
312 886
378 887
329 890
333 891
307 892
378 894
381 895
359 896
320 905
403 899
352 901
382 902
382 903
389 904
380 906
383 906
392 908
367 908
370 910
367 912
426 911
391 913
400 914
362 914
412 918
411 916
419 917
365 917
415 918
371 919
442 920
454 920
425 921
445 921
447 921
463 930
422 922
424 922
460 923
445 922
444 922
449 922
466 922
456 922
478 922
475 925
471 922
465 922
461 922
475 921
494 921
687 146
693 145
711 150
622 142
674 141
616 140
640 138
634 134
685 135
661 135
654 133
625 132
672 131
638 131
621 129
662 128
659 127
622 126
592 125
619 126
649 123
649 123
592 122
629 120
653 120
627 119
578 123
616 118
606 117
607 123
596 114
581 116
596 116
609 123
607 115
582 115
549 110
565 114
580 114
576 115
586 121
578 115
576 115
553 115
542 115
534 115
542 116
541 117
529 118
523 119
517 120
514 122
515 124
514 126
514 129
514 130
517 132
514 397
514 401
512 407
513 416
512 421
513 427
514 431
514 438
513 446
512 450
513 453
513 456
514 458
512 465
515 469
513 472
514 475
513 480
512 484
514 489
513 493
514 499
513 504
513 510
513 516
513 522
511 527
514 532
514 538
513 543
513 548
514 551
514 555
515 560
511 565
513 567
513 572
512 579
514 582
514 586
514 590
514 595
513 608
512 607
513 614
514 617
513 623
513 627
514 632
513 645
513 643
512 647
514 652
513 657
512 663
514 669
512 674
265 795
254 794
250 797
254 799
272 802
233 806
222 810
224 813
230 816
273 821
258 824
244 827
248 831
238 833
268 837
271 838
268 842
291 846
277 849
293 850
276 854
264 857
264 859
286 862
276 871
271 868
240 872
234 873
298 878
286 879
294 881
300 883
328 885
314 888
328 889
303 890
374 891
370 895
366 896
313 896
378 898
406 898
391 900
354 901
384 901
358 903
379 905
380 914
402 907
409 909
395 908
401 911
392 911
379 912
391 921
399 915
392 916
512 914
513 914
512 919
513 909
513 907
513 906
512 901
523 904
513 899
514 901
513 900
513 898
513 897
513 895
513 893
512 891
514 889
513 887
514 885
513 882
513 880
514 878
513 875
514 874
513 871
513 868
513 867
513 863
513 861
513 857
513 853
512 851
514 848
513 844
514 841
514 837
514 833
513 828
513 824
514 819
512 815
514 811
513 785
517 802
514 798
513 794
513 790
513 786
513 782
514 778
513 773
513 769
513 764
513 760
514 754
513 750
515 600
514 597
514 592
513 588
513 584
513 579
513 573
512 573
513 570
513 564
515 558
512 557
513 554
513 547
515 541
513 537
513 533
513 526
515 520
511 516
513 511
514 502
517 498
513 495
513 490
513 485
514 480
513 476
513 472
516 468
515 458
510 462
516 454
513 449
514 445
513 441
513 437
513 431
514 425
514 419
515 414
515 408
514 403
512 399
513 394
514 388
513 383
514 378
514 373
514 368
514 363
513 359
513 356
513 357
513 346
513 342
514 337
514 241
847 238
833 234
786 232
770 229
777 226
776 222
778 218
787 215
775 212
770 209
751 206
740 203
773 199
761 204
746 195
742 192
738 188
747 182
732 183
747 181
772 179
777 173
807 171
749 173
747 168
756 161
746 160
750 158
729 155
707 153
694 152
711 149
681 148
684 146
675 146
690 145
631 143
650 141
642 140
658 139
689 137
687 135
660 134
659 132
669 130
661 131
631 129
615 128
638 127
627 125
631 126
613 124
674 125
667 122
643 119
592 121
642 130
514 131
515 133
514 135
513 134
513 135
516 136
514 138
513 145
514 141
515 143
514 144
513 146
514 148
513 150
514 153
514 156
513 158
514 158
515 162
513 164
514 166
514 169
514 171
511 174
514 177
513 180
513 183
514 186
514 189
514 193
514 196
514 200
514 205
514 210
514 215
512 218
514 223
514 228
513 232
511 236
514 239
514 244
513 248
513 253
513 257
513 261
514 265
514 269
513 276
512 281
513 281
514 288
514 292
514 296
513 299
514 306
513 463
507 467
513 470
514 474
513 477
514 481
512 485
514 490
514 496
512 501
514 507
514 504
514 517
513 524
513 529
512 534
513 539
512 545
512 550
513 554
512 558
510 563
512 566
513 569
514 575
514 579
513 583
514 587
512 592
514 597
512 603
513 609
512 614
514 620
513 625
513 631
513 635
513 640
514 644
512 650
512 654
513 659
512 665
513 669
513 674
513 678
514 682
513 687
514 692
512 691
513 701
513 704
513 708
513 712
513 716
513 721
515 726
299 888
333 890
382 892
342 893
353 896
375 897
383 898
343 898
366 900
375 901
390 903
344 903
368 911
435 907
387 908
374 908
385 910
421 911
367 911
370 912
376 912
453 915
408 913
338 916
391 916
428 917
437 918
426 918
386 919
414 919
403 920
446 918
420 922
438 921
476 922
435 922
422 922
452 921
460 923
457 922
462 923
439 922
438 923
452 922
475 922
484 921
495 921
479 920
461 921
476 920
501 921
510 917
513 915
512 913
513 912
513 909
513 908
514 893
513 891
513 890
514 888
514 885
513 884
513 881
514 879
514 876
514 875
513 873
512 870
514 867
514 865
513 861
512 859
513 856
514 852
513 849
513 846
513 843
513 839
513 836
516 832
513 828
513 823
513 819
513 814
514 803
513 806
506 801
519 797
513 791
513 788
513 783
514 781
514 777
514 771
513 766
513 762
513 758
514 753
514 749
512 747
513 742
513 738
514 732
514 728
513 724
513 719
512 715
513 710
513 702
513 696
513 692
514 684
513 684
513 585
513 581
514 578
512 574
514 570
513 567
513 563
513 560
512 555
514 550
514 546
513 542
513 538
513 530
516 524
513 518
516 514
513 504
515 503
512 497
513 492
513 488
512 484
513 479
514 474
513 470
514 466
514 462
516 461
512 452
516 448
513 443
513 438
513 432
513 428
514 423
514 418
513 412
514 407
513 402
513 396
513 392
514 388
514 382
514 378
514 372
514 367
514 362
513 357
512 352
513 348
513 343
514 338
514 334
514 331
514 327
514 323
749 248
806 244
823 239
812 236
814 232
792 227
778 224
770 221
775 217
789 214
792 209
781 207
798 205
747 201
768 199
774 195
755 193
744 190
728 187
741 184
786 181
786 178
757 175
749 171
760 170
778 167
766 170
734 163
748 158
713 156
721 155
704 153
682 151
702 148
717 147
659 145
653 145
636 143
664 141
677 140
676 140
646 137
654 136
648 135
665 134
655 132
632 131
602 130
620 129
615 128
630 126
601 126
630 124
648 124
624 122
623 123
630 115
575 117
563 115
557 116
567 115
544 116
530 116
535 116
547 117
538 119
521 116
516 122
514 125
514 127
514 126
514 130
513 131
514 133
512 134
514 134
513 136
513 137
514 138
513 140
514 142
513 144
513 144
513 148
512 150
513 152
514 155
514 157
513 160
513 162
513 164
512 166
514 168
513 171
514 174
513 177
513 179
514 182
513 185
513 189
514 193
513 195
513 200
513 203
513 207
512 211
514 215
514 219
514 226
514 231
514 235
514 238
513 240
514 332
512 336
513 341
512 341
513 347
514 353
513 357
513 363
514 366
513 370
510 376
512 381
511 384
513 388
514 394
514 403
512 409
515 411
513 416
514 424
512 432
514 435
514 440
514 446
516 451
513 455
513 458
514 462
512 460
514 470
514 473
514 478
513 482
514 486
513 490
513 497
509 502
514 506
513 512
512 519
511 525
514 529
513 534
513 540
514 542
513 549
513 554
512 559
513 563
513 567
512 571
512 576
512 578
514 584
514 581
513 593
514 598
514 732
513 735
513 737
514 740
513 744
512 741
513 751
514 756
513 760
514 763
514 769
513 772
513 776
513 779
511 783
422 785
342 786
286 790
248 794
198 799
179 802
186 807
236 810
245 813
261 819
249 820
217 824
224 829
245 830
249 834
276 836
270 839
272 843
284 845
273 848
269 854
267 853
270 857
265 859
258 863
261 865
236 869
294 870
278 874
282 877
288 880
303 881
325 883
339 886
321 887
354 889
366 888
384 892
343 893
395 894
429 896
436 898
345 921
424 921
438 921
445 922
455 921
463 921
467 919
445 922
432 922
458 919
484 922
473 922
470 922
493 914
486 921
476 921
487 920
494 919
505 918
510 916
513 910
512 912
513 909
513 908
514 906
513 905
513 903
513 903
512 895
511 903
514 900
513 898
513 897
514 896
513 893
513 892
513 889
513 888
513 885
514 883
513 880
513 878
514 875
514 873
513 871
513 868
513 867
514 864
513 861
514 858
514 856
514 852
513 852
513 846
513 842
513 838
513 834
513 707
513 705
513 702
515 695
513 691
513 685
513 683
513 679
513 673
513 668
514 665
513 663
514 657
513 650
515 645
513 651
512 637
510 630
513 624
513 611
513 613
513 606
515 600
513 596
513 591
513 586
514 577
512 577
513 574
514 570
513 567
513 562
515 557
515 553
512 550
513 545
514 539
513 534
514 523
515 523
513 517
514 512
513 506
515 500
515 494
513 485
514 487
513 482
515 475
512 474
513 470
513 465
511 461
513 454
512 455
512 448
511 442
514 333
514 331
514 329
514 325
514 321
514 318
514 313
514 309
513 305
513 301
513 297
513 293
513 289
513 287
513 281
514 275
515 274
511 269
513 264
514 261
515 256
519 253
638 251
706 249
768 245
807 242
815 238
827 234
846 229
828 226
796 222
777 217
763 216
772 213
776 209
774 206
786 204
773 201
770 197
754 195
734 192
752 189
761 186
796 183
767 180
735 179
788 174
790 171
775 168
762 165
758 162
748 159
720 157
706 157
689 153
732 154
693 149
612 117
592 115
622 116
609 116
546 115
558 116
594 114
586 115
573 113
583 115
562 115
578 115
586 115
577 115
565 115
548 116
534 115
537 116
533 117
529 116
528 118
525 119
517 119
515 123
514 125
514 125
514 128
514 130
514 132
514 133
513 133
514 135
514 136
513 137
514 139
514 141
513 143
514 145
514 146
513 147
514 150
514 152
514 155
513 157
513 159
514 162
513 163
514 166
514 169
513 171
513 174
513 177
513 179
514 183
513 186
514 188
514 191
513 317
513 322
515 328
514 332
513 338
514 341
514 345
512 348
514 355
513 361
512 366
514 368
513 372
513 375
515 383
512 388
515 391
513 394
512 392
513 411
511 415
513 419
513 424
514 431
513 437
514 442
513 447
513 454
513 456
514 459
513 464
513 469
513 472
515 474
513 478
513 483
512 489
513 492
514 498
513 505
512 510
514 515
513 525
512 527
512 533
516 536
513 543
513 541
512 550
513 555
513 559
514 563
512 569
514 572
514 577
512 581
512 587
513 728
513 731
513 734
513 737
513 739
514 745
512 749
512 753
512 758
513 762
513 764
513 769
513 775
514 778
510 781
475 783
422 786
324 789
256 791
232 796
211 799
204 803
218 807
237 811
239 815
235 818
243 822
244 825
235 829
240 831
257 835
282 837
276 841
255 843
274 846
296 849
284 852
291 855
275 858
254 860
269 864
272 866
299 870
288 873
308 875
282 877
331 875
282 882
353 883
356 885
323 887
335 889
321 884
382 892
345 893
384 894
355 919
418 920
430 920
423 921
441 922
431 921
423 922
445 922
447 921
456 922
466 923
432 922
433 923
435 923
436 914
472 922
498 923
487 922
461 923
460 921
483 921
487 919
504 919
507 918
510 909
511 915
512 913
515 904
513 908
514 906
514 905
514 904
513 903
513 902
513 896
514 897
511 898
513 897
513 895
513 892
513 891
513 889
513 886
513 883
513 883
513 880
513 878
513 875
514 872
513 870
513 868
513 865
512 863
513 861
513 858
513 855
514 851
513 710
513 705
513 701
513 696
513 693
513 688
513 680
513 681
514 677
513 673
514 668
513 663
514 658
514 654
513 649
514 644
514 631
512 635
517 627
502 621
513 613
514 607
513 603
513 599
513 594
514 588
513 583
513 581
513 576
514 565
513 565
512 565
513 559
516 555
514 552
513 549
514 542
515 536
513 533
512 527
514 520
514 514
514 510
514 504
513 497
516 492
512 490
514 485
513 480
514 473
514 473
514 467
513 464
513 458
514 453
512 450
516 442
516 293
513 290
513 287
513 278
513 281
510 278
513 273
512 262
513 264
514 260
513 256
520 251
648 250
752 248
769 245
794 241
792 237
792 234
805 230
801 226
799 223
771 216
744 214
789 212
800 209
790 205
772 203
737 200
763 196
745 193
731 189
751 188
727 184
751 182
756 180
762 177
740 173
778 171
764 167
757 164
744 162
689 159
719 158
743 155
703 153
698 151
697 149
666 147
690 145
643 145
680 143
642 143
664 141
623 141
644 138
663 136
704 135
661 115
560 115
538 115
557 116
533 115
550 115
555 116
543 117
526 119
518 119
516 121
515 123
513 124
514 127
514 130
514 132
514 134
513 133
513 134
514 135
514 136
514 138
514 140
514 140
514 143
513 145
511 147
513 149
514 151
513 154
514 152
513 157
514 160
513 162
513 165
512 167
515 170
514 173
514 175
514 176
513 180
514 184
514 187
513 190
513 194
514 198
513 202
514 205
514 209
514 214
514 217
514 222
513 227
514 231
514 237
514 239
513 243
514 291
514 295
514 300
513 301
513 305
513 310
513 316
515 321
514 325
513 327
514 333
513 338
514 342
513 349
513 352
513 356
513 361
514 366
512 371
514 372
513 377
514 385
512 390
511 394
515 396
513 404
513 414
513 418
516 421
515 425
513 435
513 441
513 444
514 448
513 454
513 459
514 461
514 464
513 470
513 476
513 479
514 480
513 486
513 491
513 496
514 499
512 505
514 511
513 517
515 524
512 530
515 535
512 540
514 544
512 548
515 554
510 558
512 647
513 653
514 659
514 665
513 669
514 676
513 678
513 683
512 688
512 693
514 697
513 700
514 705
515 708
513 712
513 716
513 723
518 725
514 730
513 734
514 738
514 741
514 746
514 749
513 753
513 757
513 761
513 766
513 769
513 774
513 778
510 781
486 784
379 786
315 789
276 792
218 797
184 802
211 806
241 809
249 812
267 816
248 819
249 822
259 826
256 829
270 832
269 834
263 837
276 840
267 844
288 846
294 849
291 851
260 855
237 861
285 859
363 899
350 893
326 902
376 903
374 904
358 905
369 905
397 907
400 909
383 909
401 911
386 912
391 912
353 913
405 914
408 916
397 916
399 918
399 918
418 918
424 920
412 920
417 920
450 920
426 920
415 921
431 923
434 922
460 920
447 922
451 922
469 923
453 922
443 921
475 922
476 922
460 922
441 920
474 922
468 922
483 922
493 921
488 920
499 920
505 917
511 917
513 914
513 913
513 913
513 908
513 906
513 906
512 903
513 903
513 902
513 899
512 876
513 857
513 855
513 852
513 850
513 846
513 843
513 838
513 834
513 830
513 826
513 822
513 819
513 815
514 811
513 806
513 803
514 799
512 795
514 785
513 784
513 779
510 774
512 770
513 764
513 759
514 755
513 751
513 748
513 745
513 742
513 739
513 735
513 727
513 721
513 716
513 712
514 708
513 705
513 699
513 694
514 688
513 683
513 680
514 675
513 671
514 664
514 661
512 659
513 652
513 648
515 641
514 638
513 635
514 628
511 619
513 615
511 608
515 519
516 515
514 511
513 507
515 503
513 497
514 492
515 487
511 484
513 480
513 475
515 471
513 467
513 463
513 458
520 455
513 445
516 440
514 437
517 433
513 431
515 424
514 418
513 412
515 407
514 402
514 397
514 393
514 387
517 383
513 376
513 372
513 367
513 362
513 358
514 353
513 348
515 343
514 339
512 335
513 332
513 328
513 323
514 319
514 314
514 310
513 306
514 302
515 298
514 295
513 291
513 286
512 282
514 279
518 276
516 267
513 177
771 175
769 172
748 169
757 166
762 161
723 160
709 158
715 155
729 157
745 153
655 150
683 149
661 148
698 146
650 144
685 141
634 141
683 139
640 139
642 137
651 136
665 135
660 134
655 130
588 131
596 131
637 129
649 127
623 127
616 126
605 125
642 124
656 123
629 123
645 122
619 120
626 120
603 119
611 119
633 118
618 117
596 117
605 116
605 117
552 116
586 116
601 115
571 115
580 115
559 115
560 115
586 115
573 115
569 116
553 115
547 116
550 157
513 157
514 159
514 160
514 164
514 166
514 168
514 169
513 173
514 176
514 178
514 181
514 185
514 188
514 193
513 194
513 199
513 203
514 207
514 212
514 216
513 219
514 223
513 227
513 233
513 238
514 244
514 245
513 249
514 252
514 257
514 261
512 267
513 272
513 276
514 282
513 285
513 291
513 294
514 298
513 304
513 308
514 312
513 316
514 321
514 326
513 332
513 336
511 342
515 345
515 349
512 354
514 358
513 363
512 367
513 372
513 378
514 507
513 513
512 515
514 520
513 525
513 529
514 536
513 541
514 546
512 551
513 554
513 558
514 565
514 566
513 572
511 575
514 580
513 585
514 590
510 597
513 599
513 604
514 609
513 615
514 619
513 625
513 631
513 636
511 641
513 647
512 651
514 656
514 660
514 665
514 671
513 674
513 680
512 685
512 691
514 694
513 698
513 701
514 706
515 708
514 712
513 717
513 722
512 727
512 731
513 737
513 739
513 744
515 747
515 751
513 756
514 760
512 764
513 838
266 841
293 843
295 845
299 848
281 854
284 853
267 856
264 859
284 861
261 865
266 868
285 871
271 874
285 878
287 879
289 882
330 884
338 886
353 887
307 889
369 891
375 892
420 893
390 894
407 896
386 898
422 897
392 900
386 901
390 903
431 904
368 906
371 905
385 908
447 908
404 910
389 910
410 911
430 912
383 914
395 914
415 915
443 916
410 928
376 915
403 917
423 918
410 918
409 920
412 920
428 920
441 921
448 921
446 920
458 921
470 921
514 893
512 893
513 891
513 889
513 888
513 885
514 883
513 880
513 878
514 876
513 875
513 870
513 869
513 866
513 866
513 861
513 857
514 853
513 853
512 850
513 847
513 842
513 838
513 835
514 829
514 826
513 821
513 816
514 812
513 808
513 804
514 799
514 795
513 792
513 762
512 782
513 778
513 774
513 770
514 766
514 763
514 761
513 754
513 749
513 744
513 740
513 735
513 730
513 727
513 720
514 713
514 710
513 705
513 704
514 698
513 692
513 686
514 542
514 541
515 532
514 528
513 523
513 516
514 512
513 508
513 501
514 495
514 490
513 486
514 481
515 476
514 473
512 469
513 465
513 461
514 456
514 451
514 449
515 440
515 431
512 435
513 426
514 420
514 415
514 410
512 405
515 399
514 393
515 388
515 383
514 376
514 373
514 371
514 365
513 361
513 356
513 351
514 346
514 342
514 337
513 333
513 330
514 327
513 321
513 318
513 311
514 308
515 303
513 299
514 298
513 291
514 287
514 284
514 280
780 188
731 186
739 184
733 181
741 177
773 174
780 172
742 169
770 166
704 163
720 160
718 159
703 157
696 155
703 152
679 151
663 149
638 148
675 146
681 144
658 143
636 142
639 141
632 139
678 138
651 136
690 136
655 134
616 134
622 133
665 131
615 129
620 129
625 127
634 127
634 125
613 125
612 123
649 123
596 122
609 122
575 118
602 120
612 119
603 119
604 118
615 118
606 117
592 116
577 116
582 117
583 115
574 116
582 117
579 116
567 115
582 115
513 140
514 144
514 145
513 146
513 149
516 152
514 154
514 156
514 158
514 160
515 162
514 164
513 166
514 168
513 171
514 174
514 177
513 179
513 181
514 185
513 189
514 192
513 196
514 200
508 206
513 208
514 212
514 217
514 222
513 226
514 230
513 235
514 238
514 242
513 245
513 250
514 255
513 259
513 265
513 273
513 275
513 279
514 284
514 287
514 290
513 294
514 298
514 302
514 307
514 312
513 317
513 321
513 326
513 330
514 336
512 341
514 346
515 494
514 496
513 503
511 510
514 517
514 520
512 527
511 533
514 537
513 542
514 548
512 552
515 555
515 560
513 565
513 569
514 573
513 575
513 581
514 585
514 591
513 596
513 601
510 607
513 614
514 617
513 621
514 627
514 632
512 640
513 643
513 650
514 654
512 658
513 663
514 670
514 673
514 677
514 682
513 686
513 690
513 696
513 700
513 704
513 708
513 711
509 715
514 720
513 724
513 729
511 733
513 737
513 741
513 746
513 750
513 755
513 860
291 862
268 864
301 864
289 870
259 872
307 875
310 878
324 880
307 882
335 884
328 886
361 888
314 890
319 891
384 892
380 896
334 894
325 897
387 896
385 898
362 899
345 900
394 903
369 904
343 906
332 905
409 905
399 908
368 909
403 909
403 911
372 913
348 912
404 913
425 914
416 915
397 916
427 919
427 917
431 918
425 918
432 919
440 919
433 919
432 919
426 922
443 921
454 921
443 921
464 921
450 921
432 921
450 921
473 920
480 921
464 920
473 858
513 857
513 853
512 851
513 849
513 847
513 841
512 837
513 832
513 829
513 825
512 822
513 816
513 811
513 807
514 801
514 797
513 794
512 792
515 780
515 785
513 776
515 773
513 768
513 764
514 760
514 756
513 750
513 746
512 743
513 738
513 735
513 731
513 726
514 720
513 714
514 709
514 704
513 701
512 698
513 691
514 684
513 681
513 678
513 674
513 669
513 664
513 659
512 657
513 654
513 644
515 637
514 636
513 631
513 627
506 620
514 607
511 566
513 563
513 560
514 556
513 554
514 548
515 543
514 537
513 532
513 526
513 521
513 515
514 508
513 504
514 499
513 493
514 489
514 485
514 481
514 475
514 471
513 468
514 463
513 458
515 454
513 450
513 447
514 439
515 437
513 430
510 424
515 418
515 413
515 408
513 404
513 399
513 393
514 386
514 382
514 377
514 372
515 367
514 362
514 358
513 353
513 350
513 345
514 341
513 336
514 332
513 328
513 324
513 321
514 314
513 313
513 308
513 303
513 237
774 235
791 232
795 229
796 226
773 222
766 218
753 215
768 212
778 209
787 205
768 202
750 199
735 196
757 193
761 191
737 189
725 185
741 182
777 180
768 176
774 173
760 171
776 168
783 165
738 161
739 160
726 157
749 155
745 152
681 147
657 149
711 148
690 147
653 146
658 144
663 143
649 140
641 140
638 139
677 136
679 136
631 135
684 132
674 132
636 131
590 130
658 129
620 128
635 127
576 126
652 123
626 124
621 124
631 122
685 121
623 121
561 115
565 117
543 116
