514 227
514 231
513 233
513 238
513 242
513 245
513 250
514 266
512 258
517 261
512 260
513 273
515 276
514 281
514 286
513 290
513 294
512 299
514 302
513 307
513 313
515 318
513 323
513 328
514 331
514 336
513 341
513 345
514 351
514 355
513 361
514 365
513 369
514 371
512 375
513 381
513 387
513 391
513 394
513 401
513 410
514 416
515 419
513 424
515 431
515 436
512 449
515 450
518 452
512 454
514 459
513 462
513 467
513 473
514 475
513 479
513 490
513 732
513 727
514 723
513 719
512 716
513 711
515 705
513 701
513 697
513 691
513 687
513 682
513 678
514 673
514 668
513 665
530 662
514 657
513 650
514 645
513 640
513 635
514 628
514 622
514 616
513 613
513 604
513 600
514 595
513 591
513 584
514 580
514 577
515 572
514 569
512 565
514 562
513 557
513 549
516 548
511 544
513 536
515 532
512 527
508 522
514 516
516 510
513 504
514 499
512 492
515 488
514 485
512 481
513 475
514 471
507 468
515 465
514 379
513 382
514 385
516 391
511 399
509 404
513 408
514 416
514 423
513 427
515 431
516 439
515 444
512 445
514 458
511 456
512 463
513 465
514 469
514 473
513 478
514 480
514 482
514 488
513 495
513 502
513 504
515 511
514 518
514 522
514 528
513 533
513 539
513 544
513 548
513 553
512 558
514 561
514 565
514 569
514 574
513 579
514 583
513 588
513 593
513 599
513 603
515 608
514 613
512 619
514 623
512 627
513 635
513 639
513 644
513 650
514 656
389 901
344 900
386 903
412 905
389 905
375 907
412 907
452 908
368 909
360 910
397 911
450 917
396 914
393 914
420 915
439 916
408 918
403 918
413 919
437 919
427 920
420 919
429 919
445 920
441 922
419 921
440 921
466 921
462 922
440 922
442 922
455 923
461 923
457 922
462 921
459 922
470 922
482 920
476 918
466 921
479 923
502 919
500 920
507 916
514 914
513 911
513 908
513 907
512 908
515 904
512 905
512 904
513 900
513 901
514 898
516 898
511 897
513 808
514 805
514 801
513 796
515 793
514 789
513 784
513 780
513 775
513 771
513 766
514 763
514 759
513 755
514 751
513 747
514 743
513 736
513 734
513 726
513 722
516 716
513 711
514 707
513 702
511 699
513 695
513 690
514 684
514 681
513 676
513 670
513 669
513 664
514 663
513 653
513 651
513 644
513 639
513 632
513 626
513 621
514 615
514 608
513 603
509 598
514 591
514 588
513 585
514 581
514 574
515 572
513 568
512 565
514 562
518 557
515 407
516 403
513 398
513 392
513 387
514 382
514 376
515 372
514 366
515 364
513 359
513 354
514 349
513 344
515 340
514 335
514 334
514 329
514 325
515 321
513 316
513 312
514 308
513 303
514 298
514 294
510 290
513 286
514 283
514 278
514 274
512 268
513 268
513 264
513 260
516 256
519 251
525 250
811 250
739 243
690 239
832 238
912 236
876 231
864 228
801 222
809 218
819 214
784 212
762 208
742 205
779 202
763 199
743 196
736 194
708 190
748 188
744 129
631 129
607 128
612 127
638 127
666 124
638 126
632 123
601 123
636 120
634 121
607 120
608 119
622 118
614 119
574 116
590 117
601 117
586 117
600 117
569 116
588 115
602 115
583 115
568 115
563 115
552 118
568 115
597 117
573 115
548 116
537 115
553 116
561 116
555 117
544 117
527 118
519 121
518 122
514 126
514 127
514 128
514 130
514 131
514 133
514 134
516 136
514 136
514 137
514 139
514 140
514 136
514 145
517 145
517 144
512 150
514 150
513 235
514 238
514 241
514 245
514 248
514 252
514 257
514 270
502 271
515 269
515 277
515 282
513 285
514 289
514 293
513 296
514 301
513 306
513 311
513 319
513 319
513 323
513 328
513 334
514 340
515 344
513 349
513 352
513 356
513 361
514 366
514 370
513 373
513 378
514 384
513 390
514 395
514 399
514 404
513 411
514 419
513 424
513 428
514 433
514 439
515 447
514 444
511 456
514 457
507 461
514 465
514 469
512 474
513 477
513 480
513 486
513 488
513 651
514 657
512 661
513 665
514 669
514 671
513 677
515 682
514 687
513 692
513 698
514 701
513 705
512 708
513 712
512 716
514 721
514 725
514 729
513 735
512 739
513 743
513 746
513 750
515 754
514 758
513 762
513 765
514 769
512 773
513 777
510 781
403 781
329 785
327 789
313 794
207 796
170 800
171 805
224 810
229 812
253 816
232 819
233 822
291 825
281 829
266 832
268 835
260 837
306 841
262 844
287 846
299 850
271 853
275 855
269 859
274 862
390 914
429 914
403 915
425 918
389 918
393 918
423 918
456 919
417 920
419 920
457 921
446 921
450 922
429 922
423 922
447 922
453 921
469 923
458 922
454 919
462 922
449 922
448 924
468 922
477 921
451 922
466 923
489 922
487 919
486 919
505 916
511 914
511 914
513 912
513 909
513 910
513 906
511 905
514 903
513 901
514 901
513 900
515 897
514 897
511 897
513 891
514 893
514 889
514 887
512 888
513 883
511 881
513 878
513 876
513 874
513 872
514 870
519 655
514 653
513 651
513 646
514 635
516 630
513 627
513 622
513 613
513 607
515 600
514 598
513 592
512 585
514 583
513 579
515 574
512 572
513 568
513 564
512 560
512 556
514 551
513 546
513 543
513 536
515 531
514 524
515 519
513 514
514 508
513 502
513 498
513 493
513 488
513 484
513 480
513 476
515 470
513 466
517 459
513 458
514 453
514 449
513 444
514 440
513 433
515 429
513 424
513 419
515 412
514 407
512 403
512 397
513 394
513 388
515 383
514 335
513 333
512 329
513 327
513 324
514 319
513 316
513 312
513 307
514 302
513 299
515 294
514 290
514 286
513 282
511 278
513 271
514 269
514 265
513 262
515 258
516 254
517 250
524 251
832 246
732 243
698 238
868 238
897 234
877 228
850 225
792 221
778 217
785 214
776 210
779 207
764 204
740 201
733 199
760 196
776 193
747 190
762 187
722 185
741 181
746 178
774 173
775 172
753 170
749 166
720 163
762 161
695 163
759 157
716 151
741 151
703 150
649 123
672 123
618 121
632 121
584 120
647 121
613 119
608 118
633 118
596 116
601 117
574 113
583 114
585 116
578 114
591 116
589 115
580 115
579 114
582 115
551 114
558 115
565 116
580 116
575 115
538 115
527 115
544 116
529 116
533 117
530 118
523 120
518 121
515 124
515 127
513 129
513 130
514 131
514 132
514 134
514 135
514 136
514 138
513 139
514 142
514 142
514 143
508 147
515 149
508 155
514 151
513 158
512 157
514 159
514 161
514 163
513 165
514 239
514 243
514 247
513 250
513 255
511 259
513 263
514 266
516 267
512 275
511 278
513 284
514 290
514 295
513 300
513 305
513 309
514 313
514 317
513 321
514 326
514 331
514 336
513 340
513 344
513 350
511 355
513 358
513 362
514 367
513 372
513 376
512 382
514 386
514 390
513 395
513 400
514 407
513 413
512 419
513 425
514 429
514 435
514 442
513 447
513 452
512 451
514 454
513 465
515 465
514 469
513 475
511 479
513 482
514 485
513 491
512 584
513 597
512 601
514 604
512 610
512 614
512 620
513 624
524 630
516 636
513 642
514 646
513 650
513 655
513 661
511 666
513 671
512 675
513 680
515 685
513 689
513 693
514 697
513 701
513 705
513 709
513 714
512 717
513 722
513 725
513 730
513 735
514 739
514 743
514 747
513 752
513 756
513 760
513 764
513 767
514 770
509 774
512 779
508 782
499 781
280 787
315 790
342 795
154 797
103 801
150 805
203 809
247 813
245 817
209 820
207 824
224 826
266 885
372 885
329 887
324 887
398 891
380 892
353 894
365 895
397 896
338 898
380 896
373 900
392 902
374 904
397 906
400 906
377 908
367 908
376 909
441 909
407 911
409 911
409 913
444 913
397 914
397 916
395 916
440 917
400 917
396 918
403 919
436 920
416 920
393 920
416 921
433 922
474 922
466 921
446 921
431 923
447 922
464 922
472 922
454 922
451 923
450 922
483 922
480 922
460 922
457 920
472 921
496 922
504 918
505 918
511 918
511 916
513 913
512 860
511 858
513 856
513 852
513 849
512 846
513 842
513 838
511 834
513 830
513 826
513 820
513 819
514 813
514 808
508 805
513 798
510 794
512 789
513 786
513 782
513 778
514 774
512 770
513 766
513 760
514 755
513 752
514 748
513 744
513 741
513 735
512 731
513 725
514 721
514 715
513 711
514 706
510 698
514 697
513 693
514 689
513 681
513 675
513 673
513 669
514 666
512 661
514 655
512 651
512 646
513 642
511 636
514 628
513 623
510 620
512 613
513 474
514 472
515 468
513 466
511 460
514 456
514 451
515 447
509 442
514 438
513 432
516 426
513 420
515 416
513 410
516 403
514 399
514 394
513 391
512 384
514 379
513 376
513 371
514 366
514 361
514 355
514 351
514 347
514 343
513 338
514 337
512 330
515 324
514 321
513 317
513 313
514 309
513 307
513 300
514 298
513 294
514 289
514 285
514 282
509 283
514 272
513 269
514 265
515 261
517 258
518 254
519 252
628 251
847 247
763 242
716 237
944 237
699 153
684 145
669 150
667 148
671 147
696 146
700 144
620 143
643 141
647 139
663 139
643 137
666 136
653 134
640 127
618 132
621 131
647 129
617 129
607 127
633 126
639 125
638 125
602 123
624 122
609 122
650 121
644 121
651 119
600 118
600 118
599 117
619 117
635 119
606 116
573 115
588 116
580 115
591 115
571 118
541 115
576 115
617 115
582 115
545 114
569 115
539 116
538 116
569 115
568 115
554 115
529 116
522 117
523 118
518 120
516 122
514 123
513 166
511 168
512 170
513 173
511 176
510 179
515 181
514 185
513 189
514 192
513 197
514 199
511 204
513 208
513 211
513 215
513 220
513 227
514 230
511 236
513 238
514 242
514 247
513 251
513 254
514 259
512 266
514 269
511 273
522 281
514 284
513 291
512 291
514 295
514 301
513 304
513 308
514 312
514 316
513 321
513 328
514 332
511 336
513 340
514 348
514 352
513 357
513 360
514 365
514 369
513 374
513 379
514 381
513 385
514 392
513 400
514 404
514 550
515 553
514 557
514 560
514 564
513 570
512 574
514 578
514 581
514 586
513 592
514 596
512 601
513 606
510 610
514 616
514 621
513 628
513 628
509 639
514 643
513 647
513 652
514 657
507 661
513 668
513 673
513 678
513 682
514 686
513 691
513 695
513 699
514 702
513 706
513 711
513 715
506 719
513 723
515 727
513 731
514 732
514 740
513 744
513 748
512 752
513 756
513 761
513 765
513 770
512 773
512 777
513 779
510 783
380 783
258 788
305 792
301 886
303 888
304 889
348 890
356 891
350 892
395 894
384 895
380 897
336 898
395 900
361 901
398 902
381 902
343 905
375 906
391 907
424 907
377 909
367 910
339 910
420 912
388 913
432 913
399 914
423 917
394 917
424 917
396 917
444 919
374 918
424 920
425 919
436 920
430 921
415 921
435 921
449 921
462 922
464 922
454 922
454 922
451 923
442 922
454 922
469 922
465 922
460 922
482 922
486 922
479 921
467 921
493 918
509 919
510 915
513 913
511 912
512 850
513 847
512 843
513 839
513 837
513 833
513 827
513 825
513 820
513 815
513 811
514 807
513 802
512 797
513 793
510 790
513 786
514 780
513 777
514 773
512 770
513 766
513 761
513 756
514 750
513 746
512 741
513 738
514 733
513 729
514 724
513 717
513 714
513 709
513 703
514 699
513 696
513 690
514 686
512 681
511 678
515 675
512 671
513 663
513 660
507 654
513 651
514 644
513 639
516 632
513 628
504 622
513 615
514 610
512 603
513 598
513 481
507 475
513 473
513 468
512 462
508 458
519 451
515 449
514 444
514 439
514 443
513 429
510 425
511 420
513 414
513 408
515 401
513 398
514 393
513 387
514 383
514 378
513 373
518 367
513 363
514 358
514 353
514 350
513 345
513 341
513 337
513 333
513 329
513 324
515 320
511 315
514 313
513 306
513 304
513 301
513 296
514 290
512 287
514 283
513 280
514 274
512 271
513 267
514 264
514 259
517 255
518 252
522 249
696 251
781 245
738 242
744 238
934 145
604 143
595 142
649 141
625 140
663 138
696 134
659 136
673 131
669 138
687 132
653 130
645 131
630 128
653 128
618 126
628 125
656 124
637 124
677 122
585 122
626 121
591 121
627 120
617 119
608 118
586 117
601 117
606 116
588 123
621 111
597 113
592 116
603 115
578 114
539 116
573 115
563 115
563 115
588 116
588 115
563 113
551 114
520 116
549 116
564 116
539 117
523 118
524 119
519 121
518 123
516 125
515 127
514 129
515 131
513 132
511 135
513 226
507 230
514 233
513 237
514 241
513 245
515 250
511 254
513 257
513 261
512 262
512 270
513 279
511 289
509 286
517 287
514 291
514 296
514 299
513 306
510 312
513 321
513 320
514 322
513 325
513 333
513 339
513 344
513 348
514 350
510 355
513 361
513 366
512 369
513 373
513 379
513 385
514 389
514 392
513 398
511 405
513 412
515 413
513 421
508 429
513 434
513 438
514 444
513 450
513 454
516 457
513 461
516 472
510 472
515 473
513 477
511 483
513 644
513 648
513 650
513 654
513 661
513 664
513 668
512 672
512 679
513 683
513 687
513 692
513 696
514 700
514 703
513 708
513 713
513 717
513 721
514 726
513 730
513 735
511 738
513 742
513 746
513 750
513 754
513 758
513 762
512 766
512 770
510 773
511 777
511 781
510 784
286 785
286 790
311 795
217 796
164 800
195 804
210 808
232 812
241 817
245 819
253 823
270 826
248 829
284 832
311 834
263 838
277 841
288 843
269 846
291 850
266 853
286 855
348 886
304 887
362 889
360 890
360 891
360 893
360 894
344 895
355 898
346 898
364 899
385 901
393 902
364 903
373 905
432 905
352 907
369 907
404 909
443 910
383 911
368 912
386 913
432 913
369 915
368 916
402 917
417 917
434 918
425 919
409 919
434 919
416 921
430 922
431 921
456 921
443 921
429 922
439 922
441 921
448 922
462 922
456 922
444 922
463 922
481 922
477 921
457 920
449 922
474 921
503 920
501 920
504 919
511 916
512 915
510 915
513 911
516 877
513 876
513 873
513 872
514 870
513 867
512 866
513 861
514 859
513 857
517 855
514 850
514 848
513 842
514 839
513 836
514 832
512 828
514 824
512 822
509 818
514 812
514 806
514 802
515 797
513 793
514 789
515 785
513 781
512 775
513 771
512 766
513 762
513 758
513 753
514 748
513 749
512 740
514 735
514 731
512 728
514 723
513 719
512 713
513 709
513 703
514 699
513 695
513 689
513 685
513 681
513 677
513 671
510 666
513 663
514 658
513 652
512 553
514 550
513 546
513 541
513 534
514 529
511 524
516 519
514 512
513 507
513 501
514 497
513 491
513 486
510 482
513 476
513 473
514 470
513 466
514 461
513 456
502 451
510 447
516 441
514 436
513 433
514 427
514 423
514 417
514 413
513 406
514 400
514 396
514 390
514 386
513 380
514 377
514 372
513 367
513 363
513 357
514 352
514 346
514 343
514 338
513 335
513 330
513 327
514 324
511 319
515 314
513 310
514 305
514 302
514 302
513 296
512 291
785 215
780 213
784 211
811 208
776 204
750 202
749 199
768 197
746 194
753 191
753 187
752 185
779 181
735 180
736 177
737 173
774 170
761 167
756 165
709 161
709 159
768 156
702 154
675 149
655 152
704 149
696 148
674 146
645 145
641 143
641 142
643 140
620 140
668 138
682 137
604 135
615 134
649 132
649 132
610 132
613 129
635 128
632 128
617 126
608 125
630 123
619 123
603 122
645 121
612 121
647 118
603 119
606 119
595 119
618 117
597 117
601 117
670 142
680 142
691 141
682 139
683 138
624 137
652 135
692 134
669 133
647 131
614 131
680 130
684 129
645 128
595 127
619 126
634 125
636 124
651 124
655 122
625 121
604 121
587 120
656 119
587 118
604 120
553 117
613 121
602 116
598 121
580 117
544 117
582 119
615 115
592 115
592 115
554 115
546 114
563 116
579 116
570 116
578 116
561 115
542 117
559 117
555 111
528 118
514 120
509 122
514 124
513 125
514 128
514 129
514 123
514 132
513 133
519 295
522 296
512 300
513 304
513 301
513 311
513 316
513 321
514 327
513 332
513 337
514 341
514 345
513 350
514 355
513 360
513 364
513 369
513 373
514 377
514 382
513 385
514 390
514 396
513 401
513 408
514 413
513 420
513 425
514 431
513 437
512 443
513 448
513 454
513 457
513 460
520 462
515 467
512 473
516 471
516 478
514 482
514 488
509 495
514 499
513 503
514 510
512 515
514 520
513 526
513 533
513 536
514 542
514 547
514 553
514 557
514 560
514 783
452 781
277 786
299 791
319 795
238 795
160 799
175 803
215 807
253 809
251 815
215 817
212 821
242 824
260 829
248 831
262 834
261 836
265 840
296 844
270 846
245 849
264 851
270 854
242 857
252 860
301 860
260 866
299 869
265 872
256 875
273 877
318 879
324 882
284 884
334 885
353 887
385 889
304 890
356 892
366 893
401 895
369 897
380 898
378 899
380 900
338 902
414 903
431 905
390 905
374 907
413 909
425 908
369 909
376 910
403 911
434 912
379 923
484 919
480 920
497 920
492 919
504 917
512 915
512 914
519 913
514 910
513 909
514 906
521 903
513 905
515 902
513 901
512 900
513 899
513 897
514 895
513 893
515 893
514 890
511 886
515 886
513 886
511 881
514 878
513 878
513 874
513 872
516 870
513 867
514 865
513 863
513 860
513 858
514 855
521 852
514 847
514 844
513 841
513 837
513 833
513 828
513 825
513 820
514 815
510 811
513 798
513 801
513 795
513 793
513 788
522 784
512 780
513 777
513 676
513 673
513 671
513 670
513 663
514 657
513 655
513 652
513 647
514 639
515 630
513 629
513 624
513 615
513 612
514 605
513 600
513 594
513 588
513 586
513 582
513 575
515 571
513 569
515 565
514 561
515 557
514 553
513 548
513 543
513 539
513 532
513 526
513 521
513 515
514 511
514 504
518 500
513 493
515 487
512 485
513 481
514 476
515 472
513 467
511 462
513 459
514 453
513 449
512 443
515 440
514 435
513 429
513 426
512 420
513 415
515 410
514 271
513 280
514 265
518 256
517 257
522 254
518 251
524 250
819 249
772 243
726 239
812 239
872 236
879 230
869 226
850 223
831 217
790 215
786 211
783 207
797 205
779 202
754 199
750 198
739 191
758 191
743 188
744 185
763 182
754 179
778 176
752 173
749 169
737 169
769 164
736 161
722 159
718 156
751 154
747 152
666 146
653 142
648 145
678 146
683 144
663 144
645 141
657 141
655 139
634 138
699 136
689 135
662 133
624 133
690 132
671 130
649 129
574 116
555 116
552 116
568 117
538 118
530 118
530 117
522 121
519 121
516 123
516 123
514 127
514 129
513 131
513 133
514 133
520 135
514 136
514 138
513 139
514 140
514 141
513 142
522 145
514 147
514 149
514 152
513 157
515 154
510 158
522 163
516 162
513 165
514 168
514 170
514 172
514 176
522 178
514 179
514 183
513 187
513 191
513 194
514 197
514 202
514 203
517 209
513 214
510 218
514 224
513 229
514 233
513 237
514 241
516 245
514 248
513 253
513 393
514 398
514 404
513 412
513 419
514 423
514 427
514 434
513 441
515 445
514 449
513 453
512 457
513 461
516 461
513 471
508 473
514 475
516 481
507 485
513 492
512 496
514 500
513 504
514 511
511 517
523 523
513 528
514 536
511 539
514 544
514 547
513 554
513 559
514 563
513 567
514 571
513 575
513 579
512 584
513 588
514 593
513 598
513 603
513 609
514 614
514 619
516 623
513 629
517 635
513 641
511 647
513 651
512 658
515 660
513 665
513 669
513 773
512 776
509 777
509 783
492 781
258 788
291 790
341 796
252 795
184 801
191 804
211 809
254 812
231 815
218 819
237 823
256 825
268 829
258 832
274 836
283 838
287 839
303 843
271 846
260 849
267 852
294 855
291 859
271 863
263 864
242 868
288 871
272 873
291 876
287 878
296 882
313 883
342 885
322 888
317 889
335 890
377 891
371 889
411 894
376 895
374 897
345 898
381 901
364 902
405 903
402 903
400 905
410 906
387 907
385 909
428 909
427 910
518 916
514 915
512 912
511 912
513 909
513 910
514 906
513 905
514 903
512 902
513 901
514 901
516 900
514 899
514 896
512 895
516 891
512 888
513 888
514 883
513 885
513 881
513 879
511 877
513 874
514 867
512 870
512 867
512 865
515 862
513 862
514 856
512 853
514 850
514 847
514 844
513 839
513 835
513 829
513 826
513 822
513 818
513 816
513 811
514 806
514 801
514 796
519 791
513 787
513 783
512 779
514 775
513 770
514 766
513 760
513 756
515 600
522 596
513 592
514 585
512 580
511 579
513 575
513 572
515 566
512 564
513 561
512 555
515 550
514 546
513 544
513 536
515 529
514 524
513 518
513 513
515 507
512 503
512 497
514 492
515 486
514 483
513 479
514 473
514 470
514 467
512 463
513 457
514 453
515 448
514 443
516 438
515 433
514 427
514 422
513 421
514 412
513 407
509 401
514 396
513 393
515 389
513 381
515 377
513 372
512 367
513 363
513 359
514 354
513 348
515 343
514 338
513 331
513 155
728 154
671 152
663 150
672 151
655 141
676 145
671 144
607 143
620 137
680 140
678 139
631 137
645 136
647 134
692 134
620 132
617 128
622 129
648 129
625 127
654 128
616 124
612 125
617 123
578 121
641 122
588 120
611 120
618 119
598 119
612 118
586 117
603 118
572 118
599 115
592 116
610 115
605 116
575 117
570 115
573 113
572 115
594 114
581 115
576 115
560 115
555 115
545 115
544 116
553 115
541 116
546 116
560 118
528 118
511 121
514 122
514 137
514 139
513 140
513 141
513 142
514 143
514 143
512 147
514 150
511 152
513 161
515 155
514 157
513 161
513 163
515 165
518 168
515 172
514 172
513 176
513 178
513 182
513 185
513 188
515 192
513 195
514 199
514 204
513 207
514 211
513 215
513 219
513 224
513 228
514 233
513 238
513 243
514 247
514 251
509 255
514 258
513 263
513 267
515 271
513 274
517 282
514 287
514 293
513 295
514 304
514 305
517 307
514 311
513 315
514 322
513 327
513 332
513 813
244 815
216 818
233 820
229 823
258 826
