514 149
513 152
513 154
516 155
513 157
513 158
509 161
513 166
515 163
509 173
514 172
513 174
514 176
514 180
513 183
513 187
514 190
514 194
513 197
514 203
512 204
513 209
514 213
514 218
513 223
514 229
514 233
513 236
513 240
513 243
514 247
513 252
514 255
514 260
514 265
514 270
514 275
513 280
513 283
513 287
515 292
513 296
514 300
513 304
516 307
513 315
513 320
513 324
514 329
513 332
513 338
514 343
514 349
513 353
514 356
513 360
513 365
513 833
513 830
513 828
514 824
513 820
513 815
513 811
514 807
513 802
513 796
513 792
514 787
513 784
514 780
514 778
512 773
514 763
513 763
513 760
513 756
513 751
513 747
512 743
514 736
513 731
513 725
514 722
514 719
513 713
513 709
513 704
513 697
515 693
514 689
515 686
513 681
515 675
516 671
512 668
515 665
512 660
513 654
517 649
514 645
514 640
513 633
516 623
514 618
513 616
513 609
513 603
515 598
512 593
512 588
512 583
512 581
513 575
513 249
513 255
514 258
513 263
513 267
513 269
513 275
513 279
513 283
514 289
513 296
514 296
513 301
513 305
521 309
511 316
512 321
513 326
515 329
514 333
514 337
513 342
513 349
511 354
513 358
514 362
514 365
513 370
511 376
512 380
515 383
513 389
512 394
512 400
513 403
514 410
514 417
513 423
514 428
511 432
513 440
512 446
513 448
512 453
513 458
514 463
514 466
514 469
514 473
512 477
512 481
513 485
512 489
512 493
513 500
514 505
512 509
396 841
411 845
414 844
402 849
414 856
384 856
389 858
379 862
400 864
405 864
400 870
410 870
401 875
401 879
397 880
400 883
428 884
446 887
446 886
452 888
436 890
423 891
443 895
448 894
480 896
451 897
463 899
451 900
426 901
432 902
465 904
474 905
473 906
464 906
479 908
465 910
446 910
456 910
485 914
474 916
441 914
466 914
465 911
465 916
421 918
451 920
472 918
483 918
479 919
477 919
465 915
457 918
485 920
476 921
481 922
505 919
484 920
513 891
513 890
513 887
513 891
512 883
514 880
513 879
512 873
513 877
514 872
514 870
513 868
514 865
514 862
513 859
512 857
513 856
513 846
515 847
513 843
512 839
514 835
514 830
512 828
513 824
512 819
513 815
513 811
512 806
512 802
513 797
514 791
513 791
513 784
513 780
513 776
513 772
512 767
512 762
515 756
513 749
518 749
514 745
513 741
513 737
513 732
512 728
513 722
513 716
514 710
514 705
513 701
512 697
513 694
513 689
514 683
513 532
514 528
513 524
513 519
513 514
518 507
513 503
513 498
513 492
513 488
515 484
512 478
514 476
516 471
514 467
513 463
516 458
515 452
514 448
511 444
514 440
514 433
513 429
513 424
513 419
515 413
515 406
528 392
512 399
514 392
513 388
513 382
514 377
511 373
515 368
515 361
515 357
514 351
513 348
513 344
513 339
513 335
514 331
514 328
513 322
514 319
512 315
513 311
513 308
513 303
513 298
514 294
515 290
514 286
514 283
515 277
513 274
514 170
633 168
638 166
652 164
619 162
602 158
610 156
596 155
593 152
605 151
582 149
601 146
568 148
586 141
551 144
584 142
560 141
582 139
576 138
591 136
573 135
578 134
550 133
583 132
573 130
573 128
586 127
569 124
568 127
536 125
560 129
559 124
580 123
560 122
596 121
559 120
559 120
555 118
570 118
563 118
580 117
557 116
579 117
567 116
524 113
538 116
537 116
531 115
565 113
566 117
536 117
534 111
520 116
525 115
538 115
555 115
555 116
536 156
513 157
513 160
513 161
514 163
512 167
512 168
515 168
511 171
511 178
512 179
513 182
513 186
513 188
515 192
515 195
513 198
514 203
514 207
515 211
514 216
512 220
513 226
514 228
514 235
514 241
514 242
514 245
514 248
514 254
514 258
515 263
515 267
514 273
507 276
513 280
514 284
513 290
513 296
514 299
513 303
514 307
513 311
517 317
510 322
512 328
513 332
512 338
514 339
514 345
514 350
513 355
515 358
513 361
513 366
513 372
512 376
515 538
515 540
514 541
514 550
511 555
512 556
514 562
513 567
513 571
512 575
515 579
512 582
514 588
513 594
512 599
511 603
511 609
513 615
513 621
515 625
515 630
514 636
512 642
510 647
512 652
512 657
513 660
512 666
513 670
514 675
514 679
513 686
513 689
511 693
513 698
512 700
513 705
513 709
513 713
514 718
513 724
513 728
512 734
514 736
513 741
513 744
514 748
512 752
512 758
514 760
513 763
513 767
514 771
514 776
514 779
514 783
512 786
424 882
410 885
440 883
437 886
399 888
430 889
469 890
458 892
413 895
421 896
410 896
433 896
396 900
450 900
462 901
462 903
424 904
433 905
436 906
441 908
438 911
473 909
466 910
447 911
449 912
469 914
453 915
450 916
463 914
497 917
495 918
476 918
459 918
457 919
466 920
477 920
491 921
481 921
486 921
482 922
466 922
465 923
490 922
495 921
480 924
490 921
496 922
492 922
484 920
477 921
490 920
503 923
503 920
508 919
510 916
510 916
516 914
513 766
514 763
514 760
513 754
512 751
513 747
513 743
514 735
513 735
511 731
513 726
512 720
513 715
514 711
513 705
513 702
511 697
513 690
514 685
514 681
513 677
512 673
513 668
514 663
515 658
512 657
513 651
514 645
516 640
513 635
514 631
514 624
515 616
514 611
515 605
515 600
514 595
513 590
512 585
515 581
516 577
513 574
513 569
514 565
513 562
513 559
513 554
515 548
511 546
513 541
514 534
516 526
512 524
513 518
514 512
515 506
509 501
512 456
514 451
515 446
511 442
516 437
513 432
514 428
513 421
513 415
514 412
513 405
495 400
508 390
515 390
514 385
514 380
513 376
514 371
514 366
514 362
515 356
515 350
513 346
515 341
513 338
513 334
513 329
512 326
514 320
514 317
514 313
514 308
514 304
512 300
515 297
513 292
513 288
514 285
513 281
513 277
512 273
514 268
516 264
514 258
514 256
514 252
515 241
518 247
525 240
522 237
810 239
750 232
702 229
686 224
639 221
651 218
654 215
607 155
596 156
609 153
606 154
607 155
585 150
610 148
607 149
574 146
564 143
589 142
612 142
578 141
562 138
562 137
577 136
553 135
575 133
569 132
600 131
560 130
550 128
545 129
557 128
567 126
585 126
593 124
584 123
571 121
570 122
572 121
565 121
563 118
557 119
578 118
564 117
556 117
536 118
540 117
556 116
558 116
561 116
559 115
559 115
548 116
521 127
517 117
537 116
556 116
551 116
542 114
545 116
534 117
520 117
521 118
517 119
516 121
514 150
514 152
514 154
513 157
513 160
515 163
514 170
518 167
514 163
517 173
512 175
504 180
513 181
514 183
513 187
513 190
514 192
514 196
513 200
513 204
513 205
513 212
514 216
513 221
513 225
513 231
512 235
511 240
513 243
512 247
514 251
514 255
513 260
514 265
517 269
514 274
514 278
513 283
514 288
511 293
513 296
516 299
514 303
514 306
514 313
530 319
516 325
515 329
513 333
514 337
514 343
515 347
513 352
513 356
513 360
511 363
513 462
515 466
510 470
511 472
515 475
513 478
514 484
511 489
513 492
512 497
514 505
513 511
512 516
512 520
515 526
513 533
513 538
512 543
513 547
515 551
513 555
513 558
514 563
513 568
513 573
512 577
514 577
514 586
513 593
514 596
513 602
514 606
513 612
512 617
512 622
514 628
512 633
513 637
514 642
514 647
515 652
513 657
512 663
504 668
512 673
512 678
512 683
514 688
513 691
514 696
513 700
512 705
513 708
513 712
513 716
513 720
514 724
513 808
367 811
402 813
368 816
346 820
360 823
380 827
402 830
400 832
376 836
383 839
368 842
378 845
421 846
373 850
421 852
397 856
395 860
386 861
361 865
389 870
398 870
423 874
391 876
413 877
408 879
417 882
397 885
411 887
439 887
452 891
469 892
427 893
424 893
424 893
453 898
441 899
444 901
458 901
440 903
441 903
434 904
437 906
469 907
452 908
463 909
468 910
496 910
455 912
448 913
439 912
459 915
468 917
467 916
471 913
472 917
438 918
461 907
515 906
512 906
513 902
513 903
513 902
513 899
515 899
513 896
512 895
514 894
514 892
513 889
512 888
518 886
512 883
513 882
510 874
513 876
513 874
512 873
513 870
514 867
514 865
513 862
513 859
513 856
514 852
513 849
517 846
514 843
514 841
513 837
512 832
513 827
514 823
512 819
513 813
515 810
514 802
513 800
513 795
514 790
514 788
515 784
513 781
511 777
513 773
513 768
513 764
513 759
513 755
513 749
513 745
513 742
513 736
512 730
513 602
515 599
512 594
514 587
514 584
514 579
515 578
514 573
515 568
516 564
514 560
513 557
514 552
513 548
514 541
517 537
511 532
513 527
517 520
513 513
513 509
513 505
514 499
514 494
513 490
513 485
515 480
513 476
514 472
515 467
515 464
513 461
513 456
513 452
514 445
514 441
513 436
514 429
516 424
514 419
514 414
513 408
513 403
515 400
510 391
506 389
514 382
515 378
515 374
514 367
513 365
513 359
514 354
513 349
514 345
515 340
515 336
706 226
682 224
655 222
664 220
653 216
630 212
632 210
624 205
626 203
616 200
630 197
630 196
624 191
621 190
597 187
628 184
599 181
636 179
653 175
632 170
639 169
603 166
640 163
623 160
637 159
600 157
635 152
607 152
599 152
578 149
595 149
598 146
583 144
597 136
643 141
619 142
579 139
582 137
597 137
595 135
616 131
577 132
600 130
593 131
557 130
567 128
586 127
575 127
575 125
571 123
585 123
576 124
526 122
570 120
562 121
570 118
575 118
562 137
569 144
576 139
547 138
587 136
596 136
583 134
570 131
593 131
569 131
551 131
561 127
584 128
578 126
557 125
604 124
564 123
567 123
544 121
584 121
601 121
593 120
556 119
579 119
558 118
553 118
536 116
544 117
577 116
568 116
548 116
551 116
533 116
526 115
521 116
536 117
565 113
554 124
529 113
521 115
533 117
524 117
525 117
530 119
533 119
522 119
519 121
510 122
514 124
514 127
514 129
513 131
514 133
513 134
515 135
514 136
513 137
513 310
514 318
513 320
513 323
511 325
511 332
513 336
513 340
514 345
514 351
512 356
512 359
514 364
514 367
513 372
513 378
513 380
512 385
513 390
514 396
513 401
513 408
511 413
514 419
513 424
513 430
511 437
510 443
514 445
513 451
513 455
515 461
513 463
513 465
514 470
514 475
512 478
514 481
513 487
512 493
513 496
513 502
514 508
509 513
516 519
514 524
513 530
512 536
513 541
513 544
513 549
512 553
513 558
514 562
513 566
513 571
512 575
349 805
348 807
361 812
358 815
362 818
359 823
382 826
384 829
396 832
387 835
356 838
380 839
396 844
412 846
399 848
387 851
413 854
392 857
390 862
361 865
377 867
412 868
407 872
403 874
393 878
404 880
386 883
443 885
417 888
441 887
445 888
454 889
435 891
433 895
421 896
452 895
448 899
441 899
424 899
449 901
411 903
435 903
437 905
440 906
474 908
460 908
460 909
456 910
450 911
445 912
440 915
450 914
482 913
479 915
468 928
453 917
459 917
513 907
513 906
514 904
513 904
512 901
515 903
513 901
513 899
513 898
513 896
513 895
512 894
513 891
513 887
513 887
511 884
514 882
513 880
513 876
515 875
513 872
512 867
514 869
514 866
513 862
512 860
513 858
513 854
514 852
514 847
513 845
514 841
513 837
514 831
513 829
515 824
512 821
514 817
515 812
514 811
513 803
512 797
512 795
513 789
513 786
513 783
511 780
513 776
513 765
514 763
513 761
510 755
516 751
513 748
513 741
513 739
513 621
517 616
516 612
514 607
514 605
514 598
513 594
512 590
513 585
514 581
516 576
514 571
515 566
512 565
513 562
517 556
513 553
513 549
513 542
514 538
512 533
514 529
513 523
517 515
512 507
513 507
513 500
514 493
514 490
513 486
513 481
514 478
513 472
516 469
512 465
517 460
510 456
514 453
513 447
515 441
513 438
513 425
513 427
515 420
514 415
514 410
513 404
514 398
514 394
512 390
513 381
522 386
515 376
515 370
514 365
514 360
514 356
513 226
667 224
651 225
667 218
638 214
628 211
631 208
623 205
629 202
627 199
644 197
637 194
622 190
627 187
609 184
632 183
625 179
643 176
643 173
648 169
638 166
615 165
632 162
619 158
638 158
650 156
644 153
593 151
595 151
590 148
613 147
586 145
595 144
609 136
611 142
575 137
550 139
602 135
603 135
578 134
580 134
591 131
589 130
560 130
549 129
590 128
564 127
569 125
572 125
595 123
558 124
557 123
551 122
579 121
591 121
575 120
564 119
565 133
513 135
515 137
514 137
513 138
514 141
513 140
513 143
515 145
514 147
512 150
515 151
513 154
514 156
514 158
515 160
513 162
509 164
514 166
514 172
516 172
520 179
511 179
512 172
512 180
515 187
513 194
513 193
513 198
514 201
513 205
513 209
513 214
513 218
514 223
514 226
515 230
513 236
513 239
513 244
513 249
513 254
514 258
513 264
513 267
513 271
514 272
514 276
513 282
514 287
519 291
513 296
513 301
513 306
513 310
513 316
513 321
513 473
514 474
513 480
511 483
514 488
513 494
512 500
512 504
514 505
513 515
513 522
514 527
513 531
513 536
511 543
513 547
514 551
511 556
513 561
512 563
511 568
512 574
513 576
514 580
513 585
514 591
512 596
513 601
513 606
513 612
512 617
514 622
512 626
514 632
513 637
513 643
513 648
511 654
512 658
512 664
514 666
514 673
514 677
514 683
513 687
512 692
513 696
513 701
512 705
513 708
514 710
514 716
512 720
513 722
513 728
513 733
513 738
513 775
514 780
514 782
513 786
511 790
510 793
507 797
294 796
321 801
335 805
361 809
381 814
359 816
369 820
391 823
389 827
391 829
397 833
399 836
391 839
387 842
389 845
400 847
411 850
413 852
420 857
403 858
408 861
378 866
392 868
414 868
432 874
405 877
397 877
412 880
403 883
387 886
391 885
456 887
462 890
424 891
422 893
417 893
447 895
442 898
404 896
452 901
485 901
429 901
409 902
412 903
455 904
437 908
450 907
475 909
456 910
435 910
496 921
483 919
508 923
491 921
477 921
473 921
484 921
481 921
501 921
499 920
492 921
494 921
500 920
497 918
506 917
511 913
512 914
513 913
513 909
514 907
513 905
513 904
513 904
513 902
514 901
515 899
514 898
514 896
513 895
513 892
513 892
509 887
512 888
514 885
513 883
513 881
515 878
510 878
513 874
513 871
514 869
513 866
509 864
513 862
513 858
514 856
514 853
514 849
514 846
513 843
514 838
514 836
513 832
513 828
513 824
515 821
513 814
513 730
513 726
514 722
513 717
513 713
513 708
515 702
515 697
513 694
513 691
513 685
514 679
514 675
512 673
514 669
512 664
514 656
518 653
512 651
513 647
512 639
514 630
513 626
512 622
513 615
513 609
514 603
512 597
514 591
515 586
512 585
514 582
513 576
515 572
512 576
535 566
513 560
516 557
512 550
513 549
513 543
515 537
514 532
512 528
513 520
513 514
515 510
512 503
513 500
513 496
516 490
514 486
515 482
512 476
516 473
514 468
513 464
513 360
513 356
514 353
516 349
514 345
514 340
514 337
512 332
513 329
513 325
514 321
515 316
515 311
514 307
514 303
514 297
514 295
515 291
514 286
513 282
513 279
512 275
513 270
513 265
512 262
515 258
513 254
515 249
517 245
519 242
521 239
524 239
796 239
744 228
712 226
670 224
671 221
676 216
663 213
651 210
640 205
640 204
631 198
640 197
618 195
652 191
661 189
616 186
617 184
596 179
632 178
661 174
625 171
635 168
629 166
639 163
599 160
552 131
550 130
543 129
578 127
573 122
552 127
542 125
568 124
585 123
557 123
541 121
552 119
546 121
549 117
559 119
578 121
578 119
561 118
536 114
542 117
548 116
553 117
551 116
559 116
579 117
551 115
525 112
529 116
524 116
534 114
549 115
542 104
558 111
549 116
522 117
515 118
517 118
518 119
520 121
516 122
514 125
513 126
513 129
514 131
513 133
514 135
513 135
513 136
513 137
514 138
513 138
514 141
513 142
514 143
516 145
513 148
513 237
514 241
514 245
513 248
512 251
514 254
514 258
514 261
513 266
514 271
513 278
513 281
513 286
513 291
513 295
513 299
514 303
513 307
514 313
511 317
513 322
514 326
510 330
511 332
509 336
514 344
514 349
514 352
514 356
513 361
514 365
514 370
513 376
512 380
507 384
514 389
514 394
514 401
514 407
510 413
514 417
513 422
513 428
513 435
511 441
515 444
513 449
514 455
510 458
513 461
513 464
514 469
510 474
514 478
513 481
514 486
506 490
515 627
509 631
511 635
508 640
512 644
513 649
514 654
513 659
514 662
514 669
514 674
512 678
512 683
512 688
513 693
513 698
513 701
514 705
514 708
514 713
512 717
511 722
513 727
513 731
513 735
513 740
514 742
513 746
513 750
513 754
513 758
514 760
514 767
513 771
507 774
513 778
512 782
513 786
512 790
509 797
259 796
284 799
353 803
399 807
402 810
362 814
348 818
385 821
371 824
373 827
390 831
390 833
401 836
410 839
382 840
384 846
368 848
397 903
445 904
459 905
492 906
472 906
471 908
462 909
479 909
491 911
499 912
436 913
462 913
447 914
457 916
444 918
472 916
472 918
458 918
445 919
454 919
457 920
484 921
478 920
473 919
496 921
478 921
459 921
482 927
453 921
485 922
509 921
497 922
496 922
496 921
471 921
466 921
490 921
501 921
506 920
505 914
510 917
512 919
511 914
512 913
514 911
513 909
513 908
514 905
513 904
513 903
513 901
513 900
514 900
512 898
513 896
514 895
512 894
514 832
513 830
512 825
511 822
513 817
513 814
513 808
514 805
513 801
513 795
513 792
513 787
513 783
513 778
514 773
513 769
513 766
513 762
513 756
513 753
499 746
513 742
514 736
514 734
514 729
513 723
514 722
513 716
512 712
513 706
514 699
513 695
513 689
513 687
514 683
514 678
513 673
514 670
513 665
514 659
514 656
512 653
514 648
513 643
514 637
514 631
516 625
514 616
516 613
512 607
514 602
514 596
514 591
513 588
513 582
514 578
514 576
512 433
513 428
513 424
511 419
512 413
513 406
515 402
514 397
515 392
514 387
513 383
510 379
510 368
513 368
513 362
515 357
515 352
513 347
514 344
513 339
513 335
512 332
513 327
513 322
514 319
515 313
514 310
513 306
514 302
513 298
510 294
513 290
514 285
513 281
514 277
515 274
515 270
514 266
514 262
514 255
514 252
515 250
515 244
516 243
521 237
721 240
805 236
715 231
688 230
643 223
639 219
675 214
668 213
661 209
629 206
629 202
628 199
564 137
577 135
622 134
581 133
546 131
563 129
615 129
579 127
548 128
546 126
580 125
570 126
592 122
579 123
601 122
563 121
541 118
559 119
556 119
550 119
586 117
564 117
565 116
566 117
536 119
546 116
551 116
547 115
562 115
560 115
541 116
536 115
527 116
539 116
541 116
536 115
542 116
538 118
531 117
530 117
516 116
516 119
513 120
511 121
515 124
515 125
514 128
514 131
514 131
513 134
514 134
514 136
513 136
514 137
514 139
510 140
514 143
514 238
514 240
514 243
514 247
513 250
514 252
513 258
513 263
513 268
513 273
513 278
513 282
513 286
513 290
513 296
514 300
513 304
513 308
513 312
513 316
513 321
512 328
514 334
513 338
514 343
513 346
513 350
513 355
513 359
513 364
513 368
512 374
512 377
513 381
514 387
518 391
510 398
513 403
516 406
513 413
514 422
510 427
515 430
514 435
513 443
512 447
514 452
513 455
513 460
513 463
514 467
514 471
512 475
512 478
513 482
513 487
512 493
512 613
515 617
513 622
511 625
511 630
513 635
512 641
513 647
512 650
515 656
513 661
514 665
511 672
512 677
513 680
513 685
513 689
513 694
514 699
514 702
513 705
513 709
512 714
513 719
512 722
513 729
512 731
514 736
513 740
514 744
513 747
511 750
512 756
509 761
511 765
512 769
514 772
512 776
513 779
511 783
513 787
511 791
508 795
395 794
247 798
309 803
328 808
375 809
386 814
365 818
359 822
364 824
364 829
379 832
390 834
388 838
396 840
477 906
461 906
437 908
413 908
469 909
479 910
442 912
445 915
457 914
470 915
435 916
440 916
472 916
489 916
484 918
463 919
464 919
463 920
456 919
480 920
461 921
494 921
508 921
489 922
477 920
473 922
474 919
487 922
508 921
490 921
487 921
495 921
502 922
481 921
483 919
496 920
506 919
511 919
512 916
513 915
513 912
514 910
513 909
512 907
514 905
512 905
514 903
512 901
514 900
514 900
513 898
513 897
513 894
512 894
513 891
513 889
513 782
513 782
512 775
513 770
513 768
510 765
514 757
514 755
514 750
506 744
513 741
513 738
512 734
513 729
513 723
513 718
514 713
513 707
513 707
513 704
513 695
513 689
515 685
513 682
514 680
511 674
513 667
517 662
512 660
514 658
512 649
513 643
516 638
512 635
514 630
513 621
516 616
511 611
513 606
515 600
516 595
511 591
513 586
514 579
514 577
513 574
513 570
512 564
517 582
513 561
513 555
517 549
513 544
513 540
512 536
516 529
512 523
513 282
513 280
514 276
513 271
514 269
513 264
513 260
514 257
514 253
515 250
516 245
519 241
521 235
825 236
786 233
710 229
684 220
649 222
649 218
661 215
643 212
646 209
670 206
636 202
616 199
651 197
623 195
624 192
620 188
647 185
672 183
642 180
633 176
619 174
635 172
627 168
639 165
632 162
632 159
623 157
590 156
600 154
569 151
606 149
582 148
596 147
591 146
576 144
578 143
583 141
588 140
598 149
567 140
577 132
605 133
587 133
564 133
563 124
563 122
592 121
593 121
589 119
592 118
559 119
554 118
549 117
565 118
562 117
548 116
549 116
535 116
542 116
536 116
542 115
549 115
548 115
549 115
552 115
529 115
512 111
534 113
533 119
531 122
534 116
536 117
524 118
514 119
514 120
514 125
514 124
514 127
515 126
513 131
513 131
514 133
513 133
513 135
511 137
514 138
515 140
514 141
514 144
513 145
513 147
513 149
509 150
515 152
513 155
513 157
513 159
512 161
513 164
514 166
513 170
514 251
514 250
513 256
513 259
513 266
513 270
513 275
513 279
513 283
511 287
513 291
513 295
514 299
514 302
513 309
513 313
514 317
513 322
513 327
514 331
