515 541
512 545
514 548
507 552
515 556
513 561
514 568
511 569
514 572
512 579
513 582
514 586
512 591
513 596
513 601
513 606
513 611
514 616
513 621
512 628
512 633
512 640
512 644
512 649
513 654
513 658
514 663
513 667
514 673
514 678
513 682
516 686
513 691
513 695
513 699
513 704
514 706
514 711
514 716
512 721
513 725
513 729
513 734
514 736
513 740
513 745
513 749
511 752
513 755
514 760
513 765
513 768
513 772
513 776
511 780
508 781
409 787
390 896
358 897
339 898
382 900
426 901
358 904
363 904
393 905
425 906
391 908
353 908
368 910
410 910
396 912
421 913
416 914
429 913
399 916
382 916
396 917
453 918
449 919
429 919
425 919
406 919
383 921
440 920
446 922
425 920
443 922
433 922
438 922
461 922
446 923
450 922
468 922
457 922
452 922
473 922
481 922
460 923
452 922
459 921
473 921
493 921
503 920
504 918
511 916
511 913
512 912
513 910
513 909
516 906
513 905
513 906
513 903
513 901
536 115
525 117
519 117
520 119
514 122
513 122
514 125
515 126
511 127
514 130
514 131
514 132
517 133
513 135
513 136
514 138
514 139
514 141
514 144
514 144
513 146
511 149
514 152
514 154
513 157
515 157
513 160
513 164
514 164
514 167
514 169
512 173
514 175
513 177
514 181
514 183
515 187
514 191
513 195
514 199
507 203
514 208
514 210
514 213
513 218
514 221
520 235
516 229
512 239
513 240
515 244
514 249
514 254
514 259
514 263
514 268
513 272
513 492
512 497
514 499
513 502
513 508
512 513
514 519
513 525
513 530
515 535
515 541
514 547
512 551
512 555
513 559
512 563
512 567
518 574
516 575
508 578
513 587
511 589
514 595
513 600
512 606
511 610
514 616
514 620
513 626
513 634
511 637
514 643
513 645
514 651
512 656
513 660
514 667
513 671
514 675
513 679
514 684
514 689
514 694
513 699
513 703
513 706
513 711
513 714
513 718
514 723
514 727
513 732
513 735
513 739
513 743
514 747
511 749
265 853
278 855
279 858
244 860
277 862
274 866
263 868
280 872
247 874
262 878
271 880
268 882
284 883
354 886
345 888
331 890
288 891
333 892
414 894
364 895
335 896
370 897
400 898
372 900
320 902
340 903
422 902
405 906
375 907
359 908
405 908
394 910
362 911
385 913
415 914
379 914
390 917
424 915
419 916
376 917
361 917
404 918
449 920
445 920
423 919
435 920
448 921
455 921
416 922
420 921
462 920
448 922
444 922
445 922
436 920
453 923
447 883
513 881
513 880
514 878
513 876
513 874
514 872
513 870
514 867
514 865
514 862
514 861
513 856
508 853
513 850
514 846
514 842
513 838
514 834
512 830
513 826
513 822
514 818
513 814
513 809
513 805
513 801
514 795
513 790
514 787
513 784
513 776
515 773
513 769
514 763
513 759
514 756
512 754
514 749
514 744
513 740
512 736
515 730
513 727
513 722
514 717
514 712
514 706
511 700
511 697
514 693
514 689
512 684
513 678
514 674
513 671
513 664
513 509
514 505
514 502
514 499
514 494
513 489
514 486
513 482
514 477
513 473
511 468
513 464
515 460
513 454
514 452
512 447
514 441
513 436
515 430
513 426
513 420
514 416
515 410
514 404
512 400
514 396
513 390
513 384
514 380
514 374
514 369
513 364
515 360
514 354
513 351
513 345
512 342
513 337
514 333
514 330
515 326
514 322
514 319
514 314
513 310
514 308
513 301
514 297
514 293
514 288
515 280
514 281
514 277
513 272
517 269
514 265
514 260
514 179
759 176
786 175
773 170
749 167
764 166
729 162
767 161
740 157
719 154
728 154
735 151
722 149
652 147
669 145
665 144
702 144
637 142
648 140
622 139
624 137
617 136
644 135
658 134
660 133
628 130
649 130
641 130
595 128
646 127
662 125
632 126
620 124
603 123
647 123
653 122
588 121
615 120
608 119
632 119
614 117
645 117
598 117
598 117
597 114
566 115
581 116
590 115
611 115
578 114
538 114
569 115
592 115
589 115
581 114
581 115
559 115
543 164
511 166
513 169
513 170
515 171
514 175
513 177
514 180
515 182
514 185
514 189
514 192
514 195
514 199
514 203
513 207
514 212
514 215
513 222
513 227
514 228
514 237
525 238
511 244
513 248
513 251
514 255
514 260
513 264
513 266
514 272
513 277
514 281
514 285
513 290
514 294
514 299
513 302
513 307
516 311
513 317
514 322
514 327
514 331
514 335
514 339
513 346
513 349
513 357
514 360
514 362
514 366
512 372
512 377
513 380
514 385
513 392
511 559
513 561
511 565
513 570
512 570
515 588
513 584
513 585
515 592
514 596
513 601
513 606
513 612
513 617
513 622
512 630
513 634
515 638
514 643
514 649
513 654
514 658
513 664
514 669
512 675
513 677
513 682
513 687
513 690
513 695
513 699
514 703
513 707
512 711
513 716
513 721
513 725
514 729
514 734
514 738
514 742
512 745
509 748
512 754
515 757
510 762
514 765
512 770
513 771
513 777
513 781
510 784
420 786
366 792
334 794
295 798
208 800
412 915
425 916
397 917
414 917
412 917
458 919
429 920
409 919
399 920
425 921
451 922
435 922
442 922
439 922
451 922
453 922
430 922
443 922
473 922
465 922
450 923
446 921
457 923
447 922
454 922
474 921
485 921
496 920
499 920
508 918
507 914
510 915
512 912
513 910
512 910
513 906
513 905
513 906
513 903
514 903
512 902
513 900
513 900
513 897
513 895
512 892
514 891
513 890
513 887
513 886
513 883
512 880
514 878
513 876
513 873
513 871
513 868
513 834
513 829
513 825
514 821
516 816
513 811
513 806
513 802
513 795
513 793
514 789
513 785
514 781
513 776
513 772
516 769
513 765
513 762
513 756
513 751
514 745
513 740
513 734
514 731
514 728
514 725
514 718
513 714
513 711
512 704
513 699
515 695
513 690
514 688
514 682
515 677
514 672
512 667
513 663
514 657
513 654
514 649
514 644
514 638
514 631
515 628
513 622
514 616
513 608
514 604
513 599
513 593
514 587
514 584
513 580
513 576
514 571
515 477
515 474
511 473
514 468
513 462
515 458
513 454
514 450
514 445
515 439
513 434
513 429
513 423
513 418
512 414
514 407
513 401
515 397
514 392
515 386
513 382
514 378
514 373
512 369
510 365
515 359
513 354
514 349
514 344
513 339
514 337
514 332
513 328
513 325
513 320
515 315
514 311
513 307
514 303
512 299
514 296
514 292
514 288
513 284
514 280
513 276
514 271
513 267
514 265
515 259
515 255
518 252
643 250
654 245
661 241
662 237
784 239
741 170
774 168
790 168
737 163
739 161
743 158
743 156
731 154
686 152
678 150
712 149
678 147
705 146
679 144
675 143
650 143
638 140
619 139
689 137
671 135
610 135
627 134
624 130
626 130
654 130
648 129
650 127
606 127
600 126
611 124
621 124
626 123
660 122
631 120
647 120
599 119
607 118
627 119
630 118
570 117
570 116
605 116
622 116
615 116
594 115
575 116
568 114
575 115
570 115
587 115
592 114
560 115
539 114
554 115
566 114
569 116
573 141
513 142
514 145
511 146
514 146
514 150
513 151
513 154
514 156
514 158
513 159
513 163
514 164
514 167
513 170
514 172
515 175
512 178
514 181
513 184
513 187
513 191
513 194
513 198
513 202
513 205
513 210
514 214
513 217
514 223
514 227
513 232
517 250
514 240
517 245
514 247
513 253
514 257
514 262
513 267
514 271
513 276
514 279
513 284
513 290
514 293
513 297
514 300
514 303
513 307
514 313
513 320
513 326
514 330
513 333
514 337
515 343
514 449
514 450
513 453
514 460
511 462
514 465
514 470
512 476
514 476
513 480
514 485
512 492
513 495
513 500
513 506
512 512
513 518
514 523
513 529
510 535
512 540
514 545
512 550
512 555
514 557
513 562
513 566
513 571
512 575
515 577
520 588
516 589
514 594
513 599
513 604
513 609
513 615
513 618
514 623
512 630
513 636
513 642
512 645
513 652
514 654
513 660
513 665
514 669
515 674
514 679
513 685
513 690
513 694
513 698
514 701
513 704
514 708
516 813
209 816
226 819
229 823
268 826
233 829
229 833
247 836
264 839
283 842
283 844
283 847
259 851
264 853
272 857
272 859
289 863
288 865
273 868
283 871
290 874
276 876
301 881
295 881
315 883
332 886
350 887
350 890
330 891
355 892
354 894
389 895
341 896
386 897
421 898
409 900
349 901
351 902
378 904
393 906
409 906
405 907
440 908
395 909
391 911
399 911
420 913
385 914
419 914
425 915
437 916
390 917
406 917
420 918
444 919
431 918
403 920
425 906
513 906
513 905
513 903
513 902
511 901
513 901
513 899
513 898
514 896
513 894
516 893
512 893
513 888
513 885
514 884
513 881
513 879
513 876
514 874
513 874
513 870
513 867
513 866
514 862
513 858
513 855
513 854
514 850
514 847
513 844
514 840
513 836
513 830
513 826
513 822
513 818
514 814
513 809
514 805
513 802
512 797
516 793
514 789
513 785
515 780
512 776
513 771
512 766
513 761
513 756
514 751
514 748
513 743
513 740
513 735
513 731
514 592
514 589
514 585
514 579
514 578
512 575
513 570
514 565
516 563
513 560
515 555
513 549
513 545
513 541
514 535
514 528
512 523
513 518
515 511
514 506
513 501
509 496
513 492
515 485
513 481
514 477
513 473
514 469
513 465
514 462
513 457
514 453
512 447
515 442
514 435
513 432
508 427
516 422
512 417
514 412
514 407
513 401
514 394
513 391
513 384
514 380
515 375
513 370
513 366
514 362
513 358
513 352
515 348
514 344
514 339
515 335
512 331
644 243
684 241
690 237
855 238
868 234
825 228
815 226
826 221
811 217
790 214
751 210
722 207
771 204
741 201
747 198
753 196
722 194
747 188
750 187
729 185
736 185
763 178
775 175
749 172
755 169
703 164
744 163
780 160
718 158
713 155
704 153
752 152
698 150
665 149
650 149
682 146
702 144
692 143
674 141
676 138
705 138
652 137
644 138
674 137
661 133
680 133
662 131
645 130
641 129
600 128
639 126
644 126
641 124
636 124
668 123
615 123
622 118
514 123
514 127
513 128
514 129
513 131
514 132
514 133
514 135
514 136
511 128
512 138
512 140
514 141
516 143
513 147
514 147
513 149
513 152
513 154
512 156
513 158
516 161
515 163
514 166
514 168
514 171
512 172
515 176
514 179
514 182
514 185
514 188
514 191
514 198
513 199
514 203
513 208
513 212
514 217
515 222
514 225
514 230
514 233
514 233
506 242
504 251
513 249
514 254
513 258
514 263
514 267
513 273
514 275
513 282
514 285
515 289
513 293
513 445
513 449
514 452
513 456
513 461
513 464
513 467
513 471
513 476
514 478
514 482
513 487
513 492
513 498
513 503
512 508
513 514
515 519
513 526
513 530
513 537
513 541
514 546
512 550
514 555
513 559
513 565
513 567
516 570
513 572
513 583
513 576
515 583
514 595
517 599
513 607
512 610
514 616
512 621
513 626
513 631
514 636
513 641
514 647
514 652
511 656
513 661
512 665
512 671
514 675
513 680
514 683
515 690
514 694
513 699
513 702
512 707
212 820
261 823
237 826
255 830
300 833
281 837
305 840
288 842
277 845
249 848
269 851
327 854
279 857
270 859
261 863
295 869
288 869
242 871
284 873
293 876
319 876
283 879
285 884
313 886
341 887
331 890
317 890
327 892
371 894
375 895
329 896
338 899
369 898
371 901
294 902
338 903
403 904
436 902
361 907
343 908
369 908
416 910
343 911
370 912
413 911
408 913
358 914
371 915
398 916
413 916
420 917
438 918
446 918
424 919
426 919
424 921
442 907
513 906
513 905
514 904
513 902
513 900
513 899
513 898
513 896
514 895
513 893
513 891
513 889
513 887
513 882
513 883
513 881
514 878
513 875
513 873
513 871
513 869
512 865
513 863
513 861
513 859
514 854
514 851
513 848
513 844
513 840
514 837
513 834
514 830
514 826
513 821
513 817
512 812
513 808
516 803
513 799
513 795
513 792
513 787
515 784
512 779
513 774
512 768
515 763
514 760
513 756
512 752
513 748
513 742
513 739
512 735
514 732
513 572
512 569
513 566
514 562
513 557
513 554
514 549
513 541
513 540
513 535
513 529
514 521
514 517
513 511
513 506
514 501
513 495
515 491
514 486
513 483
512 478
514 473
514 467
519 464
513 460
512 456
512 451
514 447
513 443
513 437
514 432
514 425
515 421
514 416
515 410
515 404
513 399
512 395
513 391
515 385
514 380
514 375
514 369
514 363
515 362
513 356
512 351
513 347
514 342
513 337
515 334
514 327
514 326
513 323
513 317
513 314
513 310
514 193
750 191
733 188
763 186
781 183
759 180
755 177
769 174
744 172
770 168
755 166
760 163
760 161
747 158
721 155
708 153
704 152
714 149
685 148
695 147
649 145
659 143
648 142
678 141
654 140
623 138
642 137
647 136
671 135
662 132
667 133
642 130
616 130
657 128
655 127
675 127
613 125
652 124
647 125
629 123
575 122
632 121
651 121
659 121
602 119
593 118
604 126
601 116
596 117
579 116
572 116
603 117
585 116
570 115
597 116
563 116
567 115
579 156
514 158
513 159
513 161
514 164
513 167
513 169
513 171
511 174
514 177
513 180
514 183
514 185
515 190
514 192
514 195
514 199
514 203
514 208
514 213
514 217
514 223
514 227
514 231
513 235
513 239
513 246
504 246
509 251
513 256
513 259
514 263
513 267
514 271
514 277
514 281
514 285
514 290
514 294
514 299
514 304
513 309
514 313
516 317
513 320
513 325
514 331
513 337
514 342
513 346
513 350
514 354
514 359
513 364
514 369
513 372
513 377
509 428
513 432
514 436
514 442
513 447
512 453
514 455
514 459
513 463
513 466
514 471
513 475
513 480
513 483
517 488
513 494
513 502
513 505
514 509
513 515
513 522
513 526
514 532
513 537
513 542
513 547
513 552
512 557
514 560
513 565
514 569
512 573
512 578
513 581
515 594
515 592
515 597
516 601
513 606
513 612
511 617
512 624
513 629
514 633
513 638
513 644
513 649
513 654
512 659
513 664
513 669
512 673
513 678
513 682
514 687
514 691
513 695
511 779
513 780
510 783
426 785
390 790
385 793
368 796
168 798
148 803
156 806
201 811
236 814
232 817
214 822
224 825
240 829
265 831
294 834
280 837
240 840
246 841
283 845
288 848
277 852
289 854
263 857
242 860
231 871
230 866
273 869
284 872
275 875
276 878
274 879
297 883
318 884
316 886
347 887
389 889
401 892
337 892
353 893
384 895
409 896
335 898
328 896
380 901
441 902
371 904
355 903
414 905
404 906
342 907
363 908
434 908
439 910
383 910
462 921
457 921
464 921
475 921
468 921
469 921
468 921
453 922
447 921
461 921
484 920
501 920
483 919
500 919
506 917
512 916
511 914
512 911
514 909
513 908
513 906
513 905
513 904
513 902
513 902
514 901
513 899
513 897
513 896
513 894
513 892
513 890
513 889
513 887
513 885
508 881
513 880
513 875
513 874
513 872
513 870
513 869
513 866
513 863
513 860
513 857
514 854
513 851
513 847
513 845
513 841
514 835
514 832
513 828
517 823
513 820
513 816
515 727
513 722
514 719
513 715
513 710
513 705
513 700
513 694
514 690
513 687
512 682
512 676
514 672
514 667
512 665
513 659
513 656
515 647
513 646
513 638
513 636
512 627
515 618
512 623
514 611
513 605
515 600
512 596
513 590
513 585
513 579
513 576
513 572
513 568
514 564
510 562
513 558
513 553
514 548
513 544
513 539
513 532
514 527
514 521
514 516
513 510
514 503
514 497
512 494
513 489
514 484
514 480
514 476
514 473
514 467
515 463
512 460
514 366
514 361
513 358
512 356
513 351
513 346
514 341
514 337
514 333
514 329
514 325
514 320
513 316
513 313
514 300
513 304
514 300
514 296
514 292
516 288
514 284
513 279
514 274
513 276
515 267
513 264
513 260
513 256
521 253
661 250
666 247
654 242
662 238
733 239
934 236
911 230
869 227
822 223
768 219
787 214
820 214
802 208
771 206
766 201
769 201
744 197
740 194
779 190
768 188
774 187
771 182
753 179
743 176
740 172
771 170
778 167
782 124
616 122
642 123
677 122
622 122
640 120
613 119
632 118
597 118
595 117
622 117
607 117
605 116
564 117
589 116
567 116
555 116
591 115
592 115
571 115
568 114
575 115
559 115
556 115
554 115
544 115
549 115
557 117
550 116
540 118
525 118
519 121
513 122
514 123
514 125
514 128
514 130
514 131
513 131
514 133
514 133
514 136
515 136
514 138
515 137
507 142
515 143
513 150
513 147
514 149
514 151
512 152
514 155
513 158
513 161
514 162
514 164
513 270
517 275
514 278
514 280
514 284
513 291
513 294
513 300
517 304
513 308
514 312
514 317
513 322
514 329
513 334
513 339
513 341
513 347
514 351
514 358
513 363
512 366
514 367
513 372
513 380
512 383
511 387
513 391
514 398
512 405
514 411
514 415
507 418
512 431
513 433
514 438
513 444
517 451
513 455
514 456
513 460
513 466
513 469
514 472
513 477
514 483
514 487
513 489
514 494
513 502
512 506
514 510
514 517
512 524
517 528
514 534
513 539
512 675
513 679
513 683
514 685
513 689
514 693
513 696
513 702
513 706
512 708
513 713
514 717
513 721
513 726
513 729
514 733
514 736
513 742
512 746
512 750
513 754
513 758
514 764
510 767
514 771
513 773
513 780
511 781
477 784
414 787
382 791
368 795
254 799
150 799
169 803
167 807
197 811
217 815
228 818
239 822
226 826
246 829
254 833
224 835
277 838
229 840
252 843
291 847
281 849
275 853
241 856
264 858
265 861
272 865
279 867
276 869
317 873
258 909
353 909
417 910
431 911
368 912
383 913
380 914
426 914
429 916
422 917
384 917
409 918
381 920
397 919
416 919
440 920
435 922
423 921
421 919
443 920
432 922
455 922
473 922
461 921
445 922
455 922
457 922
446 922
466 922
469 922
460 922
464 921
479 927
496 920
499 921
494 919
501 918
512 916
510 914
513 912
512 909
513 908
513 906
513 904
513 904
513 903
513 901
513 900
513 899
513 897
513 896
513 893
513 891
512 891
513 888
517 884
513 884
513 778
513 774
513 770
513 766
517 761
514 757
511 753
514 750
513 745
513 742
514 737
514 731
513 727
513 720
515 716
513 712
514 708
512 704
512 698
515 692
513 688
514 682
512 680
513 679
513 670
514 665
514 661
515 658
513 655
513 647
513 640
513 639
513 632
513 625
515 619
512 613
514 609
515 604
513 596
514 592
514 587
513 583
513 580
514 575
512 571
513 567
513 566
513 560
514 556
513 552
514 547
513 541
514 534
510 530
513 525
513 520
515 512
513 369
513 364
515 360
514 357
514 353
514 348
513 343
513 340
513 335
513 331
515 327
514 328
512 318
513 315
513 312
512 308
513 302
513 298
516 294
515 289
514 286
514 283
513 278
514 274
515 270
513 266
514 261
514 257
514 256
546 252
664 249
651 245
654 242
655 238
782 240
938 234
924 229
868 224
830 221
774 217
804 213
819 210
797 206
794 203
755 202
728 199
754 195
769 192
766 189
750 187
752 184
747 180
764 176
770 174
752 172
764 169
793 166
583 121
620 122
643 120
586 119
590 115
587 117
631 118
624 118
601 117
587 116
602 116
592 116
588 116
595 116
560 114
587 117
589 114
569 114
569 115
576 115
564 115
543 116
560 116
577 116
555 115
553 118
548 116
531 118
518 119
515 121
514 122
515 122
514 125
514 129
514 129
514 131
514 133
514 132
513 134
515 136
514 136
513 139
508 116
516 142
513 143
514 145
513 147
513 149
513 152
513 153
514 156
514 160
513 161
514 163
514 165
514 168
516 170
513 267
514 266
514 269
514 273
510 279
514 286
513 291
513 294
513 300
514 304
514 307
513 310
514 316
514 321
513 326
513 331
514 336
513 338
514 344
514 348
513 354
513 360
514 364
513 369
512 375
513 377
513 380
514 385
513 391
512 397
514 403
514 407
513 413
512 421
509 426
515 428
513 434
513 443
511 450
515 450
513 454
514 460
512 466
514 468
513 470
514 475
511 480
513 484
513 488
514 494
512 498
514 502
514 507
508 516
511 521
514 526
514 530
514 691
513 694
514 700
513 702
508 707
513 711
512 715
513 719
513 724
513 727
514 732
513 733
513 740
513 744
513 749
513 751
513 755
513 760
512 761
517 769
513 771
513 773
516 785
513 785
437 786
394 789
367 792
359 796
219 797
132 803
144 806
189 810
225 814
245 817
247 819
190 824
234 829
256 830
258 833
264 835
249 839
251 843
285 844
296 848
264 851
247 855
252 857
252 860
271 864
289 867
264 870
260 872
274 875
278 878
273 884
305 882
341 853
276 855
267 858
270 859
289 862
285 866
291 868
274 870
264 874
277 878
278 879
293 881
319 884
321 886
354 888
316 887
343 890
325 891
385 893
369 892
407 896
366 897
392 898
342 900
374 902
391 903
375 905
379 905
384 907
431 908
423 908
400 909
410 910
423 912
372 911
375 913
394 914
440 916
422 916
405 912
339 917
386 918
404 919
466 918
416 919
456 922
414 920
399 920
450 921
441 922
450 921
449 922
449 921
455 923
450 922
448 922
463 922
471 920
487 919
495 918
509 919
511 914
513 912
513 910
511 909
513 908
513 906
513 905
508 901
513 902
513 901
513 900
516 897
513 901
512 896
513 893
513 892
513 889
512 887
512 886
513 882
512 880
513 878
513 876
513 874
513 872
513 869
513 866
514 864
513 860
513 858
513 855
513 852
513 848
513 848
513 842
514 837
513 834
509 829
513 825
513 820
513 815
514 810
513 806
513 803
514 798
513 794
513 791
515 788
513 783
512 780
513 776
513 772
513 766
513 608
512 605
512 599
510 595
513 591
513 587
514 581
514 576
513 574
513 570
512 566
514 562
514 557
513 554
513 549
513 544
513 538
513 531
515 530
513 521
514 517
513 512
514 504
511 499
513 494
513 490
512 485
514 481
514 475
513 472
509 468
514 463
515 460
514 455
513 450
513 445
513 441
513 436
513 431
514 427
516 421
513 415
516 410
515 404
514 399
512 393
513 389
513 383
514 379
514 373
514 370
514 365
514 359
514 354
513 350
512 346
509 342
513 253
547 253
643 250
629 247
622 241
663 241
651 236
843 237
891 233
849 229
845 225
844 221
817 217
807 213
801 210
795 207
783 204
757 200
745 197
759 195
793 191
772 188
736 187
757 184
736 180
785 177
801 177
797 171
746 168
750 164
765 162
747 162
751 157
701 155
772 153
708 151
676 148
623 147
653 146
682 145
657 143
634 142
678 141
678 140
620 137
604 137
667 134
669 134
