891 233
1023 228
1003 223
966 223
910 219
930 216
938 211
921 208
893 206
890 203
891 199
858 197
839 194
850 193
859 192
893 185
880 183
843 180
855 177
830 175
929 171
880 167
850 165
870 162
855 160
874 158
807 154
785 153
776 152
821 150
763 148
784 147
681 144
744 145
746 143
758 142
727 139
751 137
720 138
762 136
732 134
742 134
688 133
665 131
712 130
691 129
718 128
715 127
733 125
667 125
690 125
649 123
736 122
687 124
689 121
641 120
651 119
514 758
514 762
514 765
514 768
512 773
515 777
509 781
471 783
309 782
231 786
218 790
187 794
78 796
10 801
7 804
60 809
100 812
102 816
89 820
76 823
118 826
158 830
153 832
145 833
142 838
168 840
162 843
139 837
165 848
165 853
123 856
161 859
143 862
147 864
179 867
202 870
166 873
137 875
180 878
231 881
291 882
184 885
248 885
269 888
292 890
215 891
281 892
297 893
338 896
257 896
234 898
296 900
338 901
265 899
255 903
316 904
333 905
304 124
591 125
639 124
663 123
615 125
678 122
688 119
691 119
622 120
659 118
654 119
663 115
616 117
612 117
651 117
631 117
613 116
605 116
589 114
584 116
612 116
638 117
604 115
580 115
572 117
588 115
584 117
562 117
558 117
541 118
538 115
535 119
523 121
512 123
514 125
514 126
514 128
514 131
514 133
514 133
514 134
514 136
515 136
513 138
511 139
514 141
517 142
514 145
513 145
514 149
513 150
514 152
514 156
514 157
513 159
514 166
514 165
514 410
514 415
513 419
514 423
515 428
514 432
513 437
514 444
513 449
513 452
514 456
513 461
514 467
514 468
513 472
514 477
513 480
513 485
513 488
514 495
513 500
514 505
513 509
512 516
514 522
513 528
514 533
514 538
514 545
514 548
515 550
523 553
514 561
512 565
513 570
514 573
514 579
514 582
513 587
514 592
514 596
513 602
514 605
513 611
514 618
513 623
514 629
514 632
513 640
514 644
514 649
514 654
514 659
513 665
513 670
513 675
512 679
513 799
3 802
26 805
74 809
105 810
88 813
77 818
78 821
93 824
97 826
113 831
104 835
142 836
159 839
135 843
150 845
161 848
151 860
164 853
176 861
139 860
128 863
135 866
170 869
169 872
175 875
162 877
212 879
196 881
220 884
227 886
236 887
303 890
303 891
291 892
230 893
339 894
298 896
297 897
303 899
314 900
328 898
271 901
270 903
310 905
336 906
323 905
373 904
354 909
338 909
342 911
361 910
386 914
335 917
332 913
354 914
413 920
351 916
513 903
513 902
513 901
516 902
514 901
517 898
512 896
513 895
511 893
513 892
513 889
513 888
514 885
514 883
515 881
512 878
513 878
512 874
513 872
514 871
513 867
515 865
513 862
513 860
513 856
513 854
513 850
514 847
512 843
513 840
513 835
513 832
513 827
513 821
513 819
514 815
513 810
513 805
513 800
513 797
513 792
514 790
513 786
513 781
513 777
514 771
513 767
513 765
514 758
513 754
513 749
513 746
514 742
512 740
513 734
513 728
513 723
513 560
513 558
513 555
513 551
513 546
513 543
513 538
514 530
513 526
513 521
512 514
513 510
513 503
513 498
513 495
513 489
513 483
513 480
513 475
513 471
513 467
515 464
513 459
515 454
514 450
513 445
513 440
513 435
513 429
516 424
513 417
514 414
513 408
513 402
513 397
513 392
513 389
509 382
514 377
516 372
514 367
514 363
513 358
511 351
514 349
513 344
513 340
512 336
514 333
511 328
514 322
513 319
513 315
513 310
513 309
514 302
514 300
887 209
884 208
894 204
905 203
866 198
870 195
887 192
877 189
901 187
883 185
897 180
909 177
918 173
868 171
890 168
926 165
839 163
878 160
800 158
812 157
787 154
828 152
761 151
754 150
716 148
740 148
746 144
744 144
737 142
741 140
728 138
734 137
714 136
694 135
667 133
723 132
731 131
693 130
677 129
678 128
688 127
663 126
675 124
678 124
693 124
647 122
695 123
667 121
711 120
654 120
644 120
664 118
678 117
669 118
608 119
613 117
607 117
514 148
513 148
513 150
514 152
514 156
515 155
514 158
514 160
513 163
513 165
514 171
513 171
513 172
513 175
513 178
514 180
513 184
514 188
514 190
513 195
517 199
512 204
513 206
509 214
514 214
514 220
513 225
518 229
513 233
513 236
512 240
513 245
514 249
514 254
514 258
514 264
513 268
515 275
513 276
514 280
514 283
514 288
513 292
514 297
513 303
514 304
518 309
513 315
513 321
513 326
514 330
514 334
514 337
514 344
513 351
513 355
513 358
517 519
513 524
514 529
513 534
513 541
514 547
514 550
514 555
519 557
515 565
514 567
514 570
512 575
514 580
514 583
514 588
514 592
514 599
513 604
513 609
515 615
514 621
513 626
513 630
512 635
513 640
514 645
513 650
514 655
513 661
514 666
513 672
513 676
514 679
513 684
513 689
514 694
513 700
514 704
513 707
513 710
513 714
514 718
514 723
518 725
513 741
517 727
513 739
512 743
513 749
513 751
514 755
514 760
514 763
513 767
513 772
511 909
360 909
308 909
339 911
314 912
329 912
358 913
365 914
291 914
328 917
343 917
361 913
361 921
347 919
364 919
399 919
424 919
401 921
389 921
390 922
416 921
407 922
413 921
419 921
412 921
403 924
459 922
481 922
444 922
405 922
454 922
443 921
448 921
472 922
487 919
488 918
504 917
514 915
513 913
512 910
512 910
513 907
512 905
512 905
513 907
513 904
513 902
514 901
515 899
511 897
513 895
512 893
513 892
513 889
513 887
513 885
513 883
514 848
513 846
513 844
513 841
513 839
514 834
513 831
512 825
514 823
513 816
513 813
513 807
513 802
513 799
513 794
513 792
513 791
513 782
513 779
513 775
513 770
513 765
513 760
514 755
513 749
513 744
513 741
512 738
513 735
513 732
513 727
513 721
513 714
513 708
513 704
513 701
513 696
513 692
513 687
513 683
513 679
513 670
513 669
514 664
513 662
513 658
514 653
513 646
514 640
513 636
516 631
513 623
513 616
513 611
514 608
513 602
513 594
513 496
512 493
513 489
513 485
517 483
513 478
513 475
513 469
514 465
513 462
513 457
513 452
513 448
513 443
515 438
514 433
513 427
514 421
514 417
515 411
513 409
513 401
513 396
514 392
514 386
513 379
515 375
513 369
512 364
513 362
512 356
514 351
512 347
514 342
515 339
513 333
514 330
513 328
514 323
512 320
512 315
514 311
512 306
515 300
513 296
514 292
514 289
514 284
514 280
513 277
513 273
514 270
513 266
515 261
515 258
518 254
609 251
665 181
883 175
894 176
877 173
866 172
901 168
850 164
891 162
829 159
865 157
821 155
810 153
769 151
814 149
791 147
766 147
737 145
778 143
750 142
768 139
726 139
733 137
730 136
761 136
747 134
760 133
685 132
678 129
702 130
716 128
712 128
650 126
693 127
679 125
707 127
652 123
733 123
672 121
697 121
644 120
652 119
670 118
653 115
621 117
616 118
648 116
631 117
637 116
631 116
592 115
614 116
600 115
596 115
611 115
611 115
589 115
586 115
514 144
508 146
514 148
514 151
514 153
513 156
513 157
513 160
514 162
514 164
513 166
513 168
514 171
514 174
514 176
514 177
514 183
513 186
515 189
514 192
514 196
514 199
513 206
514 210
516 217
511 217
513 223
515 227
513 232
513 236
514 240
514 242
513 246
514 249
514 254
514 256
514 260
514 267
514 272
514 277
514 283
513 287
512 291
514 295
514 300
514 306
515 309
513 312
513 317
515 321
514 326
513 330
513 337
514 342
513 346
513 349
513 355
516 457
513 461
514 464
513 467
514 469
513 476
513 480
514 484
513 487
514 493
514 499
513 504
513 509
514 515
513 521
514 526
513 532
513 536
513 543
515 549
513 551
514 556
513 572
519 565
514 568
514 572
513 577
511 581
514 584
514 591
513 595
513 600
514 605
514 611
514 616
512 622
514 627
514 631
513 638
514 643
513 648
513 653
513 658
513 663
513 667
514 672
514 675
514 681
513 685
512 690
513 695
515 699
513 704
513 706
513 711
513 714
514 719
84 831
130 833
152 835
133 839
146 841
182 844
178 847
199 849
137 852
160 859
161 858
128 863
188 864
142 868
150 866
152 873
195 876
168 879
203 882
211 883
259 885
272 886
254 889
271 890
266 891
299 893
277 894
226 895
265 898
329 899
268 900
279 901
291 902
293 904
311 906
294 905
335 907
341 907
329 909
350 908
382 910
318 912
327 913
324 913
382 914
384 914
353 913
331 915
387 916
370 915
399 920
383 916
359 920
366 920
375 921
416 920
398 921
512 898
515 898
517 896
513 896
514 893
513 891
513 889
514 887
512 884
514 881
513 879
513 877
513 876
513 873
513 871
513 868
512 867
513 863
513 861
514 858
514 853
514 851
513 847
513 844
514 840
513 837
513 833
513 829
513 824
513 821
513 816
513 812
513 808
512 804
513 799
513 795
513 791
512 786
513 781
512 772
513 772
513 768
513 763
513 760
513 755
513 751
513 746
511 742
513 737
513 733
513 728
513 724
513 719
513 714
514 710
513 706
512 703
514 559
513 556
513 554
513 549
513 542
514 539
511 532
514 528
513 521
513 516
513 510
514 506
513 500
514 494
513 489
514 485
513 480
513 475
513 473
514 469
514 464
513 460
513 456
513 451
513 445
513 441
513 435
515 430
515 424
513 420
513 413
513 409
514 403
513 399
513 395
516 388
514 382
514 379
512 373
513 369
515 365
513 356
515 356
513 350
514 344
513 339
513 337
513 332
513 328
512 324
514 320
514 317
513 312
514 306
514 305
513 299
513 294
910 209
923 207
886 204
877 202
870 199
869 195
870 191
888 189
874 186
843 185
841 180
871 179
869 174
866 171
862 168
840 167
860 164
809 161
811 156
822 156
797 152
794 150
769 150
740 149
734 147
770 142
733 144
711 142
720 141
729 140
750 140
743 136
709 136
702 133
719 134
732 134
734 133
706 132
724 129
704 128
661 130
700 126
663 126
714 125
667 124
680 124
651 123
681 121
635 120
669 120
653 119
657 119
654 118
660 117
642 117
616 117
629 142
513 143
514 146
514 147
513 148
514 151
514 152
513 156
515 159
514 160
514 163
517 164
514 168
513 170
514 173
514 177
513 179
515 182
513 184
514 187
514 190
513 193
512 198
514 200
514 206
513 211
516 215
530 219
515 222
515 228
514 230
514 237
514 243
514 246
513 252
513 254
514 258
514 263
514 267
514 270
514 276
514 279
509 283
514 287
514 291
514 295
514 301
514 307
514 312
513 318
514 321
514 327
514 328
514 333
514 340
514 346
513 350
514 494
515 498
514 502
513 506
513 511
514 517
513 522
513 529
514 534
513 537
513 544
513 549
513 553
513 558
513 561
515 563
507 571
513 573
512 583
514 583
514 587
514 592
514 597
512 602
513 607
513 613
514 618
514 623
514 629
514 633
514 639
513 643
513 649
513 655
513 662
512 664
512 669
514 672
513 678
515 684
513 687
513 693
514 697
514 700
513 704
513 707
514 711
514 716
513 720
513 725
513 731
505 734
512 742
510 746
513 746
514 750
513 754
513 863
140 864
190 864
116 867
138 868
174 872
196 874
181 876
174 880
211 882
244 884
247 887
261 888
264 889
285 891
303 892
303 894
287 895
335 896
340 898
287 899
332 900
329 901
333 903
305 904
306 905
352 906
346 908
335 908
309 910
302 910
357 911
376 912
389 912
350 913
358 915
354 915
398 914
381 916
384 917
360 917
367 918
359 916
370 919
381 921
356 920
392 924
413 921
417 921
422 921
396 921
408 921
435 921
431 922
424 921
453 922
465 923
421 886
513 884
513 882
512 881
513 879
513 875
512 874
513 872
513 873
513 867
512 864
514 862
513 859
513 856
513 853
513 850
513 846
513 844
512 840
513 836
512 832
513 828
513 824
512 818
513 814
512 810
513 805
513 802
513 797
512 792
513 786
513 783
513 779
513 774
513 770
512 765
513 763
513 759
513 756
513 750
513 746
513 742
513 738
513 733
513 726
513 720
513 715
513 712
513 709
513 705
513 700
515 696
513 689
514 684
513 680
513 677
514 672
511 504
514 500
513 494
514 491
513 488
512 484
513 477
512 474
513 471
513 467
513 462
513 458
513 454
512 450
514 444
513 439
514 434
513 428
513 423
513 418
512 412
513 408
513 402
513 396
513 390
515 388
514 381
513 376
514 370
513 368
513 367
513 358
513 355
514 350
514 343
514 339
514 335
511 331
514 328
513 324
514 321
512 316
515 311
512 306
516 299
514 297
513 295
514 289
513 286
513 283
513 278
513 274
513 270
513 267
513 263
513 258
518 255
769 152
794 151
793 151
737 149
675 146
760 145
763 143
728 142
696 142
728 140
713 138
730 137
726 136
717 135
683 133
674 133
665 131
699 130
674 129
633 128
691 131
701 126
701 126
635 124
715 126
679 122
693 121
624 120
692 119
691 120
667 116
628 119
607 118
652 116
656 117
672 117
635 116
600 116
623 115
640 117
616 117
605 115
577 115
569 115
605 115
617 116
596 115
589 115
581 114
547 116
550 116
552 118
540 118
525 120
514 121
514 124
515 126
515 201
513 204
514 204
514 212
514 215
512 221
511 225
515 228
514 233
514 238
514 242
514 247
514 251
513 255
514 258
514 264
513 267
514 272
514 276
514 281
515 288
514 292
514 296
514 299
513 303
514 306
513 312
513 317
513 322
513 326
515 331
513 337
514 342
513 346
513 350
513 355
513 360
514 367
514 371
513 372
513 374
514 380
513 386
513 393
510 390
487 400
513 407
513 414
513 420
514 424
513 429
514 436
513 442
513 447
513 451
514 456
513 460
514 505
513 510
513 514
514 518
513 524
514 530
514 536
514 541
515 545
512 549
513 555
514 558
513 560
512 568
511 567
515 575
513 580
513 584
513 592
514 594
513 599
513 604
513 611
513 615
514 619
514 627
513 630
513 636
513 642
513 646
513 651
513 655
513 660
514 665
514 669
513 675
514 680
511 685
514 690
513 694
514 698
513 702
514 705
514 710
513 715
513 718
513 723
513 727
513 731
513 733
515 738
513 742
513 745
514 751
513 756
513 759
514 763
136 835
153 836
144 838
134 839
159 844
137 847
171 849
152 853
177 856
129 858
173 861
153 861
106 866
202 871
151 872
189 876
189 877
234 880
192 883
248 884
226 886
258 888
277 889
289 890
325 893
296 893
283 895
313 897
310 898
346 899
308 900
313 902
371 903
346 904
339 905
310 906
323 907
344 908
361 908
335 910
362 910
335 912
334 913
325 913
346 915
346 915
344 914
358 916
389 917
349 920
355 921
381 921
369 920
406 918
409 920
396 921
395 907
512 905
512 906
514 904
513 904
513 901
512 900
513 899
513 898
512 897
512 888
513 893
512 891
513 889
513 886
513 885
513 882
514 880
513 878
514 876
513 873
513 871
511 869
514 865
513 863
514 861
513 858
513 855
514 849
513 850
513 846
513 840
512 838
513 834
513 828
513 825
514 821
513 817
513 814
513 809
513 803
513 799
514 793
513 790
513 784
513 782
513 777
513 773
514 768
513 763
512 759
513 754
513 752
513 749
513 743
513 738
513 733
513 634
513 628
512 625
513 618
513 608
514 603
513 600
513 595
513 589
513 583
513 582
513 579
513 573
512 568
513 564
512 561
513 556
513 551
513 549
513 548
513 539
513 532
513 528
513 522
513 516
513 511
513 505
513 500
513 494
515 489
513 486
513 481
513 477
513 473
513 470
513 465
514 461
513 455
513 450
513 445
513 438
513 436
513 431
513 422
513 422
514 417
513 411
514 405
514 399
512 394
514 388
510 383
514 380
512 377
512 370
514 367
513 361
515 273
514 272
513 269
514 264
516 258
515 257
520 253
584 252
671 248
919 248
910 244
869 239
881 236
986 239
1012 232
1009 228
983 224
925 220
915 215
950 211
942 208
930 206
901 202
874 199
858 197
861 194
870 190
846 188
875 184
866 181
872 179
857 175
860 174
869 170
889 168
880 165
821 162
842 156
811 156
857 155
781 151
784 151
771 149
777 147
767 146
747 144
704 143
719 141
730 140
703 140
754 138
758 134
746 134
744 131
726 132
706 129
699 131
591 114
593 115
591 115
583 116
560 114
559 116
560 117
547 116
525 119
523 120
515 120
515 121
510 127
514 128
514 131
514 133
514 133
514 133
513 136
513 136
514 140
513 139
513 142
514 141
514 145
514 146
514 148
513 150
513 152
513 154
513 156
514 159
513 161
514 164
513 165
514 169
514 172
514 175
515 177
513 180
514 183
514 186
513 190
514 193
514 196
516 200
513 205
513 208
514 211
515 217
514 223
511 226
512 232
514 236
513 240
514 243
514 247
515 375
514 376
514 382
513 388
514 392
512 396
511 410
513 410
511 417
514 421
513 423
513 433
513 440
514 443
513 447
513 453
514 455
513 459
515 463
513 467
513 473
512 475
513 481
513 483
514 489
513 494
513 500
514 505
514 511
514 514
514 521
512 527
513 532
514 538
514 543
513 546
514 552
513 556
514 561
514 564
514 571
515 578
528 578
514 582
513 586
514 591
513 597
513 600
514 606
514 611
514 617
513 623
513 627
513 633
513 639
513 645
513 649
513 770
513 773
513 777
507 781
502 783
389 784
180 787
170 791
176 796
54 798
45 801
42 805
49 809
91 814
67 817
78 820
108 825
107 827
136 830
152 833
156 836
142 838
140 839
172 845
167 848
163 850
161 852
153 856
148 859
177 864
90 870
164 874
193 872
193 874
165 875
156 879
203 881
234 883
264 885
250 886
275 886
293 890
284 892
247 892
283 894
311 896
313 896
237 899
282 899
340 900
333 902
272 903
285 904
349 905
323 909
339 907
294 908
354 921
439 921
432 921
418 923
423 921
420 921
448 920
478 921
496 921
493 920
489 919
499 917
505 916
510 914
511 912
515 910
513 908
513 905
513 906
512 904
513 903
513 902
513 902
513 899
512 900
514 897
512 896
511 895
513 890
513 888
513 887
513 884
514 882
513 878
513 877
513 875
513 873
515 871
512 868
512 866
514 863
512 861
513 856
513 852
512 851
513 848
513 844
510 840
513 837
513 827
513 825
513 824
513 820
510 816
514 812
514 806
513 799
513 656
513 652
514 647
513 644
513 640
513 633
514 625
513 620
513 616
513 611
514 604
513 597
513 593
513 589
512 583
514 579
513 576
513 572
513 567
513 565
513 561
513 556
514 552
513 548
513 543
513 537
514 530
516 526
513 522
513 515
514 508
513 503
513 498
513 492
513 489
513 485
513 481
514 476
514 472
513 468
513 463
513 458
513 454
511 452
513 445
514 440
513 435
513 430
513 424
514 419
512 413
514 408
513 403
514 397
513 393
514 387
513 384
513 252
620 251
627 248
794 251
911 247
915 241
884 238
1023 236
1010 232
993 228
970 225
930 219
929 217
957 214
953 210
934 208
892 203
855 201
884 197
897 195
899 192
871 189
890 186
901 183
853 181
895 178
874 176
889 172
875 168
902 165
835 163
839 160
818 158
773 155
836 153
743 152
804 152
724 148
760 147
721 147
770 143
708 143
745 142
682 140
741 139
736 138
744 133
735 135
716 133
683 134
703 132
714 131
715 129
692 128
659 128
670 127
660 117
513 120
514 123
515 123
514 126
514 128
513 129
515 132
516 133
513 133
514 134
514 135
516 137
514 137
513 142
514 143
515 144
515 145
514 147
514 149
513 152
514 151
513 156
515 161
513 162
514 164
514 165
514 167
515 170
513 172
514 175
514 178
514 180
516 185
515 187
516 191
513 195
514 200
513 202
514 206
514 210
514 214
514 219
514 225
514 226
521 232
514 236
514 236
514 243
514 246
513 250
513 256
514 260
514 265
513 270
513 275
513 284
511 285
511 393
514 409
514 414
513 419
513 425
513 428
513 434
514 442
513 446
514 452
513 454
513 458
513 462
514 467
513 470
514 475
513 477
514 481
513 485
514 492
514 496
514 501
513 507
514 512
513 518
513 525
513 530
514 535
513 541
514 546
513 550
513 555
513 558
514 563
514 566
513 571
512 576
506 577
514 584
514 589
513 594
513 602
514 603
511 609
512 615
513 621
513 626
514 631
514 637
512 640
514 646
513 651
512 655
513 660
513 666
513 671
513 676
43 806
62 809
96 811
88 814
70 817
88 821
86 825
115 828
121 832
133 836
142 837
108 840
163 843
186 847
153 848
158 851
125 855
136 857
130 861
191 864
133 866
147 868
157 868
135 874
170 877
146 879
211 881
212 884
264 885
199 887
262 889
270 890
336 893
282 894
288 894
297 895
358 898
317 899
288 900
280 899
339 902
307 903
325 904
336 906
386 907
345 908
346 908
351 910
350 911
332 911
362 912
364 913
381 915
333 915
319 916
330 916
367 919
360 902
513 898
513 900
513 898
513 897
512 895
513 893
511 900
513 889
513 888
513 888
512 883
513 880
512 878
513 874
512 873
513 871
512 870
513 867
512 864
514 861
514 859
513 856
513 855
513 849
513 846
514 845
513 840
513 835
513 831
513 825
512 821
513 817
514 812
512 808
513 804
513 799
513 796
512 792
513 787
513 782
513 778
513 774
513 770
512 765
514 762
513 760
514 754
513 748
512 745
513 740
513 736
513 732
514 726
513 722
513 716
514 712
513 500
513 500
514 492
513 490
512 487
514 482
513 478
514 474
513 471
513 467
514 461
515 457
514 454
514 448
513 443
513 439
513 433
512 429
514 426
514 417
514 410
514 406
513 399
513 395
513 391
514 387
512 380
512 374
513 369
511 366
513 361
512 356
513 352
513 347
514 344
513 339
514 336
518 331
514 326
514 323
513 318
514 315
513 311
515 305
513 302
515 297
515 292
513 288
513 284
511 281
512 277
512 273
513 269
514 265
514 261
518 258
523 254
603 211
924 209
873 206
875 205
863 203
848 200
861 197
875 194
870 191
870 188
872 185
882 182
875 180
902 177
888 174
883 170
886 167
885 165
834 162
855 159
834 157
840 156
798 154
790 150
748 150
716 149
762 147
767 145
723 147
670 143
732 141
752 141
734 138
708 139
697 136
717 133
679 134
697 133
695 131
757 130
707 128
658 129
669 129
701 127
705 126
666 125
705 122
675 123
722 122
647 122
692 120
651 121
670 119
672 120
636 120
655 119
617 118
514 128
508 128
514 130
514 132
514 133
515 134
513 133
514 136
514 138
515 139
513 141
510 143
515 145
514 146
513 147
513 150
514 153
514 154
514 157
515 158
514 161
513 163
513 163
513 166
515 170
514 173
514 175
515 178
514 181
513 185
510 189
515 191
513 195
514 199
512 203
513 207
514 214
513 215
513 220
513 225
513 230
517 231
514 237
514 242
515 246
514 250
514 256
513 259
514 263
513 269
514 273
513 276
514 282
514 286
512 291
513 295
513 300
514 407
508 411
513 413
