513 257
513 262
515 264
514 266
513 273
514 278
513 284
513 289
514 292
517 295
513 299
514 303
514 307
514 311
514 317
514 322
513 327
513 332
513 335
514 340
512 344
514 350
513 355
512 360
515 364
513 368
513 373
513 377
513 382
514 386
514 390
512 397
511 403
514 408
515 413
514 419
512 425
514 432
512 437
514 440
514 446
514 451
513 456
514 459
512 464
512 468
514 470
515 474
513 478
514 483
511 488
513 492
513 497
512 504
512 510
514 515
513 518
397 907
399 910
412 909
427 922
353 919
402 912
417 911
444 915
417 915
430 915
396 916
399 918
385 918
402 918
419 920
462 922
439 920
433 920
428 921
436 921
428 920
430 921
457 919
448 921
444 921
459 921
467 922
467 922
473 921
471 922
469 922
473 919
472 921
478 920
476 919
498 919
511 917
514 915
513 915
512 912
513 908
511 907
514 909
511 900
524 898
513 901
513 901
513 899
513 898
513 897
514 896
514 894
513 892
515 890
513 887
513 885
513 884
514 152
513 154
514 156
514 159
513 163
515 163
514 166
514 167
513 170
513 173
513 175
513 179
517 182
514 185
514 188
514 192
511 196
513 203
513 203
515 208
513 214
514 215
514 220
513 228
513 229
513 234
514 241
514 242
514 245
514 248
513 253
513 257
513 262
513 270
514 272
515 275
514 278
515 285
513 289
514 297
512 300
516 304
514 307
513 309
513 314
513 320
514 328
514 331
513 338
513 340
514 342
514 346
514 353
513 361
512 363
515 367
514 369
512 657
513 660
513 666
512 671
512 675
514 679
514 684
513 688
513 693
513 697
514 702
512 705
512 710
513 715
514 717
512 721
510 728
514 731
513 736
513 740
513 744
508 748
512 748
514 755
512 759
513 764
511 768
513 772
513 776
513 779
512 783
436 785
396 789
378 793
369 794
172 798
163 801
161 807
192 810
218 814
232 818
243 821
238 825
256 828
283 830
271 833
264 836
260 839
235 841
257 845
294 845
245 859
271 853
285 857
299 860
242 863
253 865
476 920
486 920
486 920
502 919
503 919
509 918
510 917
508 914
511 911
513 909
512 908
515 906
513 904
513 905
516 900
517 902
515 901
513 899
513 897
513 896
513 894
509 892
513 890
515 889
514 887
513 886
514 882
515 880
512 877
512 875
513 873
513 871
513 871
512 866
513 864
514 858
513 858
513 855
514 851
513 847
514 845
513 841
512 834
513 835
514 831
513 826
514 821
514 816
514 813
514 798
518 804
514 801
513 793
516 788
513 785
512 780
514 624
514 621
513 617
513 612
513 606
513 601
512 595
514 590
514 586
513 582
513 577
515 572
513 569
514 568
513 562
515 558
512 554
513 550
513 544
516 539
512 537
513 529
515 522
515 516
513 508
513 507
513 502
514 497
513 492
513 488
513 483
515 478
513 474
513 470
515 465
514 460
513 457
513 452
514 447
514 441
514 437
513 432
514 427
513 421
515 416
513 411
513 407
513 400
512 395
514 391
513 386
513 381
514 376
514 370
514 365
513 361
514 356
513 223
801 220
786 218
815 215
801 212
792 209
747 206
732 202
752 200
732 197
728 196
723 191
730 188
769 185
747 182
742 180
709 177
785 174
760 172
744 169
757 166
720 163
740 161
714 158
704 156
679 154
743 152
704 151
714 149
642 147
682 145
671 146
650 143
631 143
703 140
688 139
677 138
632 136
668 133
672 133
635 130
640 130
644 130
665 129
624 129
642 126
648 127
643 124
611 123
649 123
641 123
630 121
599 121
611 121
619 120
613 119
582 118
597 132
515 132
512 136
513 135
514 136
514 137
514 138
514 140
513 141
508 142
514 146
513 147
513 150
513 151
513 153
514 156
513 158
513 160
514 162
513 164
513 166
514 169
514 172
513 175
514 179
514 180
510 185
514 186
513 189
514 194
514 197
514 200
514 203
514 208
515 211
515 216
513 220
514 224
513 230
513 234
514 239
515 243
513 248
514 251
514 256
515 261
514 263
513 268
513 272
513 276
513 282
513 287
513 290
514 295
512 300
514 304
513 308
514 481
513 485
513 489
513 493
514 498
512 504
511 510
514 515
514 519
514 526
511 533
514 538
513 540
507 547
512 551
513 555
514 558
513 564
513 568
514 571
513 575
514 581
513 586
510 591
514 596
512 601
512 606
511 611
514 617
513 621
514 626
513 632
514 637
512 643
512 649
513 655
511 658
515 664
514 667
513 673
513 678
514 682
513 687
513 693
513 696
513 701
513 704
513 707
513 711
514 716
512 718
514 725
510 730
513 733
513 738
513 742
513 746
240 864
316 867
317 870
288 872
284 875
288 881
321 879
310 882
348 885
332 885
403 888
383 889
366 892
343 892
400 893
394 894
382 897
359 896
368 898
374 900
372 901
392 902
386 904
400 905
369 906
384 907
372 909
371 909
368 910
399 911
435 915
404 916
424 917
421 915
405 916
388 915
403 917
415 917
440 918
442 919
419 919
437 920
433 921
441 920
426 921
434 922
449 921
466 921
467 921
444 922
431 922
458 922
469 921
460 923
493 922
482 921
457 921
513 776
513 771
513 767
514 764
513 758
513 758
514 753
513 747
513 741
514 736
513 731
511 726
513 723
513 719
513 713
513 709
513 704
513 699
513 696
513 690
513 686
513 681
514 677
512 673
514 670
513 663
514 657
512 653
512 651
514 645
513 636
514 630
511 628
514 623
513 615
515 608
513 604
512 599
513 592
516 587
513 586
513 581
513 576
515 570
511 569
513 567
513 560
514 554
512 554
514 548
513 541
515 537
513 533
513 528
514 521
514 516
513 511
513 448
514 444
515 440
515 436
515 429
510 425
512 419
513 415
513 409
514 403
514 397
514 394
514 387
514 382
513 378
512 374
513 369
513 364
514 359
514 355
514 349
512 345
514 340
513 336
513 333
513 328
513 326
514 320
512 316
514 311
514 309
514 302
513 299
513 294
514 291
514 287
513 283
512 279
514 275
514 271
513 267
514 263
514 258
515 254
522 251
648 249
645 246
658 242
654 238
791 238
906 233
916 228
865 224
808 221
767 218
780 214
788 211
682 148
636 147
653 146
649 145
648 144
674 141
642 141
604 140
587 138
626 136
634 135
624 134
621 133
649 132
658 132
614 130
602 129
605 127
656 127
598 125
601 121
616 122
640 120
610 122
629 121
597 119
626 119
599 118
623 118
586 117
592 116
575 117
581 116
603 116
609 115
590 115
561 115
571 115
556 111
567 116
574 115
567 115
569 114
568 116
561 116
540 115
544 114
549 116
544 117
529 118
525 119
518 121
514 122
515 124
514 125
513 128
514 130
513 175
514 176
514 178
515 181
514 184
509 188
514 191
514 195
513 199
513 201
514 206
513 209
513 214
514 219
513 223
514 229
514 233
514 238
513 241
513 246
512 250
513 254
512 257
513 263
513 266
514 270
513 275
513 281
514 284
513 287
514 293
514 296
513 301
512 305
514 308
513 315
514 320
515 325
513 331
514 335
514 340
514 344
513 349
513 353
512 355
513 363
513 367
513 370
513 374
514 378
513 385
512 389
514 393
514 399
514 406
511 411
513 517
513 520
514 524
513 528
513 535
511 540
514 544
515 547
513 554
513 558
512 562
513 565
513 570
513 575
514 579
513 584
513 589
513 594
513 599
514 604
513 609
512 614
510 621
513 625
514 631
513 636
512 641
513 645
513 649
513 654
513 659
513 665
512 670
513 676
510 680
513 685
513 690
513 695
513 699
514 703
514 706
513 710
513 715
513 719
513 723
521 726
512 731
513 735
513 739
513 743
514 746
514 751
513 755
513 760
513 764
513 768
513 773
512 851
318 851
280 861
302 857
299 859
302 863
223 865
257 868
293 871
311 874
278 877
284 878
307 880
343 883
329 885
271 887
333 888
364 890
400 892
344 893
353 894
391 896
413 897
354 898
369 899
399 902
407 902
368 904
397 905
428 904
370 907
394 908
388 909
437 910
381 911
377 911
359 912
398 914
371 923
378 905
422 916
444 917
412 918
425 918
405 919
434 919
391 919
427 920
440 921
441 921
460 921
433 922
425 922
445 921
449 921
462 921
477 923
461 884
513 882
513 881
513 878
513 876
514 874
512 870
514 869
513 865
513 864
513 861
513 858
513 855
516 852
513 849
513 844
513 841
512 838
513 834
514 830
513 826
513 822
513 819
511 815
513 809
504 805
515 801
512 797
514 789
512 784
513 781
513 777
513 772
513 768
513 764
513 759
514 755
513 752
513 749
513 746
514 741
514 736
513 731
513 725
513 719
513 715
513 712
512 708
513 702
513 696
513 690
513 685
513 684
514 680
514 674
515 667
515 665
509 509
514 506
514 502
513 496
515 491
513 486
513 483
513 478
514 474
513 470
514 465
514 461
512 457
513 452
513 450
514 441
514 437
512 432
513 427
513 422
513 417
514 411
512 405
515 400
513 394
514 390
513 385
514 380
513 376
513 370
514 364
514 360
514 355
513 351
512 346
513 341
513 338
513 334
515 329
514 327
514 322
514 317
513 313
514 309
514 305
513 301
513 298
513 293
513 288
512 284
514 280
521 275
514 272
513 267
514 263
513 260
512 256
744 159
707 157
688 154
701 153
666 151
714 149
655 147
688 146
636 145
659 142
625 142
671 142
677 139
714 140
656 138
645 136
695 135
685 133
617 131
609 131
642 130
658 128
625 129
610 127
648 124
637 126
594 126
622 116
650 122
625 120
594 119
592 120
626 119
607 118
603 118
600 117
601 117
609 117
600 116
593 116
572 116
546 116
573 116
590 114
575 115
573 115
568 118
555 115
541 117
556 115
549 115
558 115
576 116
569 116
546 117
522 118
520 120
512 165
514 164
513 167
514 169
513 172
515 174
514 177
513 179
513 183
514 184
513 191
513 193
513 197
513 201
513 205
514 209
513 214
513 218
513 222
516 227
513 233
513 235
515 238
513 239
514 246
513 249
515 252
514 258
513 264
514 266
513 274
513 278
515 283
514 288
514 293
513 298
513 301
515 307
511 309
513 313
513 316
514 322
512 328
514 331
514 340
515 342
514 347
514 349
513 355
520 361
513 365
514 369
514 372
513 376
513 383
513 387
513 391
514 558
514 560
513 564
514 569
511 573
514 576
511 581
515 586
512 588
515 595
512 599
514 606
513 612
513 617
512 622
513 627
512 634
513 638
513 643
513 647
513 653
513 658
513 662
513 667
512 673
513 678
512 681
513 686
514 690
514 695
514 699
513 702
512 708
514 711
513 715
513 719
513 725
513 728
514 734
514 736
514 741
514 745
512 749
512 753
514 757
514 761
513 764
513 769
513 774
513 777
513 781
509 784
408 786
360 790
341 794
235 796
200 800
322 892
387 893
359 894
372 894
408 897
366 898
358 899
359 901
393 902
396 903
359 904
374 906
411 906
424 908
346 910
401 909
403 910
420 912
370 912
410 914
445 915
456 921
391 917
404 917
409 917
408 918
388 917
419 919
418 923
456 920
440 920
427 920
430 921
451 922
457 921
431 921
451 922
476 922
464 922
451 923
457 923
463 922
460 922
474 921
477 921
467 921
473 923
484 921
496 919
503 920
512 918
512 915
513 912
514 909
514 908
512 906
513 902
514 824
513 820
513 818
513 815
513 811
513 805
513 801
515 796
514 798
512 785
518 786
514 778
513 776
513 772
513 768
518 761
512 759
513 756
514 748
514 745
513 739
513 735
514 731
514 726
513 722
513 718
512 713
513 710
513 703
513 699
514 694
514 689
514 684
513 680
513 677
513 673
513 668
513 663
514 658
515 654
513 650
512 644
512 637
516 631
512 627
513 622
514 614
515 608
513 603
514 595
515 591
515 589
512 584
514 580
514 575
515 571
512 440
514 436
515 432
514 430
513 424
513 419
514 413
514 408
514 403
512 398
514 393
513 388
513 384
513 379
513 374
514 369
514 361
514 359
513 354
513 349
514 345
512 340
513 335
514 331
514 328
514 324
514 319
513 316
514 312
513 308
513 304
513 299
513 295
514 292
514 288
514 283
513 276
514 275
514 271
513 267
513 261
513 258
515 254
520 248
638 248
686 246
669 241
649 237
760 238
863 235
861 231
847 226
800 222
806 219
824 215
799 210
774 208
768 132
626 129
628 128
617 129
587 127
622 127
618 125
604 125
617 123
654 123
610 122
591 122
581 121
650 119
607 119
621 116
589 119
619 118
598 117
593 116
598 117
573 116
586 113
600 115
598 116
591 117
569 117
559 115
552 114
550 114
571 115
600 116
576 115
555 115
551 116
536 117
525 117
523 118
519 120
516 122
517 124
514 126
513 127
515 128
513 132
513 132
515 134
514 134
514 135
513 137
512 139
513 139
513 142
513 143
514 145
513 146
513 150
513 273
514 274
514 278
513 283
513 287
516 294
513 297
513 303
514 306
513 311
514 315
513 319
514 325
513 330
514 335
513 342
514 344
514 347
514 351
515 360
513 364
510 354
514 368
514 373
513 382
510 387
517 389
513 391
513 400
514 409
510 412
515 416
514 422
514 429
513 437
514 440
515 445
513 453
510 455
514 457
514 461
513 465
514 470
513 473
513 476
511 481
512 486
511 490
514 496
512 502
514 507
514 511
513 518
511 525
514 529
514 534
514 539
514 701
513 704
514 707
514 710
513 713
513 716
514 720
514 725
514 730
510 722
514 739
513 743
513 747
513 751
513 755
514 758
513 763
513 767
514 770
513 775
513 779
513 782
463 785
399 789
393 792
410 796
295 796
187 799
182 803
209 808
237 811
240 813
232 819
228 823
227 826
252 830
264 833
266 835
274 839
294 842
264 844
274 848
273 850
262 853
259 855
298 858
290 866
245 864
273 867
234 871
281 874
208 877
264 879
294 880
337 883
331 885
309 886
416 907
385 907
381 908
392 910
406 911
382 912
418 914
426 913
411 914
413 914
378 913
376 915
377 906
399 914
458 919
428 919
431 919
431 920
450 920
436 921
434 920
440 922
441 922
457 922
456 922
450 923
474 922
449 921
441 922
461 921
465 922
466 924
467 922
475 922
477 921
470 920
493 919
505 918
511 917
512 916
512 914
513 911
513 909
514 907
513 905
513 904
512 904
513 896
525 900
512 902
516 896
512 897
513 895
513 894
514 892
513 890
513 885
513 818
513 817
513 812
513 810
513 804
513 798
517 795
512 779
514 788
516 783
511 776
512 772
513 769
513 764
513 761
513 758
513 754
513 749
513 744
513 740
513 736
514 732
513 727
513 722
513 716
517 712
517 708
513 703
513 698
513 693
513 688
514 683
513 679
514 675
513 670
514 665
514 661
512 658
513 652
515 647
515 641
514 636
512 630
513 624
514 618
513 613
514 606
513 602
513 596
514 590
513 586
513 583
513 578
513 572
516 570
511 567
513 564
513 453
514 449
513 443
513 438
513 434
514 429
515 422
514 417
515 413
515 407
514 401
513 396
514 391
512 386
513 380
514 376
515 371
515 365
514 358
513 358
513 354
514 348
514 344
514 339
514 335
514 332
514 332
514 323
514 319
513 315
515 310
513 306
513 301
515 298
514 293
513 290
514 285
517 282
514 278
514 273
514 269
513 266
513 261
513 258
515 255
520 250
635 248
648 244
657 241
625 237
818 238
902 234
868 227
847 225
795 220
761 217
801 213
673 153
643 151
676 150
708 150
709 147
646 146
686 145
674 144
705 141
654 141
684 139
631 140
642 137
670 134
689 136
670 133
609 131
670 131
662 130
614 128
580 128
643 125
658 125
638 126
611 122
630 124
665 121
621 120
603 119
623 119
612 118
619 116
578 117
575 117
605 117
584 117
599 117
589 116
580 116
585 115
572 116
552 115
560 115
580 115
559 115
586 115
603 115
578 114
535 110
535 115
535 116
539 115
550 117
529 118
519 121
516 122
514 123
514 168
512 170
514 168
515 173
513 177
514 178
513 182
514 186
514 189
514 193
517 194
514 200
513 205
514 208
513 213
514 217
513 221
513 225
514 228
514 228
514 237
513 242
513 246
514 251
514 255
513 259
514 264
513 267
514 272
513 277
513 281
512 287
513 292
513 297
514 301
514 304
513 308
513 312
513 318
514 322
513 327
514 332
514 337
514 341
514 346
514 352
513 355
514 360
513 365
514 371
513 373
514 376
514 381
514 387
514 392
514 396
513 556
516 556
513 563
514 563
513 568
512 572
515 576
513 579
513 584
513 589
512 594
514 600
513 606
513 611
511 616
515 621
513 626
513 631
515 635
514 642
514 647
512 652
512 657
513 662
513 666
515 671
514 675
514 680
514 686
513 690
513 695
512 699
514 703
512 707
513 710
513 715
514 719
514 723
513 728
513 732
512 740
514 741
508 742
513 748
513 752
513 756
513 759
512 764
513 768
514 774
514 776
513 780
513 783
456 786
407 790
407 794
382 796
197 887
354 888
345 889
309 890
359 892
348 893
386 895
387 896
347 898
360 899
387 900
388 902
371 903
363 904
354 904
368 907
386 907
379 909
397 909
377 910
394 911
390 912
372 913
367 913
397 915
425 916
413 920
406 915
452 924
475 919
428 919
426 920
393 921
426 921
456 924
466 921
452 925
456 922
449 923
444 921
459 922
458 921
448 921
453 922
469 922
468 922
484 922
484 921
473 922
473 921
482 920
500 919
509 918
511 917
514 914
512 912
512 909
512 842
514 840
513 837
513 835
513 829
513 825
513 821
509 817
513 812
513 807
512 804
513 798
514 792
513 785
513 784
516 769
510 773
519 769
514 767
513 764
513 760
513 756
513 753
513 749
513 742
514 739
513 732
515 727
513 724
513 719
513 715
514 710
513 705
513 699
513 694
514 689
513 686
513 683
513 677
513 672
512 670
513 667
513 660
514 654
513 651
513 647
514 640
513 631
516 626
512 625
513 619
513 612
515 603
512 601
513 594
515 588
514 583
511 465
514 461
515 459
513 455
514 452
513 447
514 441
515 436
514 430
513 425
515 420
512 415
513 410
514 405
516 401
513 395
513 391
514 383
515 378
514 373
513 368
515 363
513 360
513 357
513 350
513 345
514 340
514 336
514 332
513 330
513 325
513 322
513 318
513 313
514 309
514 304
514 300
514 295
514 292
513 287
514 284
514 280
513 276
513 271
513 267
513 263
514 258
514 256
516 251
605 250
638 247
634 243
650 239
661 237
880 238
881 232
832 227
661 140
658 143
690 140
679 139
684 138
676 134
681 135
669 130
625 130
643 130
616 130
680 130
665 127
623 124
635 125
639 123
622 122
633 122
612 120
617 120
609 118
618 120
593 121
596 118
578 117
614 117
590 116
607 116
604 116
563 116
571 115
564 115
561 115
564 114
584 115
599 115
581 117
543 116
544 115
560 114
527 115
528 115
548 116
557 118
542 117
526 120
516 121
514 123
514 125
514 127
514 131
515 131
514 132
514 132
515 133
514 137
513 137
513 228
515 231
514 235
514 240
514 246
512 250
512 254
513 258
513 262
513 268
513 270
514 274
513 277
513 282
514 287
513 293
514 296
513 302
513 306
514 312
512 315
514 320
513 326
514 328
514 334
513 339
514 343
513 349
514 352
514 350
514 359
513 365
514 369
514 368
514 377
513 384
510 389
515 390
514 398
514 405
514 412
511 417
514 421
514 427
513 435
512 441
514 443
513 449
514 454
513 458
514 461
512 465
513 468
514 473
511 477
514 481
513 485
514 640
513 645
512 650
513 654
513 660
513 665
513 669
515 674
513 678
513 683
514 687
512 695
512 698
513 700
513 704
513 707
513 712
515 716
514 721
513 725
513 730
513 735
513 740
514 742
516 747
513 750
513 755
513 759
513 762
513 766
514 770
515 773
514 778
513 782
515 785
411 787
391 792
386 796
268 798
193 800
205 804
209 808
244 812
250 816
242 819
227 825
239 826
277 829
279 832
263 835
274 838
276 841
291 844
307 846
299 850
269 852
298 855
411 907
403 909
399 910
383 911
361 912
356 912
436 913
368 914
401 915
426 916
475 917
427 914
426 916
396 925
412 920
419 920
411 920
431 920
439 921
471 921
455 921
421 921
433 923
451 921
444 923
457 923
460 922
460 922
471 923
468 921
472 921
475 920
481 920
491 920
493 920
505 917
513 916
512 915
511 914
513 910
511 908
513 907
513 906
513 904
513 904
513 902
513 901
514 903
516 899
513 898
517 895
514 893
513 891
513 891
513 888
513 886
514 883
513 757
513 755
513 752
512 749
513 745
513 742
514 738
513 732
513 726
513 721
513 717
513 714
513 711
513 706
514 699
514 693
513 688
513 685
513 681
514 676
513 670
514 666
513 663
514 658
513 654
516 647
513 643
513 640
513 634
513 625
515 619
512 616
513 609
514 602
516 595
513 592
514 588
514 582
514 579
513 574
514 571
513 567
513 564
513 559
515 554
514 551
515 547
513 541
513 535
514 530
511 525
513 519
513 513
513 508
512 503
514 497
515 323
513 319
513 317
514 313
513 311
514 306
515 302
514 298
514 294
513 291
513 286
514 283
513 279
513 274
513 271
513 266
513 262
513 258
514 254
520 250
660 248
672 243
664 239
662 236
868 238
887 233
832 229
808 226
791 222
763 218
782 215
795 211
782 208
787 205
751 202
755 200
730 197
719 194
740 190
730 187
742 185
746 182
740 179
721 176
774 173
747 170
723 167
754 164
716 161
734 158
685 158
692 155
680 153
722 151
685 149
684 148
634 146
677 117
529 119
528 120
514 120
514 123
514 124
514 126
513 128
516 130
514 131
515 132
513 134
513 136
513 138
515 133
512 140
514 141
514 141
513 144
514 146
511 149
514 150
514 153
514 155
513 157
513 160
513 161
514 163
513 165
514 168
514 170
513 174
513 176
512 179
514 182
514 186
513 189
513 192
515 196
514 201
515 195
514 209
514 212
513 215
514 219
514 223
513 228
514 235
513 241
513 242
514 246
515 251
514 255
514 259
513 265
513 269
516 273
513 333
513 336
514 337
513 339
515 344
514 348
513 355
514 360
512 365
513 368
514 371
513 376
512 381
512 385
514 389
513 394
513 401
513 407
511 413
513 418
513 425
513 431
514 436
513 442
513 447
513 451
515 454
513 458
514 462
512 466
513 471
512 473
515 477
512 481
514 486
510 493
