976 182
1012 180
994 177
1007 175
975 172
1023 170
970 167
961 163
941 161
960 158
945 157
862 154
863 153
854 148
884 149
846 148
775 146
772 145
865 143
828 141
792 141
753 139
801 138
764 136
749 136
781 133
780 132
753 131
696 131
749 129
761 129
751 127
744 126
757 125
756 124
739 123
732 125
750 122
720 121
745 121
737 120
742 120
688 119
671 118
658 118
674 117
695 118
677 116
662 117
631 115
629 115
662 116
658 118
602 115
608 116
624 115
628 116
272 892
248 894
298 896
260 897
212 900
247 900
256 901
251 902
274 904
263 904
266 906
273 906
293 906
275 909
287 908
250 911
299 913
300 913
316 914
316 915
292 915
291 916
339 916
318 918
339 918
327 917
352 918
365 919
360 918
334 920
351 921
382 920
379 920
388 921
415 921
381 922
384 921
403 921
423 921
424 920
410 921
399 921
419 920
443 920
457 921
464 916
481 918
503 915
503 913
511 913
511 910
512 909
511 907
513 906
512 904
512 903
513 118
661 118
667 121
690 118
681 121
668 117
658 116
674 116
676 117
623 117
626 116
661 118
645 107
624 116
628 116
616 116
617 116
610 116
593 121
593 117
598 117
590 116
576 116
536 120
515 121
515 123
515 125
515 126
514 129
515 132
514 132
514 133
514 135
513 137
514 137
513 141
514 140
515 140
514 145
514 145
513 147
514 148
514 151
513 153
514 155
514 157
513 162
515 162
508 162
515 166
517 173
517 176
514 175
515 178
513 180
514 185
513 182
514 559
514 561
513 566
514 569
513 572
514 577
514 582
514 587
514 591
513 596
514 602
513 607
513 612
514 616
514 622
513 628
513 633
514 639
513 644
513 649
513 654
514 659
513 664
514 668
514 673
514 677
515 682
512 687
514 692
514 698
514 700
513 703
513 707
513 711
513 715
514 720
513 722
513 730
514 734
514 739
514 742
514 746
514 750
514 754
513 757
514 761
514 765
514 768
514 774
512 778
511 781
481 783
324 784
157 787
99 790
47 795
0 797
0 800
205 893
165 894
172 894
168 897
284 899
251 899
215 900
208 897
231 903
239 904
228 905
225 907
266 908
263 908
217 909
259 910
292 911
251 911
244 913
258 914
317 915
322 917
273 917
308 919
351 918
335 918
352 919
342 919
335 919
375 920
362 923
348 921
364 920
371 921
389 920
402 921
406 922
400 918
360 921
359 920
423 923
425 923
420 921
431 921
438 921
438 920
431 920
466 918
496 918
505 918
508 912
511 914
511 910
512 908
512 906
513 904
512 905
513 813
514 809
513 804
514 800
514 795
513 792
513 788
513 784
513 779
513 775
504 771
513 767
514 764
513 759
512 755
510 749
513 744
513 740
514 736
513 732
513 728
513 723
513 718
513 711
512 706
513 703
513 699
513 695
513 688
513 683
513 676
513 677
514 674
513 668
513 660
514 654
512 652
513 647
513 642
514 634
513 630
513 627
512 621
514 613
514 607
513 604
513 597
513 589
513 586
510 577
513 580
513 572
513 569
512 568
513 563
514 557
513 555
514 392
513 388
514 382
514 377
513 373
513 368
513 362
512 358
513 355
513 352
513 344
514 339
513 335
514 330
513 327
513 323
513 319
513 315
513 312
513 306
513 302
513 298
513 294
513 290
513 287
514 282
513 279
513 275
513 272
513 266
515 262
516 257
522 254
600 253
689 254
813 249
1007 247
1009 243
990 236
1023 238
1023 233
1023 229
1023 227
1023 222
1023 218
1023 214
1023 210
1023 207
1023 203
1003 202
998 198
973 195
958 193
981 190
1000 188
793 130
794 129
757 129
761 128
776 126
776 126
780 125
737 124
725 123
731 123
738 121
749 120
734 120
699 119
702 118
710 118
653 118
650 118
667 117
667 116
686 116
658 116
657 116
635 117
622 116
645 114
656 117
618 117
596 115
614 116
628 116
599 116
597 116
569 114
566 117
567 117
552 118
527 120
516 122
515 125
516 126
516 127
514 130
514 131
514 132
514 134
514 133
515 135
515 137
515 139
514 140
512 143
513 144
514 146
514 148
514 149
514 152
514 282
514 287
515 291
514 296
513 301
514 304
515 307
514 312
514 318
514 320
514 325
514 331
513 336
513 342
514 345
514 349
513 354
514 360
513 366
513 369
514 372
513 374
514 379
513 385
513 391
513 395
514 401
514 407
514 414
514 420
513 425
513 431
514 436
514 442
514 449
511 450
514 455
514 459
515 463
513 467
514 469
514 474
514 479
513 482
513 484
514 492
514 497
513 502
514 508
512 515
514 519
514 525
514 530
514 537
514 541
513 544
513 550
513 714
514 718
514 721
514 727
514 731
514 735
513 739
515 744
514 748
515 752
513 757
514 761
512 764
513 768
514 772
513 776
513 781
506 782
395 783
114 785
106 789
126 793
99 796
0 797
0 801
0 805
0 809
0 812
0 816
0 820
0 824
0 827
0 831
0 834
0 837
27 839
14 840
33 846
18 849
21 851
39 855
50 859
15 859
2 864
26 868
43 869
63 873
40 875
54 876
71 880
119 881
84 884
149 885
169 886
210 889
181 891
194 893
193 893
293 894
190 895
256 897
226 901
513 899
513 901
513 898
517 896
512 895
514 896
513 891
513 889
513 887
513 885
514 884
513 881
512 878
514 876
513 874
511 871
514 870
514 867
513 864
513 860
514 858
513 854
512 856
513 847
513 846
513 842
513 839
514 834
513 829
514 826
513 821
512 818
513 814
513 809
513 804
513 798
513 794
513 789
513 786
514 782
514 779
513 773
514 763
514 765
513 760
513 755
513 752
515 748
513 745
512 742
514 734
513 729
513 723
514 720
512 714
514 709
513 646
515 642
514 640
513 634
513 628
513 623
513 617
513 608
513 604
513 599
513 596
513 589
512 582
513 574
510 579
513 576
513 568
513 565
513 563
513 558
513 553
513 548
513 544
513 538
512 532
513 527
512 522
513 513
513 509
513 504
513 500
512 495
513 490
513 485
513 481
513 477
513 473
512 467
514 464
513 459
513 454
512 455
513 447
514 441
513 436
513 431
514 426
512 420
514 415
514 409
513 404
513 398
512 391
513 389
513 386
513 378
513 376
513 274
514 271
514 267
515 262
514 259
518 255
529 253
654 249
737 247
902 252
1001 245
1010 241
1023 238
1023 236
1023 232
1023 228
1023 223
1023 219
1023 216
1023 213
1023 208
1023 205
1023 202
1009 197
998 197
1002 193
967 191
995 188
967 186
1023 183
1023 179
982 173
1023 173
993 170
994 167
981 165
957 162
911 159
887 155
915 155
895 153
857 151
790 150
814 149
828 155
842 144
780 142
790 142
794 139
819 140
738 139
771 136
809 135
788 134
773 133
621 116
641 115
627 114
627 117
603 119
605 112
632 116
630 115
610 119
606 116
607 114
591 117
580 117
568 118
545 119
531 120
521 122
515 125
515 127
515 130
515 131
515 132
513 133
514 135
514 133
513 136
514 137
514 141
514 137
514 141
514 145
513 146
514 147
514 150
513 153
514 155
513 157
511 159
513 163
514 166
512 162
517 169
514 172
513 173
514 175
514 179
513 183
514 184
514 190
513 194
513 196
514 201
515 205
514 210
514 213
513 218
515 223
513 327
514 330
514 334
514 338
515 342
513 347
515 351
513 357
514 360
513 365
515 369
513 374
513 383
514 383
514 388
515 394
513 401
514 406
514 408
514 415
514 421
513 428
514 433
513 438
513 445
513 449
516 453
515 458
513 463
514 466
515 468
514 473
514 478
515 481
514 484
513 490
515 496
514 500
514 504
514 512
514 519
514 523
514 528
515 534
514 540
513 544
513 549
513 553
514 557
514 562
513 565
513 572
514 575
513 579
514 582
513 588
515 593
514 706
515 709
513 712
514 717
514 721
514 726
514 730
514 734
513 738
513 742
513 746
514 749
513 754
513 758
513 762
514 766
514 770
513 773
511 778
509 782
454 784
268 784
128 787
77 791
93 794
66 797
0 801
0 803
0 807
0 811
0 814
0 818
0 822
0 825
0 828
10 832
0 835
22 840
59 841
17 842
63 846
32 849
28 854
69 855
36 859
41 862
7 864
51 866
52 870
95 870
84 876
67 878
107 880
135 883
122 884
136 887
179 889
173 888
238 890
223 895
173 894
196 920
325 921
362 920
359 921
377 920
416 920
381 918
350 921
385 921
407 921
406 921
404 922
437 920
425 920
408 921
408 921
425 920
440 920
460 919
468 918
492 917
506 916
508 915
511 912
512 909
513 907
512 906
512 904
512 906
512 903
513 903
513 901
513 898
513 898
512 888
513 895
513 892
513 890
513 888
513 886
513 884
510 881
512 878
513 873
513 873
513 872
513 871
513 867
513 865
513 862
513 859
514 857
513 854
513 850
513 846
513 843
513 839
514 703
514 699
513 692
513 693
513 684
513 680
513 675
513 671
514 668
513 664
513 658
512 653
513 649
513 644
513 638
513 631
513 628
513 620
513 614
512 608
513 604
513 597
513 591
513 590
512 584
513 579
512 587
513 570
513 569
513 565
512 559
513 554
513 552
513 547
514 541
513 535
513 531
512 526
513 520
513 514
513 507
512 502
513 496
513 493
513 489
513 484
514 475
513 476
513 472
510 466
513 462
513 458
514 454
513 446
513 444
513 440
513 434
514 290
513 286
511 282
514 278
513 274
514 269
514 264
514 258
516 256
522 253
631 248
711 250
863 247
968 243
979 243
980 238
1023 238
1023 236
1023 230
1023 226
1023 222
1023 218
1023 215
1023 210
1023 207
1021 204
1006 198
985 198
988 195
1003 193
1019 190
1003 186
940 183
976 181
1007 177
979 175
999 172
952 167
963 166
955 163
975 163
941 160
929 156
911 154
921 153
836 153
851 149
855 147
855 148
782 146
790 146
812 141
825 141
822 140
773 138
804 116
618 115
626 115
627 117
627 116
605 118
613 117
631 117
600 117
580 117
588 117
583 118
563 119
534 120
526 125
521 122
519 124
513 126
514 129
515 130
515 131
514 133
515 134
514 135
514 136
514 137
513 138
514 140
514 143
513 144
514 146
514 147
514 151
514 152
514 154
514 156
514 158
515 161
515 162
510 165
514 170
514 162
512 175
511 175
514 181
517 182
514 185
513 188
514 192
514 195
514 199
513 203
513 207
514 211
514 215
514 219
514 223
513 380
514 383
514 387
514 391
514 391
514 400
514 408
513 414
513 418
514 424
513 431
514 437
514 441
513 446
514 452
514 455
514 457
514 462
513 469
514 471
514 473
514 477
514 485
513 487
513 491
514 496
513 503
514 508
514 512
514 518
514 525
514 530
513 535
513 539
513 545
515 550
514 554
514 558
513 561
514 566
514 572
514 577
513 581
514 584
514 589
514 594
513 598
513 604
514 609
514 613
514 619
514 624
513 631
513 636
514 641
515 645
514 651
122 781
106 789
107 792
102 796
0 797
0 802
0 805
0 809
0 813
0 817
0 820
0 824
0 828
0 831
1 834
21 837
43 840
49 842
74 845
40 848
17 851
47 854
47 857
66 860
20 863
2 863
0 870
64 871
30 872
47 877
104 879
117 882
152 884
95 887
200 888
169 888
249 890
178 892
203 892
194 894
260 897
223 896
230 898
243 900
268 901
219 903
247 903
258 905
249 906
242 907
229 908
297 913
273 910
301 911
302 914
281 913
270 914
287 915
265 916
330 916
304 917
358 908
513 908
512 906
513 904
514 903
513 903
513 901
513 900
513 900
512 898
513 897
513 895
513 891
513 891
514 889
513 886
513 884
513 882
513 879
513 878
513 875
514 873
513 871
513 867
513 865
513 863
512 860
513 858
513 855
513 852
513 849
513 844
512 841
513 833
512 834
513 829
513 826
514 821
513 816
514 812
513 803
513 805
513 799
513 796
514 790
512 786
514 782
513 778
513 773
513 768
514 761
517 760
512 756
513 752
513 749
515 744
513 739
515 596
513 592
514 587
513 585
514 581
513 579
513 579
518 569
513 566
513 562
513 557
513 553
513 549
513 546
514 538
512 534
513 527
513 523
514 517
513 512
513 507
513 500
513 494
513 494
514 487
513 481
513 476
513 474
514 471
510 466
513 460
513 456
513 451
513 447
513 441
513 436
512 432
513 426
513 421
513 416
513 408
513 405
514 400
513 394
513 389
511 387
513 380
513 375
514 371
513 366
513 361
512 356
514 352
513 346
512 343
513 338
513 335
1023 201
974 198
960 194
962 193
972 189
992 186
1020 184
985 180
945 177
1019 175
989 172
1011 168
965 165
956 163
954 160
928 158
897 156
885 154
913 152
840 150
871 153
808 147
843 141
815 143
751 146
785 143
849 140
791 139
810 137
759 136
792 135
767 134
745 133
781 131
800 130
748 129
739 128
790 124
800 127
770 125
710 124
733 123
766 123
703 121
717 120
733 120
692 121
698 119
668 116
685 118
693 116
684 117
681 117
637 116
638 116
657 116
650 156
514 158
513 160
514 163
513 164
514 166
514 170
515 164
512 175
513 177
515 181
513 184
514 186
514 188
513 193
514 197
514 201
514 204
515 209
513 214
514 223
514 222
514 226
513 229
514 235
514 240
514 244
513 247
513 253
514 255
514 261
514 266
514 270
513 274
514 280
514 285
514 289
514 290
513 297
514 301
514 305
513 310
514 313
514 316
514 322
514 329
516 332
514 340
513 344
513 348
514 351
514 356
513 361
514 366
514 370
514 373
514 378
514 558
514 560
513 563
513 569
513 572
513 576
514 581
514 586
513 591
513 596
513 600
513 604
514 612
514 617
513 622
513 627
514 633
514 639
514 641
514 647
514 652
513 657
514 661
515 667
514 672
514 677
513 682
513 687
514 691
513 695
514 698
514 703
513 707
513 711
513 715
513 720
513 724
513 727
514 732
514 735
514 739
511 743
514 748
514 752
513 757
514 761
514 765
513 769
513 773
512 777
511 781
472 783
310 783
141 786
93 789
52 794
34 795
0 798
1 841
20 844
16 847
29 850
45 853
43 855
26 858
34 861
0 864
71 866
77 871
71 872
52 875
64 877
127 881
92 883
120 880
159 885
202 888
178 889
181 892
164 892
228 894
205 895
209 895
214 897
263 900
202 901
227 903
218 904
229 904
276 904
239 908
262 908
280 908
250 910
286 911
272 911
277 913
249 913
298 915
303 915
341 916
280 917
337 917
321 917
332 919
348 919
359 920
373 920
338 919
381 920
355 920
357 921
383 922
412 923
412 920
394 921
391 919
513 901
513 900
515 899
512 898
513 897
514 893
514 892
513 890
514 888
512 887
513 884
514 880
513 879
513 877
513 873
514 872
514 870
513 868
513 864
513 863
512 859
513 855
513 854
513 850
512 846
513 843
512 840
513 836
513 832
513 829
513 824
513 820
513 815
513 810
513 805
513 800
510 794
514 789
513 787
513 783
513 779
513 773
512 770
514 766
513 762
515 761
513 755
512 751
513 747
513 742
513 735
513 729
513 725
513 722
513 718
513 715
513 593
513 589
513 585
513 581
514 579
513 577
513 571
512 565
513 565
513 560
513 555
513 552
513 551
512 540
512 536
513 531
513 527
513 521
513 512
513 508
514 503
513 498
513 492
513 488
513 485
513 480
513 476
513 471
512 467
513 463
513 458
513 453
513 449
513 444
513 440
513 435
514 429
514 424
513 419
513 414
513 407
513 403
513 397
513 392
512 387
513 382
513 376
513 373
513 368
513 363
513 357
512 353
510 349
511 345
513 341
513 336
514 333
514 239
1005 246
988 237
1023 238
1023 235
1023 231
1023 227
1023 221
1023 219
1023 215
1023 212
1023 207
1023 204
1009 202
999 199
1019 196
1016 193
973 191
973 188
989 185
991 182
992 179
993 177
980 173
993 170
987 167
965 166
987 163
916 160
938 157
925 154
895 152
843 152
884 150
806 148
785 147
786 146
811 146
852 139
810 142
761 140
812 139
792 137
802 135
766 134
805 133
778 132
778 131
741 130
763 129
780 127
716 126
746 126
702 124
757 124
696 123
582 118
572 118
544 119
534 120
523 122
517 121
515 125
515 127
514 130
514 132
514 133
514 134
512 134
513 136
514 137
514 138
514 139
514 141
514 143
513 145
514 147
513 149
512 151
514 154
513 154
514 158
514 161
514 162
514 165
514 168
513 170
514 174
513 171
524 178
511 180
514 185
511 188
514 192
513 194
514 198
514 204
510 206
514 209
514 214
514 219
513 224
514 228
513 233
514 236
513 240
513 244
514 248
515 252
514 258
514 259
514 267
513 271
514 411
514 417
513 421
514 428
514 436
514 442
514 446
514 450
514 455
514 459
513 463
514 465
514 470
514 474
514 478
513 483
514 487
513 491
514 495
514 502
514 507
514 513
514 519
514 525
513 529
513 536
514 541
514 546
514 548
514 554
514 558
514 563
514 567
514 571
514 577
514 579
514 584
514 589
514 594
514 598
514 603
514 609
512 614
514 621
513 626
514 631
513 636
513 641
514 646
514 651
514 656
514 659
513 666
513 670
514 674
513 680
515 794
0 800
0 801
0 805
0 809
0 813
0 818
0 822
0 823
0 827
0 830
13 833
3 836
0 839
35 842
12 845
19 848
24 851
20 853
38 856
57 860
0 861
0 865
29 867
60 872
23 874
18 876
107 881
104 880
173 883
102 885
170 886
187 889
244 889
164 893
194 895
223 894
310 897
191 897
220 898
214 901
298 901
235 903
258 903
293 904
270 906
225 905
243 907
318 908
312 910
294 911
295 911
321 912
274 913
276 914
283 915
341 915
276 917
333 916
316 918
376 919
346 918
512 905
513 904
509 904
512 901
513 902
513 899
512 898
512 896
514 894
513 892
514 891
513 889
513 887
513 886
513 883
513 881
513 878
514 874
512 875
513 871
513 869
513 866
513 864
513 861
513 858
513 854
514 851
513 849
513 845
513 841
513 839
513 836
513 830
512 825
512 822
512 816
512 814
513 809
513 804
513 800
513 796
513 792
513 786
512 783
513 777
514 773
511 769
512 765
514 759
513 755
512 751
513 748
512 744
514 739
513 735
513 730
514 725
513 603
513 598
513 593
513 590
512 586
513 580
512 578
513 573
513 570
513 561
513 562
513 559
513 554
513 549
513 545
513 540
512 533
513 529
513 524
512 517
513 510
514 505
513 501
513 496
513 491
513 486
513 482
512 478
514 474
514 469
514 465
513 461
513 457
513 453
513 448
514 442
513 437
513 433
513 425
515 421
513 415
513 410
513 405
513 400
514 395
513 389
514 386
513 383
522 373
513 371
513 366
513 361
513 356
514 351
513 346
513 342
513 339
1023 217
1023 214
1023 210
1023 207
1021 206
1009 200
1023 198
992 195
1012 191
986 189
1023 187
986 183
990 180
966 178
971 175
1023 170
988 169
969 166
948 163
952 160
909 156
940 156
884 154
889 152
847 150
898 148
841 147
845 146
782 144
810 141
761 140
819 137
783 141
767 137
782 136
780 135
746 134
750 134
782 132
769 130
718 129
735 128
769 130
788 126
724 125
706 124
770 123
760 122
729 123
716 124
718 121
703 119
714 120
707 119
688 119
701 125
721 125
723 123
760 125
726 122
735 121
727 120
711 121
695 119
693 119
685 119
648 119
671 117
670 118
661 117
650 117
637 117
662 117
653 116
630 116
617 116
619 116
619 118
617 113
615 114
614 117
630 113
623 119
586 117
562 119
537 119
525 121
521 122
518 124
515 124
515 128
515 132
516 131
514 132
514 132
514 135
513 137
513 137
514 137
515 140
514 142
514 144
514 146
515 147
514 150
514 152
514 154
514 156
513 158
514 161
514 163
514 166
514 401
514 406
513 415
513 420
513 422
514 426
514 435
513 445
513 444
514 448
514 456
513 462
515 465
514 464
514 469
514 475
513 478
514 480
514 488
513 494
513 496
514 501
515 508
513 514
513 518
513 523
515 530
513 536
513 540
514 545
514 551
514 554
513 558
514 563
514 568
514 571
513 573
514 579
515 584
513 589
513 594
514 599
514 604
514 610
514 616
514 621
514 625
513 631
514 636
513 641
514 646
513 651
513 655
514 659
515 666
514 669
515 673
513 863
32 863
33 863
25 866
53 870
65 875
81 874
92 878
94 880
112 881
113 882
149 885
158 887
187 889
152 891
267 892
174 894
165 894
187 897
229 898
227 900
196 898
206 902
268 903
217 904
232 905
238 906
294 908
220 909
231 909
265 910
318 912
279 913
256 911
299 914
296 915
322 916
313 916
325 917
325 918
360 918
336 920
366 919
362 920
313 920
375 920
371 921
350 921
402 921
383 921
354 921
406 921
399 921
399 921
418 921
411 922
416 920
431 921
513 859
513 858
513 854
514 852
513 849
512 845
513 845
513 838
513 833
513 830
513 826
513 821
513 818
513 813
513 809
512 805
511 801
513 795
514 790
512 788
514 783
513 778
513 774
513 767
514 764
513 760
512 760
514 751
513 748
512 743
513 739
513 735
513 730
513 726
513 722
513 716
513 710
513 704
513 701
513 697
513 693
513 689
513 682
514 677
513 673
514 670
513 667
513 661
513 655
514 652
513 648
514 642
513 635
513 630
513 624
513 617
514 610
513 443
513 438
513 436
514 426
514 426
514 421
513 416
513 411
514 405
513 401
513 396
513 390
516 384
513 380
513 375
512 372
527 366
513 360
513 356
513 351
513 346
513 341
514 337
514 334
514 330
513 327
513 322
514 318
513 314
513 309
513 305
513 301
513 296
513 292
513 289
513 285
513 281
513 277
512 272
513 268
514 264
513 260
515 257
525 254
593 252
693 249
865 249
978 246
998 244
1016 238
1023 234
1023 233
1023 225
1023 223
1023 220
1023 216
627 116
620 116
623 115
648 116
618 115
626 115
631 116
587 115
582 118
611 118
615 116
603 119
584 117
549 118
532 119
519 121
516 124
515 125
515 126
515 129
515 130
514 132
514 133
515 135
514 136
514 137
514 137
514 139
514 142
514 142
514 144
515 146
513 148
514 150
513 153
513 155
514 157
514 159
514 162
514 165
514 166
513 173
514 171
514 174
514 177
513 181
506 184
514 184
515 192
512 194
515 196
514 202
514 204
514 209
514 213
514 218
514 222
513 277
514 279
514 285
515 289
513 296
514 302
513 306
514 310
513 313
515 318
514 322
514 328
514 334
514 339
513 343
514 345
515 350
513 355
514 360
514 363
515 369
514 373
514 378
514 382
513 386
513 393
514 399
514 404
514 407
513 416
514 422
514 428
513 432
514 437
513 444
513 449
513 452
513 454
514 460
514 464
513 468
513 471
514 476
514 480
513 486
514 488
514 495
513 499
514 504
514 510
514 516
513 523
514 526
514 532
514 538
513 542
514 548
514 664
514 667
515 671
514 671
514 678
514 681
514 686
515 691
513 696
514 701
513 705
513 706
513 710
513 714
514 720
513 725
514 729
514 734
514 738
513 742
514 746
513 750
514 753
513 758
513 761
514 766
514 768
515 772
513 775
511 781
505 783
396 785
163 784
86 789
68 792
73 796
0 799
0 803
0 808
0 811
0 816
0 819
0 822
0 826
0 829
26 833
3 835
0 838
63 841
44 843
29 846
62 850
3 853
49 856
26 858
70 862
14 864
13 867
30 871
36 873
102 875
268 909
260 909
249 910
285 911
310 912
