513 873
513 871
513 868
514 867
513 864
514 862
512 858
512 857
513 860
513 850
513 847
512 843
514 839
513 835
513 832
513 826
515 821
513 818
514 813
512 809
514 805
513 799
513 793
512 791
514 782
513 784
513 780
513 776
513 773
513 769
513 764
513 757
512 753
512 747
513 743
513 738
513 735
513 730
514 729
513 721
513 717
513 712
513 707
513 702
513 696
513 692
513 688
512 684
513 679
513 674
513 670
513 667
513 662
514 656
514 650
513 646
513 642
514 226
514 229
514 233
513 237
514 242
513 246
514 251
513 256
513 259
514 264
513 271
512 275
513 278
513 282
514 286
513 291
513 295
514 299
514 303
514 307
513 311
514 316
513 321
513 334
514 331
514 336
514 340
513 345
514 350
513 357
513 362
513 364
514 367
513 372
514 378
513 382
514 387
514 391
514 396
513 403
512 409
515 414
513 418
514 431
514 431
513 437
513 442
514 448
513 453
514 456
514 466
513 465
513 470
513 472
514 475
513 479
513 484
513 717
513 711
513 705
514 703
513 699
513 696
513 690
514 685
513 680
513 675
512 673
513 669
513 663
514 658
514 657
513 652
513 643
515 636
513 633
512 629
513 623
512 610
516 605
511 604
514 599
513 592
514 586
513 585
513 581
513 575
515 571
514 570
513 565
513 560
514 556
513 553
514 548
513 541
513 538
513 534
513 526
514 520
513 516
513 510
514 504
514 498
514 494
513 490
512 486
514 480
512 476
514 473
513 468
513 464
515 459
513 456
512 450
751 154
781 148
782 147
749 146
703 144
728 143
731 143
698 139
736 138
764 137
760 136
712 135
725 133
713 132
710 132
707 130
714 129
715 129
666 127
704 126
687 125
725 124
675 123
676 122
675 121
704 121
640 119
634 120
638 119
651 118
661 118
658 117
667 117
615 116
641 115
615 116
588 116
582 116
593 115
623 116
620 116
584 119
585 115
591 116
559 115
558 118
594 116
585 116
557 117
540 117
533 118
524 120
519 121
516 124
513 126
516 128
515 129
513 207
513 211
514 214
514 220
513 225
513 228
514 233
514 237
509 241
513 244
514 248
514 252
513 256
514 260
513 264
514 269
513 273
514 278
514 285
514 289
513 294
513 298
513 303
513 307
513 310
513 315
514 320
514 325
514 330
513 334
514 340
513 344
514 344
514 352
514 357
513 361
514 365
514 369
513 374
512 380
514 384
514 388
514 397
514 400
512 407
514 411
513 415
514 422
513 430
513 438
514 440
514 443
514 451
513 454
515 458
513 462
512 622
514 629
514 630
513 636
514 640
513 645
514 650
514 655
514 660
514 664
513 670
513 675
511 680
513 682
513 686
514 692
514 696
514 702
514 705
513 709
513 717
513 718
513 719
513 727
513 731
513 736
514 739
514 743
513 747
513 750
513 755
512 760
513 764
513 768
513 771
513 773
514 778
509 782
411 785
318 787
270 791
232 794
175 796
50 799
46 802
82 808
53 811
96 814
91 817
75 821
95 826
76 829
93 832
146 835
151 838
176 842
169 843
140 843
144 909
343 909
338 911
319 910
320 912
380 915
343 912
342 915
326 912
401 916
341 916
370 917
358 918
403 919
353 919
366 920
395 919
381 920
428 921
421 921
394 921
424 921
436 923
439 921
431 922
406 922
409 921
436 921
454 920
455 920
472 921
448 920
432 920
448 921
483 919
502 918
502 917
512 914
513 913
513 910
513 909
513 906
512 908
513 905
513 903
513 902
513 902
511 900
513 894
513 896
512 897
512 892
514 891
513 890
513 887
510 886
513 884
512 789
513 787
514 794
513 778
511 775
513 770
513 765
513 761
513 757
513 753
513 749
513 744
513 739
513 738
513 729
513 726
513 719
513 717
512 713
513 707
513 702
514 696
514 691
513 686
512 682
513 678
513 674
513 670
512 666
513 662
514 656
515 652
514 647
513 642
514 635
514 628
514 624
511 620
518 610
513 608
514 600
512 596
513 592
513 585
513 582
513 578
510 573
514 569
513 567
513 563
513 559
512 554
514 550
512 546
513 540
513 535
513 530
513 356
513 353
514 349
514 346
513 342
513 339
513 334
514 329
514 326
513 322
513 317
512 314
513 310
513 304
513 302
512 297
513 290
513 289
513 285
514 281
510 277
510 273
513 265
512 267
516 260
513 255
522 252
649 251
745 249
803 245
804 241
766 236
960 238
1023 233
992 228
994 226
952 222
952 218
953 215
924 210
952 207
919 205
883 202
883 200
858 195
884 192
847 189
880 186
907 183
891 181
879 177
841 175
868 172
860 166
886 167
824 163
872 162
650 117
628 116
643 116
601 116
611 114
604 113
623 116
584 116
601 115
596 115
586 115
587 112
610 116
613 116
586 114
571 116
556 116
563 117
564 118
543 119
523 119
512 117
514 122
515 124
514 126
515 129
514 130
514 132
514 133
514 133
514 135
513 136
512 138
514 139
514 141
514 143
514 144
514 146
513 148
512 150
513 150
514 154
514 157
513 159
515 161
514 164
513 166
513 168
514 170
514 174
513 178
513 181
514 183
514 186
513 189
514 193
514 196
513 469
514 471
513 475
514 480
514 483
514 488
513 493
514 500
512 503
513 506
512 515
514 521
513 527
514 531
512 537
514 541
512 540
512 552
513 556
512 557
513 563
514 568
512 573
513 576
512 582
513 587
513 590
513 595
512 600
514 607
511 612
513 616
513 622
513 627
513 633
513 637
513 641
513 646
514 650
513 657
513 662
513 667
512 671
513 678
513 683
513 687
514 692
514 696
514 700
514 702
513 707
513 711
514 715
513 720
512 724
514 728
515 731
511 782
472 779
363 786
279 790
275 792
249 796
130 796
54 800
31 804
54 809
66 813
64 813
97 819
76 823
118 828
118 830
109 833
123 837
102 839
149 836
185 847
163 847
177 851
159 853
164 856
144 859
184 862
140 865
160 868
189 872
163 874
189 874
161 879
212 881
240 883
263 885
230 887
269 889
216 889
312 892
271 893
294 894
309 895
345 898
263 898
299 901
273 900
308 902
285 904
277 901
295 906
334 907
325 906
351 909
368 910
318 912
298 912
308 922
428 921
423 921
422 920
447 920
471 921
468 920
460 920
458 919
497 919
499 917
507 916
510 914
512 912
511 910
513 908
513 905
513 904
512 902
512 902
513 902
513 900
513 898
513 895
513 895
513 894
513 893
513 889
513 887
513 886
513 884
513 881
509 878
513 876
512 874
514 872
513 869
512 867
513 865
513 862
513 860
513 857
513 854
512 851
513 845
513 843
513 839
513 838
513 832
514 828
511 824
513 818
514 814
514 810
513 806
513 801
514 797
513 697
513 694
514 689
513 681
513 683
513 678
514 670
513 668
513 665
513 659
513 654
514 648
514 643
514 635
514 631
513 627
513 622
513 614
514 611
511 604
509 595
513 593
513 588
513 584
514 581
513 576
513 571
514 569
512 565
514 560
515 554
513 552
513 548
513 542
515 536
512 533
513 526
513 520
515 515
511 511
514 504
513 498
514 490
512 490
513 486
513 480
514 477
512 474
513 469
514 463
514 460
512 456
513 451
514 445
513 452
515 434
514 428
507 324
514 320
513 316
513 311
513 307
513 303
513 299
513 295
513 290
513 286
513 283
514 278
513 275
503 272
516 265
512 261
514 262
514 255
527 253
671 251
754 248
790 238
829 240
820 238
1014 236
1023 230
984 228
970 226
973 220
956 217
965 212
926 209
882 206
907 203
876 200
884 197
872 195
866 191
866 189
850 186
869 183
873 176
888 177
893 175
895 171
892 168
860 165
824 163
865 155
820 157
813 155
789 151
794 148
745 151
748 147
739 149
738 146
663 121
686 120
638 120
668 118
680 118
642 118
650 118
617 117
625 117
608 116
622 117
622 116
613 115
606 116
589 116
596 115
603 115
587 116
600 116
600 116
583 116
555 117
565 117
576 117
566 117
541 119
528 120
518 122
516 123
514 128
514 127
515 128
514 130
514 130
514 133
512 134
514 135
514 134
513 139
514 140
513 142
513 144
514 145
514 148
514 150
513 151
514 153
514 155
514 158
513 161
514 160
514 164
514 168
514 170
514 172
514 175
513 179
514 314
513 317
513 320
514 323
513 329
513 335
514 341
513 346
513 349
514 352
514 357
514 363
513 368
514 371
514 375
514 378
513 385
512 389
515 392
513 400
512 408
512 413
515 416
514 421
513 430
511 437
514 439
514 443
513 451
512 457
514 459
514 461
514 460
513 470
514 473
515 476
514 482
514 486
514 490
513 494
514 501
513 506
514 512
513 517
513 524
513 531
514 535
513 539
515 545
513 549
515 553
512 558
513 562
513 566
513 566
515 574
513 579
513 725
514 728
513 732
515 735
513 739
514 743
514 747
514 751
513 755
514 759
513 763
513 769
514 773
513 770
513 780
509 783
413 785
268 788
239 792
243 796
169 796
109 800
82 804
40 809
101 811
84 813
90 819
99 821
69 825
102 828
119 832
128 834
160 838
136 840
165 844
147 846
158 846
170 869
136 856
156 859
182 862
160 864
155 868
152 865
179 872
223 876
184 878
209 880
209 882
239 886
218 889
243 888
222 890
331 893
266 891
279 894
265 895
323 921
413 920
443 921
420 921
407 922
417 921
452 922
448 921
427 922
433 921
433 921
434 920
444 919
453 920
459 921
474 918
504 918
513 916
510 908
510 913
512 911
513 908
514 908
513 905
513 904
513 899
512 902
513 902
512 900
514 899
513 895
515 900
513 893
513 890
513 889
513 887
513 885
512 884
514 881
512 878
513 875
514 874
513 872
513 869
513 867
513 864
513 861
512 858
514 850
513 852
513 849
514 845
512 841
513 839
513 836
513 831
513 826
513 710
513 707
513 703
514 698
514 691
513 684
514 680
514 678
513 674
513 667
515 664
513 660
511 657
514 653
514 648
513 640
514 635
513 630
514 625
512 613
513 611
513 605
501 594
515 596
513 590
513 586
513 575
513 577
514 573
513 570
513 567
513 565
513 558
514 554
513 550
513 546
513 540
512 534
513 530
512 524
514 516
513 512
513 507
514 500
513 495
515 490
513 487
513 483
514 478
513 474
513 470
513 464
513 461
514 456
514 453
513 448
512 441
514 286
513 282
513 279
514 276
514 272
507 268
502 269
513 260
513 257
518 253
618 249
739 249
775 246
786 242
774 239
897 239
1022 235
983 231
981 227
980 223
958 214
1022 215
972 213
946 208
912 204
862 202
898 199
884 191
865 193
852 190
872 187
902 184
878 181
890 179
828 175
856 173
907 171
879 167
833 164
867 161
849 154
816 158
796 158
742 154
810 154
746 151
758 149
702 149
775 145
722 144
728 143
690 137
797 139
749 139
726 136
690 134
748 134
564 118
599 117
574 117
571 117
559 116
539 118
526 119
521 120
514 122
514 124
515 127
514 131
515 130
514 132
514 135
514 134
513 135
514 136
514 137
514 140
513 141
514 143
514 144
514 146
514 148
514 150
513 152
514 155
514 157
514 160
515 162
514 164
514 166
513 168
513 171
514 174
513 177
513 179
514 181
513 186
514 189
513 194
513 196
514 199
514 203
514 207
513 212
514 216
514 221
514 225
514 227
514 235
514 238
514 244
513 249
513 253
513 256
513 411
515 415
515 420
514 425
513 432
513 438
514 442
514 446
514 452
513 457
513 460
514 464
513 468
513 471
513 476
513 477
515 483
513 488
513 494
513 499
513 504
514 510
514 512
513 521
513 525
514 533
511 538
516 540
513 545
513 549
512 556
513 559
512 563
514 568
512 573
513 577
514 580
514 586
513 592
515 594
514 598
514 605
513 612
512 617
514 621
513 627
513 633
513 638
515 643
513 647
513 652
514 658
513 660
513 668
513 673
513 678
513 790
215 792
207 797
206 797
108 800
74 801
37 805
70 809
77 813
70 817
109 821
83 824
131 827
113 831
89 833
136 837
150 840
175 842
158 844
136 849
179 851
147 852
188 856
161 859
156 862
164 865
173 868
178 871
171 875
158 877
199 879
239 882
220 883
242 885
260 887
294 888
252 890
257 890
248 892
307 895
324 896
307 897
280 897
301 900
293 901
276 904
297 904
328 905
310 906
310 907
328 908
346 909
304 910
322 913
332 911
373 913
317 914
363 914
353 903
513 902
513 901
513 903
512 900
513 900
512 898
515 904
512 894
514 892
513 891
513 887
513 887
513 884
512 882
513 880
513 877
513 875
513 872
513 870
513 868
512 868
513 863
513 860
513 858
513 855
514 851
512 848
513 846
513 840
513 836
513 832
514 827
514 823
513 819
513 814
513 812
513 806
515 802
514 796
512 792
513 788
512 783
513 781
513 776
513 771
514 768
519 762
514 759
514 756
513 751
513 750
513 743
514 737
513 731
513 727
513 723
513 754
513 750
513 746
513 742
512 740
514 735
513 733
513 724
513 718
514 715
514 712
512 708
513 702
513 697
513 690
513 686
513 683
513 679
513 674
513 668
514 666
512 662
513 658
513 652
513 646
514 640
513 635
513 629
514 624
512 616
513 611
513 606
514 599
512 595
488 591
514 586
514 582
514 578
514 574
513 571
513 565
513 562
513 559
514 554
513 548
515 545
513 539
514 535
513 529
513 523
514 519
513 512
513 507
513 502
514 495
514 491
513 487
980 234
976 231
993 227
928 225
932 221
906 217
975 214
948 211
912 206
913 205
841 201
842 198
864 197
836 192
868 190
845 187
876 185
872 181
867 179
862 175
861 173
892 169
859 166
861 164
827 162
835 159
817 158
798 154
809 153
795 151
752 149
752 149
711 145
759 148
730 144
710 142
692 142
751 140
731 138
720 137
716 135
776 134
714 134
698 132
683 130
733 129
736 129
703 128
708 127
683 125
667 126
676 123
676 124
696 122
646 121
658 121
676 119
514 141
513 142
514 143
514 144
514 146
514 148
514 149
514 152
514 155
514 156
514 159
513 163
514 165
514 167
513 168
513 172
514 174
515 178
513 180
514 184
514 186
514 189
513 193
514 194
513 201
514 205
514 209
514 214
514 217
514 222
513 228
514 230
514 236
514 240
514 242
514 246
513 250
513 254
514 258
514 263
511 268
513 273
513 279
513 283
513 288
513 291
514 295
513 301
514 306
514 310
513 314
514 317
513 321
514 329
513 335
513 339
514 343
514 457
514 460
514 464
513 468
514 470
513 476
513 480
514 485
515 488
514 494
513 500
514 505
513 509
514 515
513 521
513 527
511 532
513 538
514 543
515 547
513 552
514 558
515 559
514 564
512 567
514 573
513 577
514 582
512 586
513 591
514 595
515 600
514 605
513 612
513 616
513 622
512 627
511 635
512 638
514 642
514 648
513 653
513 658
514 662
514 668
513 671
513 677
513 683
514 686
513 691
514 695
514 699
514 703
513 707
514 711
513 716
513 721
60 807
87 809
101 814
95 817
121 821
96 825
141 827
139 830
120 833
160 836
143 839
169 842
189 845
162 849
154 851
146 855
155 857
119 859
159 863
185 867
146 868
173 871
169 876
148 877
191 880
196 880
215 884
220 885
239 887
266 888
265 891
280 892
249 893
261 894
302 895
292 897
267 897
283 900
304 902
314 898
346 903
287 904
340 905
334 907
330 908
301 908
319 910
320 911
337 912
341 913
329 915
390 914
333 915
395 917
329 917
376 918
390 923
504 917
511 915
514 917
511 914
513 911
513 911
512 907
512 907
514 905
512 904
511 901
512 902
512 901
513 899
512 897
510 896
514 894
513 888
513 890
513 887
513 886
512 884
513 882
513 879
513 877
513 875
513 873
513 871
513 868
513 866
513 862
514 859
513 857
513 853
513 850
513 846
513 842
513 839
513 836
513 831
513 829
513 824
513 819
514 814
513 811
513 805
513 801
512 796
513 792
514 787
513 783
513 778
513 774
514 769
513 766
513 763
516 762
513 657
514 653
513 650
514 643
514 638
513 632
514 626
512 621
513 613
514 609
513 603
513 597
513 590
518 590
511 583
519 580
513 575
515 570
513 569
513 566
513 559
515 555
512 551
512 548
513 542
514 536
513 532
513 523
514 519
515 515
512 509
513 504
513 497
514 493
512 489
514 486
513 480
514 477
512 473
512 469
513 463
513 459
513 456
513 450
514 444
514 440
513 435
513 430
513 425
512 420
514 414
509 409
516 394
515 398
513 393
513 388
513 384
697 250
734 251
750 243
777 239
806 237
1020 236
1013 232
973 228
944 225
925 221
950 218
973 215
907 209
871 206
872 202
858 200
868 197
861 195
882 193
877 188
859 186
874 184
877 180
846 175
874 174
879 171
856 169
859 166
811 163
854 160
849 157
811 156
803 154
809 152
736 150
764 149
734 149
753 149
769 143
739 144
754 142
764 140
715 139
735 139
727 136
741 135
713 133
706 132
723 131
752 131
708 129
684 130
698 128
686 127
681 126
683 124
703 121
519 121
517 122
516 124
515 125
514 128
515 129
514 131
516 133
513 134
514 135
514 136
512 137
515 138
515 139
514 141
514 143
514 145
514 147
514 149
514 151
513 152
513 156
514 158
514 161
513 165
514 166
513 167
513 170
514 172
513 174
513 179
512 181
514 186
513 186
513 191
513 195
514 197
514 201
512 205
513 210
513 213
514 220
514 224
515 227
514 233
513 236
514 241
514 245
513 250
514 254
513 257
514 262
513 267
514 272
513 277
514 282
514 437
512 441
513 445
513 449
514 450
512 456
514 458
514 461
513 466
514 471
513 474
514 476
512 482
513 487
513 490
513 494
514 501
512 508
514 512
513 517
513 523
512 529
512 534
513 539
513 543
513 550
513 553
513 557
512 563
513 566
512 572
514 573
514 580
511 581
512 588
513 593
514 598
513 603
514 609
515 612
513 620
513 624
515 629
512 635
514 640
513 645
513 650
513 656
513 661
513 665
513 669
513 676
513 681
513 684
512 689
513 693
513 697
514 795
158 796
61 802
33 803
18 808
58 812
70 815
93 819
88 823
80 825
119 829
124 832
146 834
182 838
154 841
179 844
176 846
164 850
149 852
181 852
185 858
168 861
193 864
150 866
165 870
158 873
169 876
152 878
204 880
199 882
245 886
219 887
276 888
242 889
292 890
285 892
287 894
283 894
304 897
310 896
256 900
288 901
296 903
279 903
307 905
332 906
344 907
282 908
314 908
339 909
318 911
317 911
353 913
359 913
368 914
319 915
311 916
357 917
512 904
512 903
514 903
513 901
513 901
513 900
512 900
512 896
512 895
512 893
514 891
516 889
511 887
513 886
513 883
513 881
513 879
513 876
513 874
513 871
514 867
515 866
514 863
513 861
513 858
513 856
514 853
513 850
513 846
512 841
514 838
513 834
513 828
513 825
513 821
513 818
513 813
513 808
513 805
513 801
513 797
513 792
513 787
514 784
513 779
513 774
513 768
514 763
513 759
512 756
504 754
513 750
513 746
513 739
513 735
514 729
513 725
514 568
513 565
513 562
513 558
513 553
513 547
513 544
514 539
514 533
512 527
512 524
513 517
515 511
513 506
513 500
513 496
514 489
514 486
512 483
513 478
514 474
513 470
513 466
514 460
514 455
513 452
514 447
513 442
514 438
514 432
513 427
512 422
513 416
520 408
514 402
512 399
514 394
513 390
513 385
513 379
513 376
513 371
513 364
514 361
517 356
513 352
513 347
512 342
513 338
513 335
513 330
513 326
514 323
514 317
513 312
514 308
513 304
826 192
839 189
845 187
842 185
896 181
873 179
862 176
839 172
843 169
880 163
850 163
812 161
842 159
866 157
787 154
771 153
768 151
785 150
792 149
743 146
738 146
748 144
752 145
729 141
716 139
752 138
726 137
716 137
725 134
726 133
710 132
687 131
692 130
720 128
703 131
710 126
699 126
710 123
692 123
680 122
675 120
674 121
655 120
658 120
654 119
651 116
628 118
633 119
623 120
642 116
658 116
621 116
599 116
586 117
584 116
597 115
597 116
514 146
514 145
514 148
515 150
513 150
513 155
513 157
513 159
513 162
513 163
513 165
515 167
513 171
513 173
513 175
514 182
513 183
514 187
515 189
514 192
514 197
513 201
514 205
513 209
514 213
513 218
514 223
513 228
514 232
513 235
513 240
513 246
514 247
514 250
514 254
514 260
514 264
514 269
514 275
514 278
514 282
512 284
513 292
514 296
514 301
514 303
513 309
514 314
514 316
514 322
513 328
514 333
513 338
515 343
513 349
513 353
513 532
513 539
513 547
514 546
513 550
513 556
513 561
515 562
514 567
512 574
513 577
514 583
515 585
513 593
514 597
514 600
516 606
513 611
513 618
512 624
513 628
513 633
513 639
514 642
514 648
514 652
513 657
513 663
513 668
513 673
514 678
513 683
513 688
514 693
513 697
514 700
515 702
513 708
513 713
514 719
513 724
513 725
514 728
513 733
514 737
514 741
514 745
514 749
513 754
513 757
512 763
514 767
513 771
514 775
513 778
510 781
449 784
363 888
280 888
318 891
295 892
248 895
272 894
307 895
329 897
282 898
267 899
311 901
319 904
310 903
291 905
319 906
299 905
295 908
322 909
344 911
342 911
325 912
341 914
316 914
329 915
333 917
371 917
394 917
367 918
387 917
352 918
392 918
414 920
355 920
406 920
394 920
406 921
417 921
419 922
438 921
435 922
430 921
452 921
429 921
408 921
433 921
451 921
454 921
462 920
473 921
482 920
492 918
504 918
509 916
512 914
512 912
512 909
513 907
512 717
513 718
513 714
513 708
514 704
513 698
513 693
513 687
513 684
513 681
513 677
513 672
513 667
512 662
513 657
513 654
513 646
514 642
512 640
513 634
513 625
515 618
513 609
512 609
514 602
513 596
512 592
514 588
513 583
518 569
515 577
517 571
513 565
514 563
513 559
512 556
514 550
513 546
513 542
513 537
514 530
512 525
513 520
513 513
511 510
512 503
513 498
515 493
514 488
512 484
513 480
513 477
514 472
513 468
514 463
514 458
515 453
513 378
512 376
513 371
514 364
515 363
515 357
513 353
513 348
513 343
513 341
513 337
513 330
513 328
514 324
513 320
513 316
513 311
513 308
513 303
513 299
513 294
513 291
513 286
513 282
514 280
514 273
513 268
513 265
513 261
514 258
518 255
569 252
647 250
748 245
772 243
795 243
827 237
1023 236
1023 231
1017 226
980 223
937 218
924 216
916 212
935 206
920 205
895 201
881 199
868 198
874 194
850 191
843 188
858 185
861 183
870 178
858 177
854 175
678 132
693 131
