512 337
516 335
513 332
514 328
513 324
512 319
512 314
514 310
513 305
515 301
513 295
514 291
514 287
515 282
512 278
517 273
515 267
514 264
515 259
516 255
519 251
698 254
765 247
701 241
689 237
648 233
679 229
628 220
612 222
648 217
661 214
640 209
635 206
652 203
653 199
633 196
609 192
651 190
650 184
643 181
634 178
613 178
628 174
661 169
625 167
615 162
605 160
646 156
653 153
599 151
608 149
621 147
602 145
586 143
557 141
581 140
600 139
509 784
309 783
296 788
355 795
352 798
369 802
368 805
375 809
377 813
371 817
375 820
397 824
369 829
368 832
390 835
389 839
388 842
408 845
383 849
385 852
411 856
391 861
422 862
374 868
377 865
419 872
389 877
411 879
386 883
416 884
440 887
400 889
433 891
408 894
440 895
456 897
427 898
431 900
415 902
473 903
459 904
427 907
428 907
415 908
471 910
445 911
436 911
448 912
488 913
459 915
449 917
433 917
435 918
456 919
471 920
459 925
440 923
514 327
514 324
514 319
514 314
514 311
514 305
515 300
514 297
515 290
514 287
513 282
513 277
513 272
513 268
515 263
516 258
517 254
520 251
696 253
779 246
708 240
706 236
650 232
663 228
633 225
621 221
662 217
650 214
615 209
641 206
674 202
630 199
640 195
629 192
650 189
625 185
645 182
639 180
617 176
648 173
638 170
614 164
639 163
596 157
664 156
624 152
573 150
594 148
598 146
649 146
590 143
559 141
578 140
559 137
634 137
539 136
593 133
513 120
514 121
503 128
514 127
514 129
513 132
513 134
514 134
514 136
513 136
515 138
513 138
511 143
513 145
512 146
514 149
513 153
514 155
513 158
513 160
514 163
513 165
512 168
513 171
513 175
514 178
513 182
513 186
513 190
512 187
513 197
513 201
514 206
514 211
513 215
514 221
513 227
510 231
513 236
508 241
513 246
513 252
513 256
513 260
513 265
514 272
513 275
514 283
513 289
513 294
514 295
516 302
513 307
513 311
513 317
513 323
513 329
513 419
514 422
515 431
512 437
513 444
513 450
513 455
515 458
512 464
512 468
513 472
512 476
507 481
512 485
506 491
512 498
514 502
514 508
515 514
513 521
511 528
514 533
514 541
515 546
513 551
514 557
513 562
512 567
514 568
514 578
511 573
513 585
512 592
514 597
513 602
512 609
513 614
514 620
512 627
511 633
513 639
513 645
512 651
513 656
513 663
513 669
512 675
513 680
513 686
514 690
512 695
514 700
513 704
513 708
512 713
514 717
514 789
290 792
300 796
334 799
349 802
381 807
400 811
362 813
381 817
390 821
398 825
368 828
369 833
381 836
408 839
386 843
369 845
424 848
383 853
406 856
409 860
357 862
404 866
419 867
367 872
385 879
385 879
448 882
437 885
383 888
401 890
401 891
448 893
479 895
405 897
421 899
447 898
412 900
483 903
436 905
447 906
448 908
445 909
450 910
449 910
477 912
419 912
490 913
450 915
423 916
431 916
488 917
495 918
432 920
455 921
449 918
458 924
502 923
502 923
501 921
515 920
513 918
512 914
513 910
511 909
513 907
508 905
513 904
507 902
513 901
513 898
513 898
513 896
513 891
510 892
513 889
513 887
513 886
511 881
514 878
513 877
514 873
513 870
513 867
513 865
513 861
513 858
514 855
512 849
513 847
513 843
513 839
513 834
515 829
512 825
513 821
513 815
509 810
513 805
513 799
513 795
513 793
513 785
513 780
513 774
513 769
513 766
512 761
513 755
513 749
513 745
514 741
513 734
513 730
513 662
511 658
513 653
512 650
513 645
516 637
511 633
513 625
513 619
513 611
516 604
513 599
515 591
512 586
513 580
514 576
512 572
514 568
516 562
513 559
513 554
514 549
514 547
514 538
511 534
513 526
511 522
513 514
519 507
513 502
516 495
512 490
514 483
511 479
513 473
514 468
514 464
515 457
513 455
513 448
513 443
513 439
515 432
513 427
515 421
513 414
513 409
514 402
515 396
514 390
513 385
513 379
513 371
513 366
511 361
513 356
513 348
514 261
515 258
515 256
518 252
522 249
826 249
759 244
711 237
665 232
643 229
679 227
632 222
626 219
645 214
674 209
616 208
623 205
620 200
650 197
653 194
615 190
631 187
646 183
647 180
626 177
608 174
611 169
667 167
622 162
607 159
655 157
633 156
613 152
618 149
555 147
580 144
616 143
606 142
560 140
582 138
598 137
588 136
578 134
580 131
562 131
609 129
572 128
605 127
585 127
537 126
557 124
574 123
599 122
555 121
565 121
607 120
563 118
555 113
521 114
526 112
517 114
519 120
513 118
516 120
514 123
514 128
512 129
515 130
513 132
513 134
513 135
513 135
513 138
514 140
514 141
512 144
513 145
514 149
514 150
513 154
513 156
513 159
513 162
512 165
513 168
514 170
512 172
513 176
514 180
513 184
512 187
513 191
513 195
514 199
513 205
513 209
515 214
513 221
519 226
513 230
510 234
514 239
513 242
514 249
515 253
514 258
515 263
514 268
514 271
515 278
514 287
513 291
514 294
514 300
512 469
514 472
513 474
513 479
512 484
513 489
513 493
513 499
512 506
512 511
512 517
513 525
514 531
513 537
515 541
511 549
510 554
513 559
513 565
515 569
513 579
516 583
514 563
512 589
512 595
513 600
513 606
514 611
513 618
513 625
511 630
512 636
512 643
518 650
513 656
517 659
512 666
513 672
514 677
514 682
513 688
513 693
514 698
513 702
513 708
513 712
512 716
514 721
511 727
513 731
513 736
514 740
514 746
508 748
513 753
513 759
514 764
510 781
511 783
381 781
317 786
336 793
367 797
371 802
330 805
351 809
414 812
400 816
364 820
376 824
405 827
377 831
381 834
361 837
419 841
390 842
397 848
379 852
371 855
422 860
390 862
364 865
392 867
384 874
406 879
421 876
400 882
419 884
414 888
453 889
390 893
400 892
456 895
428 897
464 899
436 900
427 903
443 904
427 906
453 905
427 907
458 910
467 909
466 910
464 912
448 913
402 914
462 915
481 915
472 917
447 918
436 919
465 920
460 921
481 925
481 924
468 925
505 926
469 926
474 925
478 925
487 925
499 925
493 925
475 924
477 923
492 924
508 923
501 922
507 920
514 918
513 916
513 912
513 910
514 908
513 907
514 904
515 904
514 901
513 899
513 898
513 897
513 894
510 888
525 891
513 888
514 885
514 882
513 880
513 877
514 874
515 871
513 869
514 867
517 862
517 859
511 856
512 853
513 849
514 845
513 841
514 836
513 831
513 827
513 822
513 818
512 813
513 807
513 801
514 797
513 793
513 752
513 747
513 743
513 737
513 732
513 726
513 721
513 717
512 711
513 705
515 698
513 695
516 688
513 683
514 679
513 673
521 669
514 664
520 659
513 655
518 647
513 644
518 634
512 628
513 620
514 613
512 608
516 600
514 595
513 588
513 583
513 579
512 574
512 570
515 565
515 562
515 556
515 553
512 548
515 540
512 536
514 529
511 524
515 516
515 510
514 504
514 498
514 492
514 487
514 481
513 477
515 472
513 467
513 461
515 456
514 449
515 412
515 405
513 401
515 397
513 393
515 387
514 380
513 376
513 370
513 364
514 359
514 352
514 346
516 340
513 337
515 333
514 328
515 324
513 319
516 315
515 310
517 305
514 301
520 296
513 291
518 286
515 280
513 276
515 272
514 267
513 263
516 258
519 253
517 250
697 253
747 246
723 241
711 236
644 232
662 226
677 223
643 220
625 216
646 212
651 209
655 206
641 202
602 198
662 196
658 192
628 188
638 185
617 182
632 178
671 175
618 172
615 167
652 144
587 143
601 142
571 140
600 139
578 137
569 136
583 135
571 132
608 131
588 129
598 128
550 128
580 124
576 125
555 125
560 123
572 122
591 121
582 120
555 119
549 119
577 116
583 117
547 116
581 115
540 113
558 114
585 115
551 113
535 113
542 112
529 113
572 113
571 112
540 112
532 112
555 111
546 112
550 112
519 111
533 106
526 115
544 113
531 115
511 116
512 119
514 121
523 126
514 129
514 130
513 134
513 133
513 135
514 135
514 137
513 139
514 178
514 179
514 181
513 184
514 189
512 194
513 198
514 203
513 207
513 210
513 216
513 221
514 228
514 234
518 240
518 241
513 246
513 248
513 258
513 262
513 267
514 270
513 277
513 282
513 288
514 293
514 299
521 302
514 305
519 313
514 319
514 322
514 328
514 336
513 339
514 344
514 352
514 356
514 361
514 366
513 371
513 377
514 380
513 388
512 391
514 397
511 405
512 412
512 420
515 424
513 431
511 437
513 443
510 452
515 453
514 460
515 464
513 543
514 546
514 549
513 553
514 557
511 563
512 566
511 573
514 576
515 582
515 589
514 593
512 598
514 602
513 610
512 616
513 621
514 627
513 633
512 640
514 645
513 651
512 657
513 664
514 669
513 675
512 680
513 686
518 690
513 696
512 701
513 706
522 709
514 713
521 718
513 724
513 727
513 733
513 738
512 743
511 748
526 754
508 757
512 762
512 765
523 771
511 776
512 780
509 786
311 783
291 789
318 793
381 798
374 802
338 807
350 812
390 815
395 867
407 870
378 877
387 876
403 877
417 872
379 883
394 885
406 888
462 890
418 893
410 894
443 896
432 896
465 898
413 901
439 902
452 902
424 905
477 908
409 908
456 909
428 910
485 910
470 912
464 913
463 914
435 915
466 916
464 918
435 918
453 919
471 920
484 920
446 920
480 923
446 922
478 921
487 909
482 924
474 926
463 925
480 925
489 926
501 923
484 925
459 926
499 925
486 925
505 925
476 926
485 924
495 925
507 924
509 918
512 920
513 917
514 896
513 894
520 889
513 888
513 884
514 884
513 881
514 878
513 875
507 873
513 871
513 869
513 865
514 861
513 858
513 855
514 850
513 847
513 843
512 837
514 833
513 828
512 826
513 820
513 814
513 810
513 805
519 800
516 795
513 789
513 784
522 778
513 774
513 769
513 764
513 758
514 754
513 751
512 746
513 739
513 734
513 729
514 724
513 719
514 711
513 706
513 702
513 696
513 689
514 685
513 680
514 676
513 671
514 665
513 660
513 656
514 649
515 553
514 550
514 548
514 543
520 540
513 532
517 526
512 520
513 514
513 507
514 500
514 495
514 489
514 483
514 478
513 472
513 468
513 465
515 457
512 454
514 450
513 443
513 438
515 431
514 426
513 420
515 415
513 408
514 403
513 396
514 391
516 389
512 379
515 372
512 365
515 361
513 356
514 350
513 344
524 338
513 335
514 329
519 324
515 320
514 316
520 309
514 306
513 301
514 297
516 294
514 288
513 282
514 279
513 275
514 269
514 264
514 260
647 195
624 192
621 189
645 186
641 183
619 180
628 177
690 173
640 170
631 166
619 162
599 158
654 155
624 153
643 150
587 149
596 146
625 146
576 143
607 143
592 140
552 137
637 137
526 135
616 133
586 133
619 130
575 129
531 127
596 126
534 125
595 124
582 124
572 123
542 119
556 120
630 120
539 119
566 117
565 117
563 116
584 116
571 114
543 106
551 112
561 114
570 110
542 112
547 113
541 112
554 112
559 112
542 112
527 112
551 111
545 112
545 112
522 141
514 142
512 144
514 145
513 148
522 152
514 156
521 157
514 158
515 163
516 165
512 167
513 170
515 175
514 177
513 180
513 184
514 188
515 193
512 195
516 201
513 205
514 210
513 214
514 219
513 224
514 230
514 235
514 239
514 245
514 250
513 254
514 259
513 265
513 269
513 275
522 280
514 286
514 287
514 294
514 301
514 306
514 310
513 315
513 323
513 327
513 331
512 340
513 343
513 349
513 356
513 360
516 363
511 370
515 373
513 379
512 451
513 453
512 458
514 463
515 467
513 472
514 474
512 478
512 483
512 489
513 495
514 499
512 507
513 512
513 519
512 525
513 531
511 539
514 543
514 550
515 554
513 560
511 567
514 570
513 577
514 581
516 585
507 591
515 596
522 602
513 608
521 613
513 619
513 624
511 632
514 637
513 643
512 649
512 655
513 662
514 666
512 673
512 679
514 683
513 688
513 694
513 699
513 703
514 707
513 711
513 716
513 721
514 726
513 731
513 736
515 741
514 745
511 822
379 825
383 828
383 831
394 835
422 838
366 842
368 846
391 849
410 852
409 856
374 858
367 861
433 865
416 869
357 875
378 871
377 876
424 883
440 886
392 887
391 889
428 890
433 893
467 894
420 897
455 899
442 900
450 902
430 902
427 905
444 905
436 907
461 912
448 909
440 909
469 911
446 912
481 914
424 915
452 915
457 917
477 918
457 920
447 920
454 921
456 922
466 921
496 918
462 922
431 923
496 925
496 925
461 925
499 925
451 925
487 925
488 902
513 901
514 900
513 898
513 897
513 894
522 893
515 890
517 888
513 885
513 882
513 880
513 876
513 876
514 871
512 868
513 866
513 863
513 860
513 856
512 852
513 848
521 844
513 840
522 837
513 831
512 827
514 822
513 819
513 812
513 807
513 801
513 798
514 794
513 787
513 780
513 774
513 770
513 767
513 761
513 755
513 751
513 746
513 743
513 737
513 732
514 728
512 721
514 713
513 709
513 704
514 697
513 693
513 688
513 681
512 678
513 674
514 565
513 563
513 560
513 556
514 551
514 546
514 540
512 537
515 527
512 523
515 516
515 508
515 504
516 496
513 492
513 484
512 481
513 475
513 471
512 465
516 460
513 457
513 451
518 445
514 439
515 434
513 429
513 422
513 415
513 411
513 404
514 398
515 392
513 386
520 380
514 375
514 370
516 366
514 359
515 352
514 346
514 342
514 337
513 333
515 328
514 324
513 319
515 313
514 309
515 305
514 299
515 293
517 291
514 285
515 280
523 276
514 269
516 255
519 252
520 249
712 252
759 245
710 240
677 236
671 231
681 226
652 223
630 219
638 216
668 212
650 209
611 205
638 201
657 196
624 195
630 193
630 188
670 184
639 181
632 178
619 174
634 171
662 167
622 163
603 161
627 157
645 156
646 151
604 149
581 148
610 147
605 144
613 138
591 141
577 137
580 138
599 136
582 135
598 133
550 132
618 130
572 131
553 127
581 125
577 126
581 125
561 124
551 123
581 122
558 122
604 119
588 118
551 117
541 117
536 112
536 112
533 111
555 112
546 112
563 112
530 113
532 111
526 112
560 113
554 112
526 113
525 112
520 115
518 118
513 119
514 122
513 125
514 125
513 129
515 131
513 133
514 135
514 136
514 137
514 139
513 141
521 142
513 146
514 147
511 151
515 153
513 155
513 158
514 161
513 163
513 166
513 169
513 172
513 175
513 179
513 180
514 186
512 189
513 193
514 195
513 203
513 207
514 211
513 217
513 223
513 229
513 234
512 236
526 241
513 246
513 251
513 283
514 285
513 287
512 291
512 296
513 305
513 309
513 313
514 319
513 325
514 329
514 335
513 342
515 348
513 351
512 357
513 362
513 366
512 372
514 377
513 381
514 387
513 393
513 397
513 404
513 415
518 420
517 427
512 432
512 439
512 445
513 450
513 456
511 461
512 465
512 469
513 474
513 477
512 483
514 488
515 490
513 497
511 504
513 507
512 518
513 521
514 525
511 534
514 541
513 548
514 553
513 558
513 563
513 568
513 573
511 578
514 584
512 626
512 629
512 633
514 641
513 645
513 653
514 656
513 663
512 670
513 676
513 680
513 687
510 692
513 698
513 701
513 706
512 710
513 714
513 719
513 724
512 729
513 734
513 739
513 744
512 748
512 745
516 757
514 762
513 768
512 772
513 776
509 780
508 783
320 784
301 789
330 794
352 798
357 804
349 809
412 812
385 812
383 818
387 822
380 826
377 830
367 833
376 835
406 840
377 844
390 847
391 850
384 854
420 857
389 862
366 864
406 867
378 871
416 889
383 890
411 892
449 895
444 896
465 898
419 898
416 900
444 902
430 903
435 905
409 906
472 908
463 909
476 910
441 912
476 912
462 912
449 914
446 916
444 916
445 917
471 918
487 919
447 920
443 921
460 922
472 922
497 923
443 916
466 925
475 919
485 925
486 922
490 925
458 925
480 925
495 925
489 925
475 925
479 925
491 925
493 925
505 925
494 924
497 923
511 921
512 920
514 917
513 917
513 911
512 908
513 906
513 904
513 904
513 902
513 866
513 865
513 862
513 860
513 857
513 854
515 850
513 846
513 841
513 838
516 833
513 829
513 824
513 820
513 814
513 810
514 804
513 800
514 796
509 790
513 783
513 777
513 773
513 769
513 767
513 758
513 753
512 749
513 742
513 739
513 734
514 728
514 723
513 718
514 711
514 705
513 702
513 695
513 688
514 686
513 680
513 674
513 669
513 663
512 661
513 656
516 648
512 645
513 636
515 631
513 624
513 616
510 610
514 602
512 597
515 590
515 586
512 513
513 510
513 503
515 501
513 494
513 488
513 484
515 477
514 473
514 468
513 463
516 458
513 454
514 447
512 442
513 438
514 430
514 426
514 419
513 413
515 407
515 400
515 394
514 388
514 383
513 377
514 371
513 366
513 360
514 354
512 348
513 342
514 339
514 333
514 328
515 324
516 320
513 316
513 308
513 306
514 300
515 296
514 291
513 287
516 283
514 278
513 273
514 268
512 270
512 259
518 253
519 250
708 252
779 247
692 243
666 237
650 233
657 178
644 175
603 177
625 169
647 165
628 162
641 159
621 156
619 154
612 151
611 148
591 147
609 145
600 144
590 142
602 140
581 139
548 136
606 135
584 133
600 131
561 130
583 127
604 127
584 124
531 126
569 124
577 124
591 123
552 122
561 120
579 119
591 119
559 115
566 118
547 116
587 115
561 115
575 113
554 113
537 112
543 114
568 113
561 115
547 112
529 112
552 112
544 112
566 112
524 112
540 112
520 112
553 112
542 113
534 113
521 112
513 116
516 137
512 137
512 140
513 142
514 142
513 147
514 149
513 151
513 153
513 157
514 159
513 162
513 164
513 167
513 171
514 174
513 177
513 182
513 184
514 190
514 191
513 198
513 202
514 204
513 210
513 214
513 220
513 226
515 231
514 236
515 241
482 245
513 249
513 255
513 262
513 266
514 270
512 273
514 279
513 287
514 292
514 295
513 299
513 306
513 312
514 316
512 322
513 327
513 333
514 337
513 345
514 349
513 354
513 359
512 364
513 367
511 375
517 469
511 471
514 475
512 480
512 483
513 489
514 494
512 501
515 506
512 513
512 518
511 526
510 534
514 538
514 545
513 551
513 555
511 561
514 565
511 570
512 575
515 580
516 583
504 585
510 595
512 601
514 607
513 614
512 620
512 625
513 632
516 638
513 645
513 649
514 655
512 661
512 667
513 672
513 677
513 684
513 689
512 693
513 698
512 703
512 708
512 712
514 716
512 722
514 728
514 732
513 736
513 741
513 746
513 751
514 758
503 759
511 764
370 832
367 836
365 839
418 842
390 846
368 852
403 852
389 856
390 859
386 863
396 866
394 870
389 874
397 876
393 875
390 886
429 888
385 888
415 890
416 892
463 893
457 895
401 897
448 898
418 900
442 902
454 903
424 904
460 903
425 908
459 908
461 911
465 911
426 912
427 913
452 914
482 916
440 916
430 918
469 918
464 917
456 920
473 920
434 922
457 922
469 924
462 926
470 922
463 926
459 924
491 930
496 928
478 923
464 925
475 924
475 925
495 925
513 901
510 901
514 900
513 898
514 897
513 894
513 894
513 889
514 887
515 884
514 882
514 877
507 876
513 873
513 872
513 868
514 866
514 862
513 859
513 856
514 852
513 847
513 844
514 840
513 836
513 831
510 826
513 821
507 816
513 811
512 806
513 800
513 795
514 792
513 787
513 782
513 777
513 772
512 766
514 761
513 756
513 750
513 746
513 742
513 737
513 730
513 728
507 721
513 715
514 709
514 704
513 698
513 690
514 687
513 680
509 675
514 671
512 601
513 593
514 586
513 582
511 576
512 575
513 569
515 565
513 559
513 554
513 551
517 545
513 541
514 533
513 528
514 521
515 515
511 508
511 503
513 497
512 490
514 485
513 480
514 472
511 470
513 466
512 460
513 457
513 451
513 445
508 442
514 433
515 427
513 422
513 416
514 410
513 403
515 398
512 391
514 384
514 381
514 374
513 368
513 362
515 355
512 351
513 347
512 339
515 337
506 331
514 326
508 321
513 316
512 315
514 308
515 305
514 297
627 222
621 216
650 212
655 209
620 205
626 201
651 198
654 194
660 191
620 187
628 182
649 181
639 177
644 174
637 171
607 167
641 165
610 155
649 158
592 155
626 152
601 151
578 146
613 145
584 143
616 143
609 140
536 139
581 146
560 135
623 134
559 134
582 131
586 130
574 128
606 128
540 127
586 124
549 125
571 123
604 122
572 121
563 120
561 119
594 117
564 116
570 115
564 116
541 115
555 114
562 113
562 113
537 113
536 112
559 112
572 113
532 131
509 130
511 132
513 134
514 134
515 136
514 139
514 138
513 141
517 144
512 145
513 147
513 150
514 153
514 155
513 158
513 161
514 163
513 166
514 169
517 172
515 176
512 180
513 180
514 186
513 191
513 194
513 200
513 204
515 207
513 213
513 218
514 222
513 229
513 232
514 237
513 233
513 246
513 253
514 259
514 262
513 267
513 272
514 278
511 284
513 293
514 292
513 298
513 305
513 308
507 313
513 320
508 324
513 330
513 337
514 342
514 346
514 479
513 477
515 481
514 483
515 485
510 493
513 498
511 503
511 511
513 516
513 524
513 530
510 536
507 542
512 549
513 553
518 558
511 565
514 569
512 574
514 578
513 583
512 591
512 589
512 602
514 605
512 612
512 617
514 623
513 628
512 635
514 642
512 647
513 653
505 659
512 665
507 670
513 677
513 681
513 687
514 692
513 698
512 702
513 706
513 709
513 715
512 720
513 725
513 734
513 735
510 740
513 744
513 749
513 753
511 757
512 759
510 765
513 785
276 785
310 789
305 792
354 795
389 800
365 803
379 808
387 812
396 816
357 819
383 823
362 828
403 830
379 834
368 837
400 840
386 843
414 847
388 850
378 854
395 858
432 861
411 865
370 868
383 871
415 874
384 879
380 879
381 879
426 888
444 890
432 892
404 893
442 895
463 896
448 898
414 899
410 900
440 902
436 904
444 905
453 907
443 908
469 909
449 911
470 912
427 912
469 913
451 914
488 915
479 917
423 918
461 919
465 920
477 921
459 921
443 925
485 925
487 925
474 925
463 926
476 926
480 925
502 926
503 925
473 925
488 922
502 924
507 925
501 923
510 922
514 919
513 917
513 913
512 909
513 909
513 905
513 904
513 900
510 901
513 900
513 898
513 897
513 894
513 894
513 890
513 888
512 886
514 883
514 881
515 878
512 875
513 873
513 870
514 867
511 864
513 861
516 857
513 853
513 849
513 846
513 841
514 838
513 833
514 832
513 825
513 820
513 814
514 807
512 803
513 797
513 794
513 789
511 744
512 739
514 732
513 728
513 722
513 716
513 712
