513 390
523 386
512 381
514 376
514 374
512 369
515 363
514 356
514 351
514 349
515 340
523 336
513 332
523 327
514 324
513 317
512 314
524 308
514 302
513 299
514 294
513 290
513 285
515 280
513 276
514 270
514 265
516 261
514 257
514 253
513 248
513 244
514 240
516 236
513 233
515 230
513 226
513 223
513 220
515 215
520 210
512 206
512 203
514 199
513 195
511 193
511 190
513 186
513 184
513 179
513 177
514 173
514 169
513 167
515 158
512 159
513 157
512 897
512 900
515 899
512 901
513 908
513 905
512 906
512 907
513 910
513 908
513 913
513 911
513 913
513 914
513 914
511 914
514 917
512 919
514 919
513 921
513 921
513 922
513 921
513 923
514 924
513 924
513 925
514 925
513 926
513 925
513 925
513 926
513 926
513 926
513 926
513 925
517 926
513 926
513 925
514 925
514 924
513 923
513 921
514 918
521 916
513 912
513 910
513 907
514 907
513 905
513 903
513 901
514 900
513 899
513 896
513 895
513 893
511 577
510 581
513 587
512 591
514 597
511 603
511 609
513 614
507 621
511 627
512 634
513 639
512 645
509 652
513 658
512 663
512 668
513 675
512 680
513 685
512 690
511 695
513 705
514 708
515 711
509 713
513 716
514 723
512 728
512 734
513 736
511 742
513 747
507 752
513 756
512 761
514 764
512 771
513 775
513 780
511 784
514 787
510 791
511 793
510 799
513 804
514 808
513 812
513 815
513 818
513 822
513 827
511 829
513 835
520 837
512 841
508 844
513 911
514 911
513 914
510 915
513 915
512 912
515 917
513 918
512 919
513 920
513 922
514 921
512 922
513 923
513 923
512 925
513 926
513 925
513 925
509 926
513 925
513 926
513 926
513 925
513 926
513 925
514 925
513 925
513 925
513 925
513 924
513 916
512 922
513 921
511 918
513 914
513 911
513 909
514 906
513 905
513 904
513 903
513 903
515 900
513 898
513 896
512 895
513 891
513 889
513 886
513 884
513 881
511 879
513 874
512 873
513 870
513 869
513 794
514 791
513 789
513 787
513 779
516 774
513 768
515 765
513 760
510 754
515 748
514 745
512 740
511 736
513 730
515 724
515 718
512 713
514 707
513 702
512 697
513 690
515 685
513 680
511 676
514 671
514 665
510 660
514 657
513 651
516 644
513 638
513 633
517 624
512 618
513 611
513 604
514 598
517 592
513 586
521 580
513 576
513 571
512 568
516 564
516 560
513 554
514 549
514 544
520 538
513 534
512 526
511 520
513 514
518 507
512 502
515 406
515 400
518 395
514 390
512 384
515 378
515 372
513 367
516 363
513 356
514 351
513 345
514 340
514 334
515 331
514 327
513 321
514 317
513 312
513 308
514 302
514 298
514 294
513 289
513 284
514 280
514 274
514 271
514 266
514 260
514 256
514 252
515 247
515 244
513 241
513 237
522 232
513 229
514 224
514 220
513 218
513 214
514 211
514 206
514 203
516 199
513 195
514 192
512 189
512 187
513 183
512 180
513 175
514 172
515 169
513 166
512 162
512 130
513 129
514 128
513 125
511 126
512 125
513 124
514 122
512 121
513 121
513 118
512 120
514 111
514 115
513 116
513 114
514 114
513 113
513 111
513 113
515 115
513 111
513 111
514 111
513 112
513 110
513 111
513 112
514 111
513 111
513 112
514 112
513 112
515 111
506 114
513 117
512 119
512 120
513 123
512 128
510 129
513 131
512 132
513 134
514 136
513 137
513 138
514 139
513 141
513 143
513 145
513 149
514 150
513 154
512 156
513 160
513 162
513 206
513 209
508 212
513 214
514 219
512 223
513 230
512 234
511 242
511 243
513 250
513 253
513 258
514 264
504 271
512 275
514 278
513 281
507 289
511 296
514 300
514 305
513 310
513 315
511 321
512 327
512 332
514 337
513 349
510 349
516 366
514 356
509 365
511 368
512 374
514 378
514 383
509 390
514 395
513 402
513 408
516 413
510 421
511 427
509 434
515 441
511 448
512 452
513 456
509 464
513 465
511 470
515 475
512 480
513 484
512 489
513 494
511 597
514 599
513 608
516 611
512 618
512 625
513 630
512 637
511 644
512 649
512 655
512 661
512 668
513 673
513 679
513 683
512 690
512 694
512 695
505 702
512 705
511 715
509 712
512 721
512 727
513 732
514 735
512 741
511 746
513 750
513 758
512 759
514 764
511 769
514 773
512 776
513 781
513 785
512 790
512 794
512 798
514 803
510 807
513 810
514 813
512 816
512 821
513 824
514 828
511 832
513 834
513 839
512 841
508 851
513 849
513 851
513 853
513 903
515 904
512 905
512 906
513 908
513 910
513 910
512 909
511 913
514 913
512 913
512 915
504 915
513 918
513 919
513 920
513 920
513 921
513 922
513 923
513 924
513 925
512 924
513 925
513 924
512 926
513 923
511 926
513 925
511 925
513 926
513 926
514 926
513 926
513 925
511 926
513 924
513 923
514 920
514 920
513 915
511 916
513 913
513 909
513 907
513 905
513 904
513 903
513 901
514 899
513 898
514 897
514 895
513 892
513 891
513 888
513 886
511 758
514 753
513 753
514 746
517 742
511 739
513 734
513 726
514 719
512 716
513 709
515 703
513 699
513 693
515 687
512 683
516 677
512 673
513 669
514 662
513 659
513 651
511 646
513 641
518 634
503 629
514 620
511 614
513 610
510 599
513 596
513 589
513 584
512 580
512 575
513 570
512 565
510 561
515 556
513 552
514 547
511 541
513 536
512 529
515 521
511 517
514 509
515 504
510 496
515 490
512 486
513 482
511 476
514 470
506 466
513 461
517 456
515 403
513 399
512 393
515 386
513 380
513 375
513 369
515 361
515 356
513 354
513 347
515 342
512 337
512 334
513 328
514 323
514 319
513 315
510 309
515 304
505 300
513 295
513 289
514 285
505 281
511 277
512 273
514 267
513 262
514 258
512 253
514 250
513 246
514 242
515 235
512 233
514 231
513 226
513 226
514 220
513 217
514 211
515 207
514 203
514 200
513 197
513 194
514 191
513 189
513 184
516 178
504 176
511 173
514 170
514 167
505 163
513 162
513 146
513 144
513 140
513 140
514 136
515 133
503 135
514 129
504 131
513 128
506 128
513 127
514 125
514 125
512 124
513 123
513 121
513 121
513 120
513 120
513 119
513 116
513 116
514 114
513 112
510 116
514 113
512 113
513 113
513 111
513 109
513 111
514 108
511 111
514 112
512 111
513 111
504 111
513 112
513 112
514 112
513 114
520 102
513 115
513 117
513 120
513 123
513 126
513 129
513 130
516 132
513 132
513 134
513 136
513 138
512 139
513 141
513 157
513 159
514 160
513 165
511 166
513 169
511 173
512 176
514 180
513 184
513 186
513 190
513 195
508 202
513 205
513 208
512 212
514 216
513 222
513 228
511 234
512 239
509 242
514 246
513 250
513 256
514 263
510 269
515 273
513 276
513 282
512 289
513 294
514 297
513 301
513 307
512 314
511 319
514 324
513 328
513 335
512 342
512 346
512 351
509 342
514 358
513 366
510 372
513 376
513 382
513 387
511 393
513 399
514 406
512 412
509 417
513 464
514 466
514 470
516 474
502 477
513 483
514 486
514 492
510 497
514 502
509 510
511 515
511 523
503 526
514 536
507 536
514 546
511 552
512 557
513 563
512 567
512 572
511 577
514 582
511 587
512 593
512 598
513 604
512 610
513 616
512 622
513 628
512 635
510 641
512 647
514 651
512 658
512 664
513 669
512 675
513 681
513 686
513 692
506 697
512 702
505 705
515 710
509 715
510 721
511 725
513 729
512 734
512 740
512 743
513 746
514 752
511 758
512 796
513 797
513 800
513 804
510 809
514 812
513 816
512 820
514 822
513 826
513 830
513 834
511 839
512 841
514 843
516 852
514 853
521 858
510 858
513 862
513 865
514 867
513 872
511 876
505 878
512 883
514 883
514 887
514 887
514 890
513 894
515 895
512 897
513 897
513 900
514 902
513 903
513 905
513 905
513 909
514 908
511 910
513 911
515 911
514 913
514 914
513 915
514 916
516 917
515 920
513 919
513 919
513 922
504 922
513 923
505 923
512 924
514 925
513 924
513 924
513 923
514 922
513 917
513 917
513 914
513 911
513 908
513 906
513 905
513 904
513 902
513 901
513 900
504 898
514 896
506 894
512 892
513 889
513 885
513 883
514 881
513 878
514 875
514 873
513 871
513 867
513 864
514 861
513 858
513 853
513 850
513 847
513 843
513 837
514 833
513 827
513 823
512 820
513 816
513 810
513 807
516 797
513 793
512 789
513 785
514 778
507 772
513 769
505 764
513 759
518 754
510 750
514 743
515 737
513 666
518 662
517 659
510 655
513 650
516 642
513 639
513 629
513 623
513 617
514 608
506 603
514 597
514 590
516 586
514 580
513 575
513 571
514 567
512 562
512 558
516 553
514 547
511 542
512 536
509 532
515 524
514 518
514 515
512 506
513 497
513 495
514 489
514 483
515 478
514 472
502 468
513 464
506 458
511 454
513 448
516 443
515 438
514 431
511 425
514 420
515 411
514 406
513 401
514 393
514 388
513 382
514 377
513 370
506 365
512 363
513 355
514 283
513 280
513 277
513 275
517 269
513 262
513 260
513 255
514 251
512 247
514 243
514 239
512 236
514 232
513 228
513 225
514 221
505 216
513 213
514 209
513 205
513 203
512 200
513 196
513 191
512 188
516 185
512 181
513 177
514 174
514 172
513 170
513 163
513 161
512 159
516 154
512 152
514 150
516 148
512 146
513 144
513 143
514 142
514 138
516 137
514 135
513 134
511 133
526 131
514 130
513 128
514 126
514 126
514 125
513 124
512 123
513 122
514 113
512 112
514 114
513 111
504 113
513 112
514 112
513 111
513 111
513 111
513 111
513 111
513 111
513 112
513 112
514 113
511 103
512 112
513 116
513 119
513 121
513 124
513 127
514 129
513 132
514 133
513 134
513 135
514 137
513 138
514 140
513 142
513 144
513 146
513 151
513 151
513 154
513 156
513 159
515 163
513 165
513 168
514 171
513 174
513 177
513 181
513 185
512 189
513 192
513 195
513 201
514 206
513 210
514 213
513 220
516 226
512 232
510 318
513 318
513 322
513 325
513 334
512 339
513 343
513 351
513 356
511 362
514 366
514 368
513 373
510 381
515 383
513 390
513 396
513 402
509 409
514 413
510 424
515 428
514 436
514 442
512 448
509 454
513 458
511 463
514 466
513 470
512 475
513 479
512 484
513 489
513 494
510 498
512 506
513 512
512 520
516 524
507 533
510 540
510 549
510 551
514 556
513 561
515 565
513 571
510 575
513 582
503 581
514 590
506 596
513 603
512 608
512 613
512 620
508 706
513 712
512 713
509 718
513 727
512 732
512 737
513 741
513 746
511 751
513 756
506 761
512 764
513 770
513 773
512 779
513 783
513 787
513 792
513 796
512 799
513 802
512 807
512 810
514 813
511 817
511 821
515 825
513 828
512 833
514 834
505 840
514 843
505 848
510 853
516 852
504 854
512 858
515 863
513 867
511 871
513 873
512 877
514 879
513 883
512 886
515 888
513 891
514 892
512 895
513 894
513 899
515 898
513 900
510 903
514 901
515 906
511 923
513 924
513 924
513 924
514 925
512 925
513 925
513 926
513 926
513 926
513 925
513 926
513 925
511 926
513 925
515 926
513 924
513 925
513 924
514 923
513 922
513 921
513 919
513 915
512 912
511 909
513 907
513 905
513 903
513 902
513 901
513 900
512 898
513 897
513 896
514 896
513 890
513 887
513 885
513 884
513 878
514 877
513 875
513 872
512 868
513 865
517 863
513 860
513 854
513 851
512 848
513 844
513 839
512 835
513 831
513 826
513 762
516 757
513 754
515 750
513 745
511 742
512 738
513 730
516 725
511 721
513 716
516 706
515 703
513 698
513 692
513 686
514 681
513 677
513 672
512 667
514 661
515 657
513 652
516 645
513 639
513 634
514 626
513 620
513 612
513 606
514 601
515 593
515 585
516 582
514 578
513 573
513 569
513 565
515 562
518 556
516 552
513 545
513 540
514 534
514 528
514 522
514 517
515 509
511 505
514 499
516 491
512 484
512 479
511 474
512 470
515 464
512 461
515 348
513 346
513 341
514 336
514 333
512 329
512 324
515 318
513 313
513 308
512 304
515 298
514 294
515 290
513 286
514 280
515 275
515 269
514 265
512 262
513 258
505 253
511 250
512 245
512 242
513 238
513 232
513 230
513 226
514 223
516 219
513 215
513 212
513 207
513 204
512 201
516 196
512 195
514 189
513 186
512 185
514 181
512 177
514 173
510 169
511 167
514 163
515 159
514 156
511 154
505 152
516 149
505 147
513 145
512 144
513 142
517 138
511 116
515 117
514 116
515 116
513 114
513 115
513 114
513 113
513 113
514 113
513 112
513 111
514 111
514 111
503 112
513 111
516 111
512 112
513 112
513 113
515 112
513 113
513 113
514 120
514 115
512 118
513 120
513 123
513 127
513 130
513 130
514 131
514 135
513 135
513 137
513 138
513 140
513 141
513 143
513 146
513 148
513 151
513 153
504 156
513 159
504 161
513 163
513 167
512 169
513 173
513 177
513 180
513 181
513 187
518 191
514 192
513 181
517 292
511 298
513 301
513 305
511 310
516 313
514 319
512 324
508 330
513 334
505 341
514 348
513 352
522 356
513 355
514 366
511 372
512 377
512 382
513 387
512 394
514 398
513 404
510 412
513 417
515 427
513 431
514 437
506 445
513 449
511 456
514 459
512 464
513 468
513 473
511 477
514 481
510 487
514 490
514 503
515 503
513 509
510 517
513 522
512 529
509 536
514 542
500 549
512 554
516 558
510 563
513 567
513 574
511 578
513 583
513 589
513 593
515 615
513 618
512 623
514 628
513 635
511 642
512 648
513 653
513 659
511 667
507 671
513 676
514 682
511 687
512 692
513 697
514 702
503 706
514 709
511 712
512 719
512 727
512 730
513 734
512 735
509 744
513 749
513 753
513 758
511 763
512 767
513 772
512 776
513 780
514 785
511 790
513 794
513 798
512 801
512 804
512 809
513 811
513 816
513 820
515 822
510 828
515 831
514 833
514 838
513 842
513 846
511 849
509 852
510 866
511 859
512 862
514 865
513 886
512 887
515 890
513 891
513 893
512 897
513 896
513 899
512 901
513 901
514 904
513 904
514 906
513 908
513 909
512 910
514 911
512 912
513 913
514 914
514 915
513 916
513 909
513 916
512 920
513 920
514 922
513 921
515 924
512 923
513 925
514 924
513 925
513 925
513 926
513 926
513 925
513 926
513 926
513 925
512 926
513 925
513 926
513 926
513 926
512 925
513 924
513 922
514 922
513 919
513 916
513 913
513 910
513 907
513 906
513 905
513 904
514 891
512 888
513 884
513 882
513 879
512 877
513 876
511 872
513 869
513 867
513 863
513 860
513 857
513 853
514 849
513 845
513 842
513 838
513 832
513 828
514 822
513 819
513 814
513 809
515 803
514 797
513 793
512 788
514 783
518 777
515 772
512 768
512 764
512 758
513 751
515 748
509 743
513 739
517 732
513 727
509 723
512 718
513 710
512 706
513 701
513 694
515 688
513 684
513 679
514 673
515 668
512 666
513 659
517 654
513 648
517 641
513 637
513 589
513 586
514 580
513 577
518 570
513 571
513 561
510 559
508 554
514 547
512 543
515 536
514 531
513 523
513 518
512 509
511 505
513 497
514 491
511 485
514 483
513 478
515 472
513 468
514 461
511 457
513 453
516 447
513 442
514 436
515 430
513 424
513 417
516 412
517 405
515 400
513 393
514 387
516 381
513 376
512 370
513 365
514 360
514 367
514 349
515 343
514 335
516 333
514 330
514 323
516 319
515 316
514 312
518 305
515 301
516 297
514 291
513 260
515 256
513 254
516 251
514 247
515 243
515 239
513 236
517 231
514 227
512 224
514 220
514 216
514 214
516 208
514 205
516 201
515 197
515 194
513 192
513 187
514 183
512 182
515 178
513 174
513 171
516 167
513 164
513 160
513 157
514 157
515 151
508 150
513 147
514 144
513 144
515 140
513 141
513 140
513 138
513 135
515 135
513 133
513 132
513 131
514 127
513 129
515 125
514 124
516 124
513 121
515 122
514 120
511 120
513 117
512 117
514 110
513 111
513 111
513 110
511 111
513 112
514 111
513 113
513 112
513 113
513 122
517 116
513 119
514 122
513 125
513 128
513 130
513 131
512 132
514 134
513 135
513 136
513 138
513 140
513 142
513 145
513 148
513 149
516 151
515 155
513 158
511 159
515 163
513 166
512 168
513 172
513 175
513 178
513 181
513 186
513 190
513 194
513 196
513 208
533 204
517 210
513 216
513 221
512 230
512 231
514 233
512 242
514 245
514 253
511 256
512 263
513 266
513 344
516 347
514 350
513 355
512 358
512 367
510 364
513 376
514 379
513 384
508 392
515 397
516 403
510 412
514 415
508 424
517 430
515 436
512 443
514 448
512 454
514 459
514 462
510 467
513 471
512 475
515 480
514 484
513 490
510 496
511 502
511 507
514 515
514 520
512 527
514 534
508 538
510 548
511 552
512 556
514 561
513 564
512 572
513 576
511 581
512 587
512 592
513 598
513 603
511 609
510 615
512 620
513 627
512 634
512 639
514 644
514 652
510 726
513 731
512 734
511 738
512 743
513 747
513 752
512 756
513 762
512 767
513 771
513 775
513 780
512 782
512 788
513 793
512 796
513 800
510 807
514 807
512 810
511 815
513 818
514 822
512 825
514 830
513 834
510 837
512 841
513 844
510 848
512 848
514 856
511 856
509 864
515 860
510 868
514 870
513 874
513 878
515 881
513 884
513 885
513 888
512 891
513 892
513 896
514 896
513 898
512 899
513 899
513 903
515 902
512 906
514 908
514 909
513 911
515 921
515 921
513 921
513 923
513 923
513 923
513 924
513 924
514 925
513 926
513 925
513 925
514 922
513 926
514 926
513 926
513 926
513 926
513 925
513 925
512 925
514 924
513 923
515 921
514 919
512 919
516 914
513 911
516 908
514 907
513 906
513 904
514 902
513 901
513 900
513 899
513 896
513 894
513 891
513 889
513 886
513 884
513 882
513 878
513 876
513 873
514 871
510 868
512 864
512 861
514 858
513 854
514 849
514 847
513 844
513 839
512 834
512 753
511 749
516 743
511 740
513 736
514 729
513 724
513 719
513 713
516 706
511 703
513 698
518 689
511 688
512 681
518 673
513 672
513 665
516 660
513 659
516 649
511 644
515 640
515 630
512 626
513 619
517 610
512 603
513 599
513 591
513 587
514 580
514 577
514 571
513 568
512 565
514 559
513 557
516 548
512 546
513 538
513 534
511 528
517 520
513 514
514 506
513 500
515 494
513 490
512 482
516 480
512 473
513 469
515 464
512 458
511 455
514 449
512 363
513 358
515 356
514 350
514 344
514 340
513 335
514 330
514 326
512 324
516 318
514 312
512 307
514 302
514 298
515 293
514 288
514 283
513 280
514 275
515 271
513 267
514 261
513 253
515 251
513 247
515 242
514 239
513 236
512 233
514 230
513 226
514 221
514 217
515 215
515 208
513 206
515 203
514 199
512 195
513 193
515 188
513 186
513 182
512 179
514 176
514 173
512 170
513 165
515 161
514 160
513 156
513 153
513 151
513 147
512 146
511 146
512 126
512 120
514 120
514 118
511 117
513 118
514 116
514 115
514 114
513 114
513 113
512 113
513 113
513 111
514 113
514 112
512 112
513 111
513 111
512 111
513 111
514 111
517 111
513 113
516 113
513 111
512 113
514 114
510 112
513 118
513 120
513 122
513 125
513 129
513 131
513 131
513 133
513 135
513 138
514 138
513 139
513 141
513 144
513 145
513 148
513 150
513 152
513 155
513 158
513 166
513 164
513 167
513 171
515 173
513 176
514 180
513 183
513 233
512 238
513 242
514 246
514 250
513 255
514 259
511 265
511 270
514 275
512 280
512 285
511 290
514 294
513 299
513 305
513 310
512 315
518 320
511 327
512 332
513 335
516 343
511 350
513 352
513 359
510 372
517 363
512 376
512 379
513 383
513 389
514 393
509 401
513 406
513 414
512 420
514 427
510 434
513 440
513 445
512 452
515 456
514 461
509 464
512 470
513 474
513 478
513 484
511 489
513 493
509 503
514 505
513 512
513 517
512 523
510 532
513 635
512 640
513 642
511 648
510 654
514 660
513 666
512 671
510 677
512 683
514 687
505 692
512 698
512 703
513 707
512 713
512 712
515 720
516 720
509 730
517 735
513 739
513 742
512 750
513 755
512 758
513 762
513 768
512 772
512 776
513 781
511 785
514 788
513 794
512 798
514 802
512 805
513 809
514 811
512 816
513 819
513 823
510 827
512 831
513 835
512 838
513 842
516 845
512 848
518 854
507 855
515 865
513 862
513 866
514 867
516 872
514 909
513 909
515 912
513 912
513 915
514 914
518 916
514 916
513 918
514 917
513 920
512 921
513 921
513 922
514 923
514 924
513 925
513 925
513 924
513 924
512 925
513 925
513 925
514 925
512 926
513 926
513 926
513 925
513 926
514 925
512 924
513 923
513 922
513 921
513 917
513 914
513 911
512 910
513 907
512 906
513 905
513 902
513 904
513 900
512 898
513 897
513 894
513 892
513 889
511 887
513 885
512 881
513 879
512 877
513 875
514 872
513 868
512 779
513 774
515 770
513 767
518 762
514 756
514 752
512 748
511 744
513 737
514 731
513 728
513 722
513 716
512 710
516 705
514 698
516 693
513 689
514 683
513 679
516 673
512 669
512 664
516 659
513 653
517 647
513 642
514 634
514 629
513 623
519 613
513 609
513 602
516 596
513 590
512 583
514 579
512 576
513 570
514 565
517 560
511 556
510 550
513 547
511 542
515 536
515 531
516 524
512 518
515 510
511 501
514 498
518 491
513 486
516 481
514 478
512 455
515 452
514 450
513 445
514 441
512 436
514 429
517 422
512 417
512 412
514 404
515 399
514 391
512 387
515 381
515 374
513 370
517 363
516 356
519 352
514 346
512 344
514 337
514 334
513 329
514 323
515 320
514 315
512 310
513 305
514 299
512 296
512 291
513 287
517 281
515 276
514 270
514 267
515 262
514 258
515 255
514 251
513 247
513 243
513 238
513 233
515 230
513 228
513 223
513 217
516 217
513 211
517 208
512 204
515 200
513 197
513 194
515 170
514 166
513 163
512 160
513 157
514 155
513 152
513 148
513 147
512 144
512 142
516 141
514 139
513 138
512 137
513 135
514 133
513 131
514 129
514 130
509 127
512 127
513 126
514 124
513 123
512 122
512 124
513 120
512 120
515 118
512 118
513 115
511 115
513 114
515 114
513 115
513 112
514 112
514 112
513 112
513 111
513 112
513 112
