515 624
514 628
513 633
513 637
513 641
512 648
515 652
514 660
514 664
513 670
514 676
512 681
514 687
514 693
514 697
513 702
513 707
514 710
514 716
513 720
513 727
514 729
514 737
513 739
513 745
513 750
514 753
514 759
513 764
511 768
514 772
512 775
509 782
472 784
275 783
217 788
232 789
179 798
185 796
254 808
250 810
238 814
257 817
250 821
233 825
260 831
221 832
271 837
291 839
248 844
234 846
268 850
289 853
271 857
252 860
289 864
296 866
512 447
513 442
514 435
513 430
514 424
514 418
513 413
514 406
514 399
513 395
514 388
514 382
515 377
513 371
514 365
514 359
512 354
514 348
514 342
513 338
513 334
513 329
514 325
513 320
513 316
514 310
514 305
514 301
513 297
513 292
514 286
513 282
513 278
513 273
513 268
514 264
516 258
522 254
599 253
639 249
890 249
856 244
845 239
823 235
779 231
842 226
768 223
748 219
807 215
782 212
773 206
803 203
765 200
787 197
757 193
734 191
774 187
271 787
198 786
200 790
206 795
200 799
188 804
222 809
225 813
235 815
260 819
246 824
238 827
261 832
266 834
273 838
251 841
284 846
253 848
245 850
272 856
260 858
257 862
275 866
261 869
255 872
245 875
319 878
291 881
285 884
336 886
339 889
319 891
365 894
344 894
390 896
354 898
312 892
368 899
387 898
381 905
382 906
325 906
397 909
415 910
379 911
400 911
407 912
380 914
386 916
410 916
410 917
412 918
420 921
402 919
399 920
413 922
412 922
515 899
513 899
514 896
513 894
513 892
513 890
512 888
514 885
513 882
515 880
514 876
513 874
513 872
513 869
522 868
514 861
515 857
513 855
513 852
513 848
513 844
513 840
516 835
513 830
511 826
513 821
511 815
513 811
515 806
513 804
514 796
513 793
515 786
513 780
515 775
513 770
515 764
514 760
514 754
513 750
513 746
514 741
513 736
513 730
514 725
513 720
513 715
518 708
512 704
521 696
513 687
513 686
513 684
513 675
514 671
513 668
513 660
513 565
513 561
513 559
514 555
513 551
513 544
513 540
513 533
516 529
516 524
514 514
513 509
513 501
513 495
513 490
513 485
513 479
515 475
514 469
514 464
515 459
513 453
512 449
513 444
513 438
516 432
514 427
513 421
514 414
513 409
514 402
513 396
513 391
514 383
513 379
513 373
515 367
513 361
514 356
514 350
513 345
513 340
513 336
513 331
514 326
513 322
513 318
513 312
514 307
514 303
513 300
515 293
514 289
515 283
514 280
514 276
514 202
729 199
709 197
732 195
784 192
759 189
752 185
753 182
790 179
773 175
778 172
739 168
746 165
760 161
739 158
741 156
713 154
716 151
727 150
709 149
666 144
666 142
683 141
664 139
663 138
642 136
642 134
680 132
717 131
637 130
644 129
648 128
620 127
607 125
621 122
634 122
663 122
668 122
621 120
617 121
608 117
649 116
631 117
608 117
582 114
620 114
623 114
591 113
594 112
594 113
579 111
586 114
599 112
552 112
595 111
555 110
579 112
579 139
513 140
515 140
513 153
514 146
514 148
514 151
512 153
514 156
514 159
515 162
514 163
514 167
514 169
513 172
515 176
514 178
509 182
514 186
513 190
512 196
514 200
512 204
515 209
513 212
514 217
514 223
513 228
515 233
514 239
513 244
513 248
513 253
514 258
513 263
514 268
514 274
516 279
511 283
514 290
514 296
513 299
514 303
513 310
514 314
513 319
514 326
514 332
514 336
514 342
513 349
514 353
513 358
513 366
515 367
513 373
514 378
513 457
513 465
514 466
514 469
513 472
514 478
514 483
513 488
513 493
513 498
514 504
514 512
513 518
514 525
516 531
513 536
514 543
513 549
510 554
513 560
513 564
514 569
512 574
514 578
514 583
512 589
515 594
514 600
513 605
513 612
512 618
513 623
513 630
512 636
514 642
513 647
514 656
513 660
514 665
514 671
513 677
513 683
513 687
514 692
512 698
513 702
513 706
515 710
513 715
513 721
513 725
512 730
512 736
512 741
514 744
514 749
513 755
515 836
222 837
256 840
290 842
263 847
252 850
271 853
268 857
292 861
273 864
227 867
278 870
304 874
252 878
274 880
271 884
352 885
339 888
319 890
313 892
348 894
407 895
314 897
349 899
381 898
373 904
396 904
338 905
393 906
378 908
386 909
376 910
399 910
428 912
401 914
395 915
436 915
398 918
376 917
395 919
382 920
411 920
436 922
386 922
398 924
407 923
438 923
473 926
396 924
431 924
432 924
469 925
444 925
447 925
439 925
467 925
456 927
513 896
513 895
513 893
513 891
513 887
514 886
513 883
512 880
513 876
514 875
513 872
513 870
513 866
504 865
513 863
513 858
514 853
513 850
513 846
513 840
513 837
513 833
513 829
513 824
513 818
513 812
513 808
513 803
514 799
514 793
513 787
513 782
513 777
513 773
515 767
513 763
512 759
513 752
513 745
513 745
513 742
514 733
513 725
513 722
513 718
513 710
509 706
514 699
507 692
515 677
506 684
515 679
513 673
513 669
513 664
513 658
513 653
513 470
515 466
513 461
514 456
512 448
514 447
513 441
514 435
513 429
514 424
514 416
514 412
514 404
513 399
513 392
513 387
514 382
513 377
515 370
513 364
513 359
513 354
513 347
513 342
507 338
514 333
515 328
513 325
513 320
514 315
514 309
514 305
513 298
513 296
516 291
513 286
515 282
513 278
513 272
514 268
513 264
515 255
520 254
568 251
634 247
903 249
863 244
843 239
832 235
843 229
832 226
776 221
764 218
798 215
749 210
786 207
792 204
741 190
735 188
742 187
759 183
746 179
785 176
787 172
783 170
719 166
736 163
758 161
760 156
707 154
726 151
719 153
710 147
692 146
661 143
644 141
696 140
619 138
683 138
660 134
661 134
726 132
609 131
617 129
651 128
662 127
618 127
617 125
645 124
647 124
619 122
635 120
620 119
603 118
625 118
636 118
596 115
615 114
609 115
586 112
625 113
611 113
580 113
576 111
564 112
601 112
579 111
549 111
575 111
565 112
605 110
569 112
553 112
556 112
514 128
514 130
514 131
514 132
514 134
514 136
514 137
513 138
515 140
514 142
513 144
513 145
513 148
515 152
513 155
512 158
513 162
514 163
514 165
515 168
514 173
514 175
513 178
514 182
513 184
513 188
513 193
516 197
514 201
513 206
513 209
513 216
513 221
515 227
514 232
515 236
513 240
515 246
514 250
515 255
513 262
513 267
513 271
514 274
513 280
514 285
513 294
516 297
514 300
515 306
514 314
513 317
513 320
513 329
513 335
514 338
514 346
513 393
514 398
514 402
514 410
514 417
514 423
514 431
513 436
512 445
514 450
514 454
513 460
514 452
514 469
513 471
514 477
513 482
513 485
513 491
514 496
513 502
513 508
514 515
514 521
513 528
514 535
513 539
513 547
514 551
513 557
513 562
513 566
513 572
513 576
514 581
514 586
513 591
513 598
513 602
514 608
514 615
513 622
513 626
513 634
513 640
515 645
514 651
513 659
515 663
513 668
515 674
512 680
514 686
514 690
513 695
513 700
513 740
513 743
514 747
514 753
514 757
514 762
513 766
513 770
513 775
512 779
508 783
413 784
184 787
205 791
225 795
227 800
176 805
211 810
267 814
226 817
239 820
232 823
250 828
260 831
276 835
224 838
286 841
271 845
228 849
256 851
267 856
282 856
273 862
237 866
256 868
261 873
253 875
292 879
277 882
305 885
296 887
327 890
345 892
355 893
352 896
341 896
360 899
352 901
388 899
345 901
391 903
376 906
349 907
370 909
362 909
422 910
425 911
404 918
431 920
444 921
412 921
424 922
394 922
438 924
440 924
424 924
437 924
436 925
444 926
450 924
450 925
454 926
423 925
483 929
450 924
477 924
449 921
475 926
486 924
491 924
495 922
503 919
508 917
512 915
513 912
513 909
514 908
513 904
513 904
513 902
513 902
513 900
513 898
513 895
513 895
513 891
513 890
513 887
513 884
513 882
512 879
514 876
513 873
514 870
513 868
513 869
516 862
513 851
521 854
513 851
513 847
513 840
513 838
512 834
512 761
513 757
514 756
513 751
513 744
513 740
513 736
513 730
513 724
513 720
512 714
513 711
512 701
514 696
511 689
516 687
513 682
513 676
513 670
513 666
512 661
513 653
513 651
513 644
513 639
513 633
513 624
513 618
513 612
513 604
513 600
514 590
513 587
513 582
513 576
513 574
513 566
513 565
513 557
513 555
513 550
513 541
512 541
513 531
513 528
513 524
513 515
513 508
514 499
513 496
513 490
514 484
513 478
513 475
513 468
513 464
513 458
514 371
514 367
513 363
514 360
513 356
514 350
513 344
513 339
513 335
513 330
514 326
513 322
513 318
514 312
514 307
513 302
513 298
512 293
514 288
513 284
514 280
513 275
514 270
514 265
514 260
518 256
525 252
655 250
758 251
890 246
861 242
869 236
835 231
807 227
766 222
801 220
758 215
761 212
794 208
783 205
770 201
756 198
738 195
769 192
775 189
701 185
777 181
789 178
767 175
747 171
726 168
771 164
789 162
742 158
695 150
711 152
737 150
660 125
650 124
637 123
648 123
647 121
644 121
588 119
616 117
635 117
679 116
603 114
570 114
629 113
633 112
585 113
597 110
576 113
586 111
604 112
578 111
579 111
550 111
598 112
558 112
570 113
562 112
565 113
548 112
543 114
553 115
524 115
517 117
514 120
514 123
514 125
514 128
512 131
514 132
514 133
513 136
514 137
515 137
513 139
513 141
513 143
514 145
515 148
513 151
513 153
514 156
514 159
515 161
514 165
514 167
514 170
513 173
514 176
514 225
513 230
514 234
513 238
513 244
513 249
513 253
514 258
514 264
513 269
514 273
514 278
514 284
513 290
514 295
513 299
514 304
515 309
514 314
514 321
512 326
514 330
513 337
514 342
513 347
513 352
514 360
514 362
513 369
515 373
513 376
513 385
514 388
513 395
513 400
514 405
513 415
514 420
513 428
513 428
514 442
514 448
513 450
513 460
513 460
513 466
513 471
514 474
513 480
513 483
513 488
513 494
513 499
514 506
513 512
514 518
516 524
513 624
513 631
514 638
513 642
511 647
515 655
515 662
513 667
513 671
512 677
512 683
513 688
513 693
513 698
513 703
513 707
514 711
513 716
513 721
514 726
514 731
513 735
514 741
513 745
513 749
513 753
512 759
513 765
514 768
512 773
512 777
508 781
468 783
294 784
194 788
171 793
200 799
214 803
224 807
242 811
269 810
237 818
232 820
261 826
272 830
246 833
265 837
266 840
258 844
259 848
226 850
273 853
300 858
269 861
267 864
230 868
271 867
357 908
357 908
393 909
386 911
402 911
418 913
443 915
371 915
407 916
374 917
370 918
406 920
392 921
401 920
423 920
402 922
413 922
396 924
450 923
454 919
433 924
407 925
463 924
457 925
468 926
430 926
444 924
452 926
469 926
461 933
461 921
459 925
491 924
487 924
487 923
506 921
510 920
512 913
511 913
513 910
514 908
513 907
512 905
513 904
513 903
513 901
512 899
513 899
512 895
513 894
513 890
513 887
513 885
512 882
514 880
513 877
512 875
513 803
513 799
513 796
514 791
513 788
513 784
512 778
513 772
512 767
513 764
513 757
514 753
511 746
513 743
512 739
513 733
513 727
513 722
514 716
513 710
512 703
511 699
511 688
512 690
511 678
513 679
513 674
513 667
511 664
513 658
512 652
514 651
514 640
512 635
513 630
514 618
513 616
513 608
512 601
514 594
514 588
513 584
513 578
513 574
513 569
511 567
513 560
514 557
513 553
514 546
513 542
513 536
513 529
513 523
508 519
511 515
513 433
513 428
513 423
513 417
514 411
513 405
513 399
513 392
514 386
514 381
513 375
513 369
514 363
513 358
513 352
516 347
513 342
513 337
507 333
513 328
513 323
514 320
514 315
514 310
514 304
513 301
513 296
513 290
514 285
513 282
514 277
513 272
516 267
514 263
516 258
522 254
581 252
632 248
899 248
908 243
861 237
802 234
796 230
810 226
773 222
780 217
789 214
792 209
781 207
783 203
765 200
779 197
766 193
730 190
798 186
749 183
732 179
813 133
672 132
679 130
607 129
696 127
671 126
628 126
611 125
602 123
648 123
645 122
632 121
603 119
627 119
636 118
624 119
612 116
629 115
611 115
592 115
624 113
591 113
566 113
603 112
577 112
592 110
598 112
549 110
558 110
572 111
601 110
581 111
546 111
557 110
572 112
566 113
526 114
517 116
515 117
515 122
514 124
514 127
514 130
515 131
514 132
512 134
514 135
514 137
514 134
513 141
513 143
513 145
514 147
514 149
514 153
513 155
514 158
514 114
524 115
517 116
519 118
515 120
514 125
514 126
513 128
509 130
514 133
508 133
514 135
513 135
511 138
513 140
514 141
517 144
514 146
504 149
514 151
511 154
514 157
511 159
514 162
512 166
515 168
514 170
514 172
509 176
513 180
514 183
514 187
513 191
513 192
514 199
514 205
513 211
514 213
513 219
515 225
514 232
512 236
514 240
514 244
513 248
514 253
513 263
513 265
513 269
508 273
513 281
515 291
514 290
514 294
514 300
514 305
513 308
514 525
514 531
514 536
513 542
512 545
514 549
512 556
514 558
513 565
514 570
513 575
513 580
514 584
512 591
514 595
514 602
512 608
514 612
513 620
513 625
514 629
514 638
513 643
514 650
513 656
513 661
514 664
513 672
513 678
513 684
513 689
513 694
514 699
513 704
514 707
513 712
513 717
512 722
513 727
513 732
513 737
513 741
513 746
514 750
513 755
514 759
514 764
513 769
515 773
513 777
507 783
405 785
210 787
199 790
212 796
266 799
223 803
263 872
295 875
243 878
240 881
302 884
339 886
337 889
315 890
336 893
338 895
362 896
386 898
339 900
390 901
373 902
401 907
356 898
338 908
379 908
400 910
389 910
384 911
423 912
408 913
415 915
386 915
383 916
376 917
425 919
424 920
396 920
412 921
408 922
414 922
431 919
423 923
444 924
435 924
420 926
446 925
476 925
444 926
434 926
440 925
455 925
469 926
438 925
448 927
467 922
490 924
496 924
477 921
510 920
514 918
512 916
512 914
512 910
513 898
513 896
513 895
513 891
511 891
515 889
513 886
513 882
513 880
512 877
513 874
514 872
513 869
513 866
514 863
513 860
513 856
523 855
515 848
513 845
513 842
513 833
513 830
515 826
513 823
513 819
513 814
513 807
513 801
513 795
513 791
514 789
513 783
512 775
513 769
513 766
512 763
514 758
513 754
513 746
513 742
513 738
513 734
515 726
513 720
508 716
514 709
513 703
515 699
513 695
515 685
513 680
519 676
513 673
513 669
513 662
513 657
513 611
513 607
513 599
514 592
513 588
513 582
513 579
513 572
512 570
513 565
513 560
513 557
513 551
513 547
514 541
513 536
513 529
516 523
513 517
515 511
511 507
513 496
513 492
513 485
514 480
513 474
513 469
513 467
514 461
514 455
512 451
513 445
514 440
513 434
514 428
514 423
514 416
513 410
513 404
513 398
513 392
514 386
514 381
513 374
514 368
513 362
513 357
514 351
509 346
512 341
513 337
513 333
514 327
514 323
514 319
513 314
514 309
513 276
513 272
513 269
514 265
514 261
516 257
521 253
609 251
619 249
911 248
857 243
831 238
790 233
834 230
789 225
781 222
761 218
810 213
801 211
775 206
765 204
765 199
791 197
736 192
708 190
770 186
804 183
729 179
783 176
766 172
774 169
789 166
725 164
731 158
738 156
754 153
732 151
705 149
687 147
681 145
675 142
664 141
679 139
648 138
674 137
642 135
641 134
658 132
635 130
652 129
630 128
667 126
642 127
606 125
624 124
642 123
621 122
592 115
565 114
594 113
605 113
583 112
582 113
607 111
585 113
568 110
603 110
547 112
593 111
567 112
587 111
553 112
546 112
558 113
560 113
554 114
523 114
518 117
516 120
514 122
514 125
514 127
514 130
510 132
514 132
514 133
513 135
514 138
513 139
514 140
513 143
513 144
513 148
514 149
514 153
514 155
514 158
514 159
518 165
513 166
513 169
513 173
510 176
514 179
514 182
514 184
514 190
514 195
514 198
513 203
512 208
512 212
514 215
513 300
513 303
513 306
513 314
513 320
514 323
514 329
512 336
513 340
513 347
514 354
513 355
513 361
515 366
513 372
514 376
513 380
512 387
514 392
513 398
514 407
513 406
512 420
513 425
514 432
514 439
514 443
513 451
513 454
514 461
513 464
514 468
521 474
514 476
514 483
514 486
513 493
514 498
514 502
513 510
514 516
514 523
513 529
514 535
514 543
514 548
513 553
513 558
513 562
512 568
514 573
514 577
512 583
512 589
512 594
513 599
512 604
512 687
514 691
512 695
513 698
512 702
514 707
513 710
513 715
513 719
513 724
514 729
513 735
513 739
513 744
514 748
513 754
513 758
513 762
514 767
513 772
513 776
512 780
500 784
291 786
182 789
188 792
246 797
240 800
236 805
214 810
261 813
241 818
217 818
262 824
252 828
234 831
268 835
239 839
273 842
272 845
245 850
253 852
277 856
277 859
267 863
221 866
299 870
288 873
276 876
270 879
241 881
325 885
330 887
317 890
305 892
329 893
389 895
362 916
394 917
408 917
374 918
431 919
425 921
388 921
390 921
412 922
434 923
439 924
386 924
447 924
432 924
454 924
438 925
443 925
440 925
466 924
459 925
452 925
451 925
444 928
478 914
473 927
460 924
477 925
505 922
507 919
513 917
513 914
514 911
513 908
514 906
513 905
513 903
513 902
513 900
513 898
513 898
513 895
514 893
513 891
513 889
513 886
513 884
513 881
513 878
513 875
513 873
513 871
513 867
516 865
513 861
514 853
513 854
511 851
514 800
512 797
512 792
513 788
513 786
513 781
513 773
513 767
513 762
513 759
513 755
513 750
514 743
513 737
514 733
513 729
513 724
514 717
513 712
515 706
513 700
513 694
516 687
515 681
517 679
511 672
513 670
514 666
513 659
513 656
513 648
512 643
513 638
513 631
513 624
513 616
513 611
514 603
513 597
513 592
513 584
512 582
513 575
513 572
513 567
510 563
513 558
513 553
513 549
513 544
512 538
513 532
512 525
513 518
513 512
512 507
507 501
514 408
513 405
512 401
513 395
513 388
513 382
513 377
513 371
514 365
513 360
513 355
513 348
513 344
513 339
513 334
513 330
514 325
514 320
513 317
514 311
514 306
514 301
513 297
514 291
514 287
513 282
513 279
513 273
513 268
515 262
515 259
512 257
525 253
672 249
784 249
888 245
848 240
825 236
826 232
805 227
766 223
792 219
804 215
759 211
758 208
794 203
784 201
784 198
738 194
763 190
752 188
751 184
784 181
768 177
740 174
779 170
736 167
662 132
685 131
664 130
592 128
636 127
598 126
654 125
653 124
645 123
624 122
578 121
657 120
645 119
629 117
622 118
610 116
615 116
613 116
605 115
613 114
591 114
577 112
602 112
584 112
576 113
568 112
567 112
596 112
592 111
554 112
560 114
549 111
581 111
545 111
540 113
523 113
527 115
515 118
514 122
514 123
514 127
515 128
514 131
514 133
515 134
514 135
514 137
512 138
514 139
513 141
513 144
514 149
513 149
518 152
515 154
514 158
514 159
516 228
514 232
514 234
513 239
513 246
512 251
513 255
512 260
512 267
512 272
513 275
514 279
513 285
523 281
513 297
511 300
513 304
514 311
513 316
514 322
514 328
513 332
514 337
513 342
513 349
514 356
515 360
514 364
512 370
513 375
513 379
513 385
513 389
513 396
517 401
514 409
514 416
513 422
513 430
514 434
513 442
514 448
513 453
514 458
513 462
514 467
513 471
515 479
514 480
513 483
513 491
514 494
514 500
513 506
514 513
515 520
513 526
514 590
513 594
514 596
513 600
512 609
514 613
513 617
513 626
513 632
512 638
513 644
513 649
512 656
513 663
513 667
515 675
512 679
513 684
514 689
514 694
512 699
513 705
513 708
513 712
512 717
513 722
513 727
514 732
512 737
512 742
514 748
516 752
513 756
516 757
514 765
513 770
514 773
513 780
508 783
401 785
196 786
217 792
177 795
254 799
265 803
213 807
230 811
251 815
222 831
255 823
249 827
253 830
246 833
234 839
291 842
240 845
242 848
384 900
363 901
351 902
352 907
342 902
351 906
406 909
401 910
363 910
386 911
397 913
397 914
411 915
387 915
402 918
383 917
422 919
388 920
394 922
416 921
439 923
403 923
409 925
444 924
433 924
468 925
451 926
411 925
466 925
459 925
444 925
453 925
442 925
454 925
457 925
458 924
485 924
472 925
470 924
487 922
510 921
512 917
513 916
513 913
513 909
513 908
513 906
512 904
513 903
513 901
512 899
512 898
513 897
515 894
513 891
514 890
511 823
513 820
513 817
513 813
513 806
513 801
512 794
513 790
515 787
513 783
513 778
514 769
513 764
513 761
513 759
515 751
514 745
513 741
513 737
514 732
512 726
513 721
513 715
513 708
513 703
514 698
511 694
515 692
512 680
515 680
513 674
513 666
513 662
513 658
513 650
513 649
514 638
513 634
513 627
513 617
513 614
514 604
514 599
514 594
513 587
513 584
513 577
513 573
513 570
513 565
514 560
513 556
514 552
513 546
513 541
515 534
515 528
514 331
513 328
513 326
514 324
513 318
513 314
514 308
514 303
513 298
513 294
514 289
514 284
513 280
513 276
513 270
515 265
513 261
520 260
518 253
617 251
651 250
908 246
886 241
824 237
784 233
794 229
799 224
754 221
784 217
794 214
784 210
781 206
766 203
776 198
756 195
741 192
755 189
769 185
780 183
747 179
745 175
759 172
786 169
746 165
728 156
736 158
706 156
781 153
734 150
707 148
679 146
676 144
643 142
658 142
667 139
698 137
634 136
619 129
682 129
676 128
645 127
644 128
665 126
615 126
647 123
646 123
603 120
637 120
646 119
609 118
652 116
605 116
603 115
601 116
595 114
610 114
575 111
599 112
614 112
556 112
578 113
553 112
606 113
577 111
547 110
554 112
582 112
584 111
572 112
538 113
557 113
553 115
529 115
518 117
515 120
515 123
514 125
518 127
514 131
514 132
514 135
514 134
514 136
514 138
512 140
515 141
514 143
513 145
514 149
521 150
513 153
513 156
514 158
514 160
513 191
513 194
514 196
514 199
514 203
