636 169
627 167
632 166
639 163
621 160
623 158
616 154
618 152
621 150
585 148
599 149
595 144
591 142
599 141
541 139
612 137
550 134
602 134
611 132
580 131
602 130
536 128
591 127
551 127
546 125
597 123
574 123
592 122
568 121
571 120
554 119
578 118
578 117
570 116
549 115
553 114
575 114
567 113
561 113
558 113
548 113
555 111
558 113
529 111
553 111
545 112
534 111
549 112
553 112
523 111
544 112
552 112
520 112
520 115
519 115
512 118
513 121
404 911
435 912
462 913
442 913
421 915
462 916
476 917
448 919
447 919
451 921
465 921
473 922
463 924
478 922
451 924
463 924
490 923
468 924
465 924
484 925
486 924
470 924
493 925
495 925
483 925
477 924
506 924
479 925
479 924
521 914
503 920
506 921
513 918
514 915
513 912
512 910
513 907
513 905
513 906
513 903
514 902
513 900
513 899
513 897
513 895
513 893
513 890
513 888
514 885
513 882
513 879
513 877
513 875
513 872
513 869
513 867
514 864
545 119
553 121
536 120
599 119
588 118
543 117
592 116
577 116
540 114
550 114
571 114
544 114
537 112
568 113
555 112
545 112
545 112
572 114
521 112
548 106
540 112
544 112
518 104
555 113
529 113
521 113
525 115
515 117
513 120
514 123
512 125
514 130
512 131
514 133
514 134
514 134
514 136
513 138
514 139
513 141
514 143
516 145
514 148
513 151
514 159
514 155
514 160
512 161
514 163
513 166
514 170
513 172
513 175
511 179
513 181
512 187
513 191
512 486
514 489
515 492
514 497
514 503
512 509
514 514
511 523
515 527
513 535
512 540
513 546
511 553
514 557
512 563
512 567
513 572
514 576
513 582
510 587
514 592
513 599
512 602
513 609
511 616
513 620
513 627
512 633
514 640
512 645
512 652
514 659
513 663
513 669
512 675
513 680
513 686
513 691
513 695
513 702
514 704
513 709
512 713
513 719
513 722
513 728
512 734
513 739
513 743
513 747
512 752
513 758
511 761
512 767
516 771
512 775
514 779
434 847
404 850
417 854
400 856
377 859
414 862
395 866
353 869
398 872
383 877
358 879
424 881
390 886
407 888
434 892
425 893
436 893
421 895
418 896
447 898
453 904
448 901
437 904
417 905
448 907
449 907
440 908
438 909
504 909
431 912
424 912
497 913
453 915
431 915
449 917
456 918
436 919
462 920
488 921
441 922
446 922
479 923
460 924
448 924
482 922
468 925
489 923
492 926
486 927
469 925
486 924
491 925
472 926
477 925
497 925
488 925
482 893
513 891
513 891
513 888
514 887
513 884
513 881
513 878
513 876
513 873
513 870
513 867
513 864
514 861
513 857
513 854
513 852
513 849
511 844
509 840
513 830
513 829
514 824
514 820
513 813
514 808
514 803
513 798
513 795
513 791
513 782
513 778
514 773
513 768
513 764
513 757
513 753
513 750
513 745
513 739
514 735
513 729
513 724
514 718
514 713
513 707
513 701
514 695
513 690
513 689
517 680
511 673
514 671
514 664
514 661
515 656
513 651
513 547
513 544
515 537
513 534
516 525
512 521
514 512
510 507
513 502
512 495
513 493
516 481
511 470
514 472
513 468
513 464
512 465
513 454
516 448
514 443
513 438
512 432
514 426
515 421
513 415
513 408
514 402
513 395
513 389
514 384
515 377
513 372
513 367
515 361
514 356
514 351
513 345
514 339
514 335
514 331
511 327
514 322
512 317
514 312
514 308
514 302
514 297
514 293
513 289
514 287
514 278
514 274
514 272
512 265
515 260
515 255
521 252
657 204
644 201
622 196
585 197
676 195
648 191
609 187
631 184
641 181
628 178
629 174
648 170
640 167
610 164
662 160
637 158
593 155
639 152
612 150
598 147
618 146
596 144
583 143
578 141
583 139
595 137
564 135
630 134
602 133
526 131
613 129
614 129
553 125
558 127
554 125
595 124
528 123
599 122
580 121
564 119
592 118
560 118
576 117
560 116
573 115
563 115
537 114
570 113
571 114
527 112
560 113
560 113
524 112
557 112
561 112
525 112
547 113
540 141
513 142
513 145
513 147
513 149
514 152
513 156
513 161
514 159
513 163
513 165
513 167
513 171
513 172
513 177
513 181
514 184
514 185
513 192
513 195
514 199
514 204
514 210
513 217
514 219
513 224
513 235
513 236
513 241
514 245
514 249
513 255
514 259
513 265
513 270
513 275
513 289
513 285
513 290
514 294
496 299
513 305
513 310
513 315
513 322
513 326
513 332
513 339
514 343
513 348
514 353
511 359
513 365
514 368
513 374
514 379
514 384
515 487
513 491
513 495
514 499
513 507
512 512
511 517
511 526
514 530
513 538
514 544
512 549
510 555
513 560
513 567
512 571
513 574
513 580
513 585
512 590
514 595
514 600
512 606
512 613
513 618
513 626
513 631
512 639
514 643
514 648
513 655
513 661
512 667
514 672
513 679
512 683
513 687
513 693
513 699
513 702
513 708
513 711
512 716
513 721
513 726
513 731
513 737
513 741
513 745
514 750
512 754
512 759
514 763
513 769
513 772
513 777
511 784
393 895
424 895
447 897
427 897
471 899
437 900
444 903
436 904
447 905
464 906
444 907
437 909
463 912
443 914
453 913
455 913
468 914
440 915
468 915
462 918
445 920
476 918
467 923
471 922
456 922
472 923
486 922
455 924
471 924
495 924
467 924
490 924
495 925
464 925
494 925
497 925
474 925
488 924
495 925
481 924
503 924
503 923
501 923
505 921
514 932
516 918
515 915
513 912
513 909
513 908
514 906
513 904
513 902
513 899
513 900
513 898
514 896
515 887
513 886
513 886
513 881
513 879
513 878
513 873
513 872
517 868
513 866
513 863
513 859
513 855
513 852
513 848
513 845
516 838
514 835
508 830
513 826
516 820
513 818
515 813
513 808
513 802
513 795
514 790
514 787
513 782
513 775
514 770
513 765
513 760
514 756
514 753
514 748
514 741
514 735
513 731
513 729
513 721
514 715
513 710
514 704
514 697
512 694
513 688
515 681
509 679
506 672
513 671
514 661
516 657
514 653
516 644
512 641
513 633
515 575
515 572
514 570
513 564
513 561
514 557
515 551
513 548
514 540
512 536
513 529
515 522
513 516
514 509
513 503
515 499
515 493
511 486
512 482
510 479
514 470
515 466
514 462
513 455
515 450
515 446
513 439
514 434
514 429
515 423
513 417
513 411
515 404
513 398
513 394
515 387
515 380
514 375
513 370
514 364
514 357
514 353
513 347
514 341
515 337
513 333
513 329
514 323
514 319
512 313
505 314
514 305
514 300
514 295
513 291
513 288
515 281
651 247
655 244
651 239
618 236
657 234
632 228
626 227
668 221
640 217
645 212
644 209
647 205
647 202
630 198
639 195
646 191
626 188
648 186
638 182
606 179
630 175
628 172
639 168
642 165
623 162
592 158
645 155
628 153
603 150
606 148
600 146
595 144
604 142
579 141
618 140
549 138
565 136
588 135
578 133
583 131
583 130
601 129
574 129
572 127
592 127
532 124
586 124
546 123
569 122
572 120
581 120
578 119
555 117
563 116
552 116
572 113
552 112
524 112
532 112
544 112
543 112
530 112
531 112
544 113
526 114
523 114
538 114
514 115
513 117
515 120
514 123
513 126
513 128
514 130
513 132
513 134
513 135
514 136
513 138
513 140
513 140
513 142
513 145
513 147
514 151
513 152
513 155
513 157
512 160
513 164
512 165
514 168
513 178
513 174
514 178
513 183
514 187
511 190
514 194
513 198
515 202
513 208
512 214
513 218
514 221
514 226
513 231
513 237
513 243
513 249
513 254
513 258
514 262
514 303
513 306
514 311
513 316
513 319
513 326
514 330
514 334
513 339
513 346
513 353
513 357
513 360
514 367
512 371
515 376
513 382
514 386
514 394
513 398
513 405
512 413
514 419
512 427
515 430
510 439
515 444
514 450
514 457
513 459
513 466
514 467
514 473
514 477
513 482
511 487
512 493
513 498
514 502
514 510
514 516
514 523
511 530
514 535
512 543
514 548
514 554
513 558
512 563
513 568
514 573
513 576
513 583
512 588
515 593
512 598
513 604
513 698
512 701
514 704
513 709
513 714
513 725
513 724
513 731
514 735
513 739
513 744
513 748
512 753
512 758
513 763
514 767
513 771
515 776
510 780
479 782
415 787
369 791
398 795
413 799
390 802
367 807
397 811
391 815
347 818
403 821
396 827
357 829
384 833
381 836
374 841
389 843
388 847
397 850
400 852
411 857
404 860
380 864
416 867
392 871
381 873
381 876
411 879
417 883
418 886
443 887
394 890
415 891
447 894
453 895
419 897
425 898
490 901
397 922
447 919
433 920
438 925
475 923
475 922
463 924
477 923
460 924
465 924
480 925
489 925
489 926
482 924
482 924
496 925
459 924
505 925
474 924
481 924
493 924
501 924
494 924
503 925
510 921
516 917
515 916
513 913
513 910
513 908
513 906
512 907
513 904
513 902
513 902
513 899
512 898
513 895
513 893
512 890
513 888
513 885
515 883
513 881
514 878
513 875
513 872
514 869
513 866
513 865
513 861
513 857
513 853
513 850
513 846
513 839
511 834
514 757
513 754
514 750
514 744
513 739
513 735
514 728
514 721
513 718
513 713
514 703
515 699
513 696
518 688
514 685
515 677
515 675
512 668
515 667
515 659
513 656
513 649
513 644
514 637
515 630
513 624
511 616
516 609
514 603
513 597
515 589
513 586
514 580
514 576
513 572
514 567
515 562
514 558
513 554
514 548
514 544
516 537
513 534
514 527
518 520
514 513
510 505
512 500
513 493
517 492
518 484
516 479
517 472
513 467
513 462
513 459
513 453
514 388
513 385
517 377
513 372
513 367
517 361
515 353
513 350
512 344
514 339
515 335
513 331
516 326
515 321
514 316
514 312
502 307
514 301
514 296
514 293
511 288
514 283
514 278
513 273
513 269
513 264
515 258
515 255
574 252
607 249
669 247
636 242
602 239
669 234
634 230
615 226
672 222
653 219
635 214
658 211
636 207
635 204
638 199
639 196
613 193
633 190
649 187
610 184
644 181
645 177
617 174
640 170
643 167
623 163
635 159
615 157
616 154
568 127
537 126
543 125
589 124
576 123
560 124
597 121
570 120
556 119
557 118
603 117
570 116
571 115
579 115
544 115
558 113
557 113
564 114
529 113
556 112
555 113
531 113
565 113
564 113
535 112
535 113
545 113
539 112
524 113
546 113
518 113
524 114
518 116
514 118
514 122
514 124
514 128
515 129
512 132
514 134
513 135
515 135
514 137
513 139
514 141
514 142
513 145
515 146
515 150
514 152
513 154
514 158
514 159
514 162
514 166
514 168
513 171
513 246
513 252
513 256
513 259
513 264
513 270
513 278
513 282
514 285
513 288
514 297
510 298
513 307
515 310
513 316
514 321
513 329
515 335
513 340
515 342
513 350
513 355
516 359
511 367
515 368
514 373
511 380
514 383
514 391
515 395
514 402
511 409
513 414
511 425
515 429
512 437
513 441
513 448
512 454
512 457
513 462
512 467
514 471
514 476
513 480
525 476
513 490
512 494
514 500
510 508
514 512
512 521
515 527
513 533
513 538
508 544
510 550
513 644
513 648
513 650
514 655
511 662
513 666
513 672
511 685
513 684
513 689
513 694
512 699
512 704
514 707
513 712
513 718
513 722
515 727
512 733
514 737
514 742
513 746
513 751
512 755
513 760
513 765
513 769
513 774
512 779
512 782
421 786
367 788
380 793
386 799
377 801
387 804
403 809
372 812
376 817
400 820
367 823
392 828
402 834
360 835
387 839
377 842
381 845
379 848
388 853
405 855
392 859
387 863
401 866
378 869
408 872
386 876
369 903
459 903
426 906
428 905
447 909
431 910
447 910
493 914
448 913
445 913
463 914
447 916
427 917
464 918
471 918
447 919
466 920
486 922
444 922
464 923
497 924
445 923
466 924
477 924
469 924
493 923
479 925
477 925
484 925
477 925
499 925
475 925
487 925
496 925
482 924
502 924
511 924
505 921
520 920
510 914
513 915
514 911
513 910
513 907
515 905
513 904
513 903
513 902
513 899
513 897
513 896
514 895
513 891
514 888
513 887
514 883
513 881
514 810
515 807
514 804
513 801
513 797
514 790
513 785
516 779
515 776
513 773
513 767
513 760
514 754
513 750
513 747
513 741
514 734
512 731
512 726
513 720
513 714
513 709
513 703
514 696
512 692
514 688
513 682
511 676
513 663
510 668
515 654
514 656
513 652
514 645
513 641
513 632
516 625
513 621
514 611
513 607
514 599
515 593
514 588
514 582
513 578
516 572
513 570
513 563
513 560
513 556
514 551
514 546
514 540
514 534
514 527
513 522
515 515
512 403
512 399
513 396
514 392
513 387
516 379
514 374
513 368
514 363
515 357
515 351
513 347
513 340
515 336
514 332
512 329
514 323
514 318
514 313
513 320
516 303
515 299
510 294
514 289
514 285
514 281
514 276
516 271
513 267
513 262
515 257
519 254
607 251
658 248
643 243
656 239
641 235
626 232
652 228
636 223
645 220
662 216
661 212
627 209
647 201
642 202
618 198
641 194
629 191
653 188
625 184
608 181
642 178
642 174
644 171
611 168
637 164
667 126
589 125
593 124
566 124
588 123
579 121
561 117
564 119
552 117
583 117
562 116
590 115
538 114
539 114
583 113
546 113
524 112
579 112
537 112
538 112
541 112
559 112
537 113
531 112
564 112
526 113
536 113
530 113
539 113
530 113
521 114
517 116
514 118
513 120
514 123
514 126
513 129
513 130
513 132
513 135
513 136
514 136
514 138
513 141
513 141
513 143
512 145
512 148
513 150
513 153
513 157
514 159
513 159
514 164
514 166
513 169
518 171
512 186
513 191
515 190
513 194
514 199
513 202
514 206
513 212
514 217
512 223
513 230
514 235
513 238
514 244
514 247
513 253
512 260
514 264
513 267
514 271
513 278
513 285
512 290
514 294
514 292
513 303
512 310
513 315
513 318
514 325
512 333
513 335
513 339
513 349
514 352
514 356
512 365
516 367
514 371
513 377
515 381
511 388
512 393
514 399
511 406
513 412
511 421
514 426
513 431
510 439
515 445
513 451
514 455
513 461
514 466
514 469
513 472
515 519
514 523
513 529
510 537
514 541
511 548
514 553
513 558
513 563
512 568
514 573
513 578
511 583
512 589
513 594
513 600
513 604
511 611
511 620
512 622
513 627
510 636
514 641
513 646
512 652
512 660
513 665
512 669
511 675
512 677
513 686
514 691
513 697
513 702
513 705
515 710
512 715
512 720
513 725
513 730
513 735
513 739
513 743
513 750
513 753
513 758
512 763
513 767
514 771
513 775
510 780
467 783
409 787
401 790
356 796
399 800
404 804
380 837
382 838
392 840
393 844
395 848
389 850
402 854
413 857
410 861
377 865
372 868
430 872
391 875
378 878
402 880
417 883
425 886
433 887
424 889
403 892
446 894
442 895
402 897
421 898
472 900
456 904
444 903
454 905
437 906
432 907
427 909
476 910
462 911
476 911
468 910
438 913
478 915
450 915
452 917
443 918
481 919
473 922
427 920
487 921
465 922
448 923
490 923
492 923
460 924
476 924
503 924
486 924
483 925
479 927
476 925
473 926
481 926
510 916
515 918
513 913
513 909
514 908
513 907
513 903
514 903
511 901
513 900
513 898
513 897
513 895
513 894
514 890
513 888
513 887
513 883
513 880
513 877
513 875
513 873
513 869
513 866
514 863
512 860
513 855
512 853
514 850
513 845
513 840
513 835
514 831
513 823
512 824
513 819
513 814
513 808
514 803
512 796
513 792
513 788
514 782
512 778
514 776
513 768
514 763
513 760
513 753
515 746
514 743
513 740
513 735
513 726
515 720
512 717
513 712
514 673
510 663
517 665
517 657
512 656
513 648
511 642
513 637
516 628
513 623
513 615
514 608
511 602
512 596
514 589
515 585
513 579
514 574
514 572
514 566
514 562
513 557
511 553
513 549
515 543
513 537
512 531
512 525
514 519
513 512
515 505
514 500
513 494
514 487
511 478
513 476
516 468
513 466
513 462
513 458
515 453
514 447
513 442
513 436
514 430
513 425
514 419
514 413
513 407
515 400
513 394
513 389
515 382
514 377
513 370
513 366
514 292
513 289
514 286
515 281
513 278
514 273
514 268
512 264
513 259
518 253
591 251
626 248
657 245
626 241
621 238
654 233
633 229
632 226
631 221
654 219
635 215
629 210
659 205
622 203
618 197
662 195
609 193
640 189
659 187
607 183
640 180
627 176
642 172
640 169
607 165
663 162
630 159
624 156
636 153
595 151
620 149
620 147
585 145
575 144
615 142
588 140
596 139
600 137
566 135
599 133
583 132
592 130
575 129
600 128
600 127
553 126
556 126
583 110
558 113
548 112
537 112
559 112
532 112
562 112
555 111
551 112
520 111
564 107
538 113
521 113
545 113
542 113
518 114
518 116
515 119
513 121
515 125
514 128
514 129
512 132
514 134
509 135
514 136
514 137
514 139
513 141
513 142
513 143
514 146
514 151
514 152
514 154
516 157
514 158
514 162
513 165
514 168
513 170
513 174
514 177
513 182
513 185
514 186
514 192
512 197
514 198
515 206
515 212
512 219
513 221
513 224
513 232
514 236
513 240
513 319
513 320
513 327
513 335
513 340
513 344
513 351
514 354
513 360
514 364
514 369
513 374
512 381
515 383
513 389
512 397
515 400
514 409
513 416
513 423
512 431
513 434
512 444
515 447
512 454
513 459
513 462
513 469
515 472
512 477
509 480
513 484
511 491
512 495
512 502
514 508
513 514
509 521
513 527
513 534
514 540
515 545
511 552
512 554
514 562
513 566
512 572
513 576
514 582
512 586
512 591
512 597
514 602
514 609
513 615
511 620
514 626
513 683
511 689
512 692
513 694
513 700
513 704
514 707
514 712
512 718
513 722
513 727
512 732
513 738
514 742
513 747
512 751
511 756
513 760
512 765
514 769
513 775
511 779
511 783
411 786
374 789
389 793
392 797
363 802
367 806
411 808
365 811
397 817
382 821
352 824
399 828
409 830
360 837
399 839
394 842
380 846
377 849
388 852
433 855
368 860
397 861
419 866
356 869
412 873
401 876
378 878
403 882
393 884
436 887
401 890
416 891
460 893
395 895
478 919
459 919
428 920
476 920
468 921
444 922
476 922
480 923
450 923
482 924
482 924
462 924
495 924
485 924
482 925
471 925
483 925
495 925
476 925
493 925
499 924
481 924
503 924
505 924
507 922
514 919
513 921
511 915
513 911
514 908
512 908
511 905
513 904
513 902
514 903
512 899
514 898
513 896
514 895
513 891
514 888
514 886
513 884
511 881
514 878
513 875
513 873
513 871
513 868
513 865
513 863
513 858
513 855
513 851
514 848
514 843
514 838
513 899
513 898
513 896
513 895
513 893
513 890
513 888
513 883
511 883
513 878
512 877
514 874
513 872
513 870
509 866
513 862
511 859
513 856
513 853
513 848
511 845
513 841
513 835
514 831
513 827
516 825
513 818
513 812
513 806
514 802
513 798
514 790
513 787
513 781
516 777
514 772
513 767
513 762
512 756
514 752
513 746
513 742
513 736
512 733
513 727
513 721
514 715
508 710
513 704
508 697
513 693
513 690
513 683
514 677
512 674
514 670
513 658
514 456
514 454
513 450
514 446
515 441
513 435
513 429
514 424
515 417
514 411
513 405
515 400
514 391
512 387
513 382
510 376
515 371
514 366
514 359
513 353
515 347
514 342
513 335
511 332
514 328
511 324
513 320
514 314
514 309
513 310
515 304
515 296
514 290
514 285
513 282
513 276
515 271
514 267
514 262
515 258
512 254
574 251
636 247
668 243
630 240
653 235
663 232
625 228
648 224
646 221
646 217
651 213
629 209
665 204
649 200
645 198
618 195
576 123
539 123
563 122
586 121
581 120
530 119
610 117
536 117
539 117
585 115
543 115
549 113
557 114
553 113
541 112
537 112
574 112
533 112
546 111
552 111
538 111
526 112
544 111
539 111
548 112
516 112
554 114
522 114
518 115
516 117
514 120
513 121
514 125
513 128
514 130
514 132
514 133
513 134
513 136
513 138
514 139
513 141
508 143
514 145
513 147
513 150
513 151
513 154
514 156
514 160
515 162
514 166
513 168
514 170
514 175
515 177
515 182
513 272
513 273
513 276
513 283
512 288
513 292
514 297
514 301
513 307
513 313
512 318
514 323
514 330
512 334
514 341
513 348
514 351
513 355
512 361
513 364
513 371
514 375
514 379
511 387
515 390
514 399
512 405
513 411
511 418
514 423
509 433
512 439
508 444
512 451
509 454
512 459
511 465
514 469
513 472
514 477
512 481
512 485
509 491
514 497
513 502
512 510
513 515
513 522
511 528
513 534
513 540
513 546
513 551
511 558
515 561
514 568
512 678
514 680
514 684
513 696
512 697
513 701
513 705
511 710
513 714
513 718
513 724
513 730
514 734
512 740
514 744
513 747
512 754
513 756
513 762
513 768
512 771
512 775
514 780
511 785
387 786
398 790
399 795
358 797
383 803
369 808
345 812
386 814
406 819
384 822
367 826
379 830
394 833
381 835
399 840
418 843
384 847
409 850
403 849
379 857
413 862
407 864
377 867
390 870
397 874
423 877
398 880
408 883
411 886
386 888
460 890
442 892
382 892
449 925
488 926
497 926
492 925
501 925
492 925
490 925
502 924
509 924
508 922
512 919
512 917
510 913
514 911
513 907
513 906
513 904
513 903
514 903
512 900
514 899
513 898
514 896
513 894
513 891
513 889
513 887
514 884
513 881
513 879
513 876
513 873
513 870
513 867
513 865
513 861
514 857
513 855
514 851
514 847
513 842
514 839
514 833
506 835
512 823
503 827
513 814
511 811
513 805
513 799
513 794
513 789
513 785
513 780
513 774
514 767
514 763
513 742
514 740
513 736
513 734
513 729
514 723
513 718
513 713
514 706
513 702
513 694
515 688
512 688
515 681
513 674
512 671
513 666
512 659
512 656
513 648
513 642
513 638
516 630
513 626
515 616
513 610
514 602
511 598
514 589
515 584
514 582
516 575
512 572
516 566
513 563
513 559
513 554
514 549
513 545
514 537
514 533
515 527
516 518
512 514
514 506
513 501
513 497
515 488
513 484
510 480
518 471
512 471
518 466
511 458
516 454
514 448
509 442
512 385
514 382
514 378
514 373
513 367
514 361
515 355
512 351
513 345
515 339
514 335
513 331
513 326
515 320
514 316
513 311
514 306
515 301
515 295
512 291
509 288
514 282
508 278
514 274
514 269
514 264
515 260
515 255
