515 524
513 520
513 516
511 512
514 506
517 497
513 494
514 485
513 481
514 477
516 471
513 467
513 463
513 458
514 452
513 446
512 441
513 435
513 430
514 424
514 417
513 412
514 406
514 400
513 393
514 388
514 381
514 375
513 370
513 365
514 358
514 353
514 348
513 342
514 337
514 334
513 329
514 324
514 320
513 315
513 311
514 306
512 302
515 297
512 288
515 288
512 287
513 277
514 273
513 269
513 264
515 259
519 254
532 252
638 250
837 250
874 245
513 635
513 640
513 645
514 651
513 657
513 663
515 669
513 674
514 678
513 685
512 690
515 694
513 699
512 704
513 707
513 713
513 717
512 723
514 728
513 732
514 737
513 742
513 747
513 751
512 756
513 760
514 765
512 769
513 775
512 778
510 783
416 784
232 785
196 790
206 795
190 800
214 805
236 809
226 812
261 815
278 819
241 824
238 827
234 830
270 835
275 838
239 841
257 842
259 848
284 852
232 856
263 858
277 862
277 865
268 869
267 872
273 875
514 350
513 346
514 339
513 335
513 332
513 327
514 322
513 317
513 313
513 307
514 303
513 300
516 295
513 292
514 286
513 280
514 275
513 270
513 265
514 261
517 256
523 252
614 251
655 251
862 248
860 242
873 237
820 233
822 227
829 224
755 220
759 217
776 212
762 209
789 205
763 201
764 198
758 195
743 192
757 189
751 186
758 182
773 178
737 176
762 172
769 165
724 164
792 161
744 158
699 156
728 153
718 150
711 148
661 145
696 144
716 142
639 141
513 153
513 157
514 159
513 162
513 163
512 167
514 170
514 172
514 176
513 179
514 184
512 186
514 191
513 193
513 199
514 203
513 208
517 213
513 218
514 225
513 230
514 235
513 238
514 242
514 248
513 253
513 258
514 263
514 267
514 273
513 279
514 285
513 289
513 291
514 297
513 304
513 308
513 311
513 320
514 326
512 328
513 337
512 342
514 348
512 354
513 356
513 363
512 368
515 371
512 377
513 383
513 387
513 396
513 402
514 406
513 414
512 421
513 508
513 510
513 518
512 524
514 531
514 538
514 542
512 550
513 554
513 559
514 564
513 570
514 575
513 577
511 584
511 590
512 595
513 600
514 605
514 611
512 617
513 624
513 633
513 636
513 644
514 649
514 654
514 660
513 666
514 671
514 677
513 683
512 688
513 693
514 697
513 702
514 706
513 711
513 715
512 722
513 726
513 730
514 735
513 740
513 745
514 749
514 753
515 760
513 764
514 769
513 772
511 777
513 780
503 784
299 783
200 788
185 859
271 862
310 864
267 868
263 871
284 873
261 877
286 878
313 883
253 886
303 888
353 891
321 893
343 894
328 896
399 898
365 900
344 902
392 903
343 904
392 906
406 908
394 909
342 910
379 910
414 911
360 912
429 914
419 918
389 915
390 917
415 917
357 919
373 920
435 920
424 921
403 921
434 923
415 923
411 922
430 924
454 922
419 925
439 925
432 925
472 925
441 926
483 926
428 925
459 924
447 925
485 924
452 925
461 928
474 926
503 923
509 922
513 883
513 881
514 878
513 875
512 873
513 869
513 867
513 863
514 860
514 857
513 854
512 849
514 846
513 840
513 836
513 831
514 828
513 824
515 817
514 816
514 809
512 802
513 799
514 793
514 789
513 782
513 776
513 772
513 768
514 764
513 757
513 752
513 748
513 745
512 739
513 733
514 728
514 722
513 716
513 713
513 705
513 697
513 694
513 687
513 683
514 679
514 672
514 668
513 665
514 658
513 656
517 641
518 640
513 637
514 629
514 623
513 615
513 544
513 539
514 537
513 529
512 523
514 517
513 511
513 505
515 497
513 492
520 485
514 480
513 476
514 459
500 467
514 460
514 459
515 451
513 446
513 441
513 435
514 430
513 424
513 418
513 411
514 405
514 398
514 394
513 387
513 381
514 376
513 371
513 364
512 358
513 354
513 348
511 342
514 337
514 333
514 329
514 324
514 320
513 315
513 311
514 305
513 301
514 291
509 293
513 279
513 282
511 272
513 273
513 268
514 263
514 259
520 254
531 253
662 182
761 180
756 175
782 173
778 164
748 166
765 164
779 159
741 157
686 154
724 151
732 149
679 147
731 145
674 144
654 141
635 140
661 138
686 137
635 135
705 133
658 131
650 130
670 127
627 127
602 126
634 126
609 124
601 123
631 123
643 121
650 120
601 119
621 117
594 116
627 117
659 116
599 116
591 114
610 114
610 113
594 114
589 113
585 111
580 113
559 112
609 112
577 112
575 111
560 111
585 112
564 111
556 111
559 112
566 112
530 113
545 114
513 158
514 160
513 161
513 165
514 168
513 171
512 173
514 177
512 181
514 185
513 189
513 193
513 196
513 200
513 206
514 212
513 216
513 221
514 226
513 230
514 237
513 242
513 245
514 250
513 255
514 263
514 268
513 271
511 274
510 280
513 288
513 295
513 296
513 300
513 307
514 311
514 317
515 322
513 327
515 333
513 339
514 344
513 350
514 355
514 358
514 366
513 372
514 373
515 382
514 384
515 390
511 399
514 401
514 411
514 417
514 423
512 431
512 619
514 624
513 626
514 633
513 641
514 646
512 651
512 658
512 664
512 669
514 674
514 679
515 685
514 691
514 695
513 701
513 705
513 708
514 713
513 716
513 724
513 728
514 732
513 738
513 743
514 747
513 752
513 757
512 762
511 766
513 771
511 774
514 778
508 784
409 784
206 786
208 791
198 796
207 801
229 805
209 809
268 813
271 816
222 819
244 823
229 828
267 831
275 835
246 839
274 841
282 845
261 848
281 853
259 854
252 859
278 863
271 866
284 878
285 881
278 882
306 885
292 887
337 888
332 892
313 893
351 896
358 897
367 898
325 901
389 900
351 904
375 904
412 907
341 908
381 909
385 911
405 912
390 912
420 913
399 913
375 915
400 916
415 918
410 918
394 920
388 920
401 921
404 922
433 923
401 923
412 924
448 924
445 925
427 924
443 925
425 924
481 926
434 926
443 925
442 926
451 926
477 926
466 924
466 925
464 926
476 925
496 923
503 923
508 920
512 917
513 914
513 912
514 909
513 911
513 892
513 891
513 889
513 887
513 884
513 881
514 881
513 875
513 875
512 872
513 869
513 864
513 860
513 858
513 856
513 853
513 847
513 844
513 839
513 835
513 829
513 825
513 820
513 816
513 814
512 810
513 801
513 793
512 785
512 785
513 781
513 776
513 770
513 764
513 759
514 756
513 753
513 746
513 739
514 734
513 731
513 726
514 718
513 713
513 709
513 703
513 696
513 692
513 685
513 681
513 678
513 670
514 665
513 662
514 659
508 652
510 653
514 588
514 585
513 583
512 578
513 572
513 569
515 564
514 559
514 555
514 550
515 545
513 540
513 533
514 526
514 521
515 514
513 508
513 501
512 492
512 490
513 482
512 479
513 474
513 468
517 464
506 464
515 453
513 448
513 445
515 437
514 432
513 426
513 420
513 414
514 407
512 402
514 395
510 389
513 384
513 378
514 372
514 367
514 361
514 356
513 351
514 345
514 339
513 336
513 332
513 326
513 321
514 318
513 313
514 307
513 298
514 299
511 255
518 252
612 251
640 250
919 247
918 242
860 236
806 231
830 227
796 226
767 220
788 215
766 213
788 209
770 205
758 202
755 199
751 194
760 190
736 188
742 184
780 181
758 178
749 175
763 171
771 168
775 166
756 162
703 158
728 155
773 152
729 150
660 150
726 145
689 144
638 142
696 142
609 139
658 137
668 136
678 134
674 132
635 131
662 129
601 128
616 127
633 126
622 125
632 126
607 124
664 123
605 121
613 120
598 119
634 118
634 117
617 116
612 111
571 112
558 112
559 112
599 111
554 111
556 112
559 113
565 112
539 113
546 114
521 115
510 115
515 121
514 124
514 125
512 128
511 130
513 132
514 133
514 135
514 135
514 139
514 139
511 141
513 143
514 146
514 148
513 151
511 152
513 157
514 158
513 161
514 164
513 170
514 169
514 172
513 176
514 180
513 183
514 187
513 190
514 194
514 199
513 202
514 209
514 213
511 219
514 223
514 229
514 234
514 240
513 244
514 248
513 252
513 258
514 264
514 343
515 351
514 351
514 355
515 359
513 362
514 368
513 373
513 376
515 382
513 388
515 395
519 401
513 405
514 413
513 422
513 428
514 433
512 438
513 447
514 452
514 457
513 461
515 465
514 469
513 475
515 479
514 483
513 488
514 493
513 501
514 504
513 512
513 518
513 525
513 531
514 537
512 544
514 547
513 555
513 560
513 564
511 572
514 575
513 580
513 584
513 590
513 595
513 601
512 606
513 614
513 621
513 626
514 629
512 638
515 642
514 648
513 734
513 738
513 740
513 744
513 749
514 754
513 760
513 764
514 769
513 774
512 778
510 781
499 785
340 784
195 788
169 793
186 799
238 804
217 806
258 810
255 814
217 818
256 822
228 825
254 828
292 833
214 836
287 840
290 844
241 847
266 851
241 854
291 858
315 861
240 865
263 867
296 872
270 874
302 877
265 880
257 883
311 886
349 889
340 890
311 893
391 894
356 895
372 898
349 901
345 901
362 903
385 904
374 906
380 907
352 910
407 910
415 912
444 924
438 925
441 925
437 927
461 925
435 928
447 926
447 925
464 926
462 925
452 926
433 926
479 926
482 923
500 924
477 923
506 921
514 918
513 918
512 914
512 910
513 907
512 906
514 905
514 903
514 901
513 901
513 899
513 897
514 895
513 894
513 891
513 889
513 885
513 882
514 880
513 878
514 874
513 872
514 871
512 866
512 863
513 860
513 857
513 853
512 849
513 845
514 841
513 837
515 831
513 827
513 822
513 817
514 817
511 806
510 789
513 797
514 737
513 731
513 725
513 727
513 719
513 710
514 703
513 701
513 694
513 688
513 684
513 677
515 672
516 670
513 663
514 659
513 657
515 645
514 645
513 635
513 628
513 623
514 614
513 608
514 602
513 594
512 590
513 584
514 577
513 575
513 571
514 566
513 562
515 556
513 553
514 546
513 542
513 537
513 530
513 524
515 516
513 512
514 503
515 498
513 491
514 486
513 482
514 476
513 470
510 470
514 465
510 452
512 452
513 447
514 441
514 436
514 428
513 329
513 327
514 323
515 315
513 314
514 309
514 305
513 300
514 295
513 291
514 284
511 280
512 285
509 273
513 267
515 263
515 258
519 255
539 252
638 249
894 249
911 244
846 238
795 234
818 231
816 226
747 223
789 218
780 215
768 211
755 207
752 204
761 199
775 197
725 193
757 190
763 187
747 183
746 179
744 175
786 173
765 169
751 167
765 163
695 159
759 155
764 154
682 151
701 148
689 147
694 145
714 143
654 141
630 140
645 138
659 137
685 135
637 115
639 115
655 113
610 113
576 114
579 112
591 112
595 112
574 112
586 114
579 112
571 110
567 112
578 112
561 111
564 112
559 113
571 113
542 113
549 113
519 115
517 116
517 119
514 122
514 124
514 127
513 129
514 131
514 132
514 134
514 135
514 137
514 139
513 140
513 142
515 145
513 148
515 149
513 153
517 155
513 157
514 161
514 164
514 166
515 169
514 171
514 175
514 178
513 182
513 186
514 188
513 194
514 197
513 201
514 206
513 213
514 220
512 303
514 308
514 314
515 315
514 321
514 328
514 335
514 339
514 346
516 351
513 356
514 362
514 365
514 369
514 373
517 381
513 387
514 390
512 399
514 402
513 410
513 419
514 424
512 432
514 437
513 444
513 449
514 453
513 460
514 462
513 469
514 471
514 478
512 482
514 484
513 493
514 496
513 503
513 508
513 515
511 523
513 528
512 536
514 539
514 547
513 552
514 557
513 562
513 569
514 572
514 578
512 582
514 587
512 592
514 598
514 603
513 682
511 686
513 689
514 693
513 695
513 701
513 705
514 709
514 713
513 718
512 724
513 728
513 734
512 738
513 743
513 747
514 752
514 757
512 762
513 766
514 764
513 775
513 779
510 783
414 785
219 786
176 792
179 796
260 802
244 803
200 809
247 813
240 817
248 820
241 823
268 828
240 831
261 835
292 839
243 842
263 847
285 850
267 853
264 856
262 859
261 862
287 866
266 869
293 873
299 876
250 879
289 883
322 885
334 888
336 890
300 892
334 894
338 921
444 921
404 922
409 922
439 924
422 924
425 924
430 926
454 922
453 928
418 925
441 927
447 925
460 926
448 926
453 925
467 925
461 925
456 926
495 925
454 924
474 923
504 922
512 920
512 912
513 914
513 911
513 908
514 906
512 909
512 905
514 903
512 901
513 900
513 898
513 898
513 894
513 892
513 889
513 887
513 883
513 881
513 879
514 876
513 873
513 871
514 869
514 865
513 861
513 858
514 854
513 851
514 847
513 844
513 838
513 835
513 829
513 727
516 722
513 717
513 714
514 707
513 702
513 697
513 690
513 686
513 681
514 674
513 671
514 665
513 661
514 657
514 647
514 647
513 631
515 628
514 626
514 616
513 612
512 605
513 597
513 593
513 583
511 583
513 575
514 572
513 569
514 562
513 560
514 554
513 550
513 543
512 539
514 533
514 525
513 520
515 512
514 508
513 499
513 494
514 488
513 483
513 478
514 472
513 468
513 465
514 459
517 458
513 449
513 443
512 437
515 431
515 425
512 420
514 307
513 304
513 301
513 298
513 292
513 286
511 278
507 279
511 274
519 270
515 265
513 261
516 257
523 252
617 250
797 250
870 245
872 240
823 236
812 232
792 226
811 224
772 221
767 217
782 212
773 209
766 205
771 202
790 198
733 195
743 191
776 188
761 184
737 182
764 178
759 174
775 170
752 168
746 164
737 160
763 157
759 154
681 152
721 149
724 148
684 145
684 144
632 142
668 140
642 139
707 137
676 136
603 134
705 133
667 131
665 129
611 129
631 125
587 123
600 124
654 121
638 121
625 119
630 119
598 117
635 115
631 116
620 114
609 114
611 114
606 113
604 113
629 113
576 113
563 112
607 112
567 112
584 114
588 112
568 112
547 112
593 112
582 112
549 112
549 113
545 113
537 114
526 115
515 118
514 121
514 124
514 126
514 128
514 130
513 132
515 134
514 135
514 136
515 138
514 137
514 141
514 144
514 146
513 148
514 151
514 154
513 156
513 159
514 161
514 163
514 168
514 170
514 173
513 177
513 216
513 219
511 224
514 231
513 236
514 239
513 243
513 249
513 253
514 259
513 264
514 268
514 275
513 278
514 284
513 296
513 296
514 300
513 304
515 310
513 314
514 320
513 325
513 331
514 335
513 343
514 348
514 352
513 360
513 363
515 368
514 373
515 377
513 383
513 390
514 393
514 401
513 410
513 413
517 423
514 428
513 433
512 441
513 448
514 453
514 457
513 462
513 466
514 470
513 476
514 478
514 484
514 489
513 494
512 500
513 506
514 500
513 561
514 565
512 571
516 575
515 580
514 586
514 593
514 597
513 601
514 607
513 613
514 619
512 625
513 630
513 638
512 644
512 649
514 655
512 662
516 670
514 672
515 679
514 685
513 689
514 694
514 701
513 704
511 707
514 711
514 716
512 721
513 726
514 732
513 735
513 741
513 747
513 749
514 754
512 761
513 765
513 768
512 773
508 778
509 782
456 784
240 785
185 792
205 794
241 798
248 803
244 807
210 811
266 815
278 820
228 822
218 825
285 830
279 866
247 868
283 872
248 876
297 878
293 882
233 880
305 885
271 888
380 891
393 894
297 896
323 897
370 898
333 901
384 901
341 903
412 904
370 906
348 908
394 908
359 909
402 910
383 913
427 912
383 914
391 914
393 916
412 918
441 918
363 920
409 920
420 921
418 921
439 922
391 924
422 923
459 925
429 924
452 926
447 925
434 925
443 925
484 925
427 925
452 925
460 926
458 926
468 926
459 923
462 927
479 923
490 926
500 923
507 920
513 918
512 915
513 901
513 898
513 899
513 896
513 895
513 893
513 890
513 888
513 885
513 882
513 880
513 878
513 874
514 873
517 870
513 866
513 861
513 861
513 856
513 853
514 849
512 845
513 841
513 836
513 832
513 827
515 821
512 817
514 812
513 809
519 803
527 800
513 791
513 785
513 784
513 779
513 774
515 766
513 760
513 756
513 755
514 748
514 741
513 736
514 731
513 727
513 721
513 716
513 710
514 703
513 698
514 695
513 686
513 683
513 679
515 671
512 570
514 568
514 564
514 561
514 557
513 553
515 545
513 541
513 536
514 528
513 524
515 515
512 510
513 501
514 497
514 491
515 486
513 480
514 474
513 471
512 465
514 462
513 466
512 453
512 446
513 440
516 433
513 427
513 422
514 416
513 410
513 404
514 398
514 392
514 385
514 379
513 376
513 368
514 363
513 357
513 353
513 346
515 341
513 337
514 332
514 329
514 324
514 318
513 315
514 309
514 304
513 299
513 296
517 291
510 286
517 283
512 277
516 216
750 213
767 210
760 207
769 203
754 200
760 197
743 194
748 189
731 186
774 184
793 180
736 176
759 171
811 169
744 166
721 163
748 158
729 156
733 152
744 151
673 148
702 146
697 144
707 142
680 140
638 139
656 137
636 136
672 134
662 133
664 131
670 130
612 129
665 127
628 127
636 125
632 125
605 123
643 123
614 122
605 120
635 119
642 118
618 117
614 116
630 115
608 115
613 115
623 115
602 113
576 113
574 112
586 112
595 112
571 111
603 112
541 128
513 129
514 130
514 131
514 133
513 133
514 135
514 138
514 139
514 140
514 144
514 145
514 148
513 149
515 154
506 157
513 158
514 160
514 163
517 166
514 168
513 172
514 175
514 179
513 182
514 185
512 189
513 193
513 197
513 203
511 208
514 213
515 216
513 221
515 227
514 232
513 237
513 241
514 247
513 250
513 258
514 262
515 267
513 271
513 279
513 283
513 289
513 291
514 298
513 303
513 307
514 312
515 317
514 324
515 329
515 335
514 343
515 398
514 403
514 408
513 415
512 417
514 425
513 433
513 438
513 445
514 451
513 456
513 459
513 464
513 468
513 473
514 477
514 481
514 486
513 492
513 497
512 504
513 509
514 516
512 524
514 529
513 536
514 542
513 548
511 554
514 557
514 563
515 568
514 572
513 577
513 582
513 588
512 595
513 599
514 605
512 610
513 616
513 622
515 628
513 634
513 641
514 646
513 652
512 659
513 666
513 668
514 674
512 682
512 686
513 690
512 696
513 702
513 705
305 784
197 788
191 792
219 796
241 800
246 805
237 809
234 813
266 816
236 821
250 824
262 829
238 832
272 836
271 840
273 853
252 846
294 850
241 853
266 855
295 860
256 863
283 866
269 870
266 873
270 877
251 879
318 883
298 886
309 888
375 890
307 891
353 894
373 896
352 898
374 899
331 901
378 902
397 904
406 905
353 906
356 909
367 909
376 910
463 912
366 913
447 913
437 916
391 916
388 916
375 921
373 918
429 920
432 920
387 921
407 922
417 923
476 924
476 922
505 923
513 922
513 917
513 913
514 911
513 908
513 906
513 904
514 902
514 904
513 901
512 900
512 898
513 896
513 893
513 892
514 889
513 887
514 883
513 881
513 879
513 876
513 873
513 870
512 868
514 865
512 862
513 859
514 854
512 850
514 847
513 843
514 839
513 833
514 828
513 825
513 821
514 816
513 811
520 804
513 799
512 793
513 789
513 785
514 780
513 773
513 767
513 761
513 759
513 755
514 750
514 743
513 738
513 733
513 730
521 644
511 636
513 638
517 625
514 617
514 610
511 604
514 596
513 592
513 584
514 580
513 576
514 569
514 568
514 561
513 559
515 554
513 549
513 544
515 537
513 533
513 525
513 519
514 512
514 506
513 499
514 494
513 488
514 482
513 477
515 472
513 467
514 464
515 457
518 453
506 445
517 442
513 437
514 431
514 424
514 420
515 413
514 406
514 401
513 396
509 390
514 383
513 376
513 373
513 365
514 359
513 356
513 349
514 344
514 339
514 335
513 331
510 270
514 264
514 260
512 255
524 251
642 250
787 250
900 244
842 240
803 235
793 231
790 230
767 223
784 219
766 215
773 212
801 208
755 205
783 201
779 198
755 195
743 191
736 187
776 183
760 180
747 177
773 173
760 171
738 167
813 162
738 162
717 167
768 154
721 151
715 149
715 147
670 144
695 143
656 141
659 139
654 138
671 137
664 135
665 133
651 133
665 130
698 129
626 128
607 127
591 126
648 125
610 124
656 123
635 121
626 121
645 119
625 118
549 112
547 113
551 113
530 114
522 115
515 117
514 121
515 124
514 126
513 128
515 132
511 133
514 134
514 135
513 136
513 139
514 140
514 140
514 144
513 147
513 148
514 151
514 154
513 157
514 159
513 162
513 165
514 167
514 170
514 173
513 177
513 179
514 184
513 189
514 192
514 195
514 200
514 205
514 209
513 215
513 220
514 224
512 228
515 235
512 240
514 246
514 250
513 254
513 259
514 268
513 270
514 274
515 280
513 286
514 291
513 295
514 401
513 405
513 410
512 416
512 422
513 429
514 433
513 442
513 447
513 454
513 458
515 462
512 468
513 470
513 477
514 479
513 483
513 490
514 494
512 502
514 506
513 515
513 519
513 527
515 532
513 539
513 545
514 550
513 557
514 559
512 565
513 572
514 575
513 580
513 585
513 591
514 596
514 602
514 608
511 614
513 620
515 626
514 633
513 638
514 646
513 650
513 655
512 662
513 667
513 674
513 678
512 684
513 689
513 694
514 698
513 699
513 707
514 817
234 820
221 823
239 827
238 830
303 834
260 837
227 841
279 844
276 848
271 852
229 854
258 858
296 862
291 864
260 868
256 872
263 874
317 878
281 882
284 883
286 887
338 889
333 891
341 891
354 896
395 897
370 898
346 897
367 899
331 904
400 905
385 908
362 907
397 910
358 911
428 910
377 913
404 913
383 911
393 914
429 916
387 917
426 917
375 920
412 920
432 921
415 921
425 922
401 924
404 924
455 924
431 925
438 925
446 926
420 926
464 925
467 926
440 925
463 927
462 926
461 926
458 924
473 924
495 924
499 922
505 921
510 918
512 916
512 913
512 910
514 907
512 906
513 905
513 904
515 906
513 901
513 901
513 897
513 894
513 893
514 890
513 887
513 884
513 883
513 879
512 877
513 874
513 872
513 869
513 866
513 862
513 858
514 856
512 852
513 848
514 844
512 840
513 836
514 832
513 826
513 821
513 817
512 811
513 807
516 799
514 800
510 790
513 786
513 782
513 777
513 771
513 765
513 761
513 715
513 710
514 707
514 703
513 697
