513 648
514 651
514 655
513 659
513 663
513 670
513 676
513 681
514 685
512 692
513 696
512 701
512 706
513 709
514 714
513 716
513 723
514 729
513 735
514 739
515 744
516 747
514 753
513 757
514 762
513 768
514 771
512 777
510 781
459 783
355 784
77 786
82 790
63 795
84 799
101 803
100 807
95 811
79 815
144 818
151 823
74 827
110 830
146 834
109 838
115 841
151 844
152 849
142 851
169 855
132 859
109 862
183 866
181 868
94 872
121 874
201 878
208 880
513 285
514 283
514 277
513 274
513 269
514 265
520 258
518 253
541 253
729 251
747 250
996 248
973 243
952 239
980 234
928 229
929 225
963 221
945 217
921 214
914 211
892 207
933 203
841 199
846 196
912 192
886 190
858 186
889 182
881 179
906 176
873 172
871 169
888 165
887 162
877 160
843 156
796 152
834 157
774 148
816 155
740 145
738 143
767 141
725 140
779 138
686 137
739 135
752 134
746 131
704 131
714 129
702 129
625 127
726 126
676 125
703 128
23 792
34 795
83 798
110 802
77 804
99 809
125 813
102 817
119 821
108 826
117 828
162 832
126 836
138 840
154 842
155 846
135 850
134 852
143 856
139 859
132 862
188 867
156 870
139 873
138 877
187 880
167 883
191 884
235 888
221 890
288 893
258 894
210 895
291 897
309 899
314 900
298 902
293 904
309 905
301 907
289 906
353 909
333 909
344 910
360 911
336 913
322 914
348 915
340 916
359 917
340 918
323 919
367 919
363 920
366 921
358 922
349 924
423 789
513 787
513 783
512 774
513 770
513 764
512 761
513 757
513 753
513 744
513 740
513 739
513 732
513 724
513 719
513 716
513 708
513 703
513 699
513 692
514 685
513 682
514 678
513 672
514 666
513 662
513 657
513 651
513 648
513 638
513 633
513 626
512 618
513 610
513 605
513 601
514 594
513 593
512 585
514 576
514 573
514 568
513 565
513 559
512 555
513 551
514 544
512 541
513 534
514 527
513 522
513 516
513 508
513 503
514 497
514 490
513 486
513 380
513 373
514 368
513 362
513 357
514 352
514 346
513 341
513 337
513 332
514 328
513 323
513 319
514 314
514 308
514 304
512 299
513 294
514 289
513 285
513 278
512 275
514 270
513 266
514 259
525 258
526 253
639 252
740 250
924 249
1023 245
1010 240
985 234
951 231
926 227
909 223
925 219
903 215
912 211
923 208
915 204
903 201
847 198
866 195
905 191
872 188
854 185
903 181
903 178
860 174
890 169
876 167
895 163
854 160
821 157
868 155
874 152
665 124
687 123
672 122
686 122
704 120
680 119
659 118
678 117
668 117
647 116
645 114
683 114
633 116
643 113
630 113
601 113
640 102
625 113
589 113
593 112
606 112
620 112
567 113
576 112
599 113
580 113
573 112
566 113
546 115
522 117
514 120
515 122
515 125
515 128
514 130
514 131
514 133
514 135
514 136
514 137
514 139
514 144
514 144
513 145
515 148
514 150
513 154
514 155
513 162
515 160
510 164
514 166
514 170
513 173
513 176
513 178
514 182
513 272
514 272
514 278
513 282
514 287
514 293
513 300
513 305
513 308
514 313
514 319
514 325
514 329
514 335
514 344
514 346
513 351
514 357
514 361
514 367
513 373
513 376
513 383
513 387
513 393
515 400
514 404
513 412
513 419
514 425
514 433
513 441
514 446
513 451
514 454
513 462
514 465
512 470
513 474
513 477
514 484
513 487
514 493
513 498
513 504
513 511
513 516
513 524
513 529
514 537
513 542
514 548
512 554
514 558
513 565
514 569
513 652
513 660
514 665
514 670
513 677
514 682
514 686
513 692
513 697
513 699
512 704
513 710
514 714
513 719
514 724
515 730
513 733
514 739
513 744
515 749
515 754
513 758
514 763
514 766
514 772
513 776
509 781
472 783
335 785
162 785
98 789
30 794
66 799
71 804
49 808
105 812
133 815
80 820
118 825
141 827
95 832
136 834
158 836
129 841
134 845
170 849
143 852
167 854
145 858
153 862
134 864
130 868
176 872
159 874
164 878
183 881
205 884
226 887
239 916
390 914
347 918
360 917
342 917
337 920
371 920
334 920
371 922
374 922
379 922
387 923
358 923
419 924
417 925
416 924
434 924
369 926
425 924
435 925
426 925
425 924
438 925
444 924
455 924
462 924
481 924
497 921
512 919
511 916
512 916
512 909
513 908
513 906
513 904
513 903
513 902
511 901
512 888
512 898
512 896
513 894
512 893
513 889
513 886
513 883
514 880
513 878
514 875
513 873
512 870
513 867
513 866
513 861
513 857
514 854
513 850
514 750
513 748
514 744
512 739
513 730
513 729
513 729
513 717
513 710
513 707
512 702
512 693
513 691
513 686
513 677
513 677
513 668
513 663
513 662
512 653
513 648
513 644
513 635
512 631
513 623
517 616
513 609
513 603
512 596
513 590
515 584
514 580
514 575
513 571
513 566
513 562
513 558
513 553
513 549
513 541
513 538
513 532
514 524
513 520
512 511
513 505
513 500
513 492
513 488
513 481
513 478
513 471
514 468
513 463
514 457
513 453
515 447
511 259
521 249
530 254
717 251
784 250
952 247
1001 242
1017 238
990 233
954 228
933 224
903 220
944 217
899 211
872 209
920 206
898 202
870 199
885 196
868 192
888 189
915 186
849 183
881 179
910 175
872 172
884 169
862 165
855 162
895 160
838 156
842 153
845 152
779 157
767 145
761 145
770 143
769 141
706 139
729 138
736 136
700 135
724 134
709 131
756 130
718 128
728 127
630 127
685 125
724 124
645 123
671 122
701 122
705 120
689 124
701 119
674 118
667 115
683 115
663 114
655 114
607 114
622 113
641 112
609 112
615 114
604 115
623 112
594 113
600 112
591 112
583 113
594 112
578 113
576 114
533 116
535 116
520 119
515 121
515 124
514 127
514 129
515 131
514 133
514 134
514 136
514 136
513 138
514 140
515 142
512 144
514 147
513 149
514 151
514 155
513 157
514 160
515 160
514 165
513 168
511 171
514 174
513 178
513 181
515 185
514 189
514 193
514 197
514 202
514 205
514 210
513 216
514 220
515 132
514 134
514 133
514 135
516 136
514 137
514 139
514 142
514 144
514 145
515 147
514 150
515 154
514 156
514 158
514 161
511 163
513 166
513 169
515 172
514 176
513 179
513 183
514 187
513 191
513 195
513 199
515 203
513 207
514 213
513 219
511 223
514 228
514 234
513 238
514 244
513 250
513 254
513 258
514 262
514 267
513 272
514 277
513 283
513 289
514 294
514 296
514 303
514 311
514 314
514 317
514 326
514 332
514 334
513 341
513 349
514 353
514 509
513 512
513 518
513 522
513 532
514 536
514 542
513 548
513 554
512 560
514 563
513 569
515 573
513 579
515 583
514 589
514 594
513 598
513 606
513 611
514 616
514 624
514 629
513 635
513 641
513 648
514 653
513 659
513 666
514 671
512 677
514 682
513 686
513 693
514 698
514 701
514 706
513 711
514 715
514 720
515 723
514 730
514 735
514 739
512 743
513 749
514 753
513 756
514 761
513 767
513 771
512 776
512 781
442 782
367 785
143 786
86 790
99 889
285 891
261 892
280 894
345 896
270 898
271 900
288 901
297 903
314 903
278 906
340 907
318 908
324 910
380 911
302 910
358 913
329 913
352 914
326 916
330 917
346 918
375 916
378 920
315 921
358 921
371 922
378 924
374 920
363 924
396 923
391 924
419 924
419 924
399 924
427 924
416 925
446 923
417 925
428 925
417 925
447 924
452 923
489 924
461 923
501 921
510 919
512 916
513 913
512 911
512 907
513 905
512 905
513 904
512 902
513 898
513 898
516 874
513 871
513 869
512 867
513 864
513 860
513 858
513 854
513 849
513 844
512 839
514 837
513 832
513 829
514 822
513 817
513 812
513 807
514 804
513 799
513 793
513 788
514 783
513 779
512 773
511 767
515 763
513 758
513 753
514 747
513 743
513 739
513 733
513 727
513 721
513 718
513 710
513 705
513 700
513 694
513 688
513 684
513 679
513 674
517 668
513 665
514 660
513 654
513 649
513 642
513 636
513 628
514 621
513 618
514 607
514 602
513 597
513 512
513 507
514 502
513 499
513 492
514 487
512 482
514 477
513 472
514 466
513 462
512 457
514 452
514 446
514 441
513 436
515 429
513 424
513 419
512 415
514 407
513 400
514 394
513 385
514 382
513 374
513 370
513 363
513 358
514 354
513 348
513 343
514 338
513 334
513 330
513 325
514 320
513 315
513 311
514 305
514 300
513 296
514 291
513 285
514 281
513 277
514 272
513 268
515 264
515 255
517 255
590 252
697 249
779 251
966 248
980 243
988 235
1000 173
813 170
909 168
825 164
886 161
860 158
827 155
855 153
777 151
821 149
787 149
731 146
812 143
703 141
810 139
724 135
658 136
770 135
652 133
735 132
708 134
758 129
713 128
638 126
732 126
667 124
691 124
650 122
686 122
696 121
698 119
709 119
615 117
682 117
696 116
633 115
657 114
658 114
626 113
679 113
626 113
587 112
619 110
611 115
626 110
608 111
595 112
607 112
595 112
582 113
590 112
576 112
554 109
547 114
528 116
517 119
515 122
513 156
514 158
514 160
515 162
517 166
514 168
514 171
513 174
514 178
514 181
514 185
514 188
514 194
513 197
514 201
514 206
513 210
513 217
515 221
513 227
513 232
514 236
514 240
513 245
514 250
514 256
513 260
514 265
514 270
513 275
514 282
514 287
515 290
513 294
514 302
513 307
513 310
513 316
513 322
514 326
513 334
513 341
513 344
513 348
513 356
514 359
513 365
513 370
514 372
513 380
514 384
514 389
514 398
513 401
513 410
513 417
514 424
514 488
514 492
514 496
514 501
513 508
513 514
514 521
514 527
514 534
513 540
514 545
511 552
514 556
514 561
513 567
514 570
512 577
513 581
513 586
513 592
513 597
513 603
514 609
513 615
513 622
514 626
512 632
513 639
513 645
514 650
514 656
513 663
513 668
513 674
513 680
514 685
513 690
514 695
512 700
513 704
513 707
514 712
514 718
514 722
513 727
513 732
513 737
514 742
514 746
514 752
514 755
513 761
513 766
510 770
513 773
512 778
509 783
168 848
154 851
124 853
143 856
157 860
173 863
112 867
171 869
177 873
93 876
180 880
191 884
195 886
249 889
210 890
262 893
265 894
274 895
309 898
234 899
287 901
292 902
299 901
328 903
303 905
346 907
283 907
298 909
362 909
307 914
358 913
317 914
353 917
318 916
325 917
366 918
347 923
354 921
345 922
350 922
383 921
346 923
372 920
431 923
404 924
366 924
438 924
427 927
412 924
415 924
399 925
436 925
430 924
431 925
423 924
453 923
453 924
513 886
513 884
513 881
512 880
513 875
512 874
513 872
513 869
513 866
513 862
513 859
513 855
513 850
513 847
513 843
513 838
513 834
513 830
513 825
513 821
514 817
513 810
513 806
513 801
514 795
513 790
513 787
514 780
514 773
514 769
513 761
513 764
513 755
513 750
513 745
513 741
512 736
513 731
514 726
513 719
514 712
513 708
513 703
513 697
513 692
513 688
513 681
513 676
513 672
513 665
512 662
513 655
513 649
513 647
513 637
513 634
513 625
513 517
513 514
513 507
513 502
513 495
514 491
513 483
513 480
513 475
514 470
513 464
514 457
513 454
514 450
514 443
514 438
514 432
514 427
513 421
513 411
513 408
512 403
513 396
514 390
513 385
513 378
514 373
513 367
514 362
512 356
514 350
514 345
513 340
513 336
514 330
513 327
513 323
513 317
513 313
513 308
514 304
513 298
513 294
513 289
513 284
513 281
513 276
513 270
513 266
515 262
517 257
526 261
684 253
780 250
969 248
972 244
962 186
887 183
850 180
907 177
843 174
916 170
886 166
846 163
885 160
828 158
862 155
828 152
785 150
786 155
751 145
760 149
766 140
722 140
782 138
722 137
716 136
721 134
702 132
699 131
751 130
716 128
691 127
674 123
687 126
695 124
685 119
703 122
666 121
660 120
715 119
685 118
635 117
670 116
695 116
652 115
663 115
641 114
608 113
641 113
632 113
604 109
612 115
583 110
639 114
579 112
625 112
600 112
597 112
564 113
607 113
560 113
551 114
538 158
514 160
510 161
513 163
514 167
513 170
513 173
514 175
514 179
514 183
514 187
512 191
514 194
514 200
513 204
514 209
514 212
513 217
513 223
513 228
513 235
513 241
513 244
513 247
514 254
514 259
514 264
513 269
514 273
514 278
513 283
513 290
513 295
514 297
514 302
514 309
513 316
514 321
514 324
514 330
513 337
514 341
514 347
513 353
514 357
513 362
514 368
514 371
514 377
514 383
513 388
514 392
514 400
513 407
513 413
514 421
513 427
514 547
512 551
513 556
514 559
514 564
513 569
514 574
513 579
513 584
513 589
513 594
513 599
513 606
512 611
513 617
510 624
513 630
513 636
513 643
512 649
513 655
514 659
514 666
513 672
513 677
513 682
514 688
513 692
514 696
513 701
513 705
511 712
513 716
512 720
513 725
512 731
513 735
514 739
512 745
513 749
513 753
513 758
514 763
513 767
512 772
512 776
509 780
468 783
345 785
147 786
86 790
42 796
57 800
78 805
112 808
105 812
129 817
121 820
207 888
242 889
245 890
293 891
287 895
243 894
317 897
245 900
314 901
330 903
257 904
311 905
331 907
332 910
296 909
346 911
356 911
309 912
341 914
349 914
315 915
354 917
348 918
346 917
357 920
335 921
378 921
370 921
354 922
382 923
374 924
390 923
428 925
385 925
422 924
419 925
445 925
389 925
424 924
421 923
432 924
456 925
437 924
447 923
460 923
489 921
495 922
508 918
512 916
513 913
514 910
512 908
513 905
513 905
515 903
512 900
513 894
513 894
512 892
513 890
513 889
512 886
512 882
514 880
513 878
513 874
513 872
512 870
513 867
513 864
513 859
513 856
513 854
514 850
513 846
514 842
514 837
513 832
514 825
513 822
514 819
513 814
514 809
514 800
515 796
514 791
513 789
513 784
513 778
513 772
513 766
513 761
512 759
513 752
513 747
513 742
513 738
513 733
513 728
513 722
513 714
514 711
513 706
514 698
514 693
513 690
513 681
513 679
513 674
513 668
513 665
514 658
514 653
513 591
513 587
513 582
513 579
518 573
513 570
513 567
513 561
513 558
513 552
514 548
513 542
513 536
513 531
513 523
513 517
513 511
512 505
512 498
512 492
512 487
513 482
514 476
514 471
513 467
514 461
513 457
513 452
514 446
513 442
513 436
513 429
513 424
513 418
511 415
512 406
513 396
513 394
513 388
513 381
513 375
512 370
513 364
513 358
514 353
513 348
514 342
513 338
514 333
512 330
514 324
514 319
513 316
513 311
514 305
514 300
513 296
512 250
963 249
986 246
1023 241
1001 236
921 232
934 228
954 224
907 221
905 217
904 212
939 208
901 205
898 201
876 198
930 195
879 192
844 188
881 185
898 182
897 178
853 173
866 172
878 168
927 164
865 162
843 158
821 156
829 152
839 151
788 148
768 146
754 146
767 142
724 141
695 140
779 138
727 136
723 134
761 133
687 131
734 129
713 129
691 127
696 127
681 125
684 125
666 124
716 123
706 122
644 121
671 120
711 118
701 118
644 117
656 117
654 115
607 105
603 111
588 114
621 113
589 113
595 109
550 113
603 113
596 113
535 114
527 116
520 118
515 122
515 125
514 127
514 130
514 132
514 133
513 134
514 136
514 137
514 139
514 139
514 143
513 144
514 147
514 149
513 152
513 155
514 158
514 159
514 163
521 164
517 168
514 172
514 174
514 178
514 181
514 185
514 190
514 192
514 197
513 201
514 206
512 212
514 218
514 222
512 227
513 230
514 236
514 241
513 245
514 249
515 254
513 259
513 266
513 272
514 318
514 322
514 327
514 333
513 340
513 345
514 350
514 356
513 359
514 364
514 371
513 374
513 379
514 386
514 390
513 397
513 402
514 411
513 417
514 423
513 431
513 435
514 445
513 448
513 453
511 459
513 463
511 468
513 472
513 474
514 481
513 485
514 490
514 497
514 501
514 508
517 515
513 521
516 529
514 533
514 541
513 547
514 551
514 558
513 561
514 567
513 572
514 575
512 581
515 586
513 592
513 597
514 602
513 610
514 615
513 620
514 627
514 714
513 719
512 724
513 728
514 733
514 738
514 741
514 747
513 751
513 756
513 761
515 765
514 771
514 774
513 779
506 781
402 785
197 784
55 789
76 793
91 798
76 802
114 806
95 810
97 814
84 818
125 822
116 825
143 831
88 833
135 836
176 840
112 843
106 847
138 850
173 852
152 857
122 859
158 864
174 868
146 871
145 874
147 876
187 880
178 882
252 885
228 887
188 890
266 893
239 894
265 896
299 898
278 898
346 900
267 902
309 903
276 905
299 922
361 922
367 922
377 923
370 923
365 923
431 923
399 924
386 924
405 924
421 925
421 924
415 927
423 926
421 923
442 924
449 925
447 923
460 924
453 923
488 921
509 920
512 916
511 915
512 912
512 909
512 907
513 906
514 904
513 902
513 901
512 902
512 898
513 897
515 894
514 893
511 889
513 886
512 885
513 881
511 879
513 876
513 874
513 870
513 868
513 865
513 862
513 859
513 855
513 851
511 848
513 844
511 839
514 835
513 831
513 824
513 818
513 730
513 729
512 727
513 718
514 714
513 709
513 701
513 696
513 691
513 685
513 682
513 676
514 670
513 667
513 662
512 655
513 652
514 644
513 639
514 632
513 625
513 619
513 611
513 606
513 598
513 592
513 588
513 581
513 575
512 571
514 567
513 565
513 559
513 556
513 550
513 545
513 539
512 533
513 527
513 520
513 515
513 509
514 501
513 495
513 489
514 483
511 479
513 475
512 469
513 464
513 460
513 454
513 450
513 443
513 437
513 432
513 427
514 353
513 349
513 345
513 340
513 335
514 330
514 327
513 323
513 317
514 313
514 308
513 303
511 298
513 293
514 288
513 284
513 280
513 275
513 270
513 265
514 263
514 256
525 253
647 250
777 251
970 246
1012 243
972 239
935 234
926 231
974 227
934 225
919 219
927 215
934 210
899 207
899 203
864 200
875 196
907 195
853 190
861 187
904 184
902 182
877 177
873 174
901 170
878 166
885 162
860 160
839 157
864 154
804 152
824 149
793 147
704 141
793 143
648 118
692 117
667 116
647 116
671 115
646 114
617 113
659 113
619 113
614 112
630 113
617 114
609 113
612 111
605 111
572 113
623 112
578 112
584 115
566 113
579 115
571 114
528 117
519 116
514 120
516 123
515 126
515 127
514 130
514 132
514 135
513 135
514 140
514 138
514 139
514 141
514 144
514 145
514 149
514 151
514 154
514 156
514 159
514 163
512 164
514 170
514 170
513 173
514 175
513 180
514 183
514 187
513 191
513 196
514 200
513 205
513 209
512 306
514 307
514 309
514 313
514 321
513 326
514 330
513 337
514 342
514 347
513 353
514 359
514 362
513 369
514 372
514 377
513 383
512 388
513 395
515 398
514 409
513 413
514 419
514 429
515 432
513 441
514 446
514 451
513 457
514 460
514 467
514 469
514 474
514 479
514 483
514 488
515 494
513 500
513 506
514 513
513 518
513 524
514 531
514 538
514 543
514 547
514 554
513 559
511 565
514 568
514 575
514 580
513 584
513 589
514 595
513 601
513 605
513 712
514 715
511 720
514 727
511 731
513 735
514 741
512 747
514 750
513 754
513 759
514 763
513 768
514 772
512 777
508 785
464 783
307 785
70 787
87 791
115 795
77 800
83 804
124 808
84 812
117 816
86 820
135 824
106 827
84 832
119 835
135 838
136 841
139 845
156 849
123 852
174 855
91 859
139 862
150 865
147 869
162 872
122 876
162 878
208 881
190 883
215 887
188 889
236 891
278 894
259 894
342 897
246 898
313 900
295 901
266 903
284 904
316 904
332 921
354 917
359 922
369 921
394 923
380 923
373 924
408 924
407 927
400 925
411 924
404 925
425 926
436 925
408 925
444 925
413 925
443 925
441 924
451 925
464 923
488 922
488 921
511 919
512 916
511 913
512 909
512 907
512 905
513 903
513 904
513 899
513 899
513 899
512 897
513 896
513 893
513 891
513 889
513 886
513 883
513 879
513 877
514 875
513 872
514 869
513 867
512 863
513 860
513 856
513 852
513 849
513 846
513 841
513 837
513 832
513 728
513 722
512 719
513 714
513 710
513 706
513 700
513 695
513 687
513 682
513 679
513 674
514 668
513 664
513 659
514 652
513 649
513 642
513 636
513 630
513 622
513 614
513 608
513 601
513 594
513 589
512 583
513 579
513 566
511 570
514 566
514 561
514 558
513 552
512 546
513 542
513 536
514 529
513 524
513 517
513 511
513 505
514 497
513 493
513 487
514 481
513 477
513 470
513 467
512 462
513 457
514 452
513 447
514 441
513 435
513 429
514 423
514 297
514 295
513 291
514 286
513 281
517 277
513 273
513 267
513 263
515 258
525 253
603 252
722 249
831 251
978 247
983 242
984 238
947 233
947 229
935 225
948 221
933 217
906 212
942 209
896 206
883 201
888 199
901 195
851 192
878 189
863 185
847 182
923 178
866 175
890 172
905 168
858 165
889 162
878 158
832 155
823 152
751 150
811 148
814 155
772 145
760 145
702 138
733 138
759 137
747 135
724 135
766 133
746 132
712 130
702 129
686 128
693 127
692 134
514 134
514 135
514 136
514 137
513 138
