452 924
448 925
471 924
462 925
465 925
462 925
469 925
459 925
481 924
477 923
507 922
500 920
511 918
513 915
513 912
513 910
513 908
512 904
513 899
511 905
513 902
512 900
513 898
511 897
513 896
514 893
513 890
514 888
514 885
513 883
513 879
513 877
512 874
513 872
513 869
513 866
513 862
513 860
513 856
513 852
513 848
513 844
513 840
513 836
513 831
513 828
514 821
513 815
513 812
513 807
513 803
511 797
512 789
513 786
513 782
513 777
513 771
592 113
585 113
573 117
583 114
573 113
594 113
583 112
584 111
578 113
568 112
581 112
559 112
574 114
558 112
561 112
565 113
546 113
528 113
531 115
518 117
514 119
515 123
514 125
514 128
514 130
514 131
514 133
514 135
513 136
513 138
514 139
512 141
513 143
514 145
515 147
514 150
514 153
514 156
514 158
514 163
513 164
514 165
513 169
514 172
513 176
513 178
513 182
514 188
514 190
514 194
513 201
513 203
513 208
513 212
514 217
513 220
513 228
513 881
514 879
512 875
514 873
513 871
513 867
512 864
513 859
513 857
513 854
513 850
514 847
513 843
514 838
513 833
513 828
513 824
513 819
513 813
514 809
513 803
513 799
512 793
512 791
511 784
514 777
514 773
513 769
513 764
513 758
513 753
514 748
513 744
514 740
512 735
514 727
513 721
513 718
513 713
513 705
513 699
513 695
513 688
513 686
513 681
514 674
513 670
513 666
513 659
512 655
513 649
514 643
513 638
513 629
519 623
511 593
515 610
514 394
513 389
513 382
513 378
513 371
513 365
513 360
513 354
514 349
514 344
513 339
514 334
514 330
514 326
513 322
513 318
514 311
514 306
513 302
513 297
513 292
513 287
523 283
514 279
511 277
513 270
511 264
514 260
516 255
573 254
658 250
759 248
792 245
767 239
763 236
797 232
783 228
774 225
795 220
811 217
771 212
800 208
788 204
747 201
732 198
769 195
759 191
725 187
771 185
747 181
787 178
748 174
748 171
742 167
743 164
750 164
722 159
616 127
636 125
651 124
620 123
633 123
622 121
593 120
652 120
633 118
604 117
604 115
634 116
600 114
600 115
606 114
592 108
573 112
595 113
586 112
572 113
587 112
586 112
557 111
553 112
586 112
562 112
563 112
550 112
564 113
534 114
545 114
523 116
516 119
515 122
515 123
514 126
514 129
514 131
514 132
513 134
514 136
514 137
513 138
514 140
513 142
514 144
513 146
513 149
513 152
514 154
513 157
514 160
514 162
514 165
513 166
514 170
514 254
513 258
513 261
514 266
513 270
513 276
514 280
514 284
514 290
513 298
513 301
513 305
514 310
514 318
513 323
514 324
514 335
517 340
514 342
514 349
513 354
513 358
513 364
513 369
513 371
512 380
514 383
513 392
513 396
514 401
513 409
513 414
513 423
514 428
513 434
513 442
513 447
513 454
513 458
513 462
514 467
513 471
514 475
512 481
514 484
514 489
514 496
514 501
513 508
513 511
514 521
512 527
513 532
513 541
515 544
513 552
514 556
514 657
513 660
513 664
513 667
513 673
513 677
513 684
513 689
513 694
513 699
512 704
513 708
514 712
514 716
513 722
512 728
516 731
514 737
515 741
513 746
513 750
513 755
507 760
513 767
513 770
513 774
515 778
513 782
402 785
299 788
279 792
263 795
256 798
239 803
260 807
240 811
249 814
242 819
230 822
222 826
261 831
252 834
273 837
284 840
260 842
266 847
255 850
282 854
255 855
254 861
290 864
240 868
271 871
308 875
257 877
297 881
294 882
307 911
381 910
416 911
368 912
404 913
416 914
383 914
397 915
392 917
416 915
420 921
419 920
391 922
408 921
448 922
420 923
421 924
430 923
445 923
449 925
423 924
467 924
460 924
453 925
447 924
454 925
452 925
480 924
456 924
468 925
474 923
496 924
503 922
507 921
512 918
513 915
513 912
513 909
513 907
513 907
513 905
512 903
512 902
513 901
513 898
513 898
513 894
514 892
513 890
513 888
513 885
513 883
515 879
512 876
516 874
513 872
513 869
513 770
514 765
513 763
513 761
513 756
513 751
514 747
513 740
514 735
513 730
513 726
513 716
513 712
513 707
513 704
513 695
513 692
513 689
513 681
513 677
512 674
514 666
513 663
513 658
514 652
513 647
514 640
513 633
513 627
514 620
509 612
513 607
515 600
513 594
513 587
514 582
513 580
513 572
513 570
513 564
514 560
513 556
515 549
513 547
517 540
513 534
514 528
512 522
514 514
515 509
513 503
514 496
513 491
514 485
513 481
513 475
513 471
514 347
515 345
513 341
514 336
513 332
514 328
513 325
516 319
514 314
516 308
513 305
514 299
514 294
514 289
513 286
508 281
514 277
511 272
514 267
514 263
513 257
529 254
627 251
736 249
764 246
762 241
793 237
767 234
757 230
828 226
789 222
772 218
812 214
797 210
750 206
759 204
770 199
748 194
760 193
738 190
780 187
768 183
737 180
789 176
772 173
763 169
746 165
753 162
731 160
763 159
752 152
706 155
672 151
690 147
677 145
687 143
664 141
574 112
542 112
562 113
551 113
549 114
561 114
523 114
519 117
514 119
514 122
514 125
514 128
514 129
514 131
514 132
514 134
514 134
514 137
514 140
513 141
513 142
513 145
514 148
513 150
515 153
514 156
513 158
513 161
514 163
513 166
513 169
513 172
513 176
513 179
514 183
515 186
513 190
512 194
513 199
513 204
513 208
513 212
512 218
513 222
513 227
513 233
513 239
514 244
513 248
514 253
514 258
513 263
514 267
512 273
513 278
513 283
513 288
514 308
512 310
513 313
514 320
513 326
514 330
513 335
514 341
514 347
513 352
514 356
514 361
513 367
514 371
514 376
514 381
514 388
512 394
514 396
513 406
514 411
513 418
513 427
514 432
514 440
514 445
513 452
513 456
514 460
512 466
514 468
513 474
515 476
514 480
512 487
514 491
513 499
515 504
514 510
512 517
513 524
513 531
514 536
512 543
513 549
512 554
513 561
513 563
513 569
512 573
514 577
512 583
512 589
513 594
512 599
515 604
512 611
513 677
513 682
513 688
517 692
513 697
513 702
513 707
513 710
513 715
512 721
513 725
514 729
513 735
512 739
513 743
513 748
513 753
512 759
513 763
513 767
513 771
513 777
513 781
451 783
343 785
289 790
224 794
272 798
275 801
257 805
224 808
268 812
237 817
219 821
238 825
246 829
260 833
246 836
252 839
263 843
282 847
241 850
263 853
265 856
297 860
286 864
225 868
285 870
305 873
281 877
278 880
251 882
305 886
354 888
329 890
321 892
344 893
384 907
384 908
383 909
381 910
393 910
402 909
413 913
375 914
410 915
405 916
388 921
384 918
404 902
454 920
402 921
399 921
431 923
394 923
441 923
433 924
420 927
447 924
450 924
437 925
451 923
434 925
472 924
441 924
449 925
467 925
466 924
466 926
471 922
479 921
488 921
506 921
508 918
512 917
513 912
512 910
512 908
512 905
509 905
512 903
512 900
513 902
512 899
513 897
513 896
513 894
512 891
513 889
512 886
513 884
513 881
513 878
513 841
513 838
513 835
513 833
513 829
513 821
514 817
513 812
513 809
513 804
513 799
512 792
513 788
515 790
514 778
514 772
513 767
513 763
513 759
514 752
514 748
512 745
513 741
513 732
513 726
514 723
513 718
514 711
513 703
513 699
513 694
513 689
514 684
512 680
513 675
514 668
512 667
513 660
514 653
512 651
513 641
513 636
512 631
515 621
511 616
507 606
514 604
513 596
512 589
513 585
513 577
513 577
512 569
514 566
513 562
515 557
512 554
515 489
514 484
515 481
512 477
513 472
513 467
513 462
514 458
514 454
513 448
497 442
514 435
513 432
514 424
514 417
513 412
513 406
514 400
514 393
514 388
513 382
515 376
513 371
513 365
513 360
514 354
513 349
513 344
513 338
514 333
513 330
513 326
513 320
514 315
513 311
513 306
513 301
514 296
513 291
513 287
513 283
513 277
513 283
507 268
512 269
513 259
515 253
604 252
682 250
749 246
774 243
793 239
769 235
795 231
788 227
755 223
801 219
800 164
784 162
773 160
750 156
720 158
733 150
692 152
662 146
690 146
689 143
683 143
643 140
667 137
660 137
639 133
639 133
643 132
676 130
639 129
664 128
618 126
582 126
646 125
606 124
634 123
624 121
648 120
640 120
616 116
601 117
623 117
639 116
613 115
605 115
589 113
614 114
597 113
560 110
576 112
598 113
555 112
576 112
562 111
599 112
567 111
569 113
557 113
559 112
567 112
552 115
539 113
530 115
528 116
516 118
514 120
514 124
513 127
514 161
513 164
513 165
514 167
513 171
513 174
512 178
514 181
515 184
514 188
513 193
513 197
514 203
513 206
514 210
513 216
514 220
514 225
514 230
514 236
514 241
514 246
513 252
514 256
514 260
514 267
512 271
514 276
513 280
514 286
513 291
513 294
515 301
514 306
513 311
513 316
513 323
513 327
513 334
513 340
513 342
513 349
513 356
512 359
514 365
515 367
513 372
513 380
514 385
514 390
512 398
515 401
513 408
512 418
514 421
513 430
513 436
511 522
513 527
513 534
511 539
514 546
511 553
514 556
513 562
512 567
513 571
512 577
512 581
512 585
513 592
513 597
513 603
513 607
513 614
513 620
514 626
513 633
513 638
514 645
513 650
513 656
513 662
513 668
514 674
513 679
513 684
513 691
514 694
512 700
513 704
513 708
513 712
513 717
513 723
513 725
513 732
512 735
512 741
513 747
514 751
514 755
513 761
514 767
513 770
513 775
513 779
511 783
428 785
304 787
260 792
228 796
249 800
265 804
252 847
273 848
265 852
243 855
277 858
273 861
297 865
268 870
259 870
272 876
284 879
275 882
287 883
291 887
327 889
295 893
357 892
393 895
347 893
384 898
348 900
330 901
430 903
373 904
361 906
368 907
388 909
390 910
363 914
420 912
378 911
431 912
368 915
395 913
384 917
385 918
435 919
379 920
409 920
438 922
414 923
401 923
421 924
457 924
421 925
432 925
445 925
445 924
455 928
451 923
455 925
451 925
473 925
457 925
453 926
471 925
489 925
514 888
513 887
513 885
513 882
513 879
513 876
513 874
513 871
512 869
513 865
513 862
514 860
512 855
513 852
514 848
513 844
513 839
514 835
513 830
513 825
513 821
513 815
513 811
513 807
514 801
513 796
514 790
513 788
513 782
515 774
513 769
513 766
513 763
513 755
514 747
512 744
513 741
513 735
513 729
513 726
513 720
520 711
513 705
513 704
513 696
513 691
513 689
514 680
512 676
513 674
513 665
512 661
513 656
514 649
513 646
513 639
513 632
515 534
514 531
513 527
513 521
513 516
516 508
512 501
512 495
513 490
512 485
515 479
513 475
514 469
513 465
514 459
512 455
512 451
515 442
511 440
512 432
513 427
515 421
513 414
514 408
514 402
514 394
514 390
513 385
514 379
514 373
514 368
514 362
514 357
515 351
513 345
513 341
513 336
514 331
513 328
513 323
514 318
514 312
514 308
513 304
514 298
513 294
513 289
512 285
513 280
520 276
514 267
516 266
513 260
513 257
518 253
623 252
771 249
752 182
751 179
776 175
750 171
736 168
799 164
743 161
713 158
732 154
753 146
717 148
702 150
680 146
676 145
673 143
671 141
671 139
661 137
696 136
653 135
650 133
631 132
669 130
669 129
591 127
672 127
626 126
635 123
648 123
612 121
614 121
592 120
635 119
642 118
624 117
635 117
603 115
609 114
631 114
588 114
599 113
603 116
593 111
577 112
582 112
591 112
561 112
567 114
590 112
581 112
551 112
575 111
555 112
571 114
533 112
545 113
527 142
514 144
513 146
514 148
514 150
514 153
514 155
513 160
513 161
513 164
514 166
513 168
514 172
513 175
514 179
515 183
514 187
514 191
513 195
514 199
513 203
513 208
513 213
515 219
514 224
514 228
513 234
514 240
514 244
514 249
514 253
513 257
514 263
513 269
514 273
513 278
513 283
512 289
514 294
513 298
514 304
513 309
513 314
512 319
513 325
512 331
514 335
514 342
513 348
514 350
514 356
513 362
514 367
513 372
513 377
513 383
514 389
514 500
511 506
513 507
514 511
513 517
514 524
513 530
514 537
513 543
514 548
514 552
511 559
513 562
513 569
513 574
513 579
512 583
514 588
512 594
511 599
513 606
514 611
513 617
514 623
513 629
513 636
511 642
513 648
513 654
513 658
512 666
515 670
514 675
513 682
513 687
513 692
513 697
513 702
513 707
513 710
513 715
513 720
513 725
514 730
513 733
512 739
513 745
514 749
514 753
512 758
513 763
514 768
513 773
514 777
514 781
474 784
356 786
316 863
272 865
265 867
268 869
229 874
280 878
323 880
235 883
281 886
295 887
360 890
391 891
298 894
379 895
353 898
358 899
362 900
333 902
369 904
400 904
385 906
357 908
400 909
402 911
363 912
358 912
421 913
412 915
389 916
407 917
425 917
394 917
375 919
419 920
403 921
415 922
424 922
385 923
399 924
456 924
432 925
418 925
445 925
457 924
440 924
462 925
455 926
443 925
455 926
464 925
453 925
457 925
487 924
480 924
482 922
508 921
512 920
509 874
513 870
513 868
512 867
513 864
512 860
513 857
514 854
513 850
513 845
513 841
513 838
514 834
513 828
511 823
514 817
514 812
513 809
516 804
513 799
512 792
513 787
513 782
515 777
513 772
513 767
514 763
513 758
513 753
513 748
513 744
512 740
514 733
513 727
514 723
513 717
513 711
513 706
513 702
513 694
513 688
513 685
513 679
514 674
513 669
513 665
513 658
514 654
513 649
514 640
513 637
513 630
515 621
513 617
522 604
512 605
513 596
513 575
512 572
514 569
513 566
513 563
514 556
513 553
514 548
512 543
513 535
514 530
513 525
513 516
511 512
513 504
513 498
513 494
515 486
513 482
513 476
513 471
513 467
514 461
514 456
514 453
514 447
513 450
510 440
516 432
513 424
514 418
513 411
514 405
513 400
514 393
511 387
514 382
513 376
514 371
515 364
514 359
514 352
513 347
514 343
513 338
514 334
514 328
513 325
513 321
514 315
513 311
513 305
514 301
514 296
514 291
514 286
514 283
751 247
759 244
780 241
782 239
759 237
781 231
786 227
752 223
750 219
800 215
781 212
779 207
779 204
735 200
781 197
756 193
740 191
776 187
767 183
751 180
749 177
734 173
782 170
746 166
747 163
785 160
740 158
747 155
731 149
707 151
717 146
657 145
656 144
667 142
658 140
695 139
654 137
673 135
660 135
650 131
645 131
651 129
655 127
644 127
636 126
637 124
604 124
623 122
641 122
618 121
650 119
620 119
629 118
596 117
580 116
654 115
584 115
560 112
553 113
591 112
583 112
562 112
540 112
568 113
560 113
531 114
532 115
517 116
516 118
514 121
515 124
514 126
514 129
514 131
513 132
514 134
514 135
514 136
514 138
514 140
514 142
513 144
514 146
514 149
514 154
513 154
514 159
513 160
513 162
514 166
513 168
512 171
514 174
513 178
514 180
514 185
514 189
519 193
514 198
514 203
514 206
512 210
514 215
514 220
513 226
515 232
513 236
514 241
514 245
513 250
514 256
514 260
513 266
514 271
514 313
513 317
514 322
513 328
513 338
514 339
513 343
513 351
513 355
513 360
513 366
513 368
513 378
513 380
513 384
513 391
513 396
513 404
515 409
513 418
514 422
514 430
513 437
514 442
512 450
514 452
513 458
514 462
514 468
511 472
514 474
513 482
516 485
513 491
514 496
514 501
510 508
514 514
514 521
515 527
514 536
515 540
514 546
513 551
514 556
513 560
512 567
513 572
512 578
514 582
514 586
513 591
512 598
513 604
512 611
513 615
513 624
513 682
513 687
512 691
513 695
514 700
513 703
513 709
513 712
513 716
513 724
513 728
513 733
513 737
512 742
513 748
512 752
513 756
514 760
514 766
513 771
513 775
513 779
513 783
419 785
304 787
289 792
265 795
184 799
238 804
263 809
250 812
247 816
251 820
228 823
269 827
229 831
243 834
306 838
264 841
237 845
275 849
280 851
292 855
254 860
255 862
295 867
287 869
267 874
250 876
263 879
311 882
321 886
279 887
291 889
359 891
373 894
342 916
425 917
400 918
410 917
429 919
355 920
423 921
442 921
388 922
438 922
402 923
417 924
457 923
440 924
434 925
443 925
455 925
473 925
435 925
465 925
450 927
471 925
450 925
479 925
469 925
485 924
483 924
493 922
508 921
511 918
513 915
513 913
513 909
512 907
513 906
513 906
513 903
513 901
513 903
513 898
512 897
513 894
513 892
514 889
514 887
514 884
513 882
514 879
514 876
513 873
513 872
514 868
515 865
513 862
513 859
513 855
513 851
513 768
514 766
513 759
513 756
513 750
513 747
514 740
511 736
514 732
513 727
513 720
513 713
513 708
513 703
513 699
513 692
513 686
513 681
513 676
513 673
513 667
513 660
513 656
513 651
513 644
513 640
514 631
514 626
513 620
514 611
509 610
514 596
513 593
513 586
514 582
513 578
514 571
513 568
512 563
512 560
514 555
514 550
513 545
514 539
513 535
515 526
512 521
513 513
515 507
513 502
515 495
512 490
513 484
515 479
513 474
513 469
514 464
513 376
513 372
514 366
514 361
513 357
514 351
514 346
513 340
513 336
514 327
512 327
513 323
514 318
514 312
512 308
514 304
513 298
514 294
514 289
513 285
514 280
513 275
514 271
510 264
513 262
512 263
515 255
611 252
746 250
791 245
761 242
793 237
830 232
777 227
791 224
759 220
754 217
795 213
769 209
766 206
776 202
746 199
767 196
770 192
764 189
736 185
761 181
801 178
744 175
756 172
777 168
738 164
753 161
736 158
748 155
691 155
682 152
762 129
612 128
649 127
610 127
613 125
664 127
658 123
606 120
630 121
605 120
620 119
635 118
637 117
604 116
581 115
637 115
593 114
595 114
594 113
602 113
573 115
567 111
592 112
576 113
591 112
563 112
568 112
553 111
587 111
553 112
550 113
543 113
569 114
526 114
523 114
521 117
514 119
514 122
514 124
514 128
514 131
514 132
514 133
513 134
514 137
514 137
514 139
512 141
513 145
513 145
514 148
515 151
513 154
514 155
513 159
516 161
514 164
514 241
514 244
513 248
513 253
514 257
514 262
514 268
513 274
514 279
513 283
515 288
514 294
513 300
514 303
513 308
513 315
514 321
514 324
514 332
513 336
513 341
513 349
513 354
513 356
513 363
514 366
513 371
513 379
514 381
514 388
514 393
514 398
511 409
515 412
513 420
513 426
514 433
512 439
514 445
511 451
514 455
513 460
514 465
514 469
513 474
514 478
513 483
513 489
514 493
513 499
515 507
513 510
511 519
512 524
513 531
511 538
514 543
513 641
515 645
514 649
514 655
512 659
513 665
513 667
513 677
514 682
512 687
513 693
513 697
514 702
513 707
513 710
513 715
514 720
513 725
514 730
513 735
514 740
513 744
513 750
514 754
512 759
513 763
513 767
513 773
513 777
515 780
487 784
387 786
295 789
261 793
283 799
192 803
203 807
248 812
252 814
248 817
253 822
257 826
246 829
248 833
266 836
262 840
280 843
280 846
236 850
295 854
285 857
242 860
270 861
249 867
299 873
250 874
251 877
386 911
409 911
405 916
374 913
377 914
428 916
424 917
386 917
407 918
438 921
401 921
399 921
419 922
436 922
427 924
416 924
434 924
455 924
433 925
463 925
433 925
456 925
472 925
441 926
451 926
459 925
483 925
443 928
472 925
480 925
484 924
486 923
505 923
511 919
513 915
513 913
512 911
513 909
512 906
513 903
513 904
513 903
512 900
510 898
517 897
513 895
513 893
513 891
513 889
515 885
513 883
513 880
513 878
514 876
513 873
513 870
513 867
514 807
513 802
513 798
514 794
512 787
513 781
513 778
489 769
519 770
513 762
513 757
515 751
513 748
513 744
514 737
513 732
513 727
513 721
513 716
514 712
513 706
514 697
513 694
513 688
513 683
513 679
513 673
514 669
513 665
513 657
513 650
513 647
515 641
513 637
513 624
513 623
513 617
514 608
510 602
513 594
513 589
513 584
514 579
514 575
514 570
514 565
513 562
514 558
513 553
512 548
513 542
514 537
514 530
514 525
513 517
513 512
513 505
513 395
514 391
514 387
514 381
514 376
512 371
514 364
514 359
513 354
513 348
515 343
514 338
513 335
513 330
514 326
513 321
514 316
514 311
514 306
514 301
513 296
514 292
513 287
514 282
514 278
514 273
513 269
515 265
514 258
518 256
559 253
642 251
772 249
772 244
765 240
816 234
814 230
823 227
770 223
762 220
794 215
769 212
760 208
790 204
748 201
786 198
767 194
728 191
794 188
764 184
722 180
776 177
773 174
759 170
750 167
711 164
765 125
641 123
604 123
634 122
613 121
642 119
624 119
625 118
623 119
591 116
613 115
624 115
592 115
608 114
582 114
609 113
600 115
581 113
575 112
582 112
565 113
571 112
575 112
572 112
561 113
572 112
553 114
559 113
553 114
526 114
522 118
519 119
513 121
514 124
514 126
514 130
514 130
513 132
514 134
514 136
513 137
514 138
513 140
514 142
515 144
514 147
513 149
514 153
514 155
513 157
513 160
513 163
514 165
514 168
514 171
513 175
516 177
514 306
514 309
513 313
513 318
513 322
514 327
513 334
515 339
514 344
513 350
513 354
515 360
513 365
514 368
513 375
513 379
514 384
513 391
514 395
513 403
514 409
513 417
513 424
513 429
513 437
513 442
513 447
514 455
513 458
513 462
514 467
513 471
514 475
512 480
513 485
514 490
513 495
514 500
512 508
514 514
512 520
513 528
516 534
514 539
513 545
513 551
514 555
511 562
509 566
515 570
514 578
513 582
514 586
513 592
514 598
513 604
513 609
513 634
513 639
516 643
513 646
513 651
513 657
514 662
513 668
512 674
514 680
514 684
513 691
513 696
514 699
513 704
513 709
513 713
514 718
514 723
513 728
513 732
513 739
513 743
513 746
514 752
514 757
515 760
513 765
514 770
514 774
513 778
510 782
423 784
325 787
257 791
250 795
234 800
196 805
182 810
273 813
283 816
212 819
261 823
282 828
224 831
238 834
271 837
279 842
268 845
255 848
263 853
273 855
291 859
224 862
269 864
283 869
287 869
281 897
360 897
366 899
387 900
382 902
354 902
331 904
376 906
366 907
398 908
389 909
407 911
410 912
372 912
397 914
402 914
413 916
