513 324
514 321
514 318
513 315
513 310
513 307
513 302
513 296
514 292
514 288
513 284
513 279
514 274
514 269
513 263
516 260
513 256
518 252
523 250
827 249
763 242
732 237
884 236
865 235
865 228
804 225
761 219
781 215
794 212
797 208
752 205
748 201
783 198
739 193
752 191
732 187
778 185
759 181
752 177
761 174
747 171
747 167
762 164
743 161
729 157
711 154
793 152
712 149
657 148
691 145
686 141
696 142
645 141
641 140
691 136
680 136
687 134
158 797
185 803
200 810
241 810
275 814
221 818
219 823
274 826
221 830
235 834
234 837
274 841
281 844
245 848
233 851
291 853
307 858
234 861
265 864
279 867
278 871
299 874
275 878
297 881
292 884
281 886
340 890
317 891
344 892
391 895
352 896
331 898
340 900
374 901
431 903
331 904
332 905
413 905
368 909
402 909
382 910
414 913
385 913
391 913
402 915
391 917
402 917
382 918
447 917
405 919
394 918
411 922
407 922
440 922
407 922
418 925
434 924
731 169
749 167
747 165
709 164
784 158
751 155
715 153
762 150
680 149
667 146
682 145
673 143
679 140
654 140
663 135
671 141
635 134
651 133
625 133
687 130
654 129
611 129
626 126
637 127
619 125
623 124
639 122
638 123
602 120
628 120
647 119
621 117
616 117
605 115
623 116
625 114
597 114
594 113
633 113
582 112
578 113
577 113
565 111
595 112
572 112
581 114
552 109
570 111
556 111
580 111
541 112
528 112
554 115
524 115
518 117
514 119
514 122
513 359
513 362
513 367
513 371
513 376
514 381
513 387
513 392
514 398
514 405
513 412
513 420
514 424
514 432
513 439
514 444
514 452
514 454
513 461
512 465
513 468
514 475
514 474
512 482
513 487
513 493
512 500
514 503
513 510
509 514
513 524
513 530
515 535
513 543
512 548
513 555
513 559
513 564
512 570
514 573
514 579
513 584
513 588
513 594
513 600
514 605
513 611
514 617
513 622
513 629
513 636
513 641
513 647
513 653
512 659
513 665
513 670
513 763
513 767
513 772
509 777
512 780
510 785
315 784
275 789
341 793
249 795
168 800
167 805
218 811
250 813
268 817
223 821
262 824
265 828
268 832
268 836
245 839
286 842
257 847
249 849
284 853
304 857
253 859
263 863
270 866
298 870
256 873
243 876
307 880
286 883
298 885
282 887
344 890
387 893
309 894
370 895
319 897
385 898
385 902
369 900
412 903
326 905
385 907
383 908
374 909
377 910
419 912
441 912
406 915
349 914
399 914
405 917
429 922
450 922
461 926
459 926
478 924
457 925
473 922
496 922
506 921
507 919
513 917
512 914
512 910
513 908
513 907
513 908
512 903
514 902
513 901
513 897
514 897
513 895
512 894
514 890
513 889
514 885
513 884
512 879
511 877
513 875
513 874
514 870
514 868
513 863
512 861
513 855
513 849
513 849
514 846
512 842
514 839
514 834
513 828
514 821
514 818
513 814
512 809
513 805
512 799
513 793
512 789
513 781
511 777
514 769
512 767
513 765
513 759
514 654
514 651
514 648
513 643
513 638
514 629
513 623
512 618
513 608
513 604
513 596
514 588
513 586
513 579
514 576
513 567
514 567
513 560
514 560
513 553
512 547
513 542
513 537
513 532
513 524
512 519
513 512
515 506
513 501
514 492
513 487
513 482
515 475
513 472
514 466
515 462
512 456
512 452
514 447
513 441
513 436
514 431
513 424
513 418
513 412
514 405
513 400
515 393
514 386
520 383
514 376
514 370
514 364
513 360
514 352
513 349
513 343
512 272
513 269
513 266
515 265
514 259
516 254
518 251
525 250
796 250
758 243
714 237
872 237
895 234
876 207
803 223
754 219
802 215
808 211
775 208
734 204
765 202
737 198
736 195
789 189
765 188
713 183
780 180
780 176
719 173
763 170
734 168
772 163
718 160
704 156
791 154
718 153
716 149
675 147
635 145
700 144
693 142
672 140
673 139
605 136
659 130
676 134
673 132
620 131
654 129
636 129
630 127
617 125
642 125
629 124
608 123
665 122
627 120
592 113
547 115
536 114
539 115
517 116
516 118
513 122
514 123
512 127
514 127
512 131
514 132
513 135
513 136
514 136
513 138
514 139
514 142
513 142
515 146
513 150
514 152
514 154
514 157
514 162
513 163
514 165
515 169
514 171
517 173
516 179
513 180
514 186
514 189
513 194
515 197
514 199
513 205
514 210
514 217
513 220
513 226
514 232
513 237
513 241
513 246
513 249
514 254
511 259
515 264
514 271
514 276
513 280
512 286
514 294
511 296
513 300
511 432
512 436
513 442
513 448
514 453
513 460
514 462
513 467
514 471
513 475
512 482
512 483
513 492
513 493
512 501
514 506
523 512
511 526
511 526
515 535
514 539
513 545
513 551
512 556
512 561
513 566
512 572
514 575
513 582
512 584
512 591
512 597
513 603
514 608
513 614
513 619
513 627
513 633
515 638
513 646
513 651
514 656
513 662
512 668
513 674
513 679
514 684
512 690
513 694
513 699
514 704
513 708
513 713
513 717
513 722
512 728
513 732
267 879
262 881
304 883
302 888
323 889
336 891
395 893
338 894
355 896
362 896
350 900
391 899
381 902
338 905
393 906
341 906
448 907
366 910
387 913
386 912
378 912
425 912
371 915
412 916
394 916
407 919
402 920
393 920
429 921
407 923
442 924
412 924
447 924
423 925
398 926
458 925
450 924
440 925
423 925
476 925
455 925
447 926
471 922
440 925
461 925
446 927
491 925
463 925
478 923
498 922
511 920
512 917
513 915
512 912
514 909
513 907
514 905
511 900
513 899
513 898
513 897
514 895
512 893
513 890
513 887
512 884
514 881
513 879
514 877
514 874
514 871
515 868
513 865
513 860
512 860
513 856
513 852
514 848
514 843
514 839
513 834
513 831
514 827
512 822
512 816
511 811
513 807
514 802
513 796
514 788
514 786
513 780
513 778
512 773
512 765
514 759
513 756
513 752
513 747
514 741
513 736
513 731
513 728
513 720
513 713
513 709
514 703
512 697
513 693
513 685
513 679
512 677
512 673
513 667
512 604
512 597
513 592
513 587
513 582
513 576
513 574
522 568
513 564
513 561
514 556
513 552
514 544
513 539
513 534
513 529
514 522
514 514
513 509
514 501
513 496
514 490
514 485
514 478
513 468
513 469
514 464
513 459
514 455
513 450
512 444
513 438
513 434
514 427
514 420
513 415
514 408
514 399
512 398
513 390
514 385
511 380
513 374
513 368
515 360
514 357
513 351
515 344
513 340
513 336
513 332
515 328
514 322
513 319
513 314
513 308
515 303
517 250
522 249
698 251
742 246
733 240
751 239
909 237
907 228
864 223
771 221
772 217
813 214
786 210
757 206
770 203
775 199
772 196
727 193
750 189
766 186
746 183
737 178
742 175
774 171
772 169
751 165
716 163
711 158
758 155
734 153
694 151
675 147
678 146
699 145
663 143
662 141
632 140
705 138
664 139
636 137
679 133
632 131
699 130
602 129
641 127
654 126
646 125
654 124
592 124
625 123
595 124
644 120
653 120
622 119
607 117
594 116
636 107
550 111
551 112
577 111
556 112
575 100
551 113
555 121
559 112
563 112
527 114
531 115
517 116
513 119
514 123
514 125
513 128
513 131
513 132
513 133
514 135
512 136
514 138
513 139
513 142
514 144
513 146
515 149
513 148
511 154
514 155
512 158
514 161
513 164
514 165
512 170
515 172
513 172
513 181
513 181
514 187
513 191
512 195
512 199
512 203
514 207
514 213
514 219
513 224
514 231
513 233
513 238
514 242
514 248
514 253
514 257
513 260
514 329
514 332
514 333
510 342
511 346
516 350
513 358
513 360
513 367
514 374
514 375
513 383
513 388
514 391
513 400
514 405
514 412
514 420
514 426
514 433
514 438
514 447
514 451
513 455
513 461
513 465
511 471
513 473
513 479
514 482
514 488
514 493
514 497
512 505
513 510
512 518
512 523
514 530
514 536
512 542
514 548
512 553
512 559
514 564
514 569
513 573
512 579
514 582
513 589
512 594
514 599
513 606
515 610
513 617
513 623
513 629
513 637
514 732
513 735
514 737
514 740
513 743
514 748
513 754
513 758
513 762
513 767
513 772
512 777
510 781
509 784
294 785
309 790
347 795
387 796
132 800
127 805
230 809
256 814
224 816
262 822
229 825
261 828
266 833
250 835
287 839
253 840
262 846
283 850
267 852
267 857
291 860
264 863
266 867
253 871
256 873
319 876
244 879
306 882
330 885
292 888
358 890
318 892
365 893
381 895
343 895
401 898
353 900
360 902
352 903
388 905
419 907
354 908
395 909
352 925
463 925
464 925
464 926
447 926
456 926
443 924
461 925
463 926
461 925
448 925
467 925
475 924
482 924
484 923
504 921
512 921
512 916
512 914
513 910
513 907
513 905
513 904
513 903
513 901
514 902
514 899
513 898
511 895
513 894
514 890
513 888
513 886
513 883
514 881
513 876
513 875
513 872
513 872
514 865
513 864
513 860
512 857
513 854
513 850
513 848
514 840
514 836
513 829
514 829
513 825
514 818
514 814
509 809
514 803
513 796
513 791
513 696
513 691
513 689
513 685
514 678
513 673
513 669
513 664
514 659
513 654
512 649
513 644
513 635
513 631
512 623
513 615
514 610
513 600
514 598
512 590
514 584
512 581
514 575
513 572
513 567
514 562
514 557
514 554
513 549
513 542
514 537
512 532
513 525
515 518
513 511
515 503
516 499
514 494
513 487
514 482
512 478
513 473
512 467
514 463
513 458
513 453
513 447
514 441
513 437
514 430
514 425
515 418
513 412
514 408
514 401
514 394
514 388
513 315
514 313
513 311
512 306
513 301
511 296
513 292
513 287
514 283
514 277
514 273
514 268
514 264
514 260
515 255
521 251
523 246
837 249
754 244
714 238
833 238
925 232
879 222
786 222
778 221
810 215
826 212
737 212
739 205
764 201
758 198
726 195
752 191
760 189
774 185
729 183
727 177
792 174
753 171
746 168
757 164
684 161
799 158
737 155
706 152
680 148
640 147
737 146
679 145
642 142
672 141
651 139
699 138
644 134
629 138
640 134
656 131
565 113
611 113
577 113
568 113
578 112
584 112
585 112
553 112
583 112
543 115
558 100
558 114
555 113
549 114
524 115
525 117
519 119
514 121
514 126
515 128
514 130
514 131
514 133
513 135
514 135
509 136
514 137
514 140
514 142
513 144
513 146
514 149
514 154
514 156
515 156
516 160
514 163
514 165
513 168
513 171
514 178
513 178
514 183
512 188
507 187
513 192
515 196
514 201
515 206
514 210
513 216
513 221
513 223
514 231
513 238
513 241
512 245
511 353
516 356
513 360
513 365
513 369
513 373
513 379
513 385
514 391
513 396
515 402
515 408
514 415
513 422
514 431
513 434
514 442
513 449
513 453
514 453
513 462
512 466
514 471
513 475
514 480
513 484
513 489
513 496
514 500
513 507
512 514
514 516
509 528
514 533
514 539
513 546
514 550
512 557
514 560
513 566
514 570
513 575
513 581
514 586
514 591
513 596
514 602
514 608
513 613
513 620
513 626
514 632
513 639
512 645
511 650
513 652
513 662
514 755
512 761
513 765
513 771
512 774
511 779
512 782
505 783
270 783
324 792
311 796
159 796
200 802
209 807
243 811
254 814
248 818
247 823
216 825
280 830
291 834
263 837
274 840
285 844
269 848
297 851
264 854
253 857
271 860
289 865
258 868
256 871
275 874
307 878
272 881
276 883
291 886
308 887
372 891
372 892
349 893
317 896
337 898
397 899
394 900
321 901
405 903
392 906
373 908
345 908
407 910
377 910
395 911
396 909
406 913
420 914
356 923
435 924
462 925
452 923
447 924
451 924
468 924
467 924
453 923
470 924
482 923
480 923
498 921
506 920
511 917
511 917
515 911
510 909
513 906
513 905
513 904
513 903
513 902
513 900
512 898
513 895
514 895
513 892
513 890
515 887
513 885
513 882
513 881
514 878
513 875
514 871
512 869
513 866
513 861
514 860
513 857
513 851
513 848
513 844
513 840
513 836
512 830
514 826
514 820
513 816
513 812
514 808
514 801
513 794
513 789
514 786
514 781
514 665
514 662
512 659
513 655
515 650
513 648
514 638
514 634
513 627
515 619
513 615
513 606
514 600
514 592
513 587
513 581
515 576
512 574
514 563
512 564
513 560
512 556
514 551
514 546
513 541
515 534
513 529
514 521
514 515
512 508
514 502
513 497
513 491
512 486
516 479
512 475
515 469
514 467
513 460
513 454
513 450
513 444
512 438
513 432
512 426
513 422
515 415
514 408
513 404
513 397
514 390
513 386
514 380
507 374
514 366
510 361
514 357
514 250
522 249
791 251
769 245
707 239
692 239
843 236
863 230
856 222
755 220
791 218
827 213
804 209
772 206
770 203
749 200
745 196
744 190
764 190
730 186
773 183
777 179
752 176
757 173
742 169
753 165
775 163
699 158
733 155
771 154
733 151
677 148
673 146
660 147
728 143
682 141
653 140
671 138
645 136
672 132
686 134
616 132
631 130
663 129
665 128
615 126
633 126
640 125
623 119
631 123
597 123
600 120
660 120
659 119
620 117
603 118
603 116
605 119
515 123
514 124
514 126
514 131
514 130
513 132
516 133
513 134
512 136
515 138
513 138
514 143
514 143
513 144
511 148
513 151
514 154
514 156
513 159
512 160
513 163
513 165
511 170
514 172
514 177
514 177
515 183
515 183
514 191
514 196
512 200
514 203
513 209
514 213
513 217
513 224
513 227
514 231
514 237
514 244
513 250
513 255
513 259
514 262
514 269
514 274
514 280
514 283
513 285
514 292
514 299
514 303
514 308
513 312
514 320
513 325
515 344
517 351
515 354
512 357
513 361
514 366
511 371
513 377
514 382
513 388
514 392
513 399
513 406
514 412
513 419
513 426
512 431
513 440
513 445
513 453
513 456
513 459
512 464
513 469
514 473
514 478
512 482
514 485
514 494
514 496
514 500
513 511
513 516
513 529
513 531
514 537
514 540
513 548
513 554
513 558
513 564
513 566
513 574
515 579
514 582
512 588
515 593
513 600
513 605
513 610
512 617
513 623
513 631
514 635
513 641
512 648
514 653
513 707
515 711
513 713
513 719
512 726
514 730
514 735
514 738
513 744
515 749
513 753
515 757
513 763
513 767
514 771
511 777
510 780
514 784
291 784
314 791
324 795
214 795
177 800
218 804
244 809
258 812
228 816
234 820
259 823
235 827
217 831
271 836
294 840
240 843
256 845
271 848
313 852
265 854
242 859
293 862
270 866
285 868
282 873
283 876
288 879
270 882
324 885
309 888
297 890
340 892
324 894
352 896
369 897
363 898
393 899
393 902
326 903
402 915
434 916
379 916
401 917
355 919
404 918
447 920
397 920
413 922
427 922
423 922
413 923
441 923
446 925
435 925
431 924
456 924
464 926
449 926
431 926
454 925
483 925
481 924
469 927
469 926
480 924
494 922
507 921
507 920
512 916
510 913
513 910
515 908
513 906
512 904
513 903
513 901
514 900
513 898
513 897
513 896
513 892
513 890
513 888
515 885
514 882
513 880
514 877
510 875
514 872
514 870
512 868
514 863
513 863
514 857
514 854
513 849
513 803
514 798
513 792
514 786
514 782
512 778
514 772
514 767
513 763
513 759
513 751
515 748
512 745
510 741
513 732
514 728
511 724
512 718
514 710
514 707
513 701
512 693
514 689
513 686
514 677
512 674
513 669
512 665
513 660
517 654
513 650
512 645
514 636
513 629
514 623
513 617
513 609
513 604
512 596
513 590
514 585
513 579
514 575
513 570
513 565
513 562
515 558
513 554
514 547
512 544
515 537
514 532
514 527
513 518
513 512
513 505
513 498
514 448
514 445
512 443
514 436
515 430
513 425
515 418
514 412
515 406
515 399
512 394
515 388
514 382
513 375
516 378
513 365
514 359
513 354
514 349
514 343
513 338
514 335
513 331
513 326
513 321
513 316
514 310
513 306
513 301
514 297
514 292
514 287
513 282
513 278
513 272
513 268
512 264
514 260
517 256
516 253
521 247
820 248
787 242
690 236
873 236
859 234
863 229
814 213
780 221
814 215
776 212
759 209
805 205
795 201
745 197
768 194
762 140
648 138
689 136
633 137
666 137
666 133
693 137
649 132
603 130
654 127
649 127
631 126
606 128
643 124
637 123
634 123
645 120
649 120
622 119
615 116
614 117
636 116
609 116
620 115
589 114
617 115
608 114
545 113
601 113
598 113
571 113
591 112
565 111
561 112
567 111
587 112
557 110
547 112
552 113
567 113
550 113
532 116
519 116
517 119
515 121
514 124
514 131
515 131
517 132
514 133
514 134
514 137
515 137
513 138
513 139
514 143
514 145
514 198
513 202
514 206
513 210
513 216
513 221
513 227
513 232
513 237
513 240
513 245
513 248
512 254
514 259
513 267
513 271
518 275
515 284
514 286
513 292
513 294
513 300
513 306
513 313
513 317
514 320
513 328
514 334
512 338
505 337
515 349
516 351
513 358
514 364
514 369
513 376
513 379
514 385
514 390
514 394
513 403
513 408
515 416
513 424
513 428
513 436
513 443
514 447
513 454
510 459
514 462
512 468
513 471
513 476
514 480
513 484
515 489
513 588
515 591
513 596
511 604
514 608
513 613
513 618
514 626
514 632
514 635
513 644
513 651
513 657
513 662
514 668
513 673
513 680
513 684
514 690
513 694
513 699
514 703
513 708
513 712
513 716
514 722
512 728
513 732
514 736
514 741
513 746
513 751
514 755
514 760
514 764
513 769
512 773
512 778
511 781
396 781
287 788
338 791
325 797
200 797
184 802
198 805
246 810
253 815
227 818
273 822
247 826
234 830
261 833
230 837
265 841
290 844
272 848
270 889
352 891
342 897
329 894
388 896
366 898
385 899
362 901
395 903
353 905
379 906
345 907
407 907
389 909
395 910
378 912
420 912
410 913
375 914
402 916
394 917
419 919
382 918
402 920
425 921
408 922
437 921
403 923
427 924
433 925
418 925
451 925
451 924
445 925
412 923
462 925
471 925
428 925
454 926
446 925
475 923
466 924
481 923
469 922
466 920
502 921
508 919
510 917
513 914
513 911
513 909
513 906
513 904
513 903
513 903
513 901
513 899
513 842
513 839
514 835
513 832
513 826
513 820
514 815
513 812
513 806
513 801
514 795
513 790
514 787
514 783
514 775
513 769
514 766
513 761
514 755
513 755
513 745
513 742
512 736
514 730
513 724
513 720
514 715
513 708
513 704
513 699
513 693
514 685
513 680
512 679
514 670
513 666
514 663
514 655
512 653
512 646
513 638
513 636
514 624
513 618
513 612
513 604
515 602
513 592
513 586
514 583
513 577
513 574
513 568
513 565
513 559
514 557
513 551
514 438
512 433
514 426
514 422
514 416
514 408
512 402
513 395
514 391
515 385
514 377
513 381
501 364
515 362
513 356
513 351
514 346
513 340
514 336
512 332
513 328
513 322
513 318
513 314
514 308
513 303
513 298
513 295
513 289
513 285
513 278
513 276
513 268
514 265
514 261
516 256
518 253
521 249
695 251
748 245
748 240
775 239
842 235
892 230
851 226
775 229
819 223
787 212
793 209
749 206
762 203
764 199
738 196
740 192
778 189
748 186
732 183
513 252
520 251
684 252
774 247
727 243
712 237
854 239
873 234
894 228
798 224
803 213
822 217
767 212
787 208
798 205
762 201
728 195
780 194
779 191
717 188
731 183
778 179
761 177
757 173
751 170
758 167
789 164
747 163
739 157
716 154
716 152
707 150
637 147
735 145
683 144
708 141
683 139
592 139
670 137
644 135
695 128
664 125
666 130
668 130
614 128
653 127
564 127
675 126
602 121
605 124
673 123
607 121
622 121
600 119
638 118
635 117
612 117
513 143
513 143
511 145
514 145
514 150
513 151
514 156
513 158
512 160
512 163
513 165
514 168
513 170
513 175
514 178
513 182
516 188
514 191
513 188
514 197
513 201
513 205
515 211
512 214
511 221
513 225
512 230
514 234
507 241
513 247
514 252
514 256
513 261
513 266
513 270
512 276
513 281
514 286
513 290
514 296
513 301
514 308
513 310
514 316
513 324
514 329
514 332
514 340
512 347
515 346
514 357
511 363
512 364
514 373
513 375
514 377
514 387
513 616
512 621
514 627
513 633
514 639
513 644
513 651
513 657
514 662
513 668
513 674
513 681
513 684
514 690
512 695
513 699
513 703
513 708
512 713
513 718
513 722
513 728
512 733
513 738
513 743
514 747
513 752
514 756
513 760
513 764
514 767
513 773
512 777
507 783
353 783
294 788
350 794
334 798
205 797
170 802
204 807
220 811
234 813
235 818
254 823
234 827
225 831
264 834
257 838
271 841
253 845
277 849
286 851
287 855
286 858
233 862
271 910
433 911
387 910
398 913
397 914
407 914
378 916
422 917
376 917
382 919
409 920
424 921
385 922
392 921
442 920
438 924
403 922
441 924
460 923
444 924
435 924
463 923
458 924
436 924
487 925
464 923
439 925
457 922
477 924
489 923
455 923
483 926
499 922
506 920
512 917
512 914
515 911
513 909
512 906
513 905
513 902
513 903
513 901
513 899
513 898
512 896
513 895
513 892
513 889
514 886
513 884
513 881
513 879
513 876
513 873
514 868
513 868
513 676
513 671
513 668
514 665
513 660
514 656
513 651
512 648
514 640
513 632
513 629
511 618
513 613
513 605
513 598
