549 138
591 137
567 135
576 134
593 134
564 131
581 130
551 127
614 127
532 127
592 125
598 125
586 123
558 122
548 125
586 122
515 119
571 118
606 118
567 116
554 120
541 115
591 114
551 114
532 113
577 113
543 113
541 112
544 112
553 112
567 114
517 112
553 112
545 112
539 112
530 112
555 110
552 112
522 112
521 115
523 114
518 116
513 118
514 122
514 126
514 127
514 130
514 131
515 134
515 134
513 136
513 137
514 138
513 140
513 143
513 145
513 147
460 923
482 923
450 924
483 924
484 923
458 925
484 927
475 925
494 925
470 927
456 925
508 925
477 925
483 926
485 926
506 924
478 925
476 925
502 924
505 924
505 922
511 920
513 917
513 916
513 911
513 909
511 907
513 905
513 904
513 902
514 902
513 900
513 902
513 896
513 894
512 891
513 890
514 886
514 884
512 882
512 879
515 878
513 873
514 871
513 868
513 866
513 862
513 857
513 855
513 850
513 847
514 843
513 839
512 835
512 830
512 825
513 822
535 111
523 113
522 112
521 113
520 115
514 116
514 120
513 122
512 126
512 128
514 130
514 133
513 133
514 135
513 136
513 138
513 140
513 141
513 144
513 146
514 149
513 149
514 154
513 158
513 159
515 161
515 167
517 165
512 172
514 171
514 181
514 180
514 183
515 187
513 191
514 195
513 193
512 204
513 209
513 213
512 218
513 226
513 229
513 234
513 238
513 243
513 246
514 252
513 258
513 263
514 268
513 273
513 275
511 284
513 288
514 294
513 298
513 623
512 628
511 632
512 637
513 642
514 647
514 654
512 661
513 665
513 671
513 676
512 682
512 687
514 692
513 697
512 702
513 707
512 709
513 716
512 720
513 725
514 730
512 735
513 740
513 745
514 749
513 754
513 758
513 763
513 769
513 772
513 779
512 782
512 786
511 791
509 795
406 791
334 797
332 802
341 808
389 810
380 815
349 819
363 823
402 826
395 831
382 834
398 838
394 842
402 844
382 848
402 853
411 855
409 858
383 862
401 865
410 870
441 909
422 911
479 911
458 913
461 914
458 915
461 916
450 917
447 917
479 919
477 921
449 921
463 921
476 922
466 923
474 923
463 924
489 924
470 925
472 925
480 924
504 925
462 926
486 926
499 925
464 926
478 925
479 926
512 925
465 925
481 923
506 924
499 922
504 921
513 919
512 917
513 913
512 909
514 907
513 906
513 905
512 903
514 901
514 901
513 899
520 898
513 896
513 893
514 891
512 887
513 885
513 883
513 880
513 877
512 875
513 872
513 788
513 785
512 780
513 777
513 773
513 769
513 761
513 757
513 752
513 748
513 744
513 738
514 732
515 728
513 723
513 716
514 711
513 706
514 699
513 695
513 688
516 682
512 680
512 674
515 668
513 664
515 657
512 654
513 648
516 640
514 637
517 628
512 622
513 614
513 609
513 601
518 595
514 590
514 582
510 584
512 575
513 569
514 567
515 561
513 557
514 552
512 546
514 541
512 537
514 529
512 524
513 517
516 510
514 504
513 497
513 493
511 485
512 378
516 374
515 370
514 364
513 359
514 353
515 348
513 341
512 338
513 334
514 329
513 326
512 320
514 315
515 309
513 305
511 301
514 296
514 291
515 287
513 282
513 278
513 273
514 268
514 263
513 259
514 254
515 250
516 246
518 237
522 240
708 241
771 235
736 230
649 226
650 222
672 218
649 212
630 209
676 206
658 203
606 199
640 197
632 193
631 189
632 186
615 182
644 179
656 175
624 172
608 168
653 165
618 162
639 159
623 155
605 152
624 150
607 128
566 126
572 126
588 125
562 125
560 123
567 122
589 120
558 119
558 118
577 121
561 116
559 116
563 115
549 114
547 114
566 112
525 112
566 112
551 113
518 111
568 111
542 122
540 112
533 113
554 109
545 112
529 112
541 115
544 112
533 112
516 114
533 115
524 116
513 119
514 122
513 125
513 127
514 129
512 131
513 130
513 134
513 137
513 137
513 138
514 140
515 143
513 144
513 145
513 149
513 151
511 155
513 157
513 160
513 162
513 167
514 169
504 267
514 270
513 276
513 278
513 281
514 287
513 293
514 297
514 300
513 306
514 313
514 317
513 320
512 328
513 334
514 339
513 345
513 347
514 360
513 359
513 365
513 370
513 376
513 380
513 385
513 391
513 397
515 402
511 411
513 416
514 423
512 432
514 436
513 443
512 450
513 454
513 460
513 461
514 468
513 470
511 477
514 479
511 486
513 491
514 496
512 502
512 508
513 515
514 521
512 528
511 534
512 540
512 547
513 551
513 558
513 562
513 568
512 695
512 698
513 700
513 704
512 709
512 713
514 717
514 722
512 728
513 732
513 737
514 742
513 747
513 752
513 757
513 760
513 766
512 771
513 775
513 779
510 784
514 786
509 792
508 796
292 796
341 800
338 806
366 808
410 812
344 818
368 821
391 824
371 828
364 831
392 836
391 839
379 843
400 846
404 851
387 854
393 857
400 861
385 861
380 868
364 870
392 872
428 879
386 880
397 884
428 885
415 889
405 889
382 891
461 892
479 895
421 898
449 896
489 925
482 923
500 923
509 922
514 918
511 916
513 914
511 911
514 910
513 906
513 905
514 904
514 903
514 901
514 899
513 898
518 890
513 894
513 892
513 890
513 887
513 884
513 881
514 878
513 877
514 873
513 871
512 868
515 866
513 862
513 858
511 853
515 851
513 845
513 843
513 840
514 835
513 828
515 823
513 818
512 814
514 809
513 805
514 799
513 794
513 790
514 786
510 781
513 776
513 768
513 763
513 759
513 755
514 753
515 739
514 740
513 737
514 714
515 709
514 706
515 699
513 698
513 692
513 685
513 681
513 676
515 669
514 667
513 660
513 654
514 651
515 645
514 638
514 633
513 626
515 618
513 612
513 605
515 598
513 593
515 585
512 581
514 578
513 573
513 567
516 563
512 560
513 554
514 550
512 544
514 539
513 533
512 526
513 521
515 514
515 507
514 501
513 495
514 488
514 484
514 479
513 475
515 468
513 463
514 460
513 453
512 449
513 443
514 438
512 433
516 426
513 422
513 415
515 408
514 352
515 348
513 345
514 339
515 335
512 332
513 327
515 322
514 317
514 313
514 308
514 302
513 298
513 294
513 289
515 284
515 279
514 275
514 269
513 264
514 259
513 256
514 250
514 247
514 244
517 239
533 242
836 239
733 232
687 227
684 224
663 220
639 216
633 211
661 208
646 203
617 197
645 196
643 193
642 190
610 187
636 184
638 180
642 179
651 174
616 170
643 166
642 163
660 159
635 157
579 154
591 150
632 149
621 146
594 145
559 144
611 142
571 127
565 127
561 124
566 125
573 122
600 122
574 121
537 120
559 118
608 118
571 117
574 116
562 115
563 115
549 114
567 114
556 113
558 113
533 111
526 113
557 112
550 111
540 112
562 115
533 108
542 116
514 111
566 112
520 112
531 114
523 113
526 114
518 116
512 117
515 120
514 123
513 127
514 128
512 130
514 133
513 134
513 135
514 137
514 138
513 140
513 141
513 143
513 145
513 148
513 150
512 153
514 156
513 159
512 162
513 164
514 158
513 203
514 206
514 209
513 214
514 219
514 224
512 229
513 233
513 238
514 245
513 250
514 255
513 256
514 262
513 268
513 275
513 279
513 283
514 287
513 294
514 300
514 306
514 307
514 313
513 321
513 325
512 331
513 337
512 342
513 346
513 352
512 359
514 362
512 368
514 371
514 378
513 383
513 389
513 395
515 399
513 406
512 414
514 420
511 428
514 434
514 443
513 446
512 453
513 457
512 461
513 466
514 470
512 475
514 478
513 483
513 488
514 495
514 562
511 565
512 570
514 576
513 580
514 585
512 589
512 595
513 600
513 605
511 613
513 618
514 623
512 630
513 636
514 643
514 648
512 654
511 661
513 666
514 671
512 678
511 683
513 687
513 693
514 698
514 703
513 707
515 710
513 714
512 721
513 726
512 730
512 736
513 740
513 745
514 749
514 754
512 759
513 764
513 768
514 772
513 776
513 781
512 786
513 790
507 797
396 793
297 798
354 803
360 807
373 811
374 816
390 820
395 823
370 826
407 830
402 889
411 891
426 891
431 894
450 897
421 898
467 897
395 900
421 901
458 902
469 904
438 906
414 908
458 908
467 910
453 911
453 912
492 913
451 914
436 915
468 917
465 917
441 918
466 919
483 920
453 921
445 921
441 922
471 923
471 923
462 924
464 924
492 924
467 926
448 925
505 924
489 926
469 925
496 926
489 925
479 925
466 926
500 926
500 925
500 924
490 923
507 921
508 919
510 918
513 916
515 914
514 911
514 908
513 907
514 905
512 903
515 900
514 860
514 857
513 855
514 852
512 848
512 846
514 841
513 837
511 832
515 827
513 821
514 818
513 811
514 808
515 802
513 798
512 793
514 787
513 781
513 777
513 774
513 769
513 763
513 757
513 752
513 748
513 744
513 737
513 732
513 727
514 721
514 715
513 709
514 705
513 698
514 692
512 689
514 684
513 676
514 673
512 670
515 663
513 659
514 654
514 646
513 644
513 635
512 628
513 623
516 613
511 609
513 601
515 594
513 590
514 583
514 578
513 573
512 480
514 476
513 470
514 465
514 461
515 456
513 451
513 446
514 440
515 434
514 429
513 423
516 417
513 411
512 405
513 399
513 391
508 389
522 384
513 375
515 369
514 364
514 359
513 354
511 347
514 342
513 338
514 332
514 328
518 325
513 320
514 314
514 310
513 306
513 301
514 296
513 291
515 286
513 282
513 276
514 271
514 267
514 262
514 259
512 255
513 250
516 246
518 241
518 241
712 241
761 235
715 230
672 228
646 221
648 218
658 211
655 209
621 169
650 166
629 166
644 161
632 158
587 155
642 153
622 150
597 147
599 147
583 145
597 142
600 140
591 143
605 136
553 136
600 135
594 134
593 131
555 131
589 128
609 127
541 126
560 126
576 125
603 123
533 124
599 122
581 122
560 119
554 118
548 117
596 116
549 116
551 113
573 114
561 114
546 113
547 111
557 112
539 113
552 113
526 113
557 112
549 106
529 113
554 112
541 111
530 112
530 113
545 113
549 112
516 113
523 115
519 117
513 119
515 122
514 168
515 174
513 185
512 176
514 191
523 181
513 185
513 189
513 192
514 197
513 203
513 207
514 212
518 215
513 221
515 225
513 229
513 236
512 243
513 248
512 251
513 257
514 262
514 267
514 272
513 276
513 281
513 287
513 289
513 295
513 302
513 306
513 311
513 318
513 324
515 332
514 334
514 340
513 344
512 350
516 355
513 361
513 365
513 369
513 376
512 381
513 385
511 392
516 396
513 402
514 410
513 416
511 426
514 429
516 439
513 442
513 448
514 557
512 563
514 567
514 572
511 577
512 582
512 587
513 592
514 598
512 605
512 609
513 615
513 621
513 628
514 634
513 643
512 647
512 651
514 656
512 664
512 670
511 675
514 680
514 685
511 691
513 696
513 699
514 705
512 711
512 713
514 717
518 724
512 729
512 733
513 737
514 743
511 747
513 753
513 757
514 762
513 766
512 771
512 775
513 779
514 783
513 787
508 793
508 798
326 796
320 800
326 805
351 810
397 813
385 817
366 821
393 825
403 829
425 890
392 892
438 892
427 895
432 898
463 897
422 899
464 900
448 902
427 903
445 906
422 906
469 908
426 909
477 910
486 911
437 912
472 914
438 915
462 915
450 917
447 917
457 919
446 919
458 919
473 921
484 922
464 923
461 923
481 924
493 925
454 926
486 925
488 925
493 925
469 925
486 925
504 924
472 925
489 927
489 925
506 924
471 924
498 924
507 922
498 923
510 923
513 920
516 918
513 913
513 911
514 908
511 908
514 904
517 904
513 903
514 862
513 862
513 860
513 858
513 854
514 850
512 846
513 842
513 838
513 837
512 827
513 824
514 819
513 816
513 808
516 804
514 797
516 795
515 791
514 786
514 779
513 773
513 769
513 767
509 753
514 754
513 746
514 745
513 741
513 736
513 730
513 724
513 719
514 713
514 707
514 702
513 698
514 690
514 685
513 682
513 675
514 671
514 666
512 659
514 655
513 650
516 642
513 639
512 633
516 623
513 620
512 610
511 606
513 598
515 592
513 587
516 580
513 461
512 459
513 455
516 449
513 442
514 438
515 432
515 426
514 420
517 415
514 409
514 401
513 395
513 390
515 386
528 377
513 372
515 367
514 361
514 356
514 350
514 345
515 339
514 335
513 331
513 327
514 322
514 316
513 312
513 308
512 303
514 298
514 293
513 288
514 283
513 279
515 275
514 271
513 265
513 261
514 257
514 252
515 247
515 244
517 236
521 234
821 235
752 231
669 227
681 225
679 220
639 214
611 211
672 207
657 204
617 200
648 197
660 265
512 262
514 258
513 254
513 250
518 246
518 241
520 236
701 252
774 237
693 229
666 224
645 222
674 216
676 213
638 209
663 206
639 202
625 198
633 195
640 192
628 187
654 185
628 182
634 177
662 175
597 171
637 167
646 165
611 160
634 160
596 154
630 152
608 150
611 148
626 145
559 144
565 143
593 142
596 141
619 136
574 135
560 134
599 133
591 131
551 129
612 128
576 127
580 124
559 127
586 124
577 124
537 122
602 121
574 121
568 119
537 117
575 156
513 157
513 160
513 162
514 163
514 166
513 169
514 171
513 172
517 179
513 180
513 187
514 190
513 194
514 198
513 204
514 207
514 212
514 216
513 221
515 224
514 234
512 237
514 241
513 244
513 250
513 256
513 262
514 266
513 271
513 277
514 283
513 288
514 292
514 297
513 302
515 308
513 312
514 317
513 322
513 329
517 327
513 340
513 345
512 351
514 356
513 359
513 365
513 370
512 376
514 379
513 386
513 391
514 398
512 404
515 410
512 417
509 532
514 537
510 540
513 547
515 553
512 558
514 563
513 567
514 571
511 577
513 582
514 590
512 593
512 598
513 604
513 609
514 615
514 620
512 628
514 634
513 639
513 646
511 652
515 657
514 663
513 669
512 675
513 679
513 685
511 691
513 697
513 701
514 704
512 709
513 714
513 717
514 723
512 728
513 733
512 738
513 743
514 747
512 753
513 757
513 761
513 766
512 771
513 776
513 780
512 784
512 788
514 791
508 795
279 798
319 802
353 806
401 810
412 853
376 854
370 855
411 861
404 864
371 867
365 871
392 873
411 876
374 879
422 882
429 885
391 888
408 889
422 893
463 894
448 896
412 896
470 898
419 902
422 902
459 904
460 905
452 907
402 908
479 909
479 910
468 911
469 912
470 914
481 913
419 916
446 915
491 918
453 919
474 919
459 918
464 921
468 922
446 923
477 924
489 924
440 925
459 925
505 926
464 926
469 925
478 926
499 925
480 925
486 925
491 926
483 925
485 925
494 925
500 924
507 924
514 903
513 903
513 901
513 899
511 897
514 896
513 893
513 892
516 889
512 886
514 883
513 881
513 878
513 876
515 874
513 872
513 868
513 863
513 861
513 856
513 853
513 850
514 847
513 844
513 839
513 834
513 830
514 824
513 819
513 816
514 811
513 802
513 799
515 793
513 789
513 786
513 781
513 774
513 769
514 763
514 759
513 750
513 750
513 745
514 738
513 733
514 729
514 725
514 718
513 712
513 707
513 702
514 695
514 691
513 686
514 681
513 675
513 601
515 597
514 591
513 586
513 581
513 576
513 574
516 568
524 567
512 561
513 553
513 549
513 542
517 537
513 534
515 525
513 520
515 512
512 506
514 500
514 494
512 488
513 482
514 478
515 473
513 467
513 462
513 459
513 454
514 447
515 442
513 437
514 431
516 425
513 418
514 413
514 407
513 401
513 394
512 390
513 383
519 371
522 371
513 365
514 361
515 355
513 350
514 345
515 340
514 333
514 331
513 327
515 321
514 317
513 312
514 308
514 300
512 254
515 251
514 248
518 244
516 240
523 234
818 241
748 233
701 226
649 222
662 219
665 216
653 210
643 207
623 204
647 200
636 197
627 193
666 190
632 186
623 184
617 180
631 177
656 172
601 169
616 166
675 162
644 159
605 156
616 153
601 151
613 154
633 145
576 145
588 143
592 142
588 139
605 137
603 135
565 148
565 134
610 131
590 130
571 128
604 128
581 127
543 125
552 125
578 123
595 123
549 121
590 121
568 119
554 119
559 118
565 117
587 113
525 113
525 114
517 114
519 116
517 119
514 119
514 124
514 127
516 130
514 129
514 132
514 134
513 135
513 136
513 138
513 140
513 141
514 144
513 147
513 147
513 151
513 154
514 157
514 160
513 160
514 164
514 169
514 171
516 176
503 171
514 182
504 182
510 189
513 192
514 195
512 199
513 204
514 211
513 216
512 222
514 225
514 229
513 233
513 239
514 244
513 249
513 254
513 258
514 264
513 269
513 275
514 282
513 286
514 290
513 295
514 301
513 395
514 399
512 404
513 408
515 413
514 422
513 428
513 433
512 442
515 446
513 453
513 457
520 460
512 467
514 470
513 476
513 479
514 484
513 489
514 495
511 501
513 504
512 513
515 519
513 526
512 534
513 537
510 544
515 550
512 556
513 558
513 566
513 570
513 575
513 580
513 581
513 590
513 596
513 601
512 607
513 613
513 619
513 626
513 631
512 638
512 644
513 649
512 656
513 661
512 668
513 672
514 677
512 683
514 689
513 694
514 698
512 702
513 787
512 789
510 794
509 798
260 798
282 803
333 810
387 811
402 816
358 820
366 824
380 828
386 831
376 835
383 838
422 842
371 845
385 848
414 852
385 854
376 859
389 863
418 865
381 869
381 874
390 876
399 878
412 882
387 886
433 887
427 891
409 892
456 891
422 895
454 895
438 897
427 899
475 900
401 904
475 902
433 906
450 907
436 909
439 911
499 912
428 912
472 912
455 912
484 915
427 916
449 916
482 918
458 919
481 920
447 920
465 921
470 923
433 925
479 924
489 925
484 925
493 925
504 925
508 923
497 924
510 921
513 917
512 915
511 913
513 910
513 906
513 906
513 906
514 904
514 900
513 907
513 899
514 896
514 895
513 894
509 890
513 888
513 885
513 883
513 880
513 877
513 874
513 870
512 869
512 866
513 864
513 859
512 856
513 850
513 849
514 843
512 841
513 836
513 831
513 828
514 821
514 817
514 814
514 808
513 802
513 796
513 790
513 787
513 781
514 777
512 771
513 766
514 762
514 757
513 657
512 653
517 646
513 641
510 634
514 627
513 622
513 616
513 608
514 602
515 594
514 588
515 582
513 578
512 573
514 569
515 569
511 560
511 557
513 551
517 546
514 542
512 534
511 530
514 522
516 516
513 511
516 503
514 498
513 490
513 485
513 480
517 474
512 471
513 465
514 460
514 456
513 451
515 446
514 440
514 435
513 429
514 423
513 416
514 410
513 404
513 398
513 391
515 385
513 381
505 378
516 368
515 363
510 358
513 352
514 346
514 342
514 256
514 254
513 250
514 245
518 241
520 239
710 240
787 231
703 226
656 224
642 220
660 217
644 212
665 208
649 205
623 201
625 198
647 193
623 195
616 188
651 184
638 182
624 178
624 175
648 171
621 167
622 163
642 158
627 157
614 155
644 152
628 149
596 148
604 146
565 144
601 142
596 141
569 139
609 138
565 137
611 129
571 132
588 131
588 130
559 128
601 127
549 127
612 125
539 123
582 123
594 123
544 122
568 120
554 119
582 118
557 117
544 116
513 113
520 114
517 114
520 116
513 120
514 123
512 123
513 128
514 129
510 132
514 134
513 135
513 135
513 137
513 139
514 141
513 143
513 144
513 147
513 150
514 153
515 156
513 158
513 161
513 164
513 166
516 169
513 172
515 174
509 166
513 183
513 187
514 192
513 194
514 198
514 201
513 207
513 211
513 216
514 223
513 228
513 233
514 237
513 241
514 246
513 252
513 260
514 261
515 266
513 271
513 278
513 284
513 287
514 291
513 298
513 302
513 306
514 389
514 393
515 397
513 404
510 412
513 416
513 426
515 432
513 437
511 447
513 449
512 455
513 460
512 465
515 467
512 474
514 476
513 481
511 487
513 491
511 498
514 503
514 510
513 516
514 523
514 529
512 536
511 541
514 547
513 552
513 557
510 564
514 567
513 573
514 577
513 582
511 588
515 593
513 598
511 605
513 609
513 616
514 621
511 629
513 635
514 641
514 647
513 652
514 659
513 663
513 670
512 675
512 681
513 686
514 691
512 697
513 702
299 802
324 808
356 812
381 814
374 814
382 822
362 826
365 829
402 833
386 836
383 840
371 843
396 847
392 850
389 854
409 858
396 862
385 866
419 868
351 870
369 874
404 876
415 880
430 881
378 884
446 888
435 890
411 892
456 893
436 896
452 897
426 898
464 900
449 902
417 904
449 905
444 907
456 906
426 909
483 911
487 911
460 912
440 914
457 914
479 916
423 916
449 917
468 919
468 921
464 920
446 921
471 922
485 924
455 923
467 924
502 924
491 908
513 908
513 905
513 902
513 903
511 904
513 900
514 898
513 896
513 893
513 892
513 890
514 887
513 884
512 880
514 878
514 876
513 873
513 870
511 867
513 865
510 862
513 858
514 854
514 850
513 848
513 842
513 837
513 834
514 829
514 824
515 819
513 816
513 808
514 804
513 799
513 796
511 787
511 784
513 777
514 772
514 770
514 766
513 759
513 752
514 749
514 745
513 741
512 736
514 728
514 723
514 719
513 715
513 705
513 702
513 697
514 689
514 478
513 475
512 471
513 463
513 464
513 458
514 455
513 448
515 442
515 438
513 431
513 426
515 418
514 412
513 408
516 400
513 394
513 389
512 384
515 395
513 379
515 366
514 360
514 355
514 349
513 345
514 340
515 334
514 330
512 327
514 322
514 317
514 312
513 308
514 302
514 298
511 293
513 288
510 283
515 279
513 274
515 269
514 265
514 261
514 255
516 252
516 247
516 242
519 239
521 236
835 241
743 227
679 227
668 223
680 219
636 214
661 211
646 195
616 192
605 191
641 189
621 187
649 183
624 180
621 176
631 170
637 169
635 165
627 163
630 158
646 156
604 154
615 153
620 148
601 146
600 145
566 143
598 141
605 139
584 138
601 133
