648 113
634 113
625 113
629 113
609 113
623 113
612 113
600 113
600 113
593 113
583 112
583 113
577 114
568 115
542 114
528 117
522 119
515 122
514 125
514 128
514 130
514 131
514 133
514 134
512 137
513 138
513 140
514 141
514 144
514 146
514 148
513 149
514 153
514 154
514 158
514 160
513 163
513 165
514 168
514 171
513 175
514 171
514 182
513 186
513 190
513 193
513 198
514 202
513 208
513 212
514 216
514 219
514 224
513 234
513 238
513 242
513 246
327 915
351 917
324 917
365 918
352 919
322 920
388 920
383 921
331 922
380 923
428 923
376 923
410 924
404 923
412 924
443 924
409 924
428 925
417 924
413 924
422 924
460 924
435 924
440 924
461 923
468 923
491 922
503 920
512 915
517 913
512 911
512 909
512 908
512 905
512 904
512 901
514 901
509 900
513 898
513 896
513 894
515 891
513 888
513 887
513 882
510 881
513 878
513 876
513 875
513 872
513 867
511 864
513 861
513 858
513 853
513 850
513 847
851 168
869 166
857 163
882 160
852 157
822 155
845 152
779 150
767 148
741 146
702 140
783 142
767 141
764 139
729 137
649 135
712 134
708 132
752 132
695 130
741 128
754 128
634 128
684 126
655 125
711 124
689 122
654 122
709 120
682 119
713 119
684 118
644 117
667 116
649 115
659 113
645 116
642 113
633 114
628 113
604 113
637 113
584 112
624 113
599 111
609 112
574 112
594 113
585 113
566 113
587 114
573 114
529 116
514 119
515 120
514 122
514 126
514 135
514 133
514 134
514 136
514 138
514 140
513 141
509 143
514 146
513 148
515 149
514 154
513 156
514 158
513 162
513 164
514 167
513 170
513 172
514 176
516 191
514 184
514 188
514 191
514 195
513 200
512 204
513 210
515 213
514 218
514 219
514 228
514 235
511 240
513 243
514 248
513 252
513 260
513 265
515 269
514 272
513 278
513 284
514 290
513 295
514 300
513 304
513 308
513 314
513 319
512 327
513 331
514 337
513 340
515 348
513 352
514 358
514 377
514 380
514 384
513 388
513 394
514 399
514 407
513 414
514 420
513 428
512 434
514 439
513 447
513 452
513 455
514 462
513 463
514 469
514 476
514 477
513 483
513 487
514 493
514 498
513 501
512 522
517 514
512 524
513 530
514 536
513 543
514 548
513 554
514 558
513 564
512 569
513 574
512 580
513 583
513 589
512 595
513 599
513 605
514 611
513 616
510 623
514 624
511 636
514 642
513 647
514 653
512 660
513 666
513 671
514 676
513 682
514 703
514 705
513 707
514 710
513 715
513 720
514 724
514 729
513 735
509 741
513 745
513 750
513 753
511 758
513 764
513 768
513 772
513 776
511 781
455 784
303 784
192 788
210 792
220 794
62 798
33 802
48 809
96 812
113 816
125 819
79 823
122 824
129 832
151 832
157 838
163 842
148 845
150 849
135 851
189 854
173 858
128 861
178 866
170 869
143 872
175 875
163 879
167 877
208 883
265 886
233 888
207 890
256 892
287 894
301 896
277 898
318 899
260 901
324 906
336 907
314 908
306 909
316 917
392 911
322 913
360 912
330 915
353 915
307 917
312 917
414 918
350 920
342 921
355 919
349 921
397 920
382 923
364 923
420 923
397 924
395 924
435 923
410 925
413 925
428 924
445 925
414 925
424 926
418 925
466 925
450 923
454 924
458 923
495 920
514 919
512 922
511 915
513 910
513 907
513 906
512 905
512 902
513 901
512 901
508 900
513 896
513 895
513 894
513 891
514 888
513 886
513 883
513 879
513 877
513 874
510 864
513 861
513 860
513 856
514 851
513 849
513 845
513 842
512 836
513 833
513 826
513 823
513 819
514 813
513 807
513 802
511 799
512 793
513 788
513 784
511 778
514 772
513 767
513 762
513 758
513 752
514 748
513 744
513 739
513 733
513 727
513 721
513 717
513 712
513 705
513 700
513 695
508 688
513 684
513 679
514 674
512 669
513 663
513 658
513 653
513 647
513 643
513 634
513 630
513 623
513 613
511 611
513 603
512 594
513 590
513 584
514 579
513 563
513 559
513 556
513 552
511 548
514 543
514 536
513 531
513 524
513 519
513 511
513 505
514 498
513 493
513 487
513 481
513 477
513 472
514 467
513 462
513 457
513 453
513 446
514 441
512 435
508 429
513 424
514 417
514 410
512 407
514 400
514 393
513 386
514 383
515 375
515 369
516 367
514 360
515 355
514 348
514 344
515 338
513 333
514 329
514 325
513 320
514 316
513 310
513 306
513 301
513 295
514 291
513 287
513 282
513 277
513 272
514 267
524 252
606 251
663 248
830 249
883 245
838 239
982 237
1010 235
1001 229
970 225
909 221
927 217
938 212
893 208
908 205
881 202
862 198
877 196
870 192
866 188
875 186
878 183
850 178
847 175
903 172
865 170
839 166
867 161
871 159
851 156
798 153
808 151
770 149
788 148
775 145
701 145
745 142
719 141
761 139
740 137
700 136
783 134
691 132
732 131
683 130
717 128
688 127
686 127
684 125
636 124
696 128
658 122
729 121
677 121
684 117
682 118
635 114
647 114
643 115
617 115
634 114
635 113
613 112
606 114
615 111
619 113
599 112
608 112
567 113
626 113
585 113
582 112
555 113
562 114
561 116
522 116
516 119
515 122
515 125
514 128
514 130
514 130
514 133
514 135
514 135
513 137
514 140
513 141
513 142
514 146
514 147
513 150
511 152
514 155
514 158
514 160
514 162
514 165
513 168
514 171
514 174
512 178
510 182
513 184
514 189
513 192
513 198
514 205
514 206
514 210
514 214
513 220
513 226
514 245
509 248
513 254
511 257
514 262
513 267
513 270
514 275
513 280
513 287
514 294
513 297
513 299
513 304
513 314
513 318
513 320
513 328
513 334
513 338
523 349
512 350
514 354
514 359
514 365
513 369
514 375
513 378
510 387
514 392
510 394
514 405
513 408
513 417
514 424
512 430
514 437
515 441
514 451
513 453
514 459
514 464
514 465
514 472
514 476
514 480
514 484
513 490
514 496
514 500
513 506
506 519
513 524
513 527
514 534
513 539
514 547
512 563
513 568
513 572
514 576
514 580
514 585
513 592
514 596
514 601
513 608
514 614
513 620
513 626
514 632
513 639
514 644
514 650
513 656
513 662
512 668
514 672
513 678
513 684
510 691
513 695
515 708
513 703
513 707
513 712
513 717
513 722
514 727
514 732
513 737
513 742
513 747
514 751
512 755
513 760
514 766
513 770
515 774
513 778
509 783
434 785
223 784
182 790
194 795
123 797
48 801
22 805
99 810
122 813
91 817
86 822
108 824
155 834
129 843
145 845
164 848
178 850
127 853
188 857
159 860
131 863
159 864
154 870
184 870
155 877
155 880
216 882
187 885
232 887
260 889
239 891
324 893
243 895
316 896
275 898
306 899
345 903
295 903
301 904
271 905
343 907
295 908
281 907
404 908
324 910
360 911
351 912
342 914
317 915
328 917
369 917
401 918
345 918
353 920
377 921
350 920
392 925
394 921
387 923
403 923
399 924
407 924
444 924
402 924
419 925
404 924
470 927
398 924
433 924
437 921
455 922
502 921
512 919
511 918
510 915
511 912
513 908
513 907
513 907
512 903
513 902
513 900
513 900
513 900
515 896
513 896
513 892
513 889
513 887
513 885
512 882
512 879
514 876
513 873
513 871
509 869
513 865
513 862
514 859
514 856
513 853
513 848
513 843
513 839
513 834
514 829
513 826
513 821
513 817
512 811
512 806
513 802
513 796
513 791
513 787
514 781
514 776
513 771
513 765
514 760
512 756
513 750
513 745
516 741
514 737
513 730
513 724
514 703
513 698
513 695
513 691
513 687
513 682
513 676
514 672
512 665
513 661
512 656
511 650
513 646
509 639
513 632
513 627
514 618
513 614
513 604
514 598
513 594
513 587
513 584
513 573
514 573
513 569
512 563
514 560
513 554
513 552
513 545
513 540
513 534
515 528
513 521
515 516
514 509
513 503
513 496
513 489
513 485
513 478
513 476
515 469
513 466
514 460
513 456
513 451
514 444
512 439
513 434
513 428
513 422
513 416
512 411
513 400
513 396
513 372
514 369
517 366
512 361
513 356
514 350
513 345
513 341
514 333
513 331
514 328
513 323
514 319
514 313
513 309
513 304
514 299
513 294
513 290
513 285
513 280
513 275
515 271
516 266
512 262
514 256
522 252
638 251
639 250
889 247
845 242
820 237
981 237
999 233
982 228
936 225
976 221
939 215
914 212
912 207
921 204
882 200
877 197
883 193
870 191
854 188
866 183
845 180
861 176
866 173
858 171
907 167
848 164
908 162
866 158
802 153
794 149
739 145
762 144
727 143
711 141
789 139
705 137
728 136
745 134
700 134
765 132
677 131
705 129
705 128
701 129
676 126
704 128
698 123
676 122
698 122
676 120
698 119
674 119
648 119
669 117
684 115
671 115
614 113
662 115
646 114
622 113
655 113
584 113
621 113
612 113
608 113
597 113
603 112
588 112
591 112
601 113
574 114
557 113
554 115
553 116
519 117
514 119
515 123
515 126
514 129
514 130
514 130
515 134
514 135
514 136
514 138
514 139
514 141
514 149
514 152
514 153
514 157
513 157
514 160
514 164
513 167
514 170
514 173
514 176
514 181
512 170
513 187
514 194
513 195
514 198
514 204
514 207
514 213
513 218
514 223
513 228
513 234
513 239
515 244
513 248
513 252
514 260
516 263
513 269
514 271
513 278
513 285
514 290
514 292
514 297
514 304
513 309
514 314
513 320
514 324
513 330
513 336
513 341
512 350
522 352
514 356
513 361
513 368
514 371
514 377
514 383
513 387
514 393
514 398
514 406
516 432
513 437
514 441
514 446
514 450
513 457
513 459
513 465
513 469
513 473
513 478
515 482
514 487
514 493
514 498
514 504
514 509
516 519
512 523
513 529
513 536
514 542
513 547
513 553
514 557
513 562
513 568
514 573
513 577
514 582
513 588
514 593
513 599
514 604
513 611
513 618
513 622
513 630
513 635
514 642
513 647
513 651
513 659
514 663
513 670
513 674
513 681
513 686
511 691
514 698
512 697
516 705
514 709
514 714
513 720
513 724
513 729
514 747
513 753
514 754
513 758
514 763
513 767
512 771
513 777
513 781
505 783
324 783
180 787
178 793
200 795
118 799
74 802
56 807
123 812
117 815
67 819
123 823
131 827
143 833
123 835
115 840
185 841
167 844
133 848
126 852
179 855
215 858
131 861
140 864
171 867
161 871
156 874
173 878
169 880
180 882
212 885
248 889
239 890
275 892
331 892
262 896
249 896
286 899
323 900
324 902
320 903
304 905
301 906
303 908
299 908
418 908
341 912
354 909
342 916
366 912
356 916
384 918
360 919
334 920
363 921
385 921
365 922
366 923
412 924
387 924
371 923
431 924
434 921
420 924
414 925
419 924
448 924
422 925
431 924
441 925
428 924
460 924
459 923
471 923
490 921
511 919
512 916
515 911
512 910
512 908
512 906
513 905
513 903
513 902
512 900
513 899
513 896
513 895
512 894
513 891
513 887
513 885
513 883
513 880
514 878
513 873
513 873
514 870
513 867
513 863
515 861
514 858
513 854
513 849
514 847
513 829
512 827
512 823
513 819
514 815
513 808
514 803
513 798
513 794
515 790
512 784
515 778
513 772
513 769
513 764
513 758
513 753
513 749
513 745
512 738
513 734
513 728
513 724
513 718
513 711
513 706
513 699
514 695
513 690
516 683
513 677
513 674
513 668
513 664
513 659
513 655
513 648
513 642
513 639
513 627
516 624
513 617
513 608
512 604
513 596
513 591
513 583
513 580
513 576
513 570
513 567
514 561
513 558
513 554
513 548
514 543
513 537
513 513
513 509
513 504
513 499
513 494
514 489
513 483
513 477
513 473
513 468
516 465
513 458
516 454
513 447
513 443
512 436
513 431
512 425
512 418
513 413
513 408
512 401
517 395
513 390
513 384
513 377
513 371
513 367
513 362
515 355
514 351
514 345
513 337
514 335
512 332
513 326
514 321
514 316
511 312
513 306
514 301
514 293
513 292
513 287
513 282
513 277
513 273
513 268
514 265
519 260
517 255
524 251
646 250
815 249
914 244
806 239
825 239
925 222
941 220
939 217
923 214
910 209
911 206
891 202
906 198
883 196
860 192
871 190
867 186
858 183
869 179
865 176
863 173
862 168
890 166
876 164
896 159
805 158
775 154
834 152
833 149
760 147
742 146
730 144
776 143
751 140
745 139
726 132
712 136
708 134
756 132
715 132
722 129
699 129
640 128
683 127
678 126
719 122
669 123
716 122
684 122
688 120
656 118
666 118
690 117
662 116
658 117
672 115
635 115
656 114
638 114
650 113
601 114
608 113
598 112
578 114
592 113
590 113
607 113
577 113
569 113
572 114
560 113
521 116
518 119
514 121
514 125
516 128
515 130
514 130
514 133
513 135
514 136
514 137
514 139
515 139
513 142
514 144
514 146
513 148
514 151
514 155
513 157
514 158
513 162
514 165
513 170
515 171
516 172
514 177
514 182
513 186
515 188
514 192
520 196
514 201
520 205
512 211
513 216
513 221
514 226
514 231
513 235
514 240
514 245
514 249
513 255
512 260
514 265
514 268
514 290
508 294
513 298
514 301
514 307
514 310
514 316
513 322
513 327
513 333
513 339
515 343
511 348
513 356
513 359
513 365
513 368
514 372
513 381
514 383
514 391
513 398
514 399
513 411
513 414
514 422
514 429
513 434
512 443
513 447
514 453
514 458
513 463
513 468
514 469
513 476
514 479
514 486
514 489
512 496
516 501
514 504
514 513
519 509
512 528
514 533
519 538
513 544
513 550
513 555
513 560
513 566
514 569
513 575
513 580
513 585
513 590
513 614
513 619
512 623
514 626
513 632
513 637
513 643
513 649
513 656
514 662
514 667
513 672
513 678
513 683
514 688
515 690
512 699
520 703
514 707
513 711
513 717
514 721
514 726
513 732
517 737
513 741
518 746
514 751
513 755
513 761
513 766
513 768
514 773
511 777
510 783
465 784
245 786
153 790
232 794
167 796
51 800
64 804
86 809
87 812
113 818
113 821
94 824
144 827
142 830
90 834
159 838
170 842
128 846
145 849
179 852
168 855
151 859
154 863
176 876
135 877
203 880
155 882
230 884
228 885
214 888
290 891
250 893
293 894
264 897
306 898
313 897
284 901
307 902
276 903
348 905
300 906
325 908
319 908
339 909
374 913
291 912
377 913
353 913
322 915
325 917
367 918
354 918
349 918
371 920
350 920
378 921
371 922
382 923
415 923
380 923
391 927
432 924
429 924
412 925
414 925
422 925
446 925
421 924
434 924
423 924
457 925
437 923
488 923
490 922
495 921
512 914
512 918
513 914
513 909
512 907
513 901
513 900
513 899
513 899
519 896
512 895
513 892
513 890
514 887
513 886
514 882
513 879
514 877
513 874
513 872
513 868
513 866
513 863
512 859
513 855
513 851
513 848
513 845
513 840
513 836
513 832
513 827
515 821
513 817
513 812
513 806
509 802
513 796
513 792
512 787
514 781
513 776
514 772
513 769
512 761
514 755
513 750
513 749
515 743
513 738
515 731
513 725
513 722
513 717
519 708
514 704
514 700
513 692
513 686
513 683
513 677
513 671
513 653
513 649
513 644
513 640
512 634
513 626
513 623
513 612
513 606
513 602
514 592
516 588
513 581
513 576
514 573
513 570
514 565
513 559
513 557
514 553
513 546
513 542
513 536
514 530
513 523
513 516
513 510
513 504
513 497
513 492
513 486
514 479
513 475
513 470
513 465
513 461
513 456
514 450
514 445
513 439
513 435
513 429
513 423
512 416
513 411
513 404
512 397
514 393
513 387
513 380
518 375
513 369
512 362
514 357
518 351
514 346
514 327
513 326
513 322
514 318
514 314
513 310
514 304
513 299
513 295
513 290
513 285
514 280
514 275
514 270
512 266
515 261
515 256
521 253
601 252
671 247
905 248
850 244
840 239
931 237
999 235
988 230
1023 225
943 219
914 216
942 212
923 208
887 204
842 200
896 197
870 194
859 190
861 187
871 185
873 181
848 181
866 175
873 171
858 168
886 164
846 161
838 158
833 155
789 153
844 150
785 149
750 146
762 144
711 143
772 142
705 141
778 138
727 137
705 131
762 129
720 129
710 127
684 128
681 126
675 125
669 124
712 123
655 122
684 121
683 120
666 119
690 118
656 117
679 116
633 115
635 115
680 115
627 114
621 115
658 113
586 113
628 113
597 112
618 112
598 113
593 113
595 114
599 113
581 113
584 115
563 113
559 114
544 115
518 118
517 119
513 121
514 125
513 129
514 130
514 131
514 134
515 135
515 137
514 138
514 140
514 141
514 144
513 146
514 148
515 149
514 153
513 156
514 158
513 162
513 163
514 176
513 178
514 181
513 183
518 187
513 190
513 194
514 198
513 203
514 208
514 214
513 217
514 222
513 227
513 232
513 236
514 242
512 248
513 253
513 256
513 262
514 267
513 273
513 277
514 281
514 288
513 294
513 297
513 303
514 308
513 314
514 316
514 324
517 331
514 335
513 338
513 333
518 353
514 356
513 363
514 364
513 373
512 377
514 379
513 389
513 393
513 396
513 407
514 411
514 418
514 426
513 430
512 438
514 445
514 451
513 456
514 459
513 476
514 479
514 482
514 486
514 491
514 498
514 504
514 509
513 519
514 525
514 530
513 534
513 541
513 548
514 551
514 558
513 562
514 568
513 573
513 576
513 582
514 587
514 591
519 597
514 604
510 610
513 615
513 621
514 628
513 633
513 640
514 645
513 653
513 658
514 664
513 669
514 674
513 681
514 685
514 690
517 697
514 699
510 708
513 709
513 715
513 720
513 724
514 730
514 734
513 736
513 743
514 748
514 753
514 757
514 762
514 767
514 771
359 784
209 785
202 788
206 793
228 797
141 797
41 802
49 806
88 811
132 814
68 818
134 822
114 825
117 830
125 829
143 834
170 841
131 844
147 846
184 850
168 854
159 857
180 860
139 863
160 867
146 871
146 874
208 878
161 880
172 883
220 885
280 888
266 890
193 892
260 893
308 896
262 897
353 898
317 900
279 901
274 903
313 904
329 906
279 907
357 909
380 909
359 910
300 912
341 906
368 912
343 915
359 916
313 918
326 918
335 921
388 920
358 921
326 922
400 923
415 923
413 924
428 924
411 925
423 925
427 924
403 924
440 924
408 924
454 925
419 924
419 924
458 924
472 923
480 923
474 923
514 919
512 917
512 905
503 911
513 908
513 906
513 905
512 904
513 902
513 902
514 900
513 897
514 896
513 894
513 891
513 888
513 886
513 884
513 880
513 878
513 876
514 873
513 870
513 868
514 865
513 861
513 858
513 854
512 851
514 847
513 844
513 838
513 833
515 832
515 823
513 820
513 816
512 812
514 806
513 787
513 781
513 775
513 772
513 768
515 762
513 760
513 755
513 750
513 743
513 738
513 735
513 730
513 723
513 718
513 713
513 706
513 702
514 698
514 688
514 686
513 681
514 674
517 672
513 665
512 660
513 656
516 648
513 644
513 638
514 630
513 626
513 616
514 611
514 604
514 597
514 592
513 584
513 581
516 576
513 571
514 567
513 563
513 559
513 555
513 549
513 545
513 537
514 532
513 529
513 518
513 514
512 507
513 501
514 495
514 488
513 485
515 463
513 461
513 459
513 454
513 450
519 444
514 437
513 431
514 426
513 421
514 414
515 409
514 400
513 396
513 390
513 384
514 379
513 372
513 367
513 362
513 355
512 353
513 347
515 341
513 336
511 333
514 326
514 321
513 317
513 312
513 307
514 302
513 297
513 294
518 288
514 282
519 278
514 273
513 268
513 264
517 259
517 255
524 252
636 250
746 251
872 245
838 241
814 244
1011 237
984 231
1021 226
966 221
908 218
960 214
917 209
894 207
902 203
871 190
873 187
846 186
878 183
850 179
883 177
861 173
870 170
902 167
846 164
835 160
835 159
820 155
847 153
803 151
740 147
766 145
773 143
776 142
691 141
710 139
774 137
708 138
730 133
737 133
708 132
699 130
675 130
722 128
665 127
720 126
700 124
645 123
696 124
689 122
692 119
698 120
687 118
664 117
637 115
656 115
666 115
621 116
632 114
653 112
620 114
607 114
636 114
590 114
635 113
596 113
609 112
578 113
612 111
601 113
584 113
564 114
518 118
516 120
516 121
515 123
515 127
514 130
514 131
514 133
514 135
513 134
514 137
514 138
514 139
514 142
513 144
514 146
513 148
514 151
513 154
513 159
513 159
514 162
513 163
513 168
513 170
514 173
513 176
514 181
515 186
508 188
514 192
513 196
513 199
513 204
514 209
513 215
513 220
514 223
513 227
513 233
513 239
514 246
513 251
514 254
513 257
513 262
514 270
513 275
514 276
513 283
513 290
513 295
514 299
514 305
514 310
513 315
519 337
514 341
514 344
513 350
513 353
517 358
513 364
513 369
514 373
513 378
514 383
513 389
513 394
514 401
513 408
514 412
509 422
513 427
514 434
514 440
513 447
513 453
514 456
514 464
513 466
514 470
513 475
513 479
514 485
514 489
513 493
512 500
514 506
514 512
514 522
517 525
515 534
513 537
515 545
515 548
513 554
512 559
513 563
512 570
514 573
514 579
512 584
512 589
513 595
513 600
513 606
514 612
514 618
513 624
512 631
513 637
513 642
514 666
514 670
514 674
513 678
513 683
514 688
513 693
517 697
511 710
500 707
513 712
517 716
513 722
518 725
512 731
513 736
513 741
513 745
513 750
515 755
513 760
513 764
512 768
513 772
512 777
511 782
465 784
259 785
173 789
226 793
225 796
70 798
69 803
31 808
105 812
102 816
88 820
115 823
103 828
122 832
123 836
133 834
150 842
140 846
156 848
182 852
138 855
193 859
155 862
112 866
182 868
110 872
184 875
171 878
167 881
219 884
177 886
236 889
213 896
286 896
325 898
269 899
270 900
300 902
291 906
306 905
266 906
333 907
345 909
384 910
346 923
362 911
349 921
304 912
304 925
356 918
367 917
340 919
385 919
343 920
352 921
391 922
362 925
409 922
362 923
396 924
429 925
409 924
412 924
445 925
399 925
421 925
426 925
440 925
430 924
413 924
464 924
445 924
470 923
460 922
499 921
509 919
512 916
512 923
515 909
513 907
513 906
513 905
513 901
513 901
513 901
513 897
513 898
513 895
513 893
513 884
513 883
512 879
513 877
513 875
513 872
516 869
512 866
513 863
513 859
513 856
512 853
514 849
513 845
514 840
512 836
513 832
513 827
516 821
513 819
512 813
513 810
511 804
513 797
513 791
513 785
512 784
513 779
513 772
513 765
513 761
514 758
513 753
513 747
513 743
511 736
514 732
513 727
513 723
513 716
514 710
513 705
513 698
513 693
512 690
512 682
514 676
514 673
513 667
513 663
512 658
513 652
513 646
514 640
513 635
513 628
513 601
513 596
513 593
513 589
514 582
515 578
513 575
514 569
512 565
513 562
513 557
513 551
513 548
513 540
514 536
513 531
514 523
512 518
513 511
512 504
513 499
513 491
513 487
513 481
513 477
514 472
514 466
513 462
513 457
514 452
513 446
513 437
514 437
512 432
515 425
513 417
514 412
512 405
513 398
512 395
513 387
514 381
513 376
513 371
513 365
513 360
514 354
515 349
513 343
514 338
514 333
514 330
512 324
513 319
514 315
513 310
514 305
513 284
513 282
514 279
513 276
513 272
514 267
515 261
514 257
515 254
530 251
660 249
792 250
896 244
875 239
922 238
1011 235
1005 230
981 224
936 220
948 218
930 212
916 207
892 204
906 202
876 198
862 195
875 192
865 189
859 186
877 181
870 178
860 174
878 171
891 169
896 165
847 162
850 158
830 155
813 153
815 151
766 149
771 147
769 145
723 142
731 141
729 140
740 138
681 136
746 132
731 134
708 132
750 130
663 129
692 129
635 127
719 126
671 125
683 121
681 121
670 119
684 120
679 118
679 117
670 116
660 116
644 115
645 114
638 113
638 113
623 113
598 113
627 113
624 114
602 112
599 110
595 112
612 113
590 111
579 113
588 113
563 113
565 114
546 115
529 117
514 119
515 122
515 125
515 127
514 130
514 131
514 133
514 136
513 135
513 138
514 140
513 141
514 143
514 145
514 147
513 149
514 153
513 155
514 157
513 159
514 163
513 165
514 169
515 171
513 175
514 178
516 182
512 184
514 189
515 193
514 210
515 212
513 217
513 221
514 225
514 229
513 236
514 241
514 248
513 251
514 256
513 260
514 268
513 272
513 276
513 281
511 287
514 291
513 297
514 302
514 306
514 311
514 318
514 324
514 328
513 332
514 340
513 345
513 349
510 360
513 361
514 365
514 372
513 374
511 381
513 387
514 391
513 399
514 403
514 411
513 419
513 422
512 432
513 436
513 445
514 450
514 454
513 459
514 463
514 468
510 470
513 479
513 480
514 486
513 492
514 496
512 503
514 525
515 530
509 534
514 542
514 546
513 550
509 557
513 561
513 568
514 571
513 576
512 582
513 585
514 592
514 597
513 603
515 610
514 614
513 620
513 627
513 634
514 639
514 645
513 651
513 657
513 663
513 668
513 675
513 680
513 685
513 690
513 695
513 699
516 700
513 707
513 713
514 718
513 722
513 728
513 733
513 738
514 741
514 747
513 753
513 757
513 761
513 767
514 771
514 776
511 779
510 783
411 784
201 787
202 791
213 797
97 797
98 802
97 818
118 820
104 822
100 826
118 830
143 830
104 838
141 838
148 842
150 846
181 851
147 854
195 857
160 860
126 863
177 867
161 870
143 873
165 876
190 879
196 882
190 884
208 887
236 889
301 891
280 892
279 895
284 897
311 897
302 901
288 902
333 901
279 903
245 906
322 907
330 908
309 910
338 911
330 909
343 913
323 918
338 915
346 917
341 917
345 918
368 919
305 920
354 921
412 922
373 922
373 922
396 923
392 924
384 923
429 923
403 924
416 924
427 924
433 926
431 925
421 925
436 923
466 926
442 923
446 923
494 922
496 920
515 917
512 915
513 911
513 910
513 907
513 905
513 904
512 903
512 901
513 900
513 898
513 897
512 894
513 891
513 889
513 887
513 884
514 881
513 879
513 876
513 875
513 870
514 868
513 866
512 862
513 859
513 856
513 852
512 847
513 843
513 839
512 835
513 830
514 824
513 819
513 816
513 812
513 805
513 799
514 793
513 790
513 787
513 782
513 776
512 768
512 764
509 760
514 738
512 738
513 737
513 731
513 724
513 719
513 714
513 708
513 702
513 696
513 692
513 685
511 680
513 678
513 672
513 665
513 662
514 656
510 649
513 647
513 637
513 633
513 624
513 617
511 612
513 604
513 599
513 592
514 587
513 582
513 577
513 573
