513 552
511 556
512 559
512 563
513 565
513 571
512 575
514 580
513 585
513 591
513 597
513 603
513 608
514 614
513 621
514 625
514 633
514 638
513 645
513 650
513 656
513 662
513 667
514 674
507 672
514 685
507 691
513 697
514 699
513 706
513 709
513 712
514 717
512 723
514 728
513 732
513 737
513 742
514 747
512 752
514 756
513 763
513 766
513 770
513 774
514 777
511 782
453 784
391 788
385 793
382 797
188 797
123 803
171 808
252 811
241 815
248 818
513 367
513 367
513 363
511 359
513 352
514 346
513 341
510 338
512 332
514 327
513 323
514 318
514 313
514 308
514 303
512 298
514 293
514 289
514 284
512 280
513 276
518 270
515 265
513 261
515 256
521 253
588 251
656 246
652 240
639 238
657 238
886 235
848 229
848 226
791 222
805 218
781 214
803 210
765 205
777 202
751 199
743 195
743 191
718 188
789 186
739 182
725 180
771 177
789 172
743 169
706 166
742 162
767 159
678 156
741 154
735 152
705 150
513 781
511 783
499 784
421 786
389 791
392 795
277 796
161 800
182 805
228 810
254 814
247 817
234 824
241 824
260 829
261 830
245 832
281 839
298 843
262 846
282 848
286 852
270 856
262 859
262 863
272 866
269 869
251 873
288 876
301 879
317 881
285 884
305 888
335 890
302 894
329 893
402 895
360 897
360 897
333 899
400 901
410 903
315 905
404 906
379 908
358 908
415 908
401 907
393 912
404 913
379 913
433 915
398 916
416 917
385 918
393 919
405 920
513 795
512 790
514 786
513 782
514 778
513 774
512 770
513 764
513 758
514 751
513 748
513 745
513 739
513 733
513 728
513 724
513 716
513 710
513 706
513 701
513 695
514 688
514 683
513 680
513 674
514 669
514 666
514 657
512 655
513 647
514 642
513 639
514 627
512 623
513 618
516 609
514 604
515 594
513 591
512 583
514 580
513 577
515 569
513 568
513 562
511 559
514 553
512 549
512 542
514 539
513 533
515 524
512 518
513 511
513 506
514 499
515 493
513 371
516 366
513 360
514 356
513 349
516 342
513 338
513 334
512 330
515 325
514 320
513 316
514 311
513 306
513 301
513 297
514 291
513 287
514 282
513 278
513 275
515 269
514 265
515 259
515 255
598 252
623 246
633 244
631 240
628 238
885 237
878 233
823 228
802 223
780 221
783 217
799 213
776 208
782 204
800 201
737 194
757 192
768 191
717 188
729 185
780 181
729 178
804 173
764 171
729 168
733 164
749 160
758 156
703 155
696 152
713 150
699 120
608 119
614 118
631 117
644 116
578 115
628 114
589 115
573 113
635 114
561 113
565 113
605 112
573 113
573 112
566 112
579 112
582 113
570 112
560 112
568 112
557 110
549 113
537 113
544 115
525 116
513 117
513 121
514 124
514 127
514 129
516 133
514 132
514 134
513 135
513 137
513 138
514 140
514 142
513 144
513 146
513 149
513 152
514 155
514 157
514 159
514 161
514 165
515 167
514 170
513 173
513 177
515 172
504 184
514 189
514 192
513 195
514 307
513 309
514 312
513 316
513 323
511 324
514 341
522 337
513 345
514 349
514 354
513 359
512 366
514 369
514 375
511 380
514 383
514 391
512 395
514 400
511 411
516 415
514 422
514 430
513 434
511 444
514 447
513 454
514 457
515 462
512 467
513 471
512 476
513 478
513 486
515 489
513 494
509 498
514 505
509 511
514 520
512 526
514 533
511 539
514 544
513 550
513 556
514 560
512 567
514 570
514 576
511 581
513 585
514 590
513 596
511 601
512 608
513 711
513 713
514 718
514 721
514 725
510 732
514 737
514 741
513 745
513 750
512 756
513 760
514 765
514 770
513 774
513 779
510 783
444 785
405 788
402 793
368 797
178 798
198 802
225 807
201 810
277 814
254 819
216 824
249 826
293 830
257 834
247 843
270 840
297 844
276 846
256 850
302 855
295 858
288 860
254 864
249 868
321 871
269 875
282 878
315 881
254 883
311 887
326 888
356 891
362 893
283 894
423 895
343 897
329 898
406 900
365 899
411 903
328 925
425 925
456 925
419 925
475 925
450 926
436 925
479 924
476 924
474 924
462 924
501 923
491 922
504 920
513 918
511 915
513 912
513 910
513 907
512 905
513 907
513 908
513 902
513 900
513 899
513 896
513 896
513 892
513 890
513 888
511 885
513 882
513 878
513 876
513 873
513 872
513 869
514 866
514 864
513 859
513 855
513 850
513 846
513 844
517 841
512 835
513 829
513 826
513 821
514 816
514 811
513 806
512 801
513 795
512 793
513 787
512 782
513 649
512 646
512 642
513 634
516 626
515 624
513 610
511 608
513 599
515 592
513 589
515 580
513 579
514 571
515 568
513 565
516 560
514 557
514 550
513 546
516 542
514 534
513 529
513 522
512 517
514 509
514 504
514 497
514 490
513 486
514 480
513 475
514 470
513 464
512 461
513 456
515 450
513 445
513 440
513 435
515 428
513 422
513 417
514 411
515 401
511 398
513 394
515 386
513 377
515 375
514 368
513 362
513 358
513 351
513 349
516 342
513 337
768 170
718 168
730 167
753 162
758 159
711 155
729 154
711 151
751 148
673 146
633 144
686 143
624 142
690 137
631 139
722 137
658 136
590 133
704 132
592 131
688 129
639 128
629 127
656 126
624 127
620 124
615 123
700 119
578 121
638 119
655 118
614 118
604 117
603 115
625 115
583 115
609 113
611 113
579 115
583 113
571 113
582 112
590 115
553 112
591 112
562 112
582 112
560 113
578 112
547 112
559 112
536 113
555 113
535 115
513 117
514 120
514 123
514 133
512 135
513 136
514 137
512 139
513 140
513 143
514 146
514 148
513 152
513 151
513 156
513 158
513 160
514 163
513 167
514 169
516 172
513 171
514 179
507 185
513 186
513 190
513 193
513 197
513 203
514 209
513 212
513 219
513 223
514 228
514 233
514 237
514 241
514 244
512 251
514 253
512 260
513 267
513 273
513 277
513 282
513 288
515 294
513 300
514 302
513 307
513 314
513 318
514 323
513 330
505 334
508 340
515 346
513 351
513 356
515 364
513 438
513 441
513 446
513 452
512 455
514 460
513 465
513 468
511 474
513 475
513 482
513 486
512 491
513 498
510 503
515 507
512 520
513 521
514 530
512 535
513 541
511 548
514 551
514 559
512 563
513 567
513 573
514 577
513 583
514 588
513 593
512 598
513 603
512 611
513 620
513 622
513 628
512 634
512 640
514 646
513 651
511 659
513 664
512 670
512 676
513 681
514 686
513 695
514 697
519 701
513 705
513 710
513 714
514 720
514 724
514 728
513 734
367 796
390 796
203 799
192 805
214 808
231 812
228 816
254 821
248 823
248 827
255 831
261 836
259 834
267 841
248 846
286 849
317 852
273 855
287 859
276 862
264 865
293 869
266 873
243 876
292 879
299 882
323 885
300 887
335 889
342 891
325 893
359 894
380 898
372 898
403 900
338 901
336 903
345 905
391 906
388 908
340 909
410 910
441 911
395 910
388 912
408 913
413 915
363 916
396 917
400 918
406 919
417 920
389 921
406 921
420 922
423 923
444 924
463 924
498 924
491 923
488 923
503 921
509 919
512 917
512 913
513 910
512 908
513 906
513 904
513 903
513 902
513 901
514 899
513 898
513 896
514 893
513 890
513 889
513 885
513 883
513 880
513 878
514 876
515 873
513 870
513 867
513 864
514 861
513 857
513 853
513 850
514 846
513 842
513 838
513 833
513 829
513 824
513 818
513 813
514 809
513 805
513 799
513 794
514 788
513 785
512 781
513 776
513 769
513 763
514 758
513 754
514 748
513 744
512 669
513 665
514 663
513 658
512 654
513 649
515 643
513 637
517 628
512 624
514 616
512 609
513 602
515 595
513 590
515 582
514 580
514 576
515 570
513 567
515 562
514 557
513 554
515 547
515 544
515 538
514 531
513 527
514 520
514 513
513 507
514 499
514 494
515 487
513 483
514 477
513 473
513 469
515 453
512 460
513 453
514 447
512 442
514 437
513 432
516 426
513 420
514 413
513 407
513 399
513 394
513 389
512 383
514 377
513 371
513 367
513 360
514 257
515 254
520 251
660 249
643 244
657 240
640 237
795 238
872 233
843 229
809 224
812 221
806 215
768 211
800 209
794 205
751 201
770 197
739 194
757 191
757 188
726 184
782 182
744 178
733 174
802 171
738 168
756 164
756 161
748 158
730 156
709 153
705 150
684 149
680 146
700 144
644 142
684 141
667 137
641 134
650 137
649 134
683 133
632 131
668 131
681 128
615 128
605 122
634 126
610 124
628 123
642 122
647 121
615 120
642 119
635 118
596 116
604 113
541 115
520 116
515 117
513 121
514 124
513 127
514 129
513 132
514 133
512 134
514 135
512 136
514 138
514 140
513 142
513 145
514 147
514 149
513 151
514 154
513 158
514 160
513 162
514 160
513 167
514 171
513 173
514 177
513 181
513 184
514 188
513 191
514 196
514 200
514 205
513 210
513 215
513 220
514 227
514 231
514 235
514 239
513 244
513 250
514 254
512 259
513 264
513 269
514 276
513 280
514 285
514 289
514 294
513 301
514 305
513 310
513 422
513 426
513 430
513 435
513 441
513 448
513 453
514 458
513 462
514 465
514 472
515 475
513 479
512 484
515 488
508 494
513 499
512 505
512 512
514 520
515 526
512 532
513 537
513 545
513 549
512 553
512 561
514 565
512 570
515 574
514 580
511 584
512 590
514 595
514 600
512 607
512 613
514 619
513 624
512 630
512 638
513 643
513 648
513 655
512 661
513 667
514 673
513 679
513 683
515 688
511 693
513 699
516 702
513 705
513 710
513 716
512 722
514 594
514 598
513 603
513 610
513 615
514 622
513 627
513 634
512 641
513 646
514 651
513 658
513 664
513 669
514 674
513 680
513 686
511 689
515 695
510 702
511 705
510 710
513 713
515 718
513 724
514 728
514 733
513 739
514 743
514 747
513 752
514 756
513 763
513 767
512 771
513 775
513 779
512 784
400 787
403 791
370 795
367 797
218 798
196 803
189 807
257 811
240 816
233 819
237 824
249 828
230 833
275 834
264 845
243 843
296 846
291 848
259 851
414 924
446 924
434 924
433 925
463 925
451 925
442 925
462 924
468 925
440 925
457 925
475 924
459 925
463 925
485 924
490 923
479 924
503 921
514 919
513 915
513 914
512 911
513 908
513 906
513 905
513 903
513 905
513 901
514 900
513 897
513 895
513 894
513 892
512 889
513 885
513 884
513 880
514 878
514 875
513 873
514 870
513 868
513 864
513 861
513 858
513 854
513 850
514 846
513 843
513 838
513 833
513 830
513 824
513 820
514 815
513 812
513 805
514 578
515 575
512 573
515 567
516 563
512 559
515 554
513 549
514 545
513 539
514 531
514 526
515 520
513 513
513 506
517 500
513 494
514 489
514 484
516 478
512 474
513 470
513 464
514 460
514 454
513 448
513 443
514 438
513 431
513 426
513 420
514 414
513 408
513 403
514 395
514 388
512 384
513 378
514 372
513 366
512 362
514 357
514 351
513 345
514 341
513 336
516 330
514 326
514 323
513 317
514 313
513 306
513 301
513 298
514 292
513 287
513 284
757 199
771 198
723 194
748 191
733 188
759 185
755 182
739 179
804 175
731 172
702 168
788 164
729 162
748 158
737 157
732 153
742 151
678 149
692 145
664 144
691 143
681 142
617 139
687 138
654 136
669 134
647 133
638 131
663 130
610 126
654 128
613 126
630 126
619 124
615 124
629 123
629 118
643 119
633 118
616 118
584 117
645 116
617 115
569 115
633 113
585 114
591 114
590 114
577 112
602 112
570 112
567 113
584 112
549 112
585 112
563 111
574 137
513 138
513 140
512 142
515 144
513 146
513 148
513 151
513 154
512 156
513 160
513 162
514 163
514 168
513 170
514 177
513 176
513 180
513 183
511 188
513 191
514 196
514 202
514 206
514 209
513 214
514 219
513 225
514 230
513 234
514 239
514 245
513 248
514 253
513 257
514 264
514 269
513 274
515 280
514 285
513 289
513 295
514 299
513 305
513 309
513 314
512 322
513 326
514 330
512 343
504 345
509 347
514 353
513 360
513 362
513 368
514 372
513 514
514 515
513 527
514 524
514 530
514 537
514 544
513 549
510 555
514 559
513 565
513 569
513 574
512 580
512 584
513 589
512 595
512 602
514 605
513 612
511 618
513 624
514 630
513 636
513 643
515 648
514 654
513 661
513 666
513 672
512 677
513 680
512 689
513 691
512 695
517 700
515 707
513 711
514 715
514 722
513 726
513 731
514 735
513 740
512 745
512 750
513 754
513 759
513 764
513 768
514 770
512 777
514 781
511 785
401 788
364 792
374 797
289 878
304 880
299 883
248 885
349 888
357 889
362 892
371 894
319 896
345 897
411 899
357 900
385 902
341 903
381 905
414 907
353 907
418 909
371 911
407 911
398 911
377 914
398 911
415 915
428 917
393 918
407 919
396 920
413 920
453 921
401 922
403 922
427 923
433 925
413 924
440 923
464 925
445 925
438 925
468 925
476 924
435 925
466 925
467 923
475 924
445 925
494 925
481 924
474 923
499 922
508 921
515 918
512 915
513 912
512 909
513 907
513 906
513 843
513 839
513 836
513 831
514 828
513 824
514 818
514 813
513 807
513 801
513 795
513 791
513 787
512 782
513 776
514 771
513 767
512 761
513 758
514 750
513 747
513 743
513 739
513 731
513 728
510 721
514 714
513 711
513 707
513 698
514 692
513 690
513 683
515 676
513 674
514 668
512 664
513 657
515 651
513 649
513 640
513 635
513 629
516 621
513 615
513 607
513 602
513 594
513 589
513 586
512 580
514 573
511 571
513 565
511 560
513 558
514 551
517 526
515 521
513 518
514 509
513 505
513 497
515 492
513 486
516 480
512 477
515 471
512 467
515 461
513 457
514 452
515 446
512 442
515 434
513 430
514 425
514 418
514 411
514 405
513 399
514 393
514 387
511 381
513 375
518 370
518 364
514 359
512 353
514 348
514 344
513 339
513 333
514 328
514 323
513 321
513 315
514 310
515 305
513 300
513 295
514 291
513 287
514 282
513 276
513 272
513 267
513 263
514 258
514 254
553 251
644 248
638 244
636 240
732 192
735 190
732 185
717 183
768 179
793 177
714 173
746 170
816 168
744 164
716 160
736 158
712 154
725 152
718 149
696 147
664 147
634 143
675 144
652 141
659 139
691 137
618 135
714 134
670 132
629 131
636 130
612 127
682 127
571 126
646 126
661 124
621 123
642 122
603 121
622 121
589 119
649 118
633 117
584 115
607 115
617 114
598 114
617 114
571 112
606 112
589 113
575 112
584 113
566 112
581 111
551 112
586 112
556 112
585 112
556 114
576 112
514 135
514 136
514 138
513 137
514 140
513 143
514 141
514 146
514 150
514 152
514 154
515 158
514 160
513 163
514 166
514 169
514 170
513 175
514 177
514 182
514 183
511 191
513 193
513 197
513 203
514 208
514 212
514 217
514 221
513 227
513 231
514 238
514 242
513 246
513 249
514 256
513 263
514 267
513 271
514 275
513 281
513 287
514 292
514 296
514 302
513 308
513 313
514 316
514 323
513 329
514 333
513 338
501 344
514 349
513 355
513 361
514 365
512 449
513 454
512 460
513 464
514 468
514 472
514 477
513 481
514 484
513 492
514 496
513 502
512 508
517 516
513 522
513 528
513 534
512 541
514 546
514 553
513 557
513 561
512 567
514 570
514 577
512 579
514 585
512 592
513 597
513 604
513 610
514 616
514 621
513 627
514 633
514 639
513 645
514 651
513 657
514 663
512 669
513 673
512 679
514 684
512 690
512 698
512 701
512 708
508 710
513 714
513 718
514 723
512 729
513 734
513 738
514 743
513 748
364 796
368 796
178 799
208 803
215 808
260 812
252 815
240 820
243 823
258 825
284 830
244 832
268 837
298 839
252 845
294 848
290 851
267 855
306 858
240 861
244 865
307 868
277 870
285 875
265 878
296 882
347 884
304 887
320 888
315 890
351 892
357 894
367 895
372 898
368 899
375 901
369 903
362 904
361 905
358 907
407 908
387 910
382 910
434 912
393 913
384 912
389 914
402 915
404 917
392 917
429 919
402 919
373 919
433 920
414 921
409 923
439 918
512 916
512 914
513 912
513 908
513 905
514 904
513 904
513 903
513 901
516 900
512 898
513 896
513 894
513 892
513 889
513 888
513 884
513 880
514 879
514 876
514 873
513 871
513 868
513 864
512 861
514 858
513 855
513 849
513 847
513 843
514 838
513 834
513 830
512 825
513 821
514 815
513 811
513 805
513 799
513 793
512 791
513 786
513 781
514 775
514 770
513 764
513 761
514 757
513 748
513 745
513 740
512 735
513 730
513 724
513 719
514 713
513 591
514 588
513 583
514 581
513 576
513 573
514 568
517 562
513 559
515 554
514 549
515 544
514 538
515 533
516 525
515 521
516 513
516 507
514 500
516 494
512 488
514 485
514 479
513 475
516 469
513 465
513 460
518 454
513 450
514 444
514 439
515 434
513 427
513 422
513 415
514 409
514 402
512 396
515 391
514 384
513 376
513 374
515 367
514 361
514 356
514 352
513 346
515 339
513 336
513 331
514 326
514 321
513 317
513 313
515 310
514 303
514 298
512 212
792 210
756 207
780 205
802 202
754 198
752 195
779 192
741 189
772 187
768 181
734 178
760 176
776 172
744 168
759 165
711 161
746 159
753 157
712 153
708 151
675 150
694 147
687 145
669 143
636 142
674 138
667 136
610 137
662 135
668 133
655 132
692 130
624 128
620 128
620 127
629 126
617 125
625 125
657 124
629 121
621 121
666 120
632 119
587 118
611 116
635 117
611 115
588 114
600 114
619 114
579 113
574 113
603 112
598 114
573 112
570 112
577 131
515 132
514 132
514 133
514 134
514 137
514 137
513 139
513 141
513 144
513 146
514 148
514 152
514 154
513 156
513 159
514 162
513 164
513 167
513 171
513 173
514 177
514 179
514 184
513 191
513 189
513 194
514 199
513 204
513 208
512 215
514 218
512 223
514 230
514 234
513 240
515 244
514 248
514 252
513 258
513 263
513 269
514 273
513 278
514 283
514 289
514 293
513 299
514 304
514 308
513 313
513 321
515 325
514 331
514 338
512 334
511 347
511 466
513 469
514 475
514 478
514 483
513 488
513 492
513 499
515 504
503 516
509 517
516 524
522 530
514 537
513 543
512 549
511 554
514 559
513 565
515 568
514 572
514 580
513 583
512 589
513 594
514 600
513 606
514 612
512 617
513 623
514 630
514 636
514 641
513 648
513 654
512 660
514 665
516 671
512 677
514 682
513 687
513 693
514 702
513 701
512 709
514 711
513 716
513 720
513 725
514 730
514 735
514 740
514 745
512 749
514 754
513 758
514 760
229 852
275 843
267 846
280 850
274 853
276 857
256 859
292 863
284 867
245 870
280 873
305 876
311 880
272 882
281 885
334 887
374 890
333 892
363 893
364 895
332 897
392 898
385 900
382 902
383 903
348 905
386 906
362 908
385 909
409 910
401 911
390 911
406 914
405 912
406 915
410 917
410 917
408 919
382 919
427 920
420 921
434 921
424 922
411 922
434 923
456 922
403 924
441 924
459 927
444 925
443 925
473 925
478 925
444 925
454 925
468 924
473 925
513 885
513 884
513 880
513 880
513 878
514 874
514 872
513 869
513 867
512 863
513 859
512 856
514 853
513 848
513 846
513 841
514 836
514 833
513 827
513 823
513 818
513 813
513 808
513 802
513 796
514 793
512 789
513 784
514 777
514 772
514 768
513 764
513 759
513 751
514 746
513 744
514 739
513 733
513 726
513 721
513 717
513 713
513 706
515 698
513 694
514 689
514 683
512 678
514 673
515 666
514 665
514 658
515 652
514 650
514 640
513 636
513 630
514 532
515 528
513 523
513 518
514 511
512 505
513 498
513 492
513 488
516 481
512 478
513 471
514 466
513 463
512 457
510 452
515 447
514 442
514 435
513 430
514 423
512 418
513 413
514 406
513 400
512 395
513 389
515 381
514 376
513 372
514 365
515 359
513 354
514 348
513 343
514 338
513 334
513 329
513 324
514 318
513 314
513 310
512 306
513 301
514 297
512 292
513 287
513 281
513 277
514 273
513 268
515 263
514 260
514 255
522 252
637 249
662 245
743 159
697 157
723 155
742 152
704 150
680 148
672 145
678 143
682 142
662 143
635 139
683 139
685 136
641 134
648 132
670 132
636 130
635 128
636 127
597 127
623 125
631 123
655 123
619 122
598 121
604 120
603 119
653 118
636 118
623 115
557 118
603 115
639 114
579 113
579 113
615 114
570 112
576 112
573 112
595 112
564 113
571 112
559 111
578 112
571 112
564 112
546 108
551 113
558 115
515 115
518 116
517 119
514 121
513 124
514 127
513 129
513 193
514 194
514 195
514 199
514 201
514 207
514 212
514 216
514 221
513 227
513 232
513 234
511 240
514 244
514 248
513 255
514 261
513 265
513 272
514 274
512 280
514 287
514 293
513 297
514 300
513 307
515 312
514 316
513 322
513 328
513 334
514 340
513 353
510 345
508 355
513 360
514 365
514 369
514 374
513 381
514 386
513 391
511 399
515 400
513 410
510 417
514 419
511 430
514 435
512 444
513 449
512 455
512 459
514 462
513 468
512 471
514 477
515 723
513 726
510 729
513 732
512 737
