512 254
639 253
700 251
751 252
942 243
956 245
952 240
1005 239
1023 236
1023 231
1023 227
1023 222
1023 218
1023 213
1023 209
1023 205
1017 202
1006 198
975 195
1023 192
983 190
959 185
997 184
989 179
1016 176
992 173
967 168
1013 166
1023 164
1016 158
937 157
893 152
924 151
903 150
886 146
806 145
829 143
827 142
802 140
822 139
761 135
798 135
813 134
790 132
768 130
782 128
807 128
725 127
726 125
724 125
737 123
763 123
785 122
795 121
675 118
735 731
514 736
513 738
514 743
513 747
513 751
514 757
514 762
515 765
514 770
513 775
510 780
505 786
359 782
205 787
90 788
80 793
0 796
0 800
0 804
0 808
0 813
0 817
0 821
0 825
0 828
0 832
7 835
36 837
11 843
10 845
21 849
0 853
77 857
52 859
0 863
20 867
45 870
76 873
23 877
1 878
67 882
132 884
142 888
145 889
138 893
174 891
203 896
173 897
201 899
219 900
245 902
269 903
233 905
238 906
237 908
294 909
220 910
283 910
290 912
321 912
277 916
639 113
668 113
651 109
658 113
622 112
642 112
631 113
617 113
608 112
634 113
617 113
590 112
586 115
568 114
563 115
538 116
526 118
515 121
509 123
510 126
510 129
515 130
514 132
514 135
514 136
515 137
513 137
515 139
514 142
517 143
514 146
514 149
514 151
514 154
515 156
514 159
514 161
515 163
513 167
513 171
515 173
514 176
514 180
515 184
514 187
515 192
514 195
514 200
514 205
510 210
514 213
514 219
513 225
516 228
514 235
513 241
513 322
514 325
514 331
514 336
514 343
514 348
514 352
513 359
514 363
514 366
513 373
516 377
514 382
509 390
514 391
513 400
514 408
514 410
513 423
513 426
514 430
513 440
514 446
513 458
514 459
513 463
513 465
514 467
514 476
514 478
513 484
513 488
514 493
513 500
514 505
514 512
513 518
514 526
514 532
514 537
514 545
514 549
513 555
514 561
514 564
514 571
513 576
513 580
513 584
514 590
514 595
513 602
513 607
513 611
513 619
513 624
515 631
517 654
514 658
514 662
514 667
514 671
514 677
514 682
513 688
514 693
514 697
514 702
514 708
514 711
514 715
514 721
514 725
513 731
514 735
513 740
514 745
514 749
513 753
513 758
513 764
514 768
513 772
514 777
513 779
483 784
315 786
135 791
93 791
92 794
0 797
0 801
0 806
0 810
0 814
0 819
0 822
0 825
0 830
0 833
26 836
41 840
13 844
0 847
0 851
22 855
50 857
26 861
32 865
47 868
49 871
59 874
14 878
66 880
120 883
33 885
149 888
166 891
151 899
261 899
242 900
252 901
233 902
190 903
279 905
219 906
230 908
271 905
292 909
287 911
250 912
326 913
271 914
258 915
304 916
277 919
257 918
300 919
294 920
326 921
315 922
325 923
334 926
354 924
342 924
383 924
385 926
373 915
408 928
395 920
403 925
410 925
405 925
419 925
420 924
424 924
428 923
467 924
458 921
494 921
507 919
512 914
513 912
512 910
514 908
514 906
513 904
514 903
512 901
513 901
513 899
512 897
513 896
513 892
514 890
513 879
513 878
513 877
514 872
513 874
511 870
513 866
515 865
513 859
512 856
513 852
513 849
513 848
509 844
514 837
513 832
514 826
515 823
514 818
515 813
512 809
514 804
513 798
515 792
511 786
513 782
513 779
512 773
513 768
513 761
513 756
512 752
514 748
513 744
513 738
513 730
513 727
513 725
515 716
513 710
513 706
513 700
513 693
513 690
513 684
514 677
513 675
514 669
514 664
513 659
514 653
513 649
513 642
514 635
513 628
513 622
513 614
513 589
514 587
515 583
512 579
513 575
513 569
513 567
513 560
513 559
513 551
513 547
513 543
513 536
514 531
514 522
513 517
514 511
513 504
514 499
513 492
513 486
513 483
515 476
513 468
514 466
514 461
513 456
513 451
513 446
512 441
513 436
513 429
513 424
513 417
514 412
514 405
513 399
513 393
512 386
513 382
513 378
513 370
512 364
513 359
513 352
513 348
512 343
513 339
513 334
514 329
513 326
513 320
513 315
513 310
514 305
513 301
513 296
513 276
513 273
513 270
513 267
514 264
513 259
519 256
579 253
728 251
878 250
975 246
980 242
970 238
1023 237
1023 231
1023 227
1023 223
1023 219
1023 215
1023 211
1023 207
1023 203
1011 199
973 197
973 194
1016 189
974 187
979 184
984 179
1021 176
1023 173
980 170
1002 166
970 162
1000 160
940 155
914 153
975 151
895 149
884 147
861 145
774 143
845 143
829 140
846 139
782 137
778 137
823 134
755 133
828 131
762 129
754 129
756 128
748 126
744 125
735 121
766 120
739 119
744 118
735 117
720 116
724 116
722 118
693 114
707 113
679 113
643 113
707 113
635 112
639 113
649 112
665 113
637 113
589 112
614 112
602 113
624 112
581 112
572 114
573 115
549 115
527 118
519 119
515 123
514 125
516 127
513 129
514 131
516 132
514 133
514 135
514 138
506 138
513 140
514 143
514 146
514 149
517 150
514 154
514 154
514 161
516 160
513 162
514 166
513 167
514 169
515 175
514 178
513 181
514 185
514 189
514 193
514 327
514 329
514 333
514 340
514 344
514 349
514 355
514 360
514 362
516 370
514 375
514 379
514 385
513 389
514 397
513 403
514 409
514 416
513 422
516 430
513 435
514 444
513 449
515 454
514 459
513 464
513 469
513 472
516 477
514 480
513 485
513 490
514 495
514 502
513 508
514 515
514 520
513 529
513 534
514 540
514 547
514 550
514 558
514 562
514 567
514 572
514 576
514 582
514 586
514 592
514 597
513 603
513 609
513 614
514 621
514 627
513 633
514 658
514 662
514 666
514 670
514 674
514 679
513 684
514 690
513 695
514 699
513 703
514 708
514 712
514 718
511 722
514 729
514 733
514 737
513 742
513 747
513 752
514 757
514 761
514 765
513 770
513 774
514 778
512 782
393 779
248 784
113 787
78 792
68 796
0 799
0 804
0 808
0 811
0 816
0 820
0 824
0 829
0 831
0 834
59 839
21 842
19 846
48 849
0 852
16 855
50 860
29 861
20 866
19 869
15 873
84 876
61 879
101 881
94 885
84 887
117 889
150 891
204 899
231 900
246 900
217 901
228 903
246 902
249 906
258 907
234 908
289 909
269 911
276 912
239 912
311 913
289 915
263 916
298 915
239 918
303 919
285 921
281 921
350 922
286 922
329 923
361 925
312 924
380 924
366 925
391 925
394 926
387 927
414 923
384 927
423 927
396 925
443 924
400 925
404 924
465 922
458 924
480 922
497 918
514 917
511 914
512 911
512 909
512 907
513 905
514 904
513 902
517 901
512 899
513 899
513 897
513 894
513 891
513 890
513 878
515 876
526 875
513 871
513 870
513 870
514 867
509 860
513 858
513 855
513 852
513 847
513 844
514 840
514 836
513 832
514 826
513 819
514 816
513 812
515 807
513 803
511 794
513 788
513 785
513 782
513 777
513 771
517 764
513 760
513 756
513 752
513 746
513 740
513 735
513 730
513 726
516 715
513 715
515 710
514 703
512 696
512 693
513 688
512 683
513 678
513 671
513 667
513 662
513 656
513 652
514 645
513 638
513 633
513 626
513 618
513 613
517 586
513 582
513 578
513 576
513 573
513 569
515 564
513 559
515 556
513 550
514 545
513 540
513 533
513 528
513 520
514 515
513 508
513 501
513 496
513 488
513 484
513 479
513 474
513 468
513 463
513 460
513 454
514 449
514 444
513 439
513 433
513 424
513 421
513 416
512 410
515 403
514 398
515 391
513 379
514 379
513 374
512 368
513 361
514 357
513 351
513 346
512 340
512 335
511 332
512 327
512 323
513 320
513 314
513 308
513 303
513 299
513 294
516 275
513 273
515 270
513 266
515 261
515 257
525 253
641 251
746 249
972 249
988 245
951 241
1023 238
1023 234
1023 231
1023 226
1023 222
1023 217
1023 213
1023 209
1018 206
1023 202
999 198
1014 195
976 191
981 191
1023 184
1012 181
978 177
1018 174
1023 171
1007 167
985 164
939 160
966 157
949 154
941 153
888 151
942 148
857 147
831 144
799 144
789 141
864 136
814 137
794 136
813 136
786 133
795 132
782 130
769 129
746 127
756 127
748 126
762 124
780 119
753 119
716 118
731 117
731 117
759 110
681 115
713 112
715 114
640 113
711 114
686 113
619 112
663 112
637 112
624 112
657 114
592 115
624 113
603 112
621 113
601 113
595 113
574 112
569 115
536 116
536 117
515 120
518 123
515 126
514 127
514 130
514 132
515 132
515 134
514 136
512 138
514 139
514 141
514 144
514 146
514 148
515 150
513 153
514 156
513 158
514 161
514 164
514 167
515 169
514 173
512 176
514 179
513 183
514 187
514 189
513 196
512 211
513 214
514 220
513 223
515 228
514 233
519 237
514 243
513 249
513 254
514 258
513 263
514 265
514 272
514 278
513 283
511 287
513 293
514 297
514 305
514 309
514 314
514 319
513 325
514 330
513 335
513 343
514 346
514 350
514 358
514 361
513 367
514 371
514 374
514 382
519 386
514 393
513 399
514 403
519 414
513 418
518 427
514 433
513 439
514 447
514 451
515 457
513 460
514 465
514 470
513 474
514 478
514 482
514 488
514 493
514 499
515 504
514 531
514 535
514 538
514 545
514 548
513 553
514 560
515 564
514 569
519 574
513 579
513 584
514 589
514 595
514 600
514 605
514 612
513 618
513 622
514 630
513 639
513 639
513 648
513 653
513 659
513 664
513 671
514 677
513 682
514 686
514 693
514 698
513 701
515 705
514 710
514 715
513 719
513 724
514 729
514 735
513 740
514 743
514 749
513 754
513 758
513 763
513 767
513 772
512 776
512 781
506 783
351 783
155 787
56 790
52 795
0 797
0 800
0 805
0 821
0 823
0 825
0 830
0 834
16 837
1 840
0 844
52 847
24 850
35 853
1 853
23 861
52 864
6 869
9 870
30 874
59 877
91 881
36 884
109 886
148 889
161 891
165 892
123 895
218 897
268 899
244 899
189 900
210 902
254 902
218 904
209 906
249 907
274 909
320 910
275 911
240 911
281 913
253 915
253 915
330 918
298 916
271 914
296 921
306 921
278 922
320 922
322 923
367 923
336 925
340 925
388 924
374 925
399 925
373 924
420 925
396 924
414 925
399 924
419 924
435 922
439 923
450 921
482 921
508 919
513 916
512 913
512 910
512 908
512 906
513 905
512 904
513 903
513 901
513 899
513 897
513 896
513 893
513 890
513 889
513 886
513 883
513 879
513 873
513 876
515 871
513 865
517 867
514 860
514 861
518 857
513 854
517 850
514 846
514 841
513 839
514 833
513 828
513 824
513 818
513 813
513 808
513 804
513 801
514 793
513 789
513 784
512 779
513 774
513 770
513 764
513 758
513 753
513 749
513 744
513 738
514 722
511 719
514 710
515 707
514 703
513 693
513 690
513 687
513 679
513 674
513 671
513 665
514 660
513 655
508 649
518 643
513 637
517 631
513 623
513 617
513 610
513 604
513 597
513 589
513 586
513 578
514 575
513 571
513 568
513 562
513 558
513 554
515 550
513 544
514 536
513 532
513 525
513 518
512 511
515 504
513 500
513 493
513 487
512 483
513 477
513 472
513 466
513 462
514 458
513 453
514 447
513 442
513 435
513 430
514 424
513 418
514 413
513 389
513 384
513 381
513 376
514 371
513 365
513 359
514 354
513 349
513 344
512 338
513 334
517 329
513 325
513 321
513 318
514 311
514 306
513 301
514 296
514 292
514 288
513 283
513 278
514 273
513 269
513 265
514 260
518 255
570 254
680 251
799 249
994 248
956 243
988 239
1023 238
1023 232
1023 229
1023 224
1023 220
1023 215
1023 212
1023 209
1023 203
991 201
990 197
1014 195
974 191
985 190
995 185
997 179
996 177
996 173
1023 170
1010 166
994 154
886 153
904 153
902 149
855 147
813 145
903 143
834 140
783 140
813 140
778 137
811 136
813 134
807 133
772 131
812 129
767 128
698 127
746 125
786 125
756 124
720 120
746 122
757 120
738 121
741 118
763 118
723 117
707 116
762 115
703 113
685 114
695 114
684 113
661 113
669 113
638 112
634 112
623 111
650 112
592 112
615 112
625 112
602 113
592 114
590 115
577 116
542 113
535 116
520 118
514 121
514 124
513 127
515 129
514 131
514 133
515 133
514 141
511 141
513 143
514 144
514 147
514 149
513 153
513 154
514 157
515 159
516 162
514 166
514 168
514 170
515 174
514 177
514 180
515 186
514 188
513 192
513 196
518 204
514 205
513 210
513 216
513 221
514 226
513 231
515 235
513 239
514 244
514 250
513 255
513 260
515 263
518 281
513 276
515 281
514 286
515 290
514 295
514 302
514 307
513 310
513 314
514 323
515 327
514 331
513 339
514 344
514 347
513 355
514 360
513 365
514 368
514 372
513 378
513 398
511 403
513 408
513 415
514 421
513 428
515 436
514 443
514 447
514 455
513 456
511 462
513 467
514 471
513 476
513 481
516 486
514 489
515 496
514 500
513 507
513 513
517 519
514 528
518 532
515 540
514 545
514 552
513 556
514 560
514 568
514 571
514 576
514 581
514 585
513 591
514 596
514 602
513 607
513 614
514 619
513 625
515 632
514 639
513 650
513 650
514 656
513 662
513 668
514 673
514 679
516 683
514 689
513 693
513 698
513 703
513 707
514 726
513 729
514 732
514 737
513 742
514 746
513 750
513 756
514 761
514 765
514 769
512 773
514 777
510 782
438 784
317 785
77 798
87 788
86 796
0 798
0 802
0 806
0 811
0 814
0 818
0 823
0 827
0 831
0 834
23 838
0 842
8 845
63 848
10 852
22 855
59 858
14 863
32 866
19 871
30 872
64 876
41 879
100 881
106 884
121 887
139 889
112 891
189 897
228 891
166 896
209 898
223 900
218 901
224 903
224 903
247 906
260 907
261 908
252 910
277 911
293 911
268 916
278 917
260 918
292 918
289 918
276 920
324 923
326 922
286 922
353 923
377 924
325 924
364 925
400 924
355 925
437 924
369 924
420 917
401 924
406 923
415 925
397 924
417 924
427 924
443 924
452 922
468 923
488 921
511 918
512 915
511 912
512 909
512 908
513 906
513 904
513 903
513 902
513 901
513 899
513 898
513 895
513 894
513 890
513 887
513 884
513 882
514 880
513 877
513 875
514 871
515 873
513 865
512 865
513 859
513 855
513 851
513 848
513 832
513 830
512 826
513 822
513 817
513 813
513 807
514 801
513 794
512 791
513 786
513 782
513 779
513 773
516 768
513 762
517 754
513 750
513 749
513 743
512 735
513 731
514 728
514 722
513 721
512 709
513 707
513 698
516 691
513 689
517 682
513 677
513 673
513 669
513 662
513 657
509 653
513 646
512 642
513 635
513 626
513 622
513 613
513 607
513 600
513 593
513 590
514 581
514 580
513 573
512 568
513 565
514 559
513 558
513 550
513 547
513 540
512 517
513 513
514 508
514 503
513 496
513 491
513 485
512 480
513 475
513 470
513 465
513 459
514 456
513 452
513 444
513 439
513 434
513 428
513 422
513 415
513 411
513 404
513 398
515 390
513 387
514 381
514 374
513 369
509 364
512 358
513 351
513 346
513 341
514 337
514 331
512 327
513 324
513 319
513 314
513 310
513 305
514 300
514 294
513 291
513 286
513 281
513 276
513 271
513 267
514 262
514 258
521 254
606 252
719 250
859 249
961 246
964 241
1023 227
1023 225
1023 222
1023 218
1023 213
1023 209
1023 206
1023 202
997 199
1009 196
1008 192
980 189
994 186
1006 183
992 178
1009 175
992 171
989 167
992 165
993 161
971 159
934 157
938 153
922 152
874 150
904 145
876 144
779 143
831 141
801 140
833 137
790 136
748 135
796 134
775 134
745 131
755 130
759 129
765 130
723 127
744 124
724 125
736 125
762 122
767 122
738 121
706 120
754 118
768 118
719 117
703 118
721 115
717 115
659 115
697 113
703 112
647 113
649 113
633 112
619 112
610 112
634 113
603 114
601 112
590 116
565 113
562 115
530 117
514 119
516 122
515 125
515 128
514 130
514 132
514 133
514 134
514 136
514 137
514 139
514 141
514 144
514 145
514 147
514 150
515 152
514 155
514 158
514 161
514 163
514 166
514 169
514 172
514 174
513 180
514 183
514 186
514 190
514 193
514 198
514 202
513 207
511 212
514 216
514 221
514 226
515 232
514 239
514 243
516 247
513 250
514 256
514 262
513 284
514 288
514 290
513 291
514 296
514 301
513 308
514 311
513 318
514 323
513 328
514 334
513 340
513 347
513 350
514 355
514 360
514 364
514 370
514 377
514 379
513 386
514 390
514 397
514 405
514 411
514 418
514 425
514 430
513 440
513 444
514 449
513 457
514 455
512 465
514 468
514 472
513 479
514 481
514 488
513 491
513 498
513 503
513 509
514 517
514 521
515 530
514 535
514 541
514 547
513 552
514 559
514 562
513 568
513 572
513 578
513 583
514 603
513 608
513 610
514 616
514 623
512 628
514 634
513 642
513 649
521 652
514 658
514 664
513 670
514 674
514 681
513 687
514 691
515 695
514 700
514 705
514 709
514 712
514 719
514 724
513 729
514 733
513 739
515 744
514 747
514 752
514 757
514 760
515 766
513 771
514 775
513 778
507 784
376 786
178 786
77 797
124 794
99 794
0 799
0 804
0 808
0 812
0 817
0 820
0 826
0 829
2 832
17 836
5 838
29 843
42 845
25 849
9 853
48 856
31 860
15 863
18 876
37 879
76 881
60 880
84 885
110 887
158 890
125 892
199 889
239 897
208 903
211 899
203 901
163 902
267 903
216 906
264 906
222 907
255 909
320 910
240 910
323 911
292 912
334 913
247 914
264 916
286 917
259 917
364 918
310 920
303 920
292 921
348 921
354 923
321 923
357 923
351 923
391 924
364 924
361 925
394 922
379 928
398 923
406 919
420 924
405 925
406 924
437 924
440 924
466 923
474 923
504 920
512 916
512 915
513 911
512 908
513 905
512 905
513 900
513 899
513 897
513 896
513 893
513 892
513 889
512 886
513 882
514 881
513 877
513 875
514 875
513 871
512 871
515 864
521 859
514 858
513 855
513 851
513 845
511 843
513 838
513 834
513 829
512 824
513 819
512 816
513 811
513 806
513 799
512 793
513 789
513 785
513 780
513 775
513 769
514 763
514 759
512 755
513 752
513 745
513 738
513 734
514 731
513 724
514 718
515 713
512 709
514 702
513 697
513 690
513 684
513 683
513 677
513 670
513 666
513 644
513 641
513 639
513 632
513 625
513 619
513 610
514 605
513 597
513 592
513 585
513 580
513 576
513 570
513 568
513 562
513 559
514 555
513 549
513 543
516 539
513 532
513 526
513 520
513 513
513 506
513 499
513 495
514 487
514 485
513 477
513 473
513 469
514 463
513 457
513 453
513 448
513 443
513 438
514 431
512 426
513 420
512 413
514 407
514 402
512 395
516 389
513 383
514 378
513 372
513 366
511 361
513 357
514 350
513 345
513 340
513 335
513 319
513 314
514 310
513 307
516 303
513 299
513 294
513 288
513 285
513 279
513 275
513 269
513 263
514 261
518 256
529 252
619 251
757 249
959 249
977 245
980 240
1023 238
1023 234
1023 229
1023 225
1023 222
1023 216
1023 212
1023 209
1010 205
1023 202
1010 198
965 194
1007 191
976 188
971 184
993 182
1003 177
998 173
980 170
997 168
986 163
993 162
956 157
884 154
940 152
994 149
915 149
822 145
790 144
812 141
846 140
811 139
802 138
817 136
741 131
725 130
752 130
708 129
785 129
672 127
789 127
666 126
772 123
752 123
738 123
710 120
784 121
736 118
733 118
673 117
738 116
733 113
716 117
643 113
760 112
597 113
650 112
739 113
588 113
586 112
645 112
643 112
660 113
617 112
592 114
565 113
541 114
544 115
522 115
523 118
515 121
516 122
514 127
515 129
515 131
516 133
514 134
515 136
514 136
515 137
514 140
514 142
513 143
513 147
514 148
514 152
514 154
513 157
513 159
514 163
514 165
513 177
514 178
514 181
514 185
514 186
514 191
514 196
514 199
513 205
514 208
515 214
513 218
512 224
514 228
512 234
514 239
514 245
515 251
512 254
514 260
516 264
513 269
531 283
513 279
511 284
514 289
513 294
513 299
514 303
514 309
514 315
513 321
513 326
514 335
514 337
514 342
514 348
514 353
514 358
514 363
513 368
514 372
513 379
513 382
513 387
514 395
514 400
514 407
513 414
513 420
513 429
514 432
515 442
514 447
514 452
513 458
515 460
513 478
513 481
513 484
513 489
513 493
514 501
514 505
514 512
513 519
513 526
514 530
512 538
513 543
514 549
514 555
514 560
514 564
513 570
513 574
513 580
514 585
514 589
514 595
513 600
514 605
512 612
514 615
514 624
514 629
513 636
514 643
517 644
514 653
514 660
513 666
511 671
514 675
512 681
514 688
514 692
513 696
514 701
514 709
513 710
514 714
513 718
514 725
514 729
513 734
515 739
513 744
514 749
514 753
513 757
516 762
514 767
514 771
334 785
188 785
139 785
132 794
107 795
4 796
0 800
0 804
0 809
0 812
0 817
0 821
0 825
0 829
0 831
12 836
3 838
27 843
37 845
61 850
58 853
0 856
0 860
61 863
20 866
43 870
0 873
19 876
91 880
140 882
104 884
62 888
132 894
221 887
194 877
232 894
174 897
191 899
177 899
235 901
239 903
201 905
304 905
284 907
245 907
251 909
298 910
256 912
293 913
296 913
272 915
270 915
277 916
304 918
280 918
302 920
348 921
308 921
325 922
286 922
351 921
397 923
355 927
395 925
425 923
412 922
466 922
401 923
419 923
455 923
463 920
461 922
447 922
510 920
513 919
505 918
510 914
511 911
512 907
512 907
513 905
513 903
512 901
513 900
513 899
512 898
513 897
513 894
512 893
514 890
512 888
513 885
514 880
513 879
513 877
513 873
512 871
512 868
520 869
512 863
516 858
515 855
514 852
513 848
513 844
513 840
511 836
513 830
512 824
513 823
513 818
513 812
514 807
513 803
513 798
513 792
513 786
513 781
514 763
512 759
513 757
513 753
514 748
512 743
515 739
513 734
513 728
513 723
514 716
515 711
513 707
513 699
513 698
513 688
513 684
513 678
514 673
513 672
513 664
513 659
513 654
513 648
513 642
513 637
513 630
513 622
512 616
513 609
513 603
513 595
513 589
514 584
513 577
511 575
513 570
512 567
513 561
512 557
513 554
513 547
513 541
514 536
513 531
513 525
513 517
513 511
514 504
513 498
513 492
512 487
514 482
513 476
513 471
513 467
513 462
511 442
513 439
513 435
513 430
512 424
513 418
513 412
513 406
513 400
513 394
513 388
510 382
513 376
513 371
513 365
512 360
513 354
511 349
513 344
513 338
513 335
512 330
509 326
515 322
513 317
512 312
513 307
513 301
511 297
513 293
511 288
513 285
513 278
513 274
513 268
515 264
515 259
520 255
586 254
708 252
859 251
974 248
980 244
980 239
1023 238
1023 235
1023 229
1023 224
1023 221
1023 215
1023 212
1023 209
1023 209
988 205
1000 198
994 183
1017 180
971 179
993 178
968 175
972 171
981 168
1018 165
966 161
936 158
937 156
904 153
939 150
870 148
828 147
847 146
789 145
839 141
802 140
804 136
852 137
788 134
771 135
808 133
775 131
749 130
734 129
750 131
760 128
770 127
753 125
727 123
762 122
731 121
758 119
780 119
721 118
700 117
708 116
723 115
699 116
712 114
629 115
661 114
656 113
647 112
639 114
591 114
647 114
620 114
617 116
563 114
630 114
576 112
619 116
544 116
554 115
548 127
513 128
515 130
516 132
515 132
513 134
514 136
514 137
512 138
515 141
512 141
515 144
515 144
514 148
514 154
513 149
514 154
514 158
514 161
514 165
512 166
514 168
511 173
514 176
513 180
513 181
514 186
513 188
514 194
514 198
514 203
513 207
516 213
514 216
514 221
514 227
514 231
513 236
512 237
514 250
514 252
514 256
512 261
513 267
512 272
502 277
513 281
514 286
515 291
514 297
514 301
513 305
514 313
514 316
514 321
514 327
514 333
513 354
513 357
513 362
514 365
514 369
514 375
515 379
513 384
514 390
514 396
514 403
514 409
514 416
514 423
514 429
514 436
514 443
514 448
513 454
514 458
512 465
509 468
514 472
512 477
514 481
513 485
513 490
514 497
514 500
513 509
514 513
514 521
514 527
514 533
514 541
514 546
514 551
514 556
514 561
514 565
512 571
514 576
515 581
514 587
513 591
513 598
514 602
514 608
514 615
514 620
514 627
514 633
511 639
513 643
516 653
514 655
512 662
514 683
514 687
515 689
513 694
514 699
514 703
513 708
513 712
514 717
514 722
513 731
513 731
512 736
513 740
516 746
513 750
515 754
513 759
513 764
514 773
513 773
512 783
502 781
401 782
226 784
58 784
58 792
89 795
0 797
0 802
0 805
0 810
0 814
0 818
0 823
0 827
0 831
0 833
0 836
31 841
0 841
2 848
79 850
11 854
24 857
11 861
0 865
27 867
26 872
55 874
63 878
40 880
107 883
150 886
149 890
133 890
171 893
216 894
180 896
233 897
265 899
246 905
205 906
213 907
268 906
251 909
313 909
291 912
234 912
263 913
314 913
317 915
223 916
275 917
319 919
295 919
315 920
303 921
302 922
339 923
351 921
349 923
350 924
374 923
381 923
377 924
396 924
407 927
425 926
393 926
401 925
440 918
430 923
308 925
414 924
461 923
483 923
498 921
513 918
512 915
511 912
512 909
512 907
513 905
513 904
513 903
513 899
511 900
513 898
511 897
513 893
514 891
513 890
513 888
513 884
513 881
513 879
512 877
512 865
515 860
514 858
516 861
511 856
513 852
513 848
513 844
513 840
513 836
513 830
512 825
512 821
514 817
513 812
513 805
513 801
513 796
511 790
513 785
513 779
513 774
513 771
514 768
513 759
513 754
512 751
513 748
513 742
513 735
513 731
513 726
512 720
513 714
511 707
513 703
513 698
513 692
513 687
513 682
513 677
512 672
513 669
513 660
512 655
513 653
512 644
513 640
512 635
513 624
512 621
513 613
514 606
510 599
513 592
513 588
514 581
512 563
513 560
513 557
513 554
512 550
