712 237
685 234
660 231
660 228
643 226
672 222
687 217
649 213
644 210
636 205
666 204
634 199
623 197
652 188
667 186
668 188
639 183
642 180
633 176
653 173
644 172
629 167
608 163
654 162
626 160
596 156
596 155
594 153
624 151
601 151
601 148
610 144
582 145
608 143
587 142
602 140
548 139
640 136
607 135
591 134
584 134
590 132
580 133
589 130
564 129
568 128
601 118
610 126
582 127
566 124
546 124
595 123
568 123
579 123
565 122
537 121
556 121
389 879
377 882
421 885
430 887
419 890
397 894
435 895
440 897
459 899
410 902
433 904
453 906
446 908
435 909
454 912
445 912
455 913
465 915
461 917
435 915
457 919
464 919
463 919
456 922
474 921
434 923
490 924
477 925
442 926
468 927
458 929
487 929
467 931
494 930
481 931
494 931
496 932
495 931
488 933
476 932
495 933
484 933
505 933
494 933
483 931
514 932
522 932
504 935
500 931
495 930
523 931
517 930
517 930
521 925
525 926
524 922
525 919
643 163
648 161
626 160
623 158
598 157
617 153
618 153
619 150
606 149
593 147
580 146
619 143
581 142
576 140
594 140
594 138
584 138
604 136
580 134
578 134
591 128
604 131
570 130
565 128
561 128
602 129
559 123
585 126
571 126
571 124
562 124
593 123
552 124
565 122
544 121
595 121
574 122
536 122
552 122
567 123
554 121
546 122
543 122
546 125
562 122
549 123
554 125
517 123
527 124
525 128
525 128
524 129
525 134
525 136
525 135
524 138
525 139
523 373
525 376
524 380
525 383
524 390
522 395
524 400
524 408
527 413
523 420
522 429
525 435
524 441
524 450
524 454
529 459
521 466
527 467
524 473
524 476
524 480
522 485
525 489
524 494
524 500
524 506
525 513
524 518
521 526
522 532
525 539
524 546
524 551
523 558
525 562
523 567
524 571
524 578
524 581
525 587
524 591
524 597
524 602
523 609
525 614
523 621
523 626
525 633
524 639
525 645
524 652
525 657
523 664
525 668
524 675
525 680
524 686
524 767
522 771
524 775
524 779
523 783
522 788
522 790
290 792
314 798
370 802
389 807
343 811
346 817
389 822
379 824
387 828
381 832
367 837
393 841
393 844
413 847
413 851
388 854
426 858
420 861
381 863
418 867
406 870
407 872
392 876
378 880
418 884
393 887
422 890
418 892
418 895
456 898
423 900
441 901
436 902
433 904
470 906
450 907
442 910
414 911
477 912
445 914
467 915
454 920
459 917
477 919
480 920
460 920
443 923
462 922
472 925
467 932
494 932
506 933
524 933
477 932
511 933
471 931
516 932
478 931
524 929
513 931
528 927
519 927
522 923
524 922
524 921
524 916
524 917
523 914
525 914
526 913
525 914
526 910
524 910
524 906
524 904
525 902
524 900
524 898
524 895
524 894
524 888
524 886
525 884
524 879
523 879
524 876
525 873
525 870
522 867
524 863
527 859
524 857
524 851
525 847
525 841
524 836
525 829
525 826
524 821
524 819
525 811
524 808
524 800
524 796
524 795
525 788
524 695
526 691
524 686
525 684
523 681
526 674
524 670
525 663
525 659
524 652
527 645
525 640
524 629
525 626
524 619
528 610
524 606
525 596
523 593
524 589
526 582
523 580
524 575
525 572
524 568
525 562
526 557
524 554
525 548
525 539
526 533
524 527
523 519
525 511
525 506
524 500
524 494
529 490
524 484
524 479
525 476
525 471
527 464
524 460
525 454
524 450
524 442
524 438
526 430
525 425
525 417
523 412
525 406
524 401
523 394
525 388
524 383
524 328
523 326
525 321
523 320
524 311
525 311
526 302
526 297
523 295
525 288
525 286
525 283
526 277
528 272
523 269
527 263
531 258
685 262
782 257
727 251
688 245
706 241
687 237
660 231
645 229
663 225
669 220
669 216
637 213
677 209
645 208
621 202
638 200
637 197
657 192
636 191
641 182
648 187
672 180
648 176
643 173
628 170
654 166
658 163
622 161
605 159
609 155
612 154
623 153
598 151
618 149
563 149
611 146
603 145
613 143
586 144
570 140
609 122
549 122
563 120
561 122
562 122
575 121
521 121
580 121
556 122
550 121
566 121
530 120
538 123
568 122
539 123
545 124
526 124
529 125
523 128
525 129
525 133
526 134
525 137
527 137
524 138
527 139
524 142
520 143
529 140
532 144
527 150
524 150
525 151
525 155
524 156
525 159
525 161
524 165
527 172
526 172
523 170
525 176
524 178
524 182
524 184
523 188
524 192
524 195
525 199
525 204
524 207
523 214
525 218
525 225
525 228
524 235
525 241
524 328
525 331
524 336
524 340
523 347
524 352
523 356
524 364
524 368
524 372
524 377
525 382
525 386
523 392
523 398
523 406
525 410
525 418
528 425
524 431
519 441
524 441
526 454
523 456
527 463
523 468
525 468
524 476
524 477
524 484
524 487
524 491
522 498
524 501
524 509
525 517
525 523
523 530
525 534
519 544
524 546
523 557
527 559
524 566
523 572
524 572
522 579
525 583
522 590
525 595
522 601
526 605
523 612
526 618
524 624
524 632
523 638
439 789
297 792
333 796
355 801
396 806
347 811
351 815
412 819
404 824
359 827
385 830
376 836
395 840
385 842
389 847
381 850
408 850
408 857
404 859
400 863
405 865
407 869
417 873
389 875
407 879
413 883
434 886
392 889
407 893
429 894
438 897
458 899
432 901
430 903
454 904
476 906
436 907
442 909
437 912
461 911
476 916
452 915
452 916
462 916
490 926
467 920
431 922
470 922
455 925
493 926
463 926
465 927
429 927
485 929
498 929
477 929
473 930
455 931
474 931
469 932
486 932
504 932
497 928
505 932
462 932
522 932
489 932
524 931
478 931
496 932
508 932
516 930
521 931
511 929
521 926
524 925
523 923
525 919
523 920
525 915
524 916
525 915
524 914
523 911
523 913
523 909
522 908
524 904
524 904
524 901
526 898
524 896
525 893
525 890
524 888
525 886
523 881
525 881
525 880
524 876
524 871
523 869
519 863
524 861
522 858
524 851
524 847
525 843
524 839
524 836
524 828
523 825
524 818
525 813
524 785
523 781
525 771
525 768
525 765
525 760
524 755
525 749
525 745
524 740
526 733
524 728
527 723
525 715
524 711
524 705
524 702
524 695
525 691
524 688
524 681
524 676
524 672
524 666
525 661
524 654
524 648
524 639
525 635
526 625
522 621
523 614
528 605
522 601
524 595
525 589
524 587
526 581
525 578
523 575
525 569
523 564
524 560
526 553
526 550
528 541
523 535
524 528
522 521
526 514
524 509
524 503
524 497
524 492
527 492
525 482
524 479
523 443
523 438
525 435
528 427
524 421
527 414
524 408
524 403
525 397
526 392
524 386
524 380
526 374
523 369
527 363
525 358
525 352
524 347
525 342
525 338
526 333
525 329
525 323
524 320
525 313
525 311
524 304
524 299
525 296
525 293
525 287
524 284
524 280
525 276
525 270
527 266
529 262
533 256
841 258
738 253
763 246
697 241
663 240
662 234
645 230
678 226
673 223
649 218
640 215
675 211
646 207
628 203
615 200
664 197
661 193
638 191
622 163
640 161
619 159
617 157
616 155
619 153
593 151
605 149
589 147
622 146
586 145
585 143
580 142
611 140
615 140
557 137
596 136
574 134
594 134
594 133
584 131
574 131
568 129
611 129
575 127
575 128
561 125
591 119
567 127
576 123
562 123
545 122
576 121
573 120
583 122
561 122
555 121
544 122
565 121
561 120
530 121
551 120
559 122
549 121
566 122
520 122
542 122
519 123
531 125
524 128
526 128
525 131
525 134
524 135
524 141
525 138
524 138
524 151
525 153
525 154
526 157
524 159
524 160
525 163
524 167
524 169
525 172
524 174
521 177
524 182
527 182
526 188
524 191
525 194
523 199
526 200
524 210
523 212
525 218
524 223
524 229
524 234
525 239
524 242
525 246
524 253
524 257
525 261
544 278
524 267
529 281
522 278
529 286
522 290
532 298
524 304
525 305
525 310
525 318
525 323
525 326
524 333
524 339
525 343
525 348
524 356
525 360
524 363
525 371
524 374
525 378
524 385
525 389
523 394
526 480
521 482
523 485
523 488
522 496
524 500
523 507
524 512
522 521
526 524
522 534
526 537
524 549
527 550
524 559
526 561
524 569
525 572
524 577
525 582
525 586
524 593
526 597
522 604
524 607
525 617
524 619
522 629
525 632
520 641
523 645
523 652
523 657
523 661
524 669
525 674
524 681
525 686
524 692
525 697
523 702
523 708
525 711
523 717
525 722
525 726
524 731
526 736
522 743
523 746
524 751
524 755
524 759
525 763
523 766
527 772
524 776
525 833
371 837
389 838
367 841
396 844
398 848
397 852
391 855
400 858
400 861
416 864
396 868
423 871
404 874
406 877
414 882
411 885
403 888
442 890
405 893
431 896
411 898
424 900
458 902
459 902
463 907
428 908
435 909
448 910
486 913
463 915
442 914
452 916
463 918
465 917
471 919
458 920
444 923
484 923
484 925
442 925
482 925
458 927
479 925
456 928
490 927
482 929
471 930
489 930
489 931
463 934
490 932
491 932
499 933
485 932
495 932
476 932
485 915
482 914
460 918
434 917
456 918
476 919
467 922
468 922
474 925
461 927
476 925
492 929
451 928
472 929
472 929
491 928
505 931
465 931
466 932
505 930
470 932
487 933
498 933
469 932
504 932
504 934
498 931
511 933
467 933
527 932
485 932
521 931
496 932
516 930
523 930
501 927
520 927
520 923
524 918
523 920
524 914
524 916
524 915
525 914
524 912
525 910
524 910
524 908
523 908
524 903
526 902
522 898
526 897
522 893
524 890
524 888
524 884
525 752
524 748
523 744
522 736
524 731
524 729
524 722
526 714
526 708
524 708
526 697
524 695
524 692
525 685
523 686
524 674
524 669
524 665
531 657
522 653
524 646
528 638
524 635
523 623
524 619
525 610
524 606
526 602
525 594
524 590
525 585
525 582
525 575
525 573
525 567
522 564
524 559
526 552
524 550
527 539
524 534
524 527
523 519
523 514
526 505
523 501
528 496
523 492
524 485
520 482
524 476
524 473
524 467
522 463
524 456
521 452
524 444
527 264
527 262
531 258
776 258
798 252
726 247
668 243
678 238
684 234
685 230
658 226
651 221
704 217
673 213
638 210
646 207
621 202
645 200
638 197
626 194
652 190
650 188
632 184
645 180
631 178
680 173
651 170
614 167
633 164
622 160
655 159
614 157
604 154
604 152
581 149
635 149
619 146
579 145
587 144
582 142
611 139
577 139
611 138
580 137
614 137
590 135
567 133
573 133
585 131
597 130
605 129
582 126
560 128
574 125
599 126
568 126
562 127
566 122
542 122
526 121
543 123
528 126
525 126
525 129
524 131
525 133
524 136
523 136
525 139
523 139
524 141
524 142
528 144
522 144
515 143
523 147
528 152
521 153
524 157
524 159
524 161
528 164
524 168
523 170
524 170
524 176
524 177
524 182
525 184
524 188
524 189
525 195
525 198
524 202
525 208
524 212
524 218
524 224
526 228
526 233
523 237
525 243
525 247
524 253
525 258
524 260
524 263
529 269
525 275
534 285
524 302
534 286
521 301
524 303
524 388
523 390
525 397
524 403
523 409
524 417
522 422
524 430
525 435
524 442
524 448
523 454
525 459
531 460
522 438
526 473
524 477
525 482
524 484
525 490
522 497
524 501
521 509
525 510
525 522
524 524
524 535
524 539
524 547
522 554
523 557
522 564
525 565
522 575
524 577
520 584
524 586
524 593
525 597
522 605
524 610
525 617
526 622
524 629
525 634
523 641
523 646
523 652
524 659
524 664
522 670
524 676
524 681
524 688
524 692
523 698
524 756
525 758
524 761
522 765
524 767
525 773
524 777
520 781
523 784
521 790
318 790
332 796
324 800
384 804
398 809
381 814
375 817
391 821
393 825
404 829
374 833
361 837
394 842
416 845
390 848
393 850
396 854
433 859
404 862
376 866
419 868
414 869
399 874
391 878
386 882
407 884
424 889
416 891
408 894
413 896
458 897
443 900
454 902
435 903
442 905
482 907
462 910
432 910
419 912
440 913
475 916
474 915
464 918
437 917
492 919
469 919
459 922
439 933
515 932
493 933
471 932
504 933
490 932
498 932
505 930
472 931
513 932
469 930
538 929
514 928
518 924
523 925
526 920
522 918
524 918
524 916
522 916
525 910
524 913
525 911
525 909
524 907
524 907
524 904
524 902
523 899
524 896
522 894
523 891
525 887
524 885
524 883
527 880
525 878
524 874
524 872
525 868
524 865
526 860
525 857
525 853
525 848
525 844
525 840
523 835
524 826
524 826
525 819
522 813
522 810
525 804
523 800
523 794
524 790
524 692
523 689
524 686
525 682
523 698
524 671
523 668
524 660
530 655
524 650
526 641
522 636
524 630
528 621
524 615
523 609
525 602
526 597
524 592
526 586
523 584
524 578
525 575
524 570
525 563
521 563
524 554
525 551
525 545
525 537
524 531
527 525
524 518
525 511
525 505
524 500
526 493
524 489
527 481
524 480
526 473
524 469
525 465
525 459
524 453
525 446
526 441
527 436
525 430
525 425
525 416
523 409
526 405
527 399
524 394
525 388
523 383
523 290
523 287
525 283
526 279
524 276
526 271
528 267
526 264
529 259
681 260
791 254
736 250
716 244
652 240
687 235
683 231
635 227
670 223
682 218
657 215
641 211
658 208
645 204
655 203
618 197
638 194
654 190
649 189
639 185
640 181
640 178
663 173
638 174
645 168
614 164
652 163
650 160
603 157
632 155
591 152
611 152
593 148
595 148
586 147
610 145
611 143
617 142
577 141
588 141
586 138
608 136
585 136
572 134
573 133
600 131
581 130
578 129
556 126
576 139
554 123
578 125
563 116
583 123
547 122
571 122
542 122
559 122
585 122
573 122
563 121
542 122
542 120
571 121
522 121
551 120
535 122
572 121
571 123
532 124
528 125
524 123
526 128
524 126
524 132
526 132
523 136
525 136
524 138
525 134
524 140
526 140
525 142
532 144
521 142
524 146
522 152
520 152
524 155
525 158
524 160
524 163
523 165
524 169
524 171
524 173
524 175
523 181
525 181
524 186
524 191
524 192
524 197
524 200
524 204
524 238
522 240
524 245
524 251
524 255
524 260
524 266
509 272
515 273
523 288
528 285
527 304
523 295
526 306
523 305
525 309
524 315
525 321
524 325
524 331
524 337
524 342
524 347
525 354
524 359
525 364
524 372
524 373
524 377
522 383
525 388
523 394
522 400
524 405
524 413
524 421
524 427
524 433
524 440
522 447
524 452
523 459
525 461
524 467
525 471
525 476
524 478
522 485
524 488
522 495
525 498
524 506
525 511
525 519
522 524
525 529
521 539
525 579
525 583
526 585
524 590
522 596
525 602
522 607
525 612
522 621
524 624
521 632
525 637
524 644
523 649
523 656
526 662
522 666
525 672
522 678
524 685
524 690
524 696
525 701
524 705
523 710
525 716
523 720
524 724
523 730
525 734
525 739
524 744
524 745
524 752
524 757
525 762
524 765
523 769
525 773
523 778
523 783
525 786
521 791
251 793
294 795
359 803
398 807
386 811
363 815
398 818
414 823
393 827
380 830
391 836
399 840
386 843
389 847
414 868
415 870
428 874
380 878
393 881
407 884
446 887
402 890
390 893
428 895
443 896
441 898
434 901
435 903
455 905
458 906
458 908
448 907
459 911
452 911
476 913
430 915
425 916
469 918
475 918
481 919
449 920
457 924
482 920
473 923
481 926
443 927
473 927
461 928
494 931
512 930
454 931
483 932
502 932
486 932
493 932
446 932
505 932
523 933
477 932
527 933
478 932
501 932
515 933
491 932
504 933
473 932
518 932
499 931
516 934
514 929
522 927
525 915
524 914
523 914
524 912
525 911
524 911
524 908
524 905
524 902
525 902
523 898
523 895
525 888
524 889
524 886
524 883
525 882
523 880
524 876
524 873
524 869
523 865
524 864
524 859
527 855
525 851
524 848
523 842
525 835
526 833
524 826
524 821
523 816
524 809
525 806
525 801
524 799
524 792
524 788
526 782
524 778
523 772
526 767
525 763
523 756
524 753
524 745
523 742
524 739
522 734
524 724
525 721
523 716
523 709
524 705
523 699
525 607
523 601
524 596
525 593
526 586
524 586
523 579
522 576
523 572
523 568
525 565
525 557
523 552
525 545
524 540
526 532
524 527
526 520
524 514
528 506
524 499
524 495
523 490
525 485
530 483
524 478
525 469
524 466
527 462
524 455
526 449
524 445
524 436
524 432
526 425
525 420
524 414
524 407
525 401
526 396
522 389
526 384
524 379
524 373
525 368
524 361
523 359
524 351
525 343
524 341
526 335
523 332
525 328
526 321
526 318
525 312
524 308
524 256
757 251
707 249
708 246
668 243
670 238
657 234
667 229
694 225
664 222
634 217
656 213
667 209
653 205
635 202
629 199
666 197
646 195
627 190
635 187
662 183
654 176
644 171
645 168
632 170
654 166
658 164
608 161
600 156
608 156
630 154
630 153
597 148
573 150
588 148
620 145
606 144
582 143
577 141
594 139
592 137
600 136
569 137
586 134
603 135
598 135
592 132
551 130
562 129
594 128
562 127
585 127
576 125
599 129
554 126
583 110
568 121
573 122
555 125
540 123
538 124
531 130
523 127
526 129
524 133
525 133
524 136
525 137
523 141
525 137
524 141
524 142
526 144
524 145
520 150
523 150
525 155
521 153
524 156
524 159
525 161
524 164
523 167
524 169
525 172
525 175
524 177
526 180
524 182
524 186
525 191
524 194
527 198
524 203
523 209
524 213
525 218
525 222
525 230
525 235
524 239
525 245
525 248
525 253
525 259
525 263
524 266
535 253
529 278
526 284
522 291
522 292
524 296
519 298
524 346
524 349
524 353
526 357
524 360
525 365
526 373
524 376
524 382
524 387
523 393
524 399
525 404
523 411
524 417
524 422
524 431
526 437
522 447
525 448
524 457
524 460
525 464
523 474
538 460
524 479
526 482
526 486
523 492
525 495
525 503
524 510
525 514
522 523
525 527
520 537
524 540
524 550
528 552
523 560
524 563
524 571
525 572
525 580
523 585
524 588
523 594
521 599
524 606
523 611
524 617
522 624
524 629
526 635
524 640
523 648
524 653
523 738
522 741
525 744
522 747
524 751
525 756
522 760
524 763
523 768
524 771
524 778
521 781
523 785
522 787
295 790
339 796
348 801
371 806
377 809
386 813
411 818
361 821
384 825
368 830
404 833
373 837
379 841
403 846
411 849
408 852
404 855
401 858
399 861
416 866
392 867
397 872
388 875
399 878
406 883
411 886
413 888
444 891
411 894
423 896
415 898
464 900
453 902
445 904
441 905
442 907
430 907
456 912
464 913
448 916
434 915
475 916
466 917
501 931
505 932
499 932
510 930
499 933
458 933
510 933
502 933
497 932
508 932
471 932
501 932
483 932
514 931
515 931
472 932
518 928
501 928
518 924
520 924
524 918
525 919
524 914
525 916
524 914
524 913
521 914
523 910
524 911
524 908
524 904
525 902
525 902
525 899
524 895
526 894
525 892
523 888
524 884
524 882
524 880
524 877
524 874
524 871
522 868
524 864
524 861
523 856
524 852
524 850
524 846
525 838
528 834
524 827
523 825
523 820
524 812
524 733
523 727
524 723
525 718
525 712
524 707
521 702
525 696
524 691
522 685
524 682
524 677
527 671
524 667
523 658
525 655
525 649
527 639
523 637
524 628
526 620
521 616
523 607
524 600
524 597
524 592
524 586
523 583
525 576
523 575
525 569
525 565
525 562
525 554
524 547
525 543
525 537
524 530
527 521
525 516
527 510
522 504
527 496
525 493
523 486
525 482
524 479
522 474
524 466
523 464
525 460
526 452
526 444
524 439
527 434
523 428
526 422
524 357
525 354
528 349
525 345
523 339
526 333
523 331
524 324
524 319
528 314
525 309
523 307
525 302
524 299
531 298
525 289
524 285
525 280
525 276
524 271
527 266
529 263
529 260
730 261
807 254
752 249
704 244
639 240
656 235
681 231
689 227
643 223
655 219
681 215
667 211
650 209
634 206
648 201
675 198
633 195
622 192
643 188
657 186
648 182
654 197
627 183
648 176
667 169
652 166
621 163
590 160
639 158
585 156
608 149
615 152
626 151
602 150
587 125
595 125
582 123
557 115
555 122
588 125
584 123
542 122
575 122
549 122
556 121
571 125
543 121
555 121
550 121
567 121
559 122
555 121
524 122
552 121
545 123
543 123
530 127
526 124
526 131
525 132
526 134
522 136
527 136
525 139
524 140
525 141
525 141
524 143
524 143
525 152
523 148
528 152
530 146
522 159
524 157
525 161
523 163
524 166
524 169
524 172
525 174
525 179
526 179
524 183
526 187
523 191
525 193
524 198
525 201
524 207
524 296
526 304
520 307
525 311
525 315
524 322
524 326
525 331
524 337
525 343
524 347
525 354
524 359
525 363
524 369
524 374
525 378
525 384
524 387
523 393
524 400
524 408
525 413
522 424
525 426
524 436
523 443
524 447
522 454
523 458
525 463
521 467
525 473
523 478
525 479
525 483
523 490
524 493
525 500
525 505
525 513
523 520
524 523
518 534
524 536
520 547
526 548
525 557
526 561
524 569
523 571
524 576
521 582
525 586
521 592
526 596
520 602
524 768
524 772
523 776
525 779
524 782
520 787
518 789
312 791
328 797
310 803
389 807
391 811
386 815
378 819
402 823
375 827
382 832
382 835
366 834
405 843
409 847
391 849
390 853
415 856
411 859
417 863
390 865
402 870
401 873
429 877
382 880
407 883
413 887
418 890
412 893
413 894
430 896
435 899
441 901
440 903
433 904
485 906
436 908
447 908
429 911
430 912
489 914
463 914
494 914
451 913
469 919
463 919
470 921
441 918
448 918
480 923
487 924
478 929
445 927
459 931
471 929
464 930
484 930
498 931
489 931
492 931
478 932
482 932
509 932
492 932
506 934
483 933
476 932
520 932
491 932
519 931
481 934
520 929
517 930
515 933
524 928
521 923
524 922
524 921
525 917
524 917
525 914
523 915
524 912
524 912
525 910
524 910
524 907
523 903
524 904
525 900
524 897
525 893
525 892
524 889
525 888
524 886
524 882
524 879
523 876
525 872
524 870
524 870
523 863
523 862
524 854
524 850
523 846
524 844
525 796
525 795
525 795
524 788
523 785
524 779
524 772
524 769
525 763
524 757
524 750
523 747
524 743
525 736
524 731
526 727
524 721
524 716
524 711
523 704
524 698
525 693
525 689
526 685
524 678
525 674
532 669
524 664
524 659
525 653
523 646
525 640
527 632
525 626
524 617
528 611
525 607
526 598
522 594
524 588
524 582
526 581
524 575
524 572
525 567
