525 430
527 425
526 421
524 417
527 409
525 402
521 398
525 396
525 385
525 380
525 374
525 369
525 363
524 352
527 352
520 338
523 340
522 339
526 332
525 328
524 323
527 317
525 314
524 308
524 303
523 301
524 296
527 291
523 288
524 283
525 277
523 275
524 271
526 264
524 260
525 256
525 252
525 248
524 245
526 240
524 238
525 232
524 228
524 225
526 222
526 216
526 215
525 209
526 206
524 202
524 199
525 196
524 193
524 190
525 186
524 182
524 180
523 869
524 871
521 875
524 879
524 882
523 887
524 889
522 892
524 896
526 896
524 898
523 899
523 902
525 903
525 905
524 907
524 907
523 909
524 911
524 911
524 912
524 916
524 917
528 915
525 920
525 919
523 922
525 922
525 923
525 925
525 926
523 927
524 927
523 929
524 930
524 930
524 926
525 929
523 930
524 932
524 932
525 932
521 934
523 933
524 932
524 932
524 933
523 933
523 932
524 931
524 931
524 930
524 934
523 929
523 929
524 928
522 925
526 493
523 497
521 506
524 509
523 518
519 523
524 530
523 536
524 542
520 551
524 553
524 563
525 564
521 571
524 574
524 581
524 585
523 591
519 595
523 600
521 606
526 613
522 618
524 624
524 631
521 637
523 643
523 650
524 653
522 667
525 666
521 673
524 678
522 684
524 689
523 697
525 700
524 705
524 711
523 714
523 720
524 724
524 732
522 735
525 739
524 745
523 749
524 753
523 758
524 761
524 766
523 771
523 774
521 780
526 783
522 787
521 794
525 894
525 896
525 898
524 900
523 901
523 903
524 904
524 906
525 907
524 909
524 910
524 912
524 914
524 914
525 915
525 916
525 918
522 921
523 922
522 922
522 923
523 923
524 925
523 927
523 927
523 928
524 929
524 930
525 928
525 931
524 930
523 928
524 932
524 933
525 931
524 933
525 932
524 933
526 932
524 933
525 932
524 932
524 932
526 932
524 930
525 932
525 929
524 930
527 928
525 926
523 924
522 920
523 918
523 918
524 916
524 911
524 914
528 875
524 872
524 869
524 866
525 863
524 859
525 855
525 850
524 846
523 841
524 837
524 832
524 824
526 821
527 815
521 813
524 807
525 802
524 796
526 791
524 788
524 785
524 777
529 772
525 765
523 763
523 758
522 754
524 747
524 743
524 738
525 732
525 726
524 722
522 709
495 710
523 706
524 701
524 694
525 690
523 684
524 680
527 675
524 669
526 664
525 659
524 654
528 645
524 641
524 634
527 626
528 618
521 613
526 606
524 601
525 594
526 518
524 514
522 508
528 503
524 498
527 491
523 487
520 481
523 478
521 473
527 468
525 462
523 456
523 452
523 445
525 439
525 433
526 427
525 422
523 415
523 410
525 401
526 397
519 389
523 386
522 379
523 373
524 367
527 361
523 356
517 346
522 336
516 340
525 336
524 332
524 328
525 322
522 318
526 312
524 308
524 304
525 298
524 294
524 290
527 286
525 282
522 279
524 273
526 267
525 264
524 259
524 255
525 251
521 249
525 243
526 240
523 235
525 142
523 141
525 139
524 138
524 139
524 135
525 135
526 133
524 133
523 133
529 133
530 131
531 130
524 127
525 126
524 125
524 125
525 123
524 123
524 122
524 121
523 123
523 122
523 123
523 122
523 121
523 121
524 122
525 122
524 122
525 121
524 122
524 122
524 121
524 122
524 123
524 124
524 126
524 126
524 128
525 131
523 132
526 135
521 146
526 135
521 139
526 137
526 138
527 147
525 143
523 148
524 147
524 151
524 153
524 155
525 157
523 160
523 295
522 299
524 301
524 306
522 311
523 316
525 320
523 327
523 333
524 338
524 344
523 349
523 354
523 359
523 364
524 368
524 372
522 379
525 383
523 390
525 394
524 402
524 408
524 413
522 423
527 426
524 435
522 442
523 446
519 455
524 457
525 463
524 468
524 472
525 477
526 479
527 485
522 488
524 493
524 499
523 505
524 511
523 519
525 524
519 532
527 534
521 545
524 547
525 556
526 561
524 567
522 571
524 576
524 580
524 585
523 590
522 596
524 706
523 709
523 711
522 716
525 719
522 725
523 730
523 735
524 740
522 745
525 749
523 753
522 758
524 762
524 766
523 769
522 775
522 778
521 782
522 787
522 790
524 794
522 798
525 805
521 809
524 814
523 815
523 820
525 824
524 828
523 836
523 836
524 841
524 842
526 848
522 852
523 853
524 858
524 861
522 864
518 867
524 871
524 875
525 878
523 880
524 885
525 889
526 890
524 894
523 896
523 898
524 901
524 901
525 904
525 904
523 907
522 910
524 930
524 931
525 928
524 932
524 933
524 933
524 932
524 933
524 932
524 932
524 933
525 919
523 934
525 930
524 934
524 941
524 931
524 930
524 929
524 931
524 925
524 928
523 924
523 924
524 919
524 918
524 916
524 916
523 915
525 912
523 912
524 911
524 909
523 908
523 905
524 903
523 899
525 896
524 894
524 893
524 889
524 887
524 883
523 881
523 878
519 875
533 873
524 868
524 866
525 861
524 859
525 861
525 851
523 847
525 841
524 837
524 830
524 675
525 673
523 670
526 663
525 658
526 652
526 645
524 641
523 632
528 623
520 619
524 608
526 603
524 602
525 591
522 591
524 584
524 582
524 578
526 572
524 566
525 563
527 556
524 554
526 546
524 540
523 535
526 528
520 516
527 517
524 509
524 500
524 495
524 490
527 486
524 481
527 476
524 473
523 466
523 462
523 457
525 451
524 446
523 438
523 432
524 426
523 420
526 415
524 407
527 402
524 396
527 391
523 386
526 378
524 375
525 367
522 363
527 343
530 346
516 333
525 331
524 326
523 322
523 317
525 312
523 309
525 302
524 298
525 295
526 289
523 287
525 282
526 276
523 273
526 266
524 264
525 260
524 256
525 251
525 247
521 247
525 240
525 236
522 233
524 228
524 223
525 220
525 217
525 211
527 204
528 208
523 190
522 197
524 194
523 194
524 189
524 185
524 181
525 178
525 175
524 171
524 168
525 166
526 163
525 160
524 157
524 156
524 154
523 152
525 150
525 149
524 147
522 145
524 144
525 133
524 127
526 131
522 128
522 123
523 125
519 128
522 127
524 126
524 124
525 124
525 124
524 122
524 122
524 122
524 122
524 121
523 122
525 121
523 122
524 120
523 121
524 118
524 121
525 121
524 122
524 120
524 122
524 121
524 122
523 125
525 125
525 126
523 131
525 131
525 133
525 133
536 141
521 134
528 137
521 143
535 141
521 145
523 144
525 147
524 149
524 153
525 154
524 156
524 157
524 162
525 165
524 166
526 170
524 172
523 176
524 177
524 207
522 211
524 214
524 217
525 224
525 229
524 235
527 239
524 246
518 251
525 255
525 258
523 263
525 266
524 273
523 278
524 283
523 288
523 294
524 299
524 303
525 307
522 314
523 320
522 325
523 330
526 335
524 340
523 346
523 352
524 357
526 362
524 367
523 373
525 377
524 383
522 386
523 392
523 399
525 404
523 410
524 419
524 428
524 432
522 440
526 442
524 452
524 456
524 457
519 467
524 468
524 475
523 477
524 481
524 488
524 490
525 542
527 546
525 550
522 553
527 558
524 565
523 568
520 575
525 575
517 582
525 586
522 594
524 600
524 604
524 611
520 616
524 622
524 629
525 634
524 641
525 646
523 654
526 658
524 665
528 669
525 677
522 683
524 688
524 693
525 698
522 704
526 708
524 714
524 718
524 723
522 728
523 733
524 737
525 743
521 748
525 752
523 757
523 762
524 763
523 769
520 773
524 776
524 783
521 785
522 788
522 794
522 797
528 804
520 805
524 812
522 816
524 819
523 851
524 857
524 865
524 860
523 863
524 867
524 869
523 873
524 877
523 880
525 883
525 885
524 889
523 892
524 893
523 897
524 898
523 901
521 902
525 903
524 907
525 906
524 908
525 910
524 912
525 913
524 914
523 916
523 918
523 919
524 920
525 920
524 923
523 925
524 925
524 925
522 928
524 928
525 929
524 928
524 929
523 930
524 930
524 930
524 933
524 931
523 932
523 933
524 931
524 934
525 932
523 933
524 940
524 931
523 932
524 930
524 931
524 912
524 909
525 909
524 910
524 905
524 904
524 901
524 899
523 895
524 893
526 890
525 888
522 886
524 882
521 881
523 877
524 875
538 870
524 868
522 864
525 861
524 857
524 853
522 848
524 842
523 841
523 834
524 828
524 823
525 817
524 813
524 810
524 805
524 800
524 793
527 789
524 784
523 775
527 773
524 771
524 765
524 759
526 756
525 749
525 744
524 740
523 735
525 728
524 724
524 717
526 710
525 706
525 704
525 696
525 690
523 688
526 681
527 596
521 591
524 587
525 582
524 579
525 574
523 569
526 565
527 559
526 556
524 549
525 543
523 537
525 530
522 523
536 514
529 513
526 502
523 499
525 492
524 488
524 482
526 478
522 475
526 467
523 465
527 457
525 453
526 447
524 441
523 435
526 429
524 424
532 415
521 412
528 403
524 401
529 392
523 389
527 380
523 377
523 368
524 365
524 359
524 354
524 349
525 344
540 335
532 339
527 328
524 325
527 320
524 315
524 310
526 304
525 301
524 297
525 236
524 233
524 229
526 223
525 221
524 219
525 212
525 210
532 207
525 204
529 201
525 199
524 193
525 191
523 189
523 184
525 179
526 176
524 176
525 170
524 167
524 165
524 164
524 160
523 159
523 156
525 153
525 151
524 149
525 149
524 147
524 145
526 144
524 143
525 140
524 139
524 137
526 137
524 135
524 133
525 133
525 142
523 127
521 136
524 128
524 125
528 125
524 126
525 125
523 124
525 124
524 124
523 123
525 125
523 122
524 122
524 121
524 123
523 124
525 123
523 126
525 123
524 128
524 127
522 131
524 133
524 134
522 137
523 138
524 144
521 142
525 155
529 138
527 152
524 145
524 150
524 151
524 153
524 156
523 158
524 162
524 164
527 167
523 168
525 171
524 174
524 176
524 179
524 184
526 187
524 188
525 193
528 196
523 201
524 206
524 211
524 216
525 221
523 226
525 231
523 237
523 242
525 247
531 249
523 255
521 260
524 264
524 270
523 275
525 280
524 284
523 291
524 298
522 302
524 389
523 396
527 399
524 408
524 415
523 421
519 430
524 434
523 443
522 448
525 453
524 459
523 464
521 468
524 471
521 477
524 480
519 486
524 488
524 494
523 500
524 503
519 513
523 516
517 529
520 530
523 539
524 545
522 551
525 557
526 562
522 570
525 570
524 578
528 579
524 589
525 590
521 597
525 601
524 611
524 614
523 621
523 626
525 632
522 639
523 646
525 651
524 659
526 662
524 669
527 675
522 682
526 685
522 692
526 696
522 703
526 707
522 782
522 787
526 789
525 794
523 798
524 802
525 804
523 809
526 815
525 818
524 823
523 823
525 830
525 837
524 840
525 845
523 847
525 850
524 853
521 856
524 859
524 862
523 866
523 869
523 874
525 876
524 879
525 882
524 885
523 888
523 891
524 894
524 895
523 897
523 899
524 902
524 903
525 905
524 908
523 908
524 909
525 912
525 912
525 913
525 917
526 917
523 919
526 919
522 920
524 921
524 922
525 925
524 923
525 926
523 926
523 927
524 930
525 934
524 932
524 932
524 932
524 930
524 933
524 929
525 927
524 923
525 923
524 921
524 918
524 917
525 916
524 916
525 913
524 913
523 909
524 910
524 905
523 907
525 902
524 899
525 897
524 895
523 893
522 889
524 888
525 885
523 882
525 880
523 876
525 873
522 870
524 868
526 862
526 860
524 854
524 851
524 844
524 842
523 833
524 830
525 825
524 821
525 815
526 810
523 806
524 801
523 797
525 792
526 788
526 781
526 776
526 772
524 767
523 684
525 701
525 697
524 693
525 685
526 682
524 676
524 673
524 667
525 662
524 657
528 650
524 645
525 638
532 629
525 624
524 616
525 609
524 605
527 596
523 593
524 588
526 583
524 580
524 578
523 571
523 567
523 562
525 557
524 553
528 543
523 540
530 529
521 528
525 511
521 514
531 506
523 501
524 495
526 489
520 484
525 480
522 476
524 469
522 466
524 460
523 455
527 448
528 443
525 434
526 431
524 429
523 419
525 412
527 408
524 402
524 395
525 299
526 296
527 293
526 289
526 285
525 282
525 276
520 272
524 272
525 263
526 262
523 256
524 253
525 247
526 244
524 238
525 234
526 230
525 225
524 223
525 219
524 214
524 210
524 203
520 202
521 199
525 187
528 198
524 192
526 186
524 184
524 181
524 178
524 174
526 171
524 168
527 164
524 164
525 160
524 157
523 156
523 153
526 152
524 150
524 148
524 147
523 145
524 146
525 142
525 143
523 138
525 136
523 137
524 136
525 133
524 133
525 131
522 120
525 121
525 121
523 122
524 121
525 120
524 121
524 122
524 124
526 123
525 126
524 127
524 127
525 130
523 135
524 137
524 158
520 142
525 154
523 139
527 145
528 146
521 148
524 148
524 149
523 151
524 155
525 157
524 160
523 161
524 165
525 168
523 173
525 173
524 175
523 179
525 182
525 183
524 187
524 193
524 196
525 199
524 204
523 210
524 214
524 220
523 224
524 230
524 236
521 241
524 245
523 246
527 252
523 260
522 265
524 269
525 273
524 368
522 371
524 373
524 378
524 383
523 386
522 395
523 399
524 405
522 413
522 419
525 426
523 431
524 440
523 450
526 452
526 459
522 463
523 467
523 469
521 476
526 478
520 483
523 487
523 491
521 498
525 503
517 512
524 517
520 522
521 530
525 535
521 543
524 548
524 557
526 559
523 566
526 568
525 576
524 578
524 585
525 588
524 594
524 601
524 606
522 611
524 616
521 624
525 629
523 636
527 642
524 648
525 653
524 660
525 665
523 672
522 679
524 699
525 701
523 705
523 709
520 714
524 718
522 724
524 728
523 734
522 744
524 743
524 750
525 752
525 757
524 760
524 765
523 769
524 773
522 776
523 785
523 785
523 792
525 793
522 798
524 803
525 807
524 813
524 816
526 822
526 824
525 827
524 831
526 837
523 841
524 845
525 850
524 850
525 854
524 858
526 860
525 864
523 867
523 870
523 874
524 877
524 880
524 883
524 887
523 890
525 891
523 895
525 897
521 901
523 901
526 903
525 905
524 907
524 918
523 919
524 918
525 919
523 921
524 920
523 922
523 924
524 925
524 925
524 924
522 928
524 929
525 930
527 932
524 929
523 931
524 931
524 931
524 932
525 933
524 936
523 933
524 932
524 933
524 934
524 931
524 933
524 934
524 924
524 933
525 931
524 932
524 931
527 929
523 928
524 926
525 923
524 922
525 918
524 919
524 915
523 916
523 913
524 914
525 910
523 911
523 908
524 906
524 903
524 902
523 899
523 897
517 894
524 890
523 888
527 884
524 862
523 859
525 857
524 855
524 849
524 846
524 838
524 833
523 828
524 823
524 820
523 812
524 808
524 804
525 797
523 793
525 788
526 783
524 778
525 773
525 770
525 764
525 758
527 753
524 749
524 746
524 739
527 733
524 728
524 723
526 717
524 711
523 707
533 697
525 694
522 691
524 685
523 681
525 676
525 669
523 667
525 660
525 652
523 647
527 639
524 632
523 626
527 618
524 611
524 604
527 598
522 595
525 589
527 585
522 583
525 576
523 574
523 536
523 532
525 528
528 523
528 513
524 502
524 501
523 502
520 491
523 486
526 481
525 476
525 476
528 465
523 464
527 456
524 451
531 445
524 441
528 433
525 427
528 420
523 416
527 408
524 404
527 397
526 392
526 385
523 381
527 374
523 367
524 363
523 358
526 352
525 347
528 345
524 325
531 326
527 318
525 323
526 318
522 316
525 307
525 303
524 304
526 295
525 290
524 287
526 284
526 278
525 276
525 270
525 265
524 262
524 258
524 253
524 250
524 223
525 220
525 216
524 212
525 210
525 206
534 204
518 202
526 199
524 191
524 190
524 187
524 184
526 180
520 176
524 174
525 170
524 168
526 165
525 162
526 159
523 157
523 156
527 153
524 153
524 151
523 148
524 147
525 146
524 144
527 141
524 141
524 139
524 138
524 137
524 135
524 135
525 132
524 132
531 130
520 138
534 126
520 144
524 120
524 126
524 124
523 122
524 124
524 122
525 122
524 123
523 121
524 122
523 121
524 122
524 121
523 134
524 136
523 135
524 137
523 142
528 139
522 141
523 138
522 137
526 141
541 146
524 149
525 151
525 153
524 156
524 159
524 160
526 163
524 167
524 170
524 171
522 174
524 178
523 180
525 185
522 188
524 191
524 193
523 198
524 201
525 205
525 212
525 217
524 222
525 227
524 232
523 237
525 242
523 248
525 252
524 259
524 261
523 266
523 271
523 274
523 282
522 286
525 292
524 297
523 300
524 306
523 313
522 316
525 322
524 329
522 335
525 338
524 413
525 418
525 423
525 428
524 438
521 443
524 454
520 459
524 460
524 466
521 469
524 473
522 477
524 481
525 485
524 490
524 494
524 501
525 507
522 514
523 519
518 527
524 533
521 540
522 546
522 553
526 557
524 563
524 568
525 573
524 576
524 583
524 586
519 592
524 597
523 604
526 609
522 615
522 620
523 627
522 634
526 639
523 646
526 650
523 658
526 662
523 669
525 675
524 680
523 686
524 691
520 697
524 703
521 709
525 711
524 718
523 722
521 789
523 792
522 795
524 797
525 802
525 807
523 810
524 816
524 819
526 822
524 826
524 832
525 834
525 839
524 843
524 845
525 850
525 852
520 855
522 860
523 862
524 866
523 869
524 870
523 875
524 879
524 882
523 884
524 888
523 892
525 894
524 896
525 897
525 899
523 902
524 903
524 905
523 906
524 907
524 910
524 911
525 914
525 914
524 916
526 917
524 917
524 919
524 920
524 921
523 922
524 923
523 921
523 925
523 927
525 927
525 928
527 929
523 933
523 932
524 933
523 932
524 933
524 933
525 932
524 932
523 931
524 931
524 932
524 930
525 928
523 931
524 924
524 926
524 919
524 921
524 915
524 917
524 914
525 915
524 913
525 913
524 910
524 908
524 907
523 903
524 903
524 898
525 898
524 895
524 890
524 890
524 887
524 886
525 880
517 879
525 875
525 873
523 869
525 866
524 863
524 859
524 855
526 850
525 847
524 840
524 835
524 831
523 826
524 821
526 815
527 810
526 804
523 802
524 799
524 710
527 706
525 703
520 700
527 692
523 687
523 682
526 677
524 676
525 666
524 663
525 656
524 649
524 644
527 636
524 631
528 620
521 617
524 609
531 602
524 599
524 589
518 587
525 583
525 579
525 575
525 571
526 566
524 563
530 555
524 552
528 543
523 537
527 530
524 525
528 517
527 512
529 507
534 500
524 495
523 489
524 482
521 481
524 472
523 471
524 463
523 461
526 453
522 449
524 441
522 437
525 430
524 424
524 419
526 411
523 406
526 399
524 318
525 315
526 310
522 305
525 302
527 296
524 294
524 289
526 285
523 281
525 275
526 270
522 267
524 263
525 259
524 254
523 251
525 245
524 241
525 237
524 231
524 230
524 226
525 221
525 219
523 216
525 210
523 208
525 204
521 201
523 196
526 194
531 183
524 189
524 184
525 182
524 177
525 174
529 172
525 168
525 165
523 163
525 160
524 157
525 155
523 154
524 151
526 150
524 149
523 147
524 145
526 143
523 143
524 141
523 140
524 139
525 138
524 123
524 123
525 123
524 122
524 121
524 120
525 121
524 122
524 121
525 122
525 122
523 124
523 122
524 121
524 122
525 121
524 123
524 126
524 125
524 129
524 130
523 133
524 134
523 135
524 131
525 138
525 139
529 155
523 140
521 148
523 145
527 148
524 148
523 152
523 154
523 157
524 160
524 161
524 165
523 166
525 170
524 172
524 177
524 177
525 183
524 186
524 188
524 191
524 197
522 200
524 203
524 208
524 215
524 218
524 227
524 232
524 235
525 289
524 295
524 295
525 300
524 304
523 309
524 314
519 323
524 326
525 329
525 335
521 342
524 347
523 354
521 358
526 362
524 368
521 372
524 377
523 384
523 388
524 393
521 401
525 405
522 413
525 420
525 427
520 433
526 441
524 446
522 452
524 458
525 463
524 467
523 471
524 475
521 478
524 482
521 489
525 492
524 498
523 504
524 510
518 516
523 522
519 533
525 535
519 544
525 547
524 555
523 559
524 565
524 570
524 575
526 581
524 584
522 590
524 702
521 706
526 710
523 715
524 720
521 727
523 730
525 736
524 739
523 744
523 748
524 754
525 757
523 761
524 765
524 770
522 775
522 776
524 780
520 787
523 793
524 794
523 799
523 804
521 809
523 812
523 813
522 821
525 825
525 829
523 833
522 836
523 839
526 844
524 845
522 850
525 855
525 858
521 860
523 863
524 867
524 869
523 874
524 876
525 880
523 884
525 887
521 890
523 893
524 894
524 898
524 899
523 902
524 903
524 904
524 906
524 932
524 929
523 930
526 931
525 932
522 931
524 931
525 931
524 931
525 932
525 933
524 933
523 933
524 931
524 933
528 932
514 933
524 931
524 932
524 932
526 930
524 929
524 929
525 925
523 927
524 920
523 922
525 916
523 918
524 914
524 915
523 913
524 913
524 911
523 909
524 907
523 905
524 903
524 898
523 897
524 895
524 893
524 890
526 887
524 885
525 883
525 879
524 876
524 875
525 870
525 868
523 863
525 860
523 856
526 853
523 850
525 843
525 741
524 742
527 734
526 730
528 728
522 721
525 716
527 711
524 706
524 701
527 696
524 690
524 685
524 680
523 675
524 670
528 664
521 659
524 651
525 646
524 642
528 632
523 627
521 618
528 611
525 606
525 601
525 594
522 590
524 586
530 581
523 578
525 572
523 569
524 564
524 559
525 554
527 548
525 542
525 534
520 528
525 522
525 514
532 508
522 504
522 495
523 491
528 486
524 482
530 476
525 473
527 466
524 464
526 456
523 452
527 444
521 442
528 415
526 410
526 405
526 402
525 397
524 389
526 385
524 375
526 374
523 368
529 362
525 357
527 349
523 347
529 341
525 338
525 343
525 331
541 323
524 316
522 313
525 308
527 303
523 298
524 295
524 291
527 287
525 283
524 279
525 272
525 268
523 265
525 258
524 255
523 251
524 248
525 244
524 241
524 238
524 233
524 229
525 224
524 220
524 216
524 213
527 210
523 205
523 199
512 196
522 201
524 190
534 197
523 187
524 184
525 178
522 176
525 173
525 154
525 153
526 152
524 152
525 147
523 148
523 147
524 146
524 144
525 141
523 140
526 138
525 138
523 136
523 135
524 133
523 133
524 132
524 131
524 128
525 125
523 128
523 124
522 120
524 124
524 124
524 123
524 122
524 123
524 120
525 121
524 122
523 121
524 121
524 122
524 121
525 121
524 122
