255 890
298 891
347 893
358 894
338 897
356 899
363 900
368 902
334 904
350 905
350 907
348 909
371 910
417 911
415 913
373 914
370 916
390 917
409 918
417 920
412 920
394 922
406 923
422 924
413 925
411 926
404 927
423 928
412 929
448 929
433 930
436 929
447 930
427 930
463 932
452 931
426 932
470 934
461 932
467 932
468 932
439 933
473 932
499 932
466 932
475 931
474 929
507 931
515 929
517 928
521 927
523 926
524 921
523 919
524 917
523 916
524 915
643 138
649 138
630 136
669 136
644 134
638 133
652 132
638 130
656 128
625 128
628 128
640 127
621 126
636 125
610 124
606 123
611 124
602 123
622 123
599 123
585 122
605 122
572 122
600 122
583 122
566 125
568 123
584 122
570 123
572 124
540 124
572 124
551 125
536 126
530 128
526 131
525 133
526 134
525 136
525 138
524 140
525 140
525 141
525 144
525 144
525 146
525 148
525 149
525 152
525 156
523 157
525 161
525 163
524 165
524 168
525 170
525 182
394 923
408 924
412 926
423 927
408 928
427 928
425 928
424 929
453 931
431 930
434 931
460 931
421 933
460 931
460 931
452 932
453 932
469 932
466 932
471 931
451 931
491 930
493 934
491 932
474 933
502 930
514 929
519 928
521 924
524 923
524 920
524 919
524 918
524 916
523 914
524 913
522 912
525 911
522 909
524 905
524 907
524 903
524 900
524 898
524 896
524 893
525 891
524 888
524 885
525 882
523 880
524 876
523 874
525 870
525 869
524 864
524 861
524 566
524 563
524 560
525 552
525 547
524 541
525 535
524 528
524 522
524 515
524 508
524 503
522 498
525 490
524 488
524 481
523 477
524 472
527 468
525 464
525 457
524 452
525 446
525 439
524 435
525 427
524 422
524 414
524 408
525 402
525 394
525 391
524 385
524 379
525 373
524 368
524 362
526 357
523 353
524 347
525 342
527 336
525 331
523 327
524 324
527 319
525 313
524 307
524 304
525 299
525 294
525 291
524 287
525 282
525 278
527 277
527 268
751 203
783 201
794 199
781 197
767 195
747 192
744 189
775 185
802 180
776 177
751 176
744 171
747 168
791 166
710 162
696 160
722 159
698 156
694 155
716 152
699 159
674 150
644 148
676 147
700 143
670 143
653 141
664 140
664 139
648 136
622 137
626 135
644 134
643 133
666 132
639 130
663 129
627 129
642 129
583 126
611 126
657 125
624 126
611 124
594 124
602 124
621 123
589 123
597 122
602 121
584 122
576 122
591 122
576 121
611 121
563 116
572 144
525 145
525 146
525 150
523 152
525 153
524 156
524 159
523 162
525 164
524 166
525 170
524 172
520 174
522 175
520 186
525 183
524 188
523 190
525 195
525 198
524 202
524 208
525 211
524 217
525 222
525 226
524 232
525 237
522 243
524 247
523 253
525 257
525 261
525 263
525 271
525 276
525 279
525 286
525 292
525 297
524 303
525 309
524 311
525 315
523 337
520 326
524 336
526 335
524 342
524 348
525 356
524 362
524 365
524 371
525 375
524 381
523 476
525 480
525 484
524 486
524 490
524 497
525 497
525 504
517 516
525 520
517 526
527 533
524 541
524 546
525 552
524 559
525 564
523 569
525 573
524 579
523 582
525 587
524 593
524 599
524 605
524 610
525 615
523 622
525 629
523 635
524 641
524 646
525 652
524 658
524 664
523 670
523 677
525 682
524 688
526 693
525 700
527 700
526 710
523 712
525 719
531 722
525 721
524 733
523 737
524 743
524 747
525 751
524 756
523 760
525 764
525 768
524 773
526 819
275 821
243 824
201 828
240 832
271 837
202 839
249 844
294 847
303 850
276 854
255 856
296 864
310 862
283 866
285 869
297 873
277 876
289 880
288 883
269 886
309 889
302 892
335 894
353 897
358 898
335 900
370 901
372 903
383 904
364 906
381 908
373 910
416 910
357 913
362 914
415 915
417 917
401 917
380 919
405 919
409 921
418 922
401 924
400 924
410 925
419 926
408 928
405 928
425 929
479 930
429 930
435 930
442 930
439 930
459 931
429 931
459 915
524 914
524 914
523 912
523 911
524 910
523 908
524 906
524 904
523 902
524 900
525 897
524 894
524 891
524 889
523 885
524 885
523 880
524 878
525 875
524 873
525 869
523 866
524 863
524 860
524 856
525 850
522 846
524 840
523 836
524 831
524 828
523 821
524 816
524 808
526 806
523 802
524 798
525 794
523 788
525 784
525 777
525 773
525 767
525 758
525 757
527 752
525 745
524 741
525 735
524 731
524 724
524 719
524 715
524 711
524 703
524 697
527 588
521 586
525 583
524 579
524 575
524 571
523 567
522 561
525 557
523 550
525 545
523 538
524 532
525 525
524 518
524 512
524 505
520 498
524 494
525 488
524 484
527 479
524 473
524 470
526 466
524 460
524 453
523 448
524 442
524 435
524 430
525 424
524 417
522 412
524 405
524 399
524 393
524 387
524 382
525 375
524 371
525 366
525 358
524 353
523 348
524 343
526 339
525 334
525 329
524 324
525 318
525 316
525 310
524 305
524 300
525 296
525 293
756 171
742 169
750 167
702 163
751 161
738 157
696 156
716 155
666 155
684 152
682 145
700 149
670 147
655 146
650 143
671 142
670 142
654 139
631 138
680 137
672 136
640 134
617 133
670 131
649 131
655 129
624 130
613 127
652 126
635 127
631 125
608 125
629 124
630 124
587 123
601 125
622 122
580 123
584 123
614 123
590 122
593 122
563 122
589 123
597 126
573 124
559 123
543 124
568 123
577 121
544 125
530 122
528 129
526 130
525 132
526 134
524 136
525 140
525 142
525 143
525 145
524 146
524 148
524 150
524 151
524 156
525 156
524 159
525 163
524 165
526 167
524 168
524 173
513 175
520 158
530 183
525 184
524 187
525 192
524 196
521 200
525 204
524 208
523 215
524 221
524 227
524 232
525 236
524 240
525 243
523 248
524 254
524 258
525 262
524 268
525 273
526 279
524 285
526 288
525 292
525 300
525 305
525 309
525 314
524 320
526 324
526 327
537 338
522 340
525 347
523 351
525 358
524 363
525 368
525 410
524 414
524 420
525 427
525 435
524 438
524 447
525 452
524 459
525 462
525 466
525 472
524 475
525 479
524 483
525 489
525 494
525 499
525 508
523 511
525 518
522 524
525 535
524 538
523 544
524 551
524 556
525 561
524 568
525 571
524 577
528 581
524 586
527 590
525 596
525 602
525 608
525 614
523 619
524 626
524 632
524 638
525 645
524 650
524 656
525 663
525 668
524 673
523 679
524 684
525 690
524 696
524 701
519 709
526 726
508 716
525 732
523 759
524 763
525 766
524 771
524 775
524 779
522 784
520 789
477 791
304 791
162 797
179 801
210 807
244 809
229 815
227 818
246 823
237 827
233 831
233 835
263 839
267 844
245 847
291 849
279 853
281 856
284 861
295 863
275 866
278 869
293 873
280 872
303 879
271 882
255 885
319 887
309 892
334 893
334 896
332 897
376 900
368 901
391 902
361 905
374 907
370 908
349 909
348 911
385 912
417 914
409 916
385 916
407 917
401 917
408 920
360 921
407 929
442 929
439 931
445 930
441 930
418 930
437 931
461 931
451 932
436 932
456 932
470 933
467 932
449 933
456 932
465 932
503 931
468 931
458 931
494 931
513 930
518 928
516 927
525 923
525 924
527 920
523 918
524 916
523 916
523 914
524 913
523 913
524 910
526 909
524 907
524 904
524 902
526 900
524 897
525 896
525 892
524 889
523 888
525 885
524 883
524 879
524 876
524 874
526 870
524 866
524 865
525 861
526 856
524 851
525 847
524 842
524 836
525 802
524 801
524 794
526 789
524 785
524 780
525 773
525 768
523 764
525 758
524 752
524 749
524 746
525 741
524 733
523 724
524 722
523 717
525 711
523 705
525 700
524 694
524 689
523 685
525 679
524 673
524 667
524 664
525 659
524 652
524 647
525 639
524 633
524 626
524 617
524 612
524 605
525 598
525 594
525 589
524 585
523 580
524 578
524 574
524 567
525 565
524 558
525 553
524 547
525 542
524 534
525 528
528 521
524 514
524 508
525 502
524 496
524 415
525 411
525 409
524 402
525 395
523 390
524 385
524 379
527 373
524 368
524 362
525 356
526 352
525 345
524 341
524 336
525 332
526 326
524 321
524 316
525 312
523 307
528 303
525 298
525 295
526 292
523 286
524 282
524 277
525 273
524 269
532 264
603 263
669 258
904 257
902 252
882 247
817 242
802 239
824 235
826 230
823 225
784 221
810 216
793 213
786 211
784 206
768 204
762 202
769 197
758 194
744 191
793 187
755 185
771 181
774 177
772 175
792 144
708 143
681 142
667 141
687 139
701 139
644 138
643 137
645 134
655 133
612 132
650 131
663 130
658 129
656 128
626 127
631 127
606 125
646 124
638 125
605 123
609 123
602 123
599 122
596 123
617 121
571 121
577 121
585 122
583 122
574 121
573 122
553 121
560 117
570 123
562 123
546 123
565 124
537 124
527 127
527 129
529 131
525 133
529 135
525 137
525 138
525 139
524 140
525 142
524 143
525 145
523 146
526 149
525 150
525 153
524 156
525 159
525 205
524 208
524 213
525 221
528 222
526 228
527 235
523 240
524 245
525 249
525 251
526 256
524 263
524 267
524 271
525 277
525 282
524 289
525 294
524 299
524 303
524 310
525 314
525 318
525 324
522 334
523 335
535 343
529 343
525 351
525 356
524 363
525 366
524 373
524 377
525 381
525 386
524 391
525 398
523 404
525 411
525 419
525 423
524 432
525 437
524 444
524 452
525 456
524 462
524 464
525 471
525 473
524 478
525 482
525 487
524 492
524 496
524 553
524 559
524 563
528 570
524 575
525 578
524 583
524 587
524 593
524 599
524 604
524 609
524 616
524 622
524 631
524 635
524 642
523 647
524 653
524 658
524 664
524 670
524 676
525 682
524 687
525 693
524 699
524 701
523 705
523 712
519 718
521 726
530 728
522 733
524 737
524 742
524 747
524 751
524 756
525 760
524 764
524 767
524 773
525 777
522 781
524 786
520 789
428 793
213 793
181 799
207 802
241 806
246 811
207 816
243 820
222 826
243 828
269 884
308 887
303 887
309 892
335 894
341 896
358 899
344 900
365 902
335 904
384 905
377 908
424 908
390 911
353 911
378 914
395 915
420 916
393 917
401 920
391 920
427 921
414 921
382 921
408 924
418 925
435 926
413 925
420 927
423 928
423 928
448 929
441 930
441 930
448 931
437 932
446 930
468 929
463 930
445 932
464 931
472 932
479 932
489 931
452 931
477 931
508 930
495 930
475 930
516 931
520 926
524 924
523 922
524 921
524 919
523 919
523 917
524 885
526 883
523 880
524 877
524 875
524 871
524 868
524 866
524 861
524 857
525 853
524 851
523 845
525 839
525 835
523 830
524 825
524 820
525 816
525 809
524 804
525 802
523 798
522 792
523 786
525 780
524 776
524 772
523 765
523 760
524 755
524 749
525 745
523 742
525 736
524 728
523 725
522 716
524 713
524 709
525 703
524 694
524 692
525 686
524 680
524 678
524 671
523 669
524 661
524 655
524 652
524 641
525 637
524 628
524 621
524 614
524 606
523 524
524 519
525 515
525 509
525 504
526 499
525 493
525 487
525 483
525 477
524 473
524 468
524 465
524 458
525 452
524 448
525 441
523 435
524 414
525 424
526 417
526 410
524 404
524 398
525 394
526 387
525 381
524 374
526 369
525 365
524 360
525 352
525 348
524 343
524 338
524 335
525 329
524 324
524 319
525 314
525 310
524 305
524 302
525 297
524 293
525 289
525 284
524 278
528 275
526 270
529 265
533 265
664 261
814 263
910 256
858 252
841 208
749 199
772 198
752 195
765 193
779 189
758 186
753 183
767 179
755 176
800 173
737 171
734 168
740 165
704 162
741 160
695 158
688 154
673 154
689 152
686 151
667 151
672 147
671 145
714 144
654 143
640 142
631 140
640 139
687 138
598 137
661 132
667 134
687 132
643 132
613 129
635 129
640 127
667 130
615 127
641 125
631 125
591 124
620 120
615 123
600 123
597 123
586 118
591 122
619 124
573 122
577 119
614 123
565 123
606 122
550 122
555 118
569 151
525 153
527 155
525 157
524 159
525 162
526 165
525 167
528 170
524 174
525 175
519 183
537 186
524 186
524 187
524 192
525 197
524 200
525 206
525 210
525 215
524 221
525 226
523 229
524 234
525 242
524 246
524 250
525 255
524 259
524 264
524 270
526 275
525 279
525 286
525 288
525 295
524 298
524 308
526 310
524 315
526 321
525 327
526 317
521 338
526 344
521 353
524 353
524 358
524 366
525 369
524 374
522 379
525 385
521 389
524 395
524 403
525 507
523 509
527 509
524 507
521 526
524 530
524 537
524 545
526 551
524 554
526 561
524 567
526 571
524 576
524 581
524 586
524 592
524 596
524 602
524 604
524 614
524 621
524 626
523 632
525 640
524 646
524 650
524 656
524 662
525 667
524 673
524 680
523 685
524 691
524 696
524 701
523 704
526 711
524 704
524 719
533 718
525 733
537 737
525 741
525 745
523 748
523 754
525 758
524 762
525 766
524 772
524 775
524 779
525 784
522 789
419 792
208 793
197 862
255 868
266 869
285 872
327 875
297 881
282 882
297 886
292 888
321 890
332 893
324 897
358 897
339 900
362 901
398 903
395 904
395 906
354 908
366 910
387 911
422 912
351 914
376 915
397 916
400 917
393 919
397 920
415 922
413 922
409 923
386 924
406 925
408 924
413 927
452 927
439 928
422 928
408 930
446 930
454 930
439 930
434 931
443 931
453 931
476 931
476 931
444 931
482 931
476 931
500 932
468 930
469 932
482 930
501 930
497 929
505 928
525 921
525 920
523 918
525 917
524 915
526 913
523 913
523 912
526 910
524 909
524 907
525 905
524 903
523 900
524 898
525 895
524 893
524 890
525 888
524 887
524 883
524 880
524 877
525 874
524 871
525 867
524 864
524 861
524 857
524 850
525 847
525 842
525 837
525 833
523 827
524 824
524 820
524 813
527 810
524 805
525 798
525 793
526 789
525 784
526 781
522 777
524 767
525 764
525 760
523 754
524 746
523 747
525 740
521 732
525 726
524 722
525 717
524 681
524 678
524 674
524 668
524 662
524 656
524 649
524 645
524 637
524 629
524 625
524 617
524 610
524 601
523 599
524 592
524 589
526 584
525 580
525 575
523 570
525 566
524 561
525 557
524 549
525 546
525 542
524 533
525 526
523 519
523 512
524 504
525 500
525 491
525 489
525 483
523 478
524 475
525 468
524 464
524 459
524 453
525 447
525 442
525 435
524 430
525 425
524 418
525 412
525 405
524 402
524 395
525 388
524 383
524 377
525 370
526 365
524 331
525 327
525 320
525 316
525 311
524 306
525 302
525 298
525 294
523 290
524 286
525 281
525 276
524 270
526 267
533 264
618 262
675 258
909 258
877 252
860 248
827 243
822 239
815 235
824 230
818 226
827 221
775 218
805 214
784 211
760 207
763 205
762 201
742 196
772 194
765 191
738 187
787 186
747 181
771 179
753 174
768 172
755 169
736 166
732 162
708 161
698 159
718 156
691 154
689 153
674 151
663 150
677 147
654 146
669 145
678 143
698 143
659 132
643 131
603 130
641 131
643 130
631 129
627 126
619 127
645 126
627 124
626 124
602 124
583 124
617 123
622 121
588 122
580 124
599 122
615 122
601 123
590 121
559 122
586 121
610 122
563 137
556 124
551 123
572 124
540 125
540 126
523 128
526 130
525 132
525 135
525 134
525 136
524 138
525 139
525 140
524 142
524 144
525 146
525 149
525 150
524 152
524 155
525 157
524 160
524 161
524 165
523 167
525 170
524 172
525 175
525 174
524 186
534 183
525 216
524 219
524 224
524 230
524 232
525 239
525 243
524 248
524 254
524 258
525 262
524 268
525 273
525 277
525 282
524 287
524 293
524 299
525 301
525 308
524 313
524 319
526 322
525 331
528 336
523 331
517 353
522 347
525 356
525 362
524 367
524 372
524 375
524 382
524 388
524 392
524 398
524 405
525 411
524 418
524 425
524 432
524 438
525 445
525 452
525 455
524 462
524 466
524 471
525 474
524 479
524 482
525 488
525 493
524 497
524 504
525 582
524 586
525 589
524 595
526 601
524 607
524 612
524 619
524 625
523 632
523 637
525 644
525 649
524 655
524 662
524 668
522 673
525 679
523 685
523 688
525 695
523 701
525 706
526 714
520 716
528 724
526 723
519 715
523 736
524 741
525 745
525 749
524 753
525 757
524 762
525 766
524 770
525 775
524 778
523 782
518 787
487 790
315 790
172 794
193 801
220 805
239 808
240 812
279 817
220 819
224 825
254 830
242 833
243 838
247 842
270 845
318 848
246 893
334 894
354 895
379 895
357 898
421 900
346 902
378 903
366 905
379 906
350 908
358 909
389 911
411 912
418 914
386 915
391 916
390 918
409 919
380 920
411 921
396 922
403 923
400 925
400 926
443 926
416 929
416 928
425 929
453 929
438 930
416 929
448 931
464 930
430 930
464 931
429 931
484 931
475 933
490 931
439 931
462 931
489 931
478 930
468 931
494 930
489 929
512 928
517 927
520 925
524 922
523 921
523 919
524 918
523 917
524 914
525 914
524 882
523 881
524 879
524 875
524 872
524 869
525 864
524 862
525 858
524 853
524 850
524 845
525 840
524 834
524 830
524 825
525 821
524 816
522 810
524 801
525 799
523 796
524 790
524 787
525 781
522 769
524 770
522 767
524 759
524 753
524 749
523 745
523 737
522 734
524 729
525 722
523 716
524 712
524 704
525 701
525 696
524 690
524 686
524 681
524 674
524 671
522 665
523 660
524 653
525 646
525 643
525 631
525 627
524 618
524 612
523 606
525 601
524 558
524 554
525 549
524 544
525 540
524 535
524 527
524 520
526 514
523 510
524 501
525 496
525 491
525 486
524 482
524 477
524 472
524 467
524 461
525 456
524 449
525 444
525 440
524 434
524 427
525 420
524 414
524 407
526 402
524 396
525 390
524 384
524 380
525 373
525 368
525 362
524 356
525 351
525 346
524 341
523 336
524 331
525 328
524 322
526 317
525 312
525 307
525 303
523 299
524 295
524 290
524 287
524 283
524 277
524 273
527 266
532 263
767 202
748 200
758 199
753 194
746 191
794 188
766 187
757 183
753 174
777 175
749 171
774 169
726 165
760 162
691 162
711 158
704 156
716 155
726 152
657 152
654 149
666 148
681 144
679 145
666 142
671 142
659 140
673 139
646 142
628 136
653 135
647 134
671 131
645 133
664 131
652 130
632 129
622 127
646 126
648 126
627 125
598 126
600 124
606 123
618 123
581 123
605 123
600 123
596 122
568 123
595 122
578 122
606 122
556 123
564 123
574 123
568 117
525 145
524 145
525 148
524 149
525 152
524 154
525 157
525 160
526 163
524 165
523 167
525 170
524 173
524 175
524 178
524 179
525 178
535 190
520 190
524 194
525 199
520 203
524 207
525 213
524 217
525 221
525 228
526 233
526 238
524 242
525 247
524 252
524 255
525 261
526 266
524 271
527 275
524 281
524 285
524 290
524 298
524 301
524 307
524 312
526 317
524 320
524 328
524 333
523 336
519 337
538 348
523 356
524 360
525 365
524 367
525 375
525 379
524 473
525 476
525 480
525 484
526 489
524 495
524 501
525 503
524 513
526 519
513 518
529 535
514 536
522 549
523 553
524 558
525 564
524 569
524 573
523 578
524 583
524 588
525 591
524 598
525 603
524 610
524 616
524 621
524 628
524 634
524 640
525 647
524 653
525 659
524 664
524 669
524 676
524 681
524 688
524 693
524 699
523 704
524 708
522 713
522 719
526 724
525 728
522 735
525 729
531 742
524 745
525 752
525 754
524 760
524 764
524 768
524 772
247 815
261 819
243 824
203 828
241 834
272 836
249 840
267 844
286 847
273 851
291 854
291 858
271 857
270 864
288 868
293 870
279 874
272 878
299 880
284 884
299 886
312 889
317 892
321 894
347 897
343 898
392 901
354 901
401 904
349 905
350 906
400 909
376 910
394 911
374 913
400 914
392 915
403 916
393 918
388 918
402 921
395 919
423 922
411 923
417 924
415 926
436 927
406 926
406 927
408 927
427 929
446 929
434 930
471 930
434 930
461 930
456 931
524 916
523 915
525 915
524 914
523 912
524 911
523 909
524 908
524 906
524 905
524 902
524 899
524 896
524 894
525 890
523 889
524 886
525 882
525 880
524 878
525 874
524 872
522 869
524 866
524 862
524 858
524 853
524 849
525 846
524 841
524 835
524 830
525 824
524 821
525 817
525 811
525 805
523 800
526 797
525 791
524 787
525 782
522 777
525 771
524 766
524 761
523 757
525 750
525 748
523 741
525 736
522 731
524 725
524 719
524 714
524 709
525 796
524 793
523 789
522 783
523 779
524 773
525 767
523 761
525 758
521 751
524 747
523 743
523 737
526 728
523 724
524 720
525 714
524 709
525 703
524 698
524 694
524 690
524 684
524 678
524 675
524 668
524 664
524 658
523 653
524 644
524 639
524 631
524 625
524 618
524 611
524 606
524 598
521 595
524 588
523 584
521 581
523 576
525 573
526 567
524 564
525 558
524 552
523 547
524 540
524 533
524 527
524 520
524 517
525 507
525 500
523 497
524 492
524 224
828 222
813 216
793 212
779 208
796 207
766 203
744 199
755 195
767 192
755 190
766 187
748 184
780 179
777 177
745 173
752 170
771 167
740 165
719 162
708 159
710 153
690 155
674 154
681 152
664 152
702 149
700 147
658 145
660 147
643 140
671 141
651 139
694 138
667 136
658 136
666 135
609 133
643 133
596 132
617 130
652 128
683 128
647 128
608 125
598 125
617 125
658 124
622 124
591 124
603 122
632 121
597 121
584 123
571 122
589 121
605 122
586 143
525 144
524 145
525 146
524 147
524 150
525 152
525 154
525 157
525 159
524 161
525 165
524 168
526 169
525 173
525 176
526 179
525 181
524 184
524 184
526 190
517 196
525 200
524 205
525 208
525 212
526 218
524 223
525 227
524 234
525 240
525 244
525 247
524 253
524 258
525 262
523 267
524 272
525 277
525 283
524 289
524 294
524 300
524 305
525 308
525 314
525 319
524 323
526 329
524 337
525 344
527 344
536 343
523 355
538 370
525 369
525 371
525 426
525 430
525 433
525 439
525 446
525 450
524 457
525 460
524 467
525 469
524 474
525 478
525 483
524 488
525 492
524 499
524 502
524 510
524 514
525 521
522 531
528 536
522 544
520 546
521 548
524 558
525 564
525 570
525 574
525 579
526 584
524 588
524 594
523 599
526 606
525 611
523 617
523 623
526 629
524 635
525 640
525 647
523 654
525 659
524 666
524 670
523 676
524 683
525 688
523 694
524 699
522 704
524 709
524 714
517 719
527 727
523 724
526 773
524 775
524 779
523 782
524 786
517 790
388 791
228 792
220 798
199 803
179 807
251 812
228 817
233 821
253 824
254 829
231 834
252 838
242 842
262 844
278 845
256 851
