525 206
525 208
525 213
524 217
524 222
525 227
524 232
526 236
523 241
526 247
525 252
524 255
537 243
525 265
525 270
525 276
525 281
524 285
523 290
524 297
525 302
524 304
524 312
523 316
525 319
524 326
525 333
524 339
525 343
525 348
521 358
524 359
525 364
524 370
525 374
525 379
524 384
524 390
524 396
525 401
525 407
524 416
526 419
524 430
525 436
524 440
526 452
525 452
524 460
524 463
525 468
524 472
520 476
523 481
525 484
523 491
523 495
519 882
525 881
526 879
520 876
524 873
524 869
524 866
525 863
524 859
525 855
525 850
523 847
524 841
525 836
524 831
524 826
525 820
524 816
524 812
524 805
524 803
524 798
525 793
525 787
524 783
525 778
524 772
524 767
524 762
524 758
525 752
525 747
524 740
525 737
524 734
524 725
523 720
522 715
524 710
525 704
524 699
524 692
524 689
524 683
525 678
525 673
524 668
525 662
525 657
525 649
524 645
525 638
525 630
524 624
526 615
524 610
525 602
524 419
525 425
523 434
525 439
524 452
526 451
525 456
524 464
524 466
524 471
525 473
525 480
524 483
525 489
525 494
525 498
521 505
525 511
524 518
523 524
525 530
523 538
524 544
525 551
525 556
523 562
525 567
524 571
523 576
524 581
522 588
524 590
524 596
524 602
525 607
518 625
525 615
525 631
522 632
525 638
524 644
523 649
524 655
525 663
524 667
524 673
524 679
524 685
525 690
522 696
524 701
523 705
525 710
524 714
524 719
522 724
524 729
324 889
328 891
325 892
347 896
352 900
356 895
347 901
374 918
372 904
382 906
382 908
383 910
360 910
420 912
420 913
364 915
388 914
405 917
400 914
395 920
426 920
395 922
408 922
423 923
410 925
396 926
418 926
427 927
428 928
410 928
441 928
441 930
452 930
470 931
447 931
453 931
462 932
467 932
479 930
454 931
483 933
461 933
476 936
497 932
489 931
466 927
504 930
513 929
518 928
519 926
522 923
523 921
524 919
524 917
523 915
526 915
523 913
404 925
426 925
433 925
436 925
419 925
372 929
414 929
471 929
448 929
416 930
433 933
464 930
451 931
461 931
436 931
444 931
474 930
478 931
479 924
464 931
478 929
484 934
489 930
483 929
496 930
505 927
520 926
523 923
522 922
524 920
523 917
523 916
525 915
524 914
524 913
524 912
522 910
524 909
524 907
524 905
524 903
525 900
524 898
524 896
527 892
525 890
525 887
524 884
524 884
524 880
527 877
522 882
530 871
525 868
526 865
525 861
524 673
524 665
525 661
525 655
526 650
525 640
524 635
524 630
524 621
524 615
525 607
525 602
524 596
523 592
524 587
525 583
524 580
524 573
525 571
524 566
524 561
524 555
525 550
525 544
523 538
524 530
526 523
525 517
524 510
523 505
524 499
525 493
524 488
526 483
525 478
525 473
524 469
523 464
526 459
525 454
525 446
524 441
524 436
525 430
524 423
525 417
524 411
525 404
525 398
525 394
525 387
523 381
525 376
525 370
524 364
525 359
524 353
525 197
794 196
773 192
774 191
769 186
758 183
775 180
771 174
738 173
755 170
716 166
715 164
755 161
718 160
697 156
666 153
704 153
673 152
684 150
654 149
652 147
671 146
673 144
662 144
651 141
641 140
668 138
648 137
641 137
655 136
630 134
636 132
648 131
603 130
633 128
653 129
645 128
626 127
598 127
610 126
608 126
621 124
631 124
577 124
582 123
625 122
588 123
575 123
574 125
582 122
603 123
570 124
587 123
561 122
566 124
566 123
569 126
532 146
525 147
524 149
524 152
525 155
525 157
525 159
524 161
524 166
525 167
524 169
524 171
524 174
525 178
523 180
525 182
525 186
524 190
524 194
524 198
525 200
524 205
524 210
525 216
524 221
525 226
524 231
524 237
525 242
524 248
524 252
524 254
524 257
525 265
521 272
524 274
525 280
525 284
524 291
525 297
524 298
527 306
525 311
525 317
524 319
524 326
525 331
526 336
524 344
525 348
525 352
525 359
524 364
525 368
525 373
525 376
525 383
524 493
524 497
525 500
523 505
526 510
523 519
525 524
523 530
523 537
525 544
523 550
524 555
524 562
523 565
525 571
524 577
525 581
524 586
527 590
524 595
524 602
526 608
524 611
547 632
522 628
541 631
524 638
524 645
524 647
525 657
524 661
524 666
525 673
524 680
524 684
525 689
524 695
525 700
524 705
524 710
524 714
525 720
524 725
524 729
524 734
524 740
525 746
523 748
524 753
521 757
523 761
524 765
524 770
524 773
523 778
523 801
521 786
288 866
313 870
280 873
269 877
268 880
307 883
338 887
253 888
306 892
354 894
351 896
373 899
338 898
362 904
352 899
398 916
375 908
386 908
402 910
365 911
402 912
380 913
402 915
383 917
436 918
418 919
369 919
401 920
396 922
433 922
391 922
406 925
425 923
410 926
432 927
424 928
426 929
461 929
437 930
442 930
440 930
419 931
455 930
465 931
462 932
468 932
463 924
470 933
497 927
478 933
455 930
487 934
477 930
497 929
516 929
513 927
521 925
527 833
523 830
524 826
523 822
524 817
524 813
525 808
524 801
525 796
525 793
524 791
524 784
524 778
524 773
524 767
525 763
524 760
527 752
524 748
526 745
524 737
525 731
524 730
525 724
525 715
524 711
524 708
524 700
524 696
527 691
525 683
523 680
525 675
524 670
524 665
525 658
525 653
525 646
525 640
524 633
525 625
524 617
524 610
524 606
528 598
525 595
523 589
524 584
523 580
524 575
524 573
524 567
524 565
524 557
524 551
525 548
525 539
524 517
525 509
524 506
524 501
526 495
525 490
526 484
525 480
524 474
523 472
525 465
525 461
524 455
525 451
525 443
525 438
525 431
525 426
528 419
525 414
528 407
525 401
525 395
525 389
525 383
524 377
525 371
526 366
525 360
524 356
524 351
525 348
524 341
525 337
526 331
524 327
523 320
525 316
526 311
524 307
525 303
524 298
525 295
525 290
525 285
526 282
527 278
526 271
528 268
532 262
626 262
662 259
903 258
875 253
856 248
834 244
780 240
760 198
758 196
771 193
759 191
740 188
771 183
781 181
740 179
751 174
768 170
755 168
734 165
720 162
708 162
702 158
741 156
672 155
660 152
690 153
656 149
670 142
668 147
669 143
677 143
685 142
665 142
636 139
649 137
658 136
662 135
631 135
648 133
630 133
638 131
650 130
646 129
629 128
633 127
644 126
624 126
604 125
616 124
599 125
617 123
608 123
601 123
566 122
618 122
591 122
577 122
589 121
582 122
593 123
577 123
566 125
567 123
555 124
525 138
524 139
525 141
525 141
523 144
531 144
524 146
525 148
524 151
524 153
525 155
524 157
525 159
524 164
524 165
524 167
524 170
525 175
525 178
523 179
524 182
525 187
525 190
526 191
525 195
524 199
525 205
525 210
525 211
525 218
525 224
525 229
525 235
525 241
525 243
526 247
525 255
524 260
524 264
525 268
515 271
525 277
525 283
524 287
524 291
524 297
523 303
525 307
524 312
524 319
525 324
524 330
528 336
524 339
524 346
524 351
525 404
524 410
524 414
524 419
524 423
525 430
523 438
524 443
525 451
535 455
524 464
524 467
525 468
523 474
525 478
524 483
524 485
524 491
527 497
524 501
523 508
526 514
523 521
524 528
524 535
523 542
525 547
523 555
524 558
523 565
524 573
522 575
524 578
526 584
524 588
524 593
524 599
525 604
524 611
524 617
524 623
525 634
514 630
526 642
525 649
524 654
521 660
525 664
525 671
525 678
524 684
523 688
524 694
525 698
525 704
524 709
525 713
524 760
523 763
525 766
524 766
523 773
524 777
524 782
520 781
510 789
420 793
170 794
172 799
228 804
242 808
253 812
237 816
249 821
236 826
234 828
244 834
245 838
241 843
272 846
282 849
288 853
284 855
279 859
305 862
307 865
316 869
243 872
279 875
297 878
310 881
264 885
281 888
305 891
313 894
337 895
388 898
353 899
339 902
349 903
396 909
366 900
413 907
367 909
347 909
403 911
405 914
421 915
382 916
403 917
379 919
403 919
430 920
385 921
406 932
450 932
461 928
473 934
468 928
455 928
487 929
489 930
481 930
475 930
511 929
511 927
518 925
522 925
523 921
524 920
524 919
523 917
524 916
524 915
524 913
524 912
524 910
523 909
524 906
524 905
525 903
525 900
525 897
524 896
527 894
524 890
524 888
523 886
526 882
524 878
525 878
524 873
526 868
525 867
527 865
524 860
525 857
525 853
524 851
524 844
524 840
524 834
523 828
525 823
523 818
524 815
524 809
524 804
525 800
524 796
523 791
524 714
524 710
523 706
527 702
524 698
524 692
525 683
524 682
524 677
525 671
524 666
524 659
523 655
524 648
526 641
525 636
524 627
524 620
525 613
525 607
525 601
524 595
525 591
525 586
523 583
524 578
525 573
524 571
524 563
524 560
524 554
525 548
525 541
524 536
525 529
524 523
525 515
525 510
527 504
524 498
525 491
524 486
525 481
524 476
525 471
525 468
525 462
525 457
524 452
524 446
524 440
525 434
525 428
524 421
524 416
524 409
525 402
523 311
525 310
524 306
525 301
526 297
526 291
526 288
525 283
525 280
526 277
527 270
525 271
536 263
666 261
793 261
925 254
897 250
810 245
794 241
847 237
813 233
792 225
827 224
818 219
767 215
776 211
795 208
781 204
746 202
755 198
762 195
762 192
803 188
744 186
740 181
786 179
771 175
764 170
764 170
740 165
718 166
738 161
731 158
699 156
680 154
697 152
650 150
682 149
688 148
688 145
660 144
659 142
664 142
655 139
658 139
659 139
629 136
623 124
630 123
607 125
602 123
602 123
599 123
623 123
594 123
559 122
578 123
588 122
570 124
571 122
564 122
577 123
570 122
563 125
554 124
543 125
525 125
530 127
526 132
526 132
523 134
522 135
525 137
524 138
525 139
525 140
526 142
524 143
524 148
525 147
525 150
525 152
525 155
527 156
526 159
524 163
525 165
524 166
525 170
524 173
525 175
525 179
525 180
524 183
524 188
524 191
525 195
524 198
525 203
524 207
525 211
524 217
524 222
524 229
524 318
524 323
525 328
525 332
524 338
524 343
524 348
525 356
524 359
523 361
525 369
525 374
524 380
523 385
524 389
524 396
525 400
524 407
525 414
524 421
525 428
524 435
525 442
523 450
524 453
537 461
524 461
525 467
524 473
524 475
526 479
525 483
525 489
524 495
527 500
522 506
525 511
524 518
524 526
523 533
524 539
525 547
524 553
525 557
524 564
525 568
525 574
524 577
525 582
524 588
525 592
523 598
524 603
524 609
523 616
524 622
516 629
524 722
524 727
525 733
524 737
524 741
524 746
524 751
524 755
525 759
524 763
523 767
524 772
525 776
525 780
524 786
521 780
431 790
258 787
161 800
214 805
204 807
254 811
257 814
245 819
233 823
229 828
247 832
234 836
256 841
283 844
257 848
257 852
333 855
285 858
282 861
267 864
299 866
309 871
259 874
282 877
266 880
311 884
319 886
288 889
321 893
333 895
341 897
372 899
312 906
363 901
387 905
409 907
371 903
374 909
405 911
384 912
391 914
447 930
461 931
477 931
457 932
476 932
457 932
443 932
479 932
455 931
471 942
508 927
444 940
479 928
458 929
514 931
475 930
511 929
510 928
520 925
524 923
524 921
524 920
523 917
524 916
524 914
524 911
526 913
524 911
527 909
524 908
524 906
523 905
524 902
524 900
525 897
524 895
524 892
524 889
524 886
524 883
524 882
524 880
524 876
522 872
519 871
525 867
525 862
525 859
524 857
523 850
524 845
524 841
525 837
524 831
525 824
525 820
525 753
524 749
524 746
524 742
524 738
525 727
524 726
524 720
525 712
524 708
524 704
524 697
525 692
524 687
523 683
523 678
524 672
525 669
525 661
525 656
525 651
525 643
523 637
525 629
524 622
524 617
525 607
524 605
524 595
524 594
524 587
525 582
524 580
525 574
523 571
524 565
523 561
525 557
525 551
524 544
525 537
523 531
526 523
526 518
525 510
525 504
524 500
525 493
524 488
525 482
524 478
524 474
525 468
525 464
525 459
525 453
524 448
524 327
523 325
525 321
524 316
522 312
525 307
523 302
524 297
523 294
526 290
523 285
524 281
523 275
523 270
528 266
528 262
623 262
679 256
893 259
918 251
902 246
828 241
803 238
807 233
827 230
809 225
791 221
808 216
818 213
764 209
774 205
763 202
800 200
791 195
739 193
749 186
787 186
792 182
750 179
697 177
769 173
807 170
759 168
725 164
712 161
726 158
726 156
712 156
663 152
666 152
664 149
681 148
666 146
665 146
673 143
664 142
655 140
661 122
598 122
626 121
591 119
588 121
589 122
579 121
560 122
595 121
577 122
568 122
567 122
574 123
561 125
551 123
540 127
530 128
524 128
526 131
524 132
524 135
526 135
523 137
526 139
525 140
525 141
527 143
525 145
528 146
525 148
526 151
523 153
520 155
525 158
522 160
524 161
524 166
523 169
527 172
524 173
524 178
524 181
524 183
523 185
525 189
527 195
524 196
526 200
524 205
525 210
526 214
525 220
525 225
523 231
526 238
525 242
524 245
524 355
524 358
524 362
524 365
528 369
525 371
523 379
524 384
525 386
523 395
526 398
524 406
525 413
524 419
524 428
524 433
525 442
524 447
525 453
523 458
525 460
518 473
525 471
525 477
526 479
525 485
523 489
526 493
523 501
525 505
525 512
524 519
525 525
522 532
524 539
524 545
524 552
524 558
525 562
524 568
524 572
525 577
524 582
525 587
524 589
523 597
525 603
525 608
523 614
524 621
526 627
524 634
523 648
527 645
525 652
525 657
524 663
525 684
525 687
524 691
525 697
524 703
525 706
524 711
524 715
524 720
524 725
524 731
524 734
524 741
525 745
524 749
524 753
525 759
525 761
524 766
525 770
525 775
524 779
522 783
522 788
517 783
422 793
185 801
189 802
176 806
220 810
220 813
242 815
273 821
247 826
254 831
242 834
228 838
277 843
299 846
261 849
266 852
295 855
323 858
272 861
279 865
306 868
285 872
286 875
252 879
271 882
313 885
321 888
308 891
296 893
362 895
393 897
343 899
401 915
391 917
396 918
416 919
393 919
425 921
383 922
397 923
435 924
414 924
408 927
385 927
447 928
428 929
430 930
422 929
437 930
436 930
473 931
445 931
434 932
469 932
474 932
477 932
480 931
456 932
462 937
463 933
496 931
466 931
476 927
488 927
510 932
512 928
518 926
523 923
523 923
524 920
524 919
523 917
523 914
524 915
523 913
523 912
523 911
525 909
525 907
523 904
525 903
524 900
524 898
524 896
523 894
524 890
524 888
524 885
523 882
525 851
523 848
526 841
525 837
524 833
524 828
524 823
524 817
524 812
525 807
524 803
525 797
525 792
525 787
525 783
525 778
524 774
525 767
524 763
524 760
524 754
524 748
525 743
524 738
525 731
524 728
526 722
525 715
523 711
524 706
525 701
524 695
523 690
525 686
524 679
524 674
523 669
525 663
524 658
524 651
524 646
524 639
525 632
524 625
525 617
524 612
523 605
524 599
524 594
525 589
524 586
524 581
525 576
524 572
525 567
524 562
524 558
524 502
523 499
524 495
525 490
524 485
524 480
524 475
523 471
523 466
524 461
525 454
524 450
525 444
526 438
524 431
525 426
523 419
524 413
525 406
524 400
523 394
525 389
524 384
525 379
525 372
525 366
524 360
525 356
525 351
524 346
525 340
524 336
523 336
524 327
524 322
524 319
526 312
523 308
526 304
525 301
525 296
524 291
525 287
526 282
524 278
525 272
526 268
529 265
603 263
653 258
887 258
889 254
870 249
859 242
858 237
821 233
787 230
753 195
783 194
750 191
709 187
756 184
763 180
772 176
738 174
728 170
764 167
772 165
718 161
705 159
692 157
701 157
686 153
671 152
660 149
641 148
686 146
681 146
695 144
636 142
655 139
659 139
662 138
675 138
628 136
629 138
650 134
664 131
626 132
636 130
654 130
621 125
660 127
612 127
635 126
608 125
621 124
598 125
573 124
626 123
615 123
572 123
605 122
604 122
570 121
599 121
608 122
554 122
577 121
569 122
586 122
542 126
576 123
538 148
525 150
526 151
527 152
524 155
526 156
524 161
525 161
527 165
526 168
526 170
525 171
525 175
525 178
525 182
524 184
524 187
524 190
525 194
524 198
525 203
525 207
525 213
523 218
524 225
525 230
524 235
524 240
524 243
525 247
526 250
525 257
525 262
526 266
525 270
528 276
523 282
525 289
524 292
525 298
525 303
524 309
525 313
524 318
524 323
524 330
524 335
524 340
525 346
524 350
524 356
525 363
524 367
523 371
524 376
525 382
523 386
524 483
524 486
524 488
525 492
525 499
524 503
523 511
527 516
525 523
522 530
524 535
522 544
525 550
525 557
525 561
525 567
524 571
523 576
523 580
526 581
524 589
524 596
524 599
523 607
523 611
524 619
525 625
524 631
522 636
519 628
523 651
524 656
524 660
524 668
524 672
524 677
524 684
524 688
525 694
524 700
524 704
525 709
524 713
524 719
524 723
524 728
523 733
524 738
524 742
524 748
524 752
524 756
525 760
524 764
524 768
524 773
524 776
524 841
261 844
283 845
297 848
272 851
278 854
296 858
313 861
287 865
261 868
305 871
311 875
242 877
267 881
322 884
300 886
333 889
321 892
345 895
293 897
351 898
407 902
365 900
362 904
357 904
376 910
392 903
381 910
417 912
362 914
422 915
409 916
397 919
384 920
390 921
405 921
380 921
429 925
411 924
414 925
426 927
422 928
406 928
401 928
437 929
451 929
443 931
426 932
456 931
448 933
444 934
491 931
441 933
453 933
468 932
475 932
476 935
473 917
528 916
524 915
524 914
524 913
524 912
523 911
524 909
524 907
524 906
525 903
523 901
524 899
524 896
525 893
525 889
524 888
524 884
524 883
524 879
524 876
524 873
524 871
524 868
525 865
524 860
525 857
525 853
524 849
523 844
525 838
525 832
524 829
524 824
524 818
525 812
524 808
524 803
524 800
524 794
525 789
524 785
524 780
524 774
524 769
524 765
524 758
524 753
523 751
525 746
526 741
524 735
526 730
525 723
525 718
524 713
523 707
524 592
524 587
524 582
525 578
524 573
524 572
524 565
525 560
524 555
524 549
524 542
525 538
526 529
523 523
525 516
524 511
525 503
525 496
525 493
525 486
524 482
524 477
524 472
525 467
525 462
525 457
524 451
524 446
526 440
524 433
527 427
523 421
523 415
525 407
525 404
525 397
524 390
524 386
525 379
524 374
525 368
525 363
525 357
524 352
525 347
524 342
524 337
528 332
523 327
524 322
525 315
525 314
524 308
526 304
526 298
527 296
523 288
839 219
812 217
818 216
790 211
773 208
774 205
748 202
745 197
773 195
771 190
739 188
784 186
786 180
749 178
754 174
756 171
772 169
759 166
742 164
710 161
706 159
699 157
720 154
667 153
683 151
666 149
658 149
691 146
686 145
666 143
673 142
663 139
646 137
634 137
661 137
619 136
639 136
650 134
661 131
664 129
642 129
637 130
619 127
625 126
640 126
616 125
613 128
605 123
614 124
616 124
600 123
616 123
578 123
609 121
598 122
574 123
560 123
526 142
524 142
525 143
525 144
525 147
526 148
524 151
526 154
524 157
525 158
525 161
524 165
525 167
525 169
524 171
524 175
525 177
524 180
525 183
525 186
525 189
525 194
525 197
524 202
524 205
524 211
527 215
525 221
525 226
524 232
524 237
523 242
524 249
524 252
525 256
524 261
524 264
524 268
524 275
525 283
522 286
525 291
524 296
525 301
524 309
525 312
525 314
525 320
525 328
524 335
525 336
524 344
525 347
525 353
524 360
525 364
525 369
525 453
525 456
525 459
526 474
522 467
526 469
524 476
524 482
525 485
525 489
523 495
524 500
523 507
524 513
525 520
526 527
524 534
524 539
521 545
522 554
525 556
523 563
525 568
526 573
524 578
525 582
522 587
526 592
524 598
524 604
525 608
524 615
525 621
524 627
525 634
525 639
524 649
526 655
523 658
524 663
523 669
524 675
524 679
524 686
524 691
523 696
525 703
524 706
524 712
523 716
524 721
524 725
524 731
525 736
525 741
525 745
524 750
228 832
221 837
259 839
260 844
259 846
292 850
288 853
291 858
262 860
288 863
298 867
294 870
256 873
275 877
285 881
292 883
299 887
289 889
298 892
326 896
345 897
331 900
347 899
399 902
350 900
389 905
392 906
367 911
369 908
389 911
416 914
378 915
412 916
403 917
403 919
402 917
405 920
388 921
403 923
430 924
422 924
400 925
423 925
424 927
418 928
406 928
455 928
457 929
442 930
446 933
473 930
439 930
456 930
448 931
479 930
468 931
454 911
525 909
523 907
524 907
524 904
525 901
525 899
526 896
523 893
524 891
525 888
523 886
524 882
523 881
524 877
523 875
524 871
524 869
524 864
522 863
524 859
524 854
524 851
524 845
524 842
525 837
524 832
525 825
524 820
524 816
524 813
525 807
524 802
524 796
525 792
524 788
524 781
525 777
525 772
525 768
524 763
525 758
524 753
524 747
523 744
524 739
524 731
524 727
524 722
524 715
524 711
525 705
524 698
524 694
525 690
524 686
525 681
525 537
524 532
524 526
524 523
523 519
524 513
525 503
525 500
525 494
524 489
527 482
524 479
525 474
523 470
524 464
525 459
524 454
524 447
526 442
525 436
524 429
525 423
524 417
525 411
525 405
525 399
525 393
524 387
525 384
525 377
524 371
523 365
524 361
527 354
524 351
525 344
524 339
526 335
527 332
525 330
525 322
525 317
525 311
523 307
524 301
524 299
524 293
525 290
525 287
525 282
523 277
523 273
526 268
529 264
633 263
657 260
883 258
904 236
833 235
789 231
807 229
812 226
780 221
801 216
827 214
764 209
761 206
763 204
740 200
757 197
767 193
776 190
771 186
769 184
746 181
793 176
781 169
768 170
726 167
732 166
728 162
727 159
705 158
702 155
667 154
666 154
696 151
686 148
708 147
643 145
671 144
658 143
660 143
675 140
657 138
654 137
631 137
668 135
644 134
638 133
659 130
642 131
651 130
610 127
656 127
621 126
641 126
622 124
600 123
603 124
618 124
612 123
