523 628
524 633
523 636
523 640
521 645
523 651
520 656
522 664
524 669
524 674
524 680
524 686
524 692
524 696
524 702
523 706
526 711
524 716
523 720
523 725
524 730
525 733
523 751
523 742
527 751
523 751
524 758
526 762
524 765
524 770
524 776
524 779
522 782
523 788
487 791
370 795
407 799
401 804
389 806
392 811
408 815
375 819
369 823
400 828
384 833
362 836
381 842
414 844
371 847
403 851
417 856
405 858
414 861
414 865
397 868
409 865
431 873
525 329
520 327
524 322
525 318
526 312
525 308
525 302
526 299
525 295
524 291
525 287
524 284
524 277
524 271
525 269
523 265
619 261
650 258
659 254
675 250
656 247
651 241
659 237
663 232
656 230
664 225
676 220
662 215
670 212
670 208
631 205
641 202
662 198
659 195
612 193
653 189
668 185
644 182
660 179
646 174
630 173
665 169
642 164
624 162
590 160
634 158
638 157
587 154
631 153
596 151
591 148
596 146
606 144
594 144
580 141
611 140
592 139
384 863
408 876
405 880
403 885
416 885
417 890
401 892
404 894
448 897
451 899
404 900
441 903
458 904
430 906
453 907
466 908
451 910
452 913
440 914
480 915
439 916
456 917
482 919
450 920
469 921
475 922
460 923
467 925
481 926
473 929
453 928
475 928
489 930
475 930
475 931
496 928
489 924
492 932
483 932
504 933
474 933
491 932
488 933
491 934
503 933
498 933
504 932
496 933
507 933
509 932
500 932
504 932
521 931
513 929
523 928
525 926
523 924
525 798
524 796
524 789
524 783
524 780
524 775
524 770
525 763
525 759
524 755
525 750
524 744
525 740
524 733
525 728
526 721
523 718
524 715
524 705
524 701
524 697
525 690
524 686
525 682
525 676
524 671
525 665
524 661
525 655
526 647
525 642
526 634
522 627
526 620
526 614
524 607
525 601
525 595
522 591
524 587
525 581
524 578
524 574
523 570
525 565
525 559
525 554
524 548
523 541
524 534
523 528
526 518
522 514
527 507
524 499
528 496
525 489
523 299
525 296
525 291
524 288
526 283
525 279
524 275
525 270
525 265
529 262
670 261
653 256
677 249
677 246
671 243
637 239
635 235
682 245
651 227
651 221
687 217
637 213
645 211
656 207
627 205
651 199
643 197
643 192
621 190
634 185
686 182
634 179
619 175
669 173
638 170
652 165
628 164
609 160
615 159
610 157
654 153
591 153
569 151
646 149
570 148
609 150
599 145
591 144
581 142
591 140
605 140
569 140
588 136
584 136
585 134
578 134
594 118
550 121
543 123
562 121
551 123
530 122
542 121
549 122
545 122
524 123
541 124
526 127
526 128
526 120
524 131
523 134
524 136
525 136
524 138
524 139
524 140
525 139
524 142
524 145
528 147
524 148
524 151
524 154
524 155
524 158
523 162
524 164
525 165
524 168
524 172
524 174
524 177
524 179
525 184
524 187
525 191
526 193
524 199
525 202
524 205
525 210
524 216
520 227
531 227
524 233
524 237
525 241
524 247
525 252
524 256
525 257
525 263
525 364
523 367
524 370
524 372
540 372
532 385
529 384
525 395
522 402
525 407
525 414
521 423
526 430
524 436
521 444
523 449
523 455
523 457
525 465
525 469
524 473
523 477
523 482
523 486
523 491
525 497
524 501
525 509
526 515
522 521
522 527
525 536
524 542
525 547
524 554
523 558
522 562
517 566
522 591
524 578
523 583
523 588
522 593
523 599
525 605
530 610
524 616
523 624
524 629
523 636
525 641
522 646
523 654
522 659
524 664
525 670
524 676
523 743
525 738
524 745
515 749
519 758
527 761
524 762
524 766
524 771
524 775
525 780
523 782
522 787
449 788
431 795
395 798
380 803
375 808
401 812
389 815
391 819
399 823
380 826
370 833
391 834
378 841
381 843
405 848
394 850
404 854
408 858
418 861
374 864
415 867
415 870
371 873
393 873
415 882
413 879
402 889
418 891
437 893
414 896
457 898
439 900
407 904
447 904
477 905
451 910
420 909
459 911
434 911
441 912
457 914
477 915
452 916
445 918
485 932
491 932
485 931
467 932
494 933
475 932
520 929
502 932
481 931
514 932
512 931
493 931
510 931
520 929
520 928
523 926
524 924
524 922
525 919
524 918
524 916
524 916
523 914
524 914
525 912
524 910
524 908
524 906
525 905
524 902
523 899
524 898
524 895
524 893
524 889
524 887
525 883
525 881
524 879
525 875
524 874
524 869
524 866
524 863
525 860
525 855
525 851
524 846
525 841
525 836
525 830
524 825
524 820
525 816
524 811
527 806
525 801
524 691
524 688
525 685
524 680
527 673
522 669
525 663
526 658
524 651
526 644
524 640
528 629
523 624
528 619
526 611
525 604
526 596
524 594
525 586
523 585
525 579
527 576
524 570
527 565
523 563
525 555
522 552
526 542
525 538
523 532
527 524
524 518
524 511
520 504
524 498
522 492
524 487
524 483
527 478
525 476
523 469
526 463
530 458
525 453
524 447
524 441
526 436
526 429
524 424
524 416
523 410
525 404
526 398
525 393
523 386
525 380
534 376
528 264
533 263
651 261
672 258
645 252
681 248
672 243
663 239
661 235
648 232
661 228
649 224
656 219
688 216
639 213
635 208
660 205
652 202
624 198
636 194
655 191
641 188
631 184
654 181
627 179
650 174
668 171
640 169
619 165
633 163
643 157
611 158
604 153
614 154
583 153
600 150
627 149
596 147
587 148
596 143
588 144
571 141
608 140
601 140
588 138
574 136
585 135
566 133
586 132
609 132
586 131
585 129
578 127
587 128
552 127
557 125
605 125
553 122
549 122
569 122
562 122
565 122
543 122
548 121
573 122
543 122
540 121
564 122
541 122
540 122
542 123
553 123
529 122
533 123
540 125
527 126
525 128
527 148
524 133
525 134
525 136
524 138
524 138
524 140
525 141
525 142
524 143
525 146
525 147
524 150
525 152
523 155
525 157
524 159
524 163
525 165
526 169
524 170
524 174
525 176
524 178
525 182
523 184
527 188
525 191
527 195
524 199
524 203
525 210
525 214
527 227
522 215
524 230
524 236
524 284
524 290
523 295
523 301
524 304
524 308
524 314
525 319
524 324
523 332
524 336
524 340
522 347
527 353
525 357
527 364
525 369
525 372
524 377
528 385
523 395
526 393
524 398
524 405
525 413
525 420
524 426
522 432
523 439
521 446
523 453
526 457
524 463
525 466
523 471
523 474
525 480
526 484
524 488
522 494
523 499
524 505
524 511
523 519
523 524
525 530
522 538
522 545
524 551
523 557
524 561
518 565
535 562
522 577
509 580
524 586
524 591
524 646
524 650
523 655
524 661
524 667
526 673
524 679
524 684
524 690
526 696
524 701
524 706
523 710
522 715
524 720
523 724
525 729
524 735
523 739
521 743
521 748
520 741
519 756
526 758
524 765
523 769
524 773
523 778
525 783
524 786
515 790
401 795
407 798
373 802
373 806
356 811
392 815
380 819
395 823
402 827
371 831
379 836
401 840
370 843
396 847
396 850
388 854
401 858
397 861
408 864
390 867
405 871
425 874
386 877
396 890
408 888
410 906
455 907
482 910
430 910
457 912
454 912
459 914
478 915
464 916
456 917
449 919
461 919
429 922
461 923
482 924
473 925
469 926
465 927
476 928
438 928
481 929
495 930
476 930
460 930
489 932
494 942
477 933
498 933
501 934
461 933
506 932
503 932
484 933
494 933
502 932
496 933
500 934
504 932
510 932
502 930
522 929
523 927
523 926
524 923
524 921
524 919
524 918
524 917
525 916
528 914
525 913
525 912
524 910
524 908
524 907
524 904
524 902
524 876
524 873
524 871
524 869
525 868
524 864
524 860
524 856
525 853
524 848
523 843
524 839
524 833
524 829
525 823
527 818
524 813
524 808
524 802
525 799
524 794
525 789
525 783
524 779
524 774
527 767
524 765
525 761
524 755
522 749
525 744
527 740
524 734
528 728
524 724
524 718
525 710
524 707
524 703
524 694
523 691
524 686
525 679
525 676
525 670
528 666
524 661
529 652
523 648
525 640
524 634
524 628
527 617
523 613
525 605
525 600
524 595
525 499
526 494
525 492
525 490
527 484
525 479
524 473
525 471
525 466
526 460
524 455
524 449
521 444
525 438
527 432
528 426
524 420
523 413
525 407
524 402
525 393
525 389
525 384
526 379
523 375
523 367
525 361
525 357
526 351
526 345
525 343
526 336
524 332
528 328
524 322
525 319
524 314
525 308
525 303
524 299
525 295
525 292
525 288
524 284
526 279
525 273
526 269
527 265
582 263
638 259
677 256
637 251
665 248
675 242
654 236
661 233
652 230
642 168
645 168
600 163
639 161
613 158
596 159
615 155
608 154
609 152
578 151
612 149
580 146
586 145
627 143
574 142
594 138
592 139
592 137
566 131
568 133
592 136
558 133
583 131
610 131
596 129
563 128
582 127
562 127
548 122
595 125
574 125
569 122
549 122
557 123
565 122
557 122
562 121
555 121
546 124
557 121
564 122
534 121
548 120
559 121
538 122
537 122
551 124
542 122
531 125
539 123
525 124
526 127
525 129
530 138
525 135
525 135
526 137
526 170
524 172
524 175
525 178
524 180
524 185
524 187
524 190
524 193
524 197
524 203
524 207
525 211
524 218
521 220
532 227
521 235
525 235
524 243
523 248
525 252
525 255
524 261
525 266
524 270
525 276
527 281
525 287
527 292
525 297
526 302
524 308
523 314
525 316
525 321
524 327
524 333
525 338
523 345
525 349
524 356
523 360
524 364
524 371
525 375
522 380
522 383
528 386
523 400
525 403
524 409
523 414
525 421
522 431
524 436
525 442
524 449
525 502
525 509
524 516
525 522
523 527
524 536
524 541
521 549
524 553
523 561
526 565
527 563
522 573
525 569
518 583
526 589
525 595
525 600
524 605
523 612
524 617
523 624
523 629
523 636
523 642
523 648
524 654
523 659
523 666
523 671
524 677
524 682
524 688
524 693
524 701
524 704
524 709
524 713
524 718
524 724
523 727
523 733
523 737
524 746
521 737
537 750
522 762
529 758
523 757
524 768
524 773
526 775
524 781
524 787
522 790
439 792
389 797
415 867
400 869
414 873
395 876
387 880
425 888
413 887
403 903
429 886
436 900
438 897
401 899
436 901
447 902
451 904
472 905
458 908
444 908
447 910
462 912
446 914
461 915
486 917
434 917
450 918
461 920
457 920
443 922
469 922
484 924
463 926
465 926
469 929
465 928
452 930
491 929
479 930
479 929
488 931
488 930
480 926
480 931
490 932
493 932
475 932
512 933
491 932
491 933
502 932
507 931
494 932
491 931
515 930
496 931
492 930
518 930
522 927
524 894
524 892
525 891
524 890
524 885
525 884
524 881
524 877
524 874
523 873
525 869
524 867
524 861
524 859
528 855
524 849
527 846
525 841
525 835
524 832
524 824
525 821
525 817
524 811
525 804
524 802
525 796
523 792
524 785
524 781
525 776
524 772
524 768
525 761
525 754
524 753
524 746
525 739
523 736
525 731
525 725
525 719
524 710
524 709
524 703
525 697
525 691
524 687
526 681
524 678
525 673
524 666
524 660
524 657
525 649
524 640
525 635
524 537
522 534
523 528
523 524
525 515
524 510
523 503
524 497
524 491
528 485
523 481
526 476
522 471
526 468
524 462
523 457
524 451
523 446
526 439
527 434
525 428
524 420
524 415
524 409
527 403
525 398
523 392
524 385
525 380
526 374
525 369
525 363
525 358
524 352
526 345
526 342
525 338
526 333
526 329
524 325
525 319
525 314
525 310
525 305
525 300
524 297
524 293
525 288
525 285
524 282
525 276
526 271
526 267
529 263
652 260
658 256
673 201
638 198
638 198
639 194
636 191
639 189
638 183
651 182
632 178
622 174
674 172
638 169
618 165
637 163
607 161
605 159
619 157
598 153
595 153
581 150
612 147
580 147
591 146
617 144
584 143
601 141
580 140
613 138
569 138
560 135
609 136
573 133
594 131
588 133
603 130
558 128
589 128
581 127
553 126
576 124
591 124
570 123
563 123
578 124
567 123
533 122
572 122
570 122
535 122
557 121
572 122
530 122
560 120
563 123
534 123
547 122
535 121
554 155
525 157
523 159
524 161
524 164
525 165
523 168
525 171
524 173
524 177
524 180
528 183
525 187
524 188
525 192
525 196
524 200
525 206
524 210
525 213
524 220
523 215
527 236
525 235
524 240
524 246
525 250
524 255
524 260
524 263
525 267
525 273
524 278
524 282
525 289
524 294
525 299
524 302
524 311
525 315
524 318
524 326
523 331
525 335
524 340
523 347
524 351
524 357
522 363
525 367
524 373
523 377
524 380
491 391
526 390
523 398
522 406
524 530
524 533
524 536
525 538
525 545
522 553
524 558
526 564
524 569
522 575
519 581
518 581
527 589
525 592
524 599
524 603
524 609
524 616
523 622
524 628
523 634
524 641
523 648
524 654
524 659
523 664
524 670
524 676
524 681
524 687
523 692
525 697
524 700
523 707
523 712
524 716
524 722
524 726
524 731
524 736
524 741
524 744
523 749
523 751
522 743
523 762
522 766
524 771
523 775
524 780
525 783
522 788
449 791
398 794
402 798
384 802
361 808
379 873
402 886
404 882
377 889
413 893
444 894
437 900
444 896
430 900
422 901
430 902
459 905
477 906
441 907
463 910
449 912
438 913
460 914
474 917
473 917
477 917
454 919
479 921
449 921
450 922
490 924
456 925
470 926
480 927
470 928
476 929
485 928
494 931
466 931
475 931
503 931
482 932
489 932
493 933
488 933
498 933
494 933
516 934
474 933
499 931
512 932
481 932
513 932
503 932
508 931
511 930
517 929
521 930
524 925
524 924
523 922
524 921
524 915
524 914
524 913
524 912
526 911
524 909
524 905
524 905
524 902
525 899
525 897
526 895
523 892
524 889
523 888
525 884
524 882
525 879
525 876
526 872
524 870
525 867
523 864
524 860
524 857
524 851
524 846
524 840
524 837
524 832
524 826
524 820
524 817
525 811
524 807
525 803
524 798
525 792
524 789
524 783
524 778
524 772
524 769
524 764
524 759
525 754
526 748
524 743
525 734
524 732
526 727
525 722
524 714
525 710
525 706
524 701
526 696
525 648
523 643
523 639
525 634
525 625
523 618
527 611
525 605
524 599
527 592
524 590
526 583
521 580
525 576
528 572
523 568
528 560
523 557
524 548
523 546
525 540
528 531
526 528
528 516
523 513
526 505
524 499
526 493
525 488
525 484
526 479
523 474
526 469
524 465
525 459
525 453
524 447
525 441
524 436
525 430
525 423
525 417
525 410
526 405
525 399
524 395
524 388
525 381
524 375
524 371
526 365
525 359
525 355
524 346
525 342
525 338
526 335
524 299
525 296
525 295
526 291
524 286
524 281
524 277
523 272
524 267
528 264
602 262
669 257
652 254
649 249
659 245
693 240
660 236
665 232
668 228
650 223
673 220
688 215
645 211
641 209
656 204
634 202
634 199
634 195
650 192
633 189
639 185
658 183
636 178
650 175
641 172
635 168
629 165
635 163
629 161
597 159
615 155
638 157
596 153
609 151
614 148
592 148
595 147
589 145
595 143
583 143
606 140
596 139
586 139
601 136
601 129
564 134
574 132
563 124
540 123
552 123
557 123
557 123
579 122
568 123
540 122
562 122
574 123
535 122
547 122
549 123
545 122
536 122
564 123
544 122
541 124
542 124
537 125
528 125
525 128
525 132
525 135
520 150
524 136
525 138
525 141
524 140
525 140
525 143
525 144
525 148
524 149
524 150
525 153
525 155
526 156
525 159
524 163
525 165
524 168
525 170
523 172
524 176
524 179
523 182
525 184
524 188
525 192
524 195
524 199
523 202
526 207
524 212
524 217
524 225
525 267
525 270
523 272
524 278
526 282
524 287
525 294
523 301
521 303
525 306
528 311
524 318
524 323
524 326
524 336
523 341
524 344
524 351
523 358
525 361
524 368
524 373
526 376
523 381
524 378
526 392
514 399
524 403
523 407
525 416
523 424
524 431
525 440
523 445
524 451
524 460
525 460
521 466
525 469
524 474
524 479
524 483
525 489
526 493
522 499
524 504
524 510
523 517
526 523
524 530
525 537
523 545
522 549
523 556
524 561
527 567
526 657
525 662
524 664
526 669
526 673
524 679
524 684
523 690
524 695
524 701
524 705
524 709
524 713
524 719
525 723
524 728
524 733
523 738
523 743
523 744
541 750
523 758
530 757
521 766
539 766
525 773
524 777
524 782
525 786
518 791
423 792
407 796
371 801
370 806
389 812
374 815
383 821
418 822
375 827
362 830
401 835
399 839
368 842
391 850
417 849
384 854
397 856
412 860
415 864
407 868
422 871
393 874
394 876
441 879
402 882
383 890
423 893
432 917
473 918
485 920
445 922
472 922
487 923
446 924
478 925
488 926
452 927
465 929
483 929
499 930
466 931
490 931
487 931
484 931
498 945
490 934
488 933
488 933
506 933
503 932
484 932
503 932
515 933
478 932
510 932
513 931
496 931
517 931
518 930
519 928
522 924
524 923
524 921
524 920
524 918
524 917
526 915
525 915
526 913
524 912
524 911
524 909
525 908
524 905
524 903
525 901
523 898
524 895
526 892
524 890
524 887
523 887
524 882
524 878
524 812
525 810
524 805
524 799
525 793
524 790
524 786
525 781
525 775
524 769
525 762
524 758
524 756
525 749
526 743
525 740
525 735
524 728
525 724
524 718
524 712
524 706
524 701
524 695
526 689
524 686
523 681
524 676
524 671
524 665
525 661
525 656
527 647
524 643
525 635
526 626
523 621
527 613
523 608
525 601
527 596
527 591
525 585
523 582
524 581
525 576
523 569
525 565
525 559
525 553
523 548
525 541
523 533
526 527
525 521
524 515
524 509
524 451
526 447
525 445
525 438
524 431
525 426
525 420
525 413
525 407
525 402
524 394
524 391
526 384
525 378
525 372
525 367
526 362
524 357
525 350
525 346
525 341
525 336
526 332
525 327
524 323
525 318
524 314
525 308
524 304
524 299
524 294
524 293
525 286
524 283
524 276
525 273
525 268
526 264
597 264
657 257
655 254
659 251
664 248
674 243
654 239
669 235
672 229
656 225
680 225
682 218
658 211
650 209
659 205
652 202
629 199
643 196
651 193
606 145
593 143
604 143
590 142
592 139
614 138
561 137
610 136
564 136
575 129
585 133
583 131
577 131
551 131
604 128
586 127
582 127
581 126
573 125
566 124
545 120
581 123
564 122
532 122
578 122
570 122
544 122
559 121
556 122
535 122
562 121
542 122
554 122
529 122
568 124
546 124
532 122
554 126
531 124
526 126
527 128
524 131
525 132
525 136
525 138
524 138
525 138
524 140
524 140
524 141
524 144
526 146
524 147
523 149
525 152
524 155
526 157
525 225
527 228
525 239
525 238
524 243
524 248
525 252
524 257
524 262
527 264
524 271
525 275
524 282
524 288
524 292
525 295
524 303
524 309
524 311
524 317
525 322
524 324
524 334
523 341
524 343
524 349
524 356
524 359
524 365
525 369
526 374
525 380
526 385
525 403
519 400
524 389
520 409
524 414
520 422
522 429
524 435
521 443
526 447
524 455
524 460
525 463
523 470
523 472
522 478
525 481
525 486
525 489
524 496
523 501
525 507
523 514
523 520
523 627
523 629
523 635
520 641
523 647
523 652
525 660
524 663
523 671
525 676
522 681
524 687
525 692
524 698
523 702
525 707
524 712
524 716
524 721
524 726
527 731
524 736
525 742
524 745
524 750
513 757
522 759
526 757
526 769
527 772
523 775
522 780
523 785
521 788
443 791
403 795
360 800
391 805
400 809
386 811
408 815
398 820
377 824
386 828
398 833
389 837
373 841
401 845
413 849
354 852
411 856
438 859
385 862
399 865
418 869
401 872
414 876
450 908
470 910
421 911
477 912
448 914
459 915
453 917
473 918
457 920
437 921
478 922
446 923
455 924
470 924
475 925
460 927
468 928
483 928
478 929
481 929
486 930
475 930
476 930
504 930
494 935
471 931
501 932
508 932
491 932
498 932
510 932
485 931
490 931
514 932
500 931
495 931
514 930
518 929
515 928
524 926
524 924
524 922
525 920
523 919
524 917
524 915
524 915
525 914
523 912
524 911
524 910
524 907
525 906
525 906
525 902
524 898
525 895
524 822
524 819
524 814
525 810
525 804
524 800
525 798
525 793
525 785
525 780
522 776
524 771
524 766
525 760
525 755
524 751
524 746
524 740
524 734
525 732
524 724
525 718
524 714
524 707
524 701
524 697
524 692
525 687
525 683
526 677
524 672
524 669
525 662
525 657
527 648
524 644
525 636
525 629
525 622
526 616
524 610
525 602
524 599
527 592
523 589
525 584
525 579
525 574
525 570
523 566
524 559
524 556
527 548
524 543
527 537
528 529
524 408
526 404
525 399
524 392
525 389
526 382
526 376
525 371
525 367
525 359
525 354
525 349
524 344
524 341
525 336
524 330
525 325
525 321
525 316
526 309
525 306
524 302
524 299
525 293
524 290
526 286
525 279
525 277
524 272
524 269
530 264
615 264
678 257
670 251
680 247
634 244
654 240
670 233
659 232
659 228
664 224
665 219
645 214
660 211
660 209
627 204
655 200
647 198
614 194
652 190
666 188
639 184
630 181
661 178
668 173
624 171
636 166
626 125
574 127
576 126
579 125
556 126
585 125
560 123
536 123
577 122
572 123
547 121
546 122
566 122
553 122
542 122
550 122
565 122
534 121
562 121
546 122
541 124
530 134
551 124
531 126
526 124
527 127
524 129
525 133
525 134
525 136
515 136
524 138
525 140
524 140
524 141
528 144
525 143
525 147
524 149
524 151
523 153
524 156
524 158
524 161
527 164
524 167
524 169
524 172
524 174
526 177
524 181
524 184
524 185
524 190
523 193
524 197
524 201
524 222
524 227
525 228
524 233
531 239
528 247
524 246
524 251
523 255
525 260
524 264
525 269
523 274
524 281
525 284
524 289
525 296
525 302
525 305
524 311
524 314
524 321
525 326
525 331
524 337
525 341
525 346
524 353
525 358
525 363
523 369
525 372
524 377
522 383
525 387
523 395
523 401
517 404
523 413
525 418
523 427
523 432
524 441
522 447
524 452
524 459
526 460
