524 465
525 462
524 458
524 455
524 449
524 444
524 439
523 432
525 424
526 420
525 413
525 407
525 402
524 395
524 389
525 384
525 380
524 373
524 366
524 363
524 356
524 351
525 347
524 341
524 337
525 333
525 327
524 323
524 317
524 312
525 308
525 304
525 299
524 295
524 291
524 287
523 283
524 277
524 273
527 268
536 265
650 263
773 261
960 261
991 256
981 250
993 248
940 243
956 238
1018 233
966 228
961 224
958 219
944 216
950 214
901 208
864 205
525 676
524 680
524 683
526 688
523 694
525 699
525 704
524 709
524 713
524 718
525 723
525 728
525 732
525 737
526 743
526 747
523 752
525 755
525 760
524 765
524 769
526 773
524 777
523 782
522 785
519 790
411 791
155 791
32 796
46 801
72 806
68 810
93 814
83 818
85 822
84 828
111 831
89 836
106 839
138 843
129 846
170 850
150 853
179 856
157 860
170 863
165 866
165 871
108 874
188 876
205 879
175 883
179 886
202 888
200 891
248 894
261 897
243 898
524 291
524 289
524 284
524 279
525 275
526 271
527 267
534 263
689 263
765 260
977 260
1023 253
1023 248
982 243
996 238
946 235
966 230
991 226
960 221
936 218
956 213
922 213
898 207
867 204
890 200
894 197
855 194
887 190
883 187
869 185
877 179
919 178
879 174
870 171
863 168
842 165
831 162
828 161
776 158
778 156
780 154
766 152
746 151
772 148
748 147
748 146
718 145
730 143
740 142
752 141
725 139
705 138
695 136
727 134
734 134
684 134
708 204
526 206
525 210
524 216
524 223
525 225
525 232
524 237
526 243
524 248
523 252
525 256
524 260
525 263
524 269
524 275
524 280
524 285
524 290
524 296
525 300
525 305
525 309
525 318
524 323
525 324
525 335
524 340
526 340
525 348
525 355
524 358
524 364
525 369
525 372
524 380
525 383
525 388
524 396
524 401
524 408
525 412
524 420
524 427
527 435
525 442
525 447
524 454
525 457
525 465
525 468
524 471
525 476
524 480
524 485
525 489
524 496
524 611
524 612
524 619
525 622
524 627
524 634
525 640
524 646
525 651
524 658
524 664
525 669
524 676
526 680
525 686
524 692
525 697
524 702
524 707
525 711
524 718
524 721
524 725
524 731
524 735
533 739
517 745
524 750
525 754
525 758
524 762
525 767
525 771
524 776
525 778
523 783
519 788
427 791
246 791
137 794
89 797
41 803
54 807
92 813
115 816
75 820
107 826
100 829
48 833
109 837
126 841
136 844
153 847
144 852
154 856
179 859
173 861
168 865
339 910
346 910
327 911
314 913
348 915
350 916
316 916
330 917
330 919
360 920
363 923
350 922
330 925
348 924
321 922
392 930
381 926
385 937
380 929
379 930
407 930
413 929
377 930
400 930
441 930
435 931
399 931
434 931
449 929
456 931
444 931
421 930
442 930
462 930
482 929
459 929
482 930
511 927
518 926
519 922
523 921
522 919
522 917
524 915
523 915
525 913
524 913
525 911
539 908
530 908
527 913
524 905
524 902
525 899
525 897
524 894
524 892
524 824
525 820
524 816
524 813
524 807
523 800
523 794
522 792
524 804
536 786
523 791
523 771
524 766
524 764
525 757
524 749
524 748
524 744
524 736
525 730
524 726
524 720
525 715
524 711
524 704
524 697
524 694
524 688
523 685
524 679
524 673
524 669
524 664
524 657
524 651
524 644
524 639
524 629
524 624
525 617
523 611
525 610
523 600
527 598
523 587
527 590
525 579
524 575
523 573
525 566
524 563
524 556
524 552
524 545
524 539
524 533
524 526
524 444
524 438
525 436
525 431
524 425
524 418
527 408
525 407
522 400
524 395
525 389
524 383
525 378
524 370
522 366
525 362
525 355
524 350
525 346
524 341
524 336
525 331
524 327
524 321
524 316
524 312
524 307
524 302
524 298
526 291
524 290
524 285
525 282
525 276
525 272
528 268
533 263
676 262
786 259
982 259
1023 254
977 249
966 245
970 240
967 234
958 232
951 230
959 223
957 218
927 214
943 211
871 207
883 205
886 201
883 198
868 195
840 142
766 141
714 140
740 139
709 138
703 138
703 136
700 135
719 131
693 133
711 130
704 130
710 129
674 128
661 127
707 127
659 126
632 126
661 125
667 125
633 125
624 124
662 124
638 123
632 123
632 122
609 121
590 122
646 123
604 121
554 123
620 122
569 120
598 124
563 124
560 125
537 125
530 129
529 130
526 134
527 135
527 137
525 136
526 139
525 139
524 142
524 147
524 145
525 146
525 148
525 151
524 151
524 155
525 157
525 160
526 164
524 165
524 246
524 247
525 251
525 252
523 258
525 262
525 267
523 272
525 277
526 283
525 289
524 295
524 300
525 303
524 308
524 316
524 320
525 321
524 330
524 335
524 339
523 347
527 352
525 356
526 362
524 367
524 373
525 377
528 381
523 387
527 392
524 397
526 404
522 411
523 417
525 426
525 432
525 438
525 445
523 452
525 457
524 462
522 466
525 469
524 475
525 477
524 483
524 486
525 492
525 497
524 504
524 510
525 517
524 523
525 529
525 537
524 543
525 744
525 746
524 749
523 753
527 755
525 761
524 764
524 769
525 774
523 778
523 782
523 786
481 789
397 791
143 792
87 796
104 801
79 806
26 810
62 815
119 819
90 823
53 828
91 832
84 836
120 840
144 844
150 847
156 851
185 854
181 856
148 860
169 863
196 866
166 870
142 868
163 876
184 880
173 884
195 885
163 889
186 891
229 894
286 896
265 898
282 900
276 901
294 903
306 905
298 904
328 909
308 910
310 911
306 913
341 914
334 914
332 916
353 917
345 921
343 923
342 923
376 924
367 925
383 926
364 926
374 928
378 929
375 929
403 929
409 930
405 930
384 930
407 930
440 931
440 931
404 931
440 932
429 931
450 931
452 931
448 931
450 931
469 929
470 930
489 929
493 928
513 927
519 925
523 922
524 921
524 919
524 916
523 916
524 915
524 913
523 912
525 911
525 909
524 906
530 906
522 903
524 901
525 898
524 896
524 893
521 890
525 887
524 885
524 883
524 881
524 876
524 873
524 870
523 868
523 865
524 811
524 809
524 803
524 799
521 791
528 784
522 786
520 780
521 777
524 769
526 764
524 757
523 753
524 749
524 745
524 740
524 732
524 725
524 724
524 715
523 711
524 708
526 700
524 694
523 692
524 686
524 681
524 677
525 669
524 666
524 659
524 654
524 648
524 639
524 636
525 626
525 620
524 614
524 605
521 587
520 595
526 587
524 585
522 568
522 578
524 573
524 569
525 562
524 559
524 554
525 548
523 542
524 535
523 528
525 522
523 515
525 508
524 454
524 450
524 447
524 440
523 433
524 427
525 421
525 415
528 411
524 402
524 396
524 391
525 385
524 379
525 374
524 369
525 363
524 358
524 352
525 347
524 343
524 338
525 333
525 328
525 323
524 319
524 314
524 309
526 304
524 300
525 296
524 292
525 287
524 284
523 279
524 274
525 270
530 266
611 263
703 261
764 257
1023 258
1015 253
1005 247
1023 242
986 237
984 233
986 229
939 226
949 219
987 216
899 212
924 209
874 206
878 203
906 200
855 166
834 166
818 164
849 162
802 160
785 156
805 156
751 154
745 152
757 150
735 149
777 147
706 146
735 145
718 143
693 142
722 140
700 139
719 138
727 136
729 136
684 133
694 133
706 131
695 130
691 130
680 128
719 127
702 126
664 126
660 126
627 122
646 124
664 125
642 124
605 124
645 123
634 123
618 123
605 123
616 123
607 123
588 122
609 124
568 124
602 124
583 125
582 126
544 126
556 126
528 128
525 130
526 129
524 135
525 136
524 137
525 138
525 160
525 161
525 164
525 166
526 169
523 171
525 175
526 178
524 180
527 183
524 187
525 189
524 194
526 199
524 202
524 206
525 211
526 216
525 222
525 226
524 232
522 239
525 243
526 246
525 252
525 257
525 262
526 266
525 271
525 275
525 281
525 288
525 291
525 295
523 301
524 307
525 311
524 316
525 322
525 326
524 332
525 339
525 343
525 349
524 355
525 359
525 365
525 369
524 373
524 380
526 384
525 391
525 395
524 401
524 408
525 413
525 424
525 523
524 526
524 531
524 539
525 546
524 553
524 558
524 563
524 569
524 573
524 578
524 583
524 588
526 593
523 598
523 604
525 609
524 615
525 621
525 627
524 635
524 640
524 646
524 654
525 658
524 665
524 670
524 676
524 681
524 687
524 694
524 698
525 703
523 707
524 713
524 717
524 723
524 727
524 731
525 737
524 741
521 736
524 751
524 756
525 759
524 763
524 767
524 771
524 777
523 781
522 785
519 789
385 791
206 791
96 795
91 799
107 804
157 864
159 867
169 870
165 872
164 869
156 879
179 882
172 885
209 888
216 890
203 892
232 895
275 898
291 900
291 901
262 903
310 904
275 906
320 908
297 908
329 910
320 913
320 912
342 915
320 915
350 917
326 918
343 919
317 920
345 921
363 923
354 923
384 924
363 926
399 928
373 927
366 927
409 928
366 929
403 929
396 930
410 930
400 931
420 930
417 930
450 931
419 931
430 932
452 932
443 931
439 931
489 931
447 931
441 929
506 930
510 929
504 927
524 897
524 896
524 896
523 892
524 889
522 887
524 883
525 883
524 879
523 875
524 872
524 869
524 866
524 863
523 859
524 855
523 851
524 846
524 842
524 835
525 831
524 825
526 821
524 815
524 811
524 807
524 800
525 796
526 788
526 785
523 781
525 777
522 765
524 766
524 762
525 758
524 750
525 749
524 744
524 736
525 731
524 726
524 719
524 714
524 711
525 703
524 696
521 693
524 688
525 682
524 679
523 672
524 668
523 663
524 656
524 652
524 644
525 576
524 571
524 566
524 562
525 555
524 550
524 545
524 538
524 531
525 525
524 519
524 510
524 505
524 499
524 493
524 489
524 484
524 479
523 473
524 468
524 464
525 458
525 454
524 448
524 442
524 435
525 429
524 423
525 417
525 411
535 415
524 398
525 394
524 388
525 382
525 376
525 370
524 365
524 359
525 354
524 349
525 343
524 340
524 335
524 329
524 325
524 320
525 315
525 310
524 306
525 302
522 297
524 294
527 289
524 285
524 281
524 276
876 204
835 203
863 200
897 197
871 194
868 191
897 188
898 186
864 180
910 177
875 173
867 171
895 168
830 165
817 162
822 161
816 157
797 156
785 154
753 153
717 153
747 151
775 147
752 146
728 144
744 143
751 144
718 141
701 139
702 138
714 136
722 135
685 134
699 133
709 132
727 129
715 130
670 129
675 128
682 127
693 126
666 125
686 125
616 124
632 125
665 124
634 124
630 123
638 122
625 123
628 123
634 122
581 123
616 122
588 122
610 124
609 124
525 152
525 153
525 154
524 156
524 160
524 163
525 166
525 169
526 172
525 173
525 177
526 179
525 182
524 189
524 189
524 194
525 197
524 201
524 206
526 209
525 218
526 222
524 226
527 231
524 237
524 241
524 246
525 251
525 253
524 258
526 265
525 270
525 274
524 280
525 286
524 291
524 294
524 301
525 305
525 309
524 315
523 321
525 324
525 332
525 338
524 343
526 347
525 351
525 358
524 364
527 366
524 373
524 377
524 384
524 387
525 394
524 495
525 501
525 504
525 512
524 516
524 525
526 530
525 539
527 544
523 551
525 557
524 558
536 567
524 576
525 577
524 581
525 585
524 589
524 596
525 603
526 607
523 615
525 620
524 627
526 633
525 638
524 644
524 651
525 656
524 662
525 667
525 674
525 679
525 686
524 690
524 696
525 701
525 706
524 711
524 714
524 721
523 726
525 730
524 735
525 741
525 744
514 716
526 753
524 757
527 761
524 766
524 770
525 775
524 779
523 783
522 788
455 791
342 847
152 850
162 851
139 855
181 858
193 862
143 864
172 868
209 871
166 879
161 877
162 881
163 884
179 886
212 890
228 893
182 895
252 897
292 899
278 901
281 903
276 905
349 906
310 907
295 909
331 910
285 912
340 915
338 915
331 915
329 917
358 919
346 919
308 920
327 922
349 923
325 924
378 924
381 925
384 926
333 927
380 932
374 923
404 928
407 929
403 930
408 930
421 930
424 930
420 930
404 932
442 931
445 932
429 931
434 929
473 930
443 931
485 900
526 898
523 897
524 895
524 893
524 891
525 887
524 885
524 882
524 880
524 876
525 874
524 871
525 868
524 864
520 860
522 858
524 852
524 847
524 842
525 837
525 834
524 828
526 822
524 817
524 813
524 808
525 803
523 799
525 793
518 791
518 789
520 779
526 773
517 763
524 762
525 761
520 754
524 749
524 742
524 741
524 733
524 724
525 721
524 716
525 709
524 705
524 699
524 694
525 690
523 685
524 680
524 675
524 668
523 665
524 659
525 651
524 531
525 527
524 519
528 514
525 506
524 501
524 494
524 489
525 486
524 478
524 475
524 471
524 465
524 460
525 455
525 450
525 445
525 439
524 433
524 425
524 419
525 414
524 409
515 401
524 395
525 390
524 383
525 379
524 371
524 367
524 361
524 357
524 351
525 346
525 342
524 337
524 331
525 327
524 322
524 317
524 312
524 308
525 303
525 299
525 294
524 291
524 287
524 282
525 279
523 273
527 267
534 265
598 263
753 261
885 261
974 256
1023 251
902 168
869 166
824 164
786 162
814 158
823 157
795 155
770 153
739 151
741 149
752 149
766 146
720 147
707 145
752 142
758 141
703 140
691 138
734 136
700 136
710 135
696 134
697 132
719 132
709 130
705 129
643 128
680 127
701 126
677 126
681 125
655 125
625 124
647 124
671 124
628 124
618 124
639 123
609 123
623 123
618 122
615 123
572 122
626 122
597 124
593 124
568 124
589 122
574 125
539 127
528 129
527 130
526 133
524 134
526 136
524 137
524 138
525 144
525 143
526 146
523 147
525 150
525 152
525 155
525 156
525 160
525 163
525 164
524 167
525 171
525 173
524 176
525 181
524 181
524 184
525 189
526 192
525 195
525 198
524 203
524 207
525 213
525 220
526 225
524 229
524 233
524 239
524 246
524 250
525 252
525 257
525 260
524 266
524 271
525 280
524 283
526 286
526 292
525 298
524 303
526 309
524 313
526 319
525 323
524 328
524 335
525 340
525 346
525 350
524 357
524 360
524 365
521 373
524 376
525 437
525 442
527 448
524 451
525 458
524 461
524 465
524 470
524 473
525 478
525 481
525 487
524 492
525 496
523 502
525 509
524 516
525 522
524 529
524 534
525 542
525 549
524 554
525 560
525 564
525 570
524 575
524 581
524 585
524 589
524 594
525 599
524 605
524 613
525 618
524 623
526 630
524 636
525 642
524 648
525 654
527 661
525 666
524 672
526 678
525 683
526 689
525 695
525 699
525 705
525 709
524 713
524 718
525 724
524 729
524 733
525 738
523 780
523 783
521 787
497 789
367 790
163 793
96 796
64 801
59 806
46 810
110 815
119 819
82 824
82 828
82 832
89 836
93 840
134 844
174 847
162 851
139 853
152 857
191 859
190 864
155 867
147 869
180 872
175 882
164 879
165 882
175 888
203 889
240 891
227 894
257 895
268 898
296 900
275 901
252 904
337 905
339 906
280 907
323 909
300 912
327 913
306 914
339 914
320 916
324 919
371 918
312 920
367 920
337 921
377 922
323 924
347 925
366 926
354 873
162 876
122 893
206 882
182 885
192 888
200 891
211 893
256 895
234 899
295 899
260 902
252 903
282 905
344 907
319 908
282 909
321 910
316 912
315 913
331 915
349 916
335 917
338 918
339 920
331 921
346 922
348 922
376 923
341 925
365 926
369 927
338 927
378 938
421 925
393 934
373 930
388 931
449 930
404 931
412 931
435 930
414 932
444 931
460 932
403 931
439 932
453 930
456 931
452 930
451 930
488 930
490 929
498 927
517 926
523 924
523 921
524 840
524 836
524 833
524 830
524 827
524 822
524 817
524 811
525 805
524 801
527 796
524 793
524 785
522 782
524 776
516 771
523 771
507 760
524 756
524 751
524 749
525 743
524 737
524 732
524 726
524 719
525 716
524 709
524 702
525 699
524 693
524 687
525 685
524 677
524 673
524 669
524 662
524 657
524 650
525 646
524 636
524 629
524 624
526 614
524 611
524 602
525 596
524 590
527 584
524 584
531 575
526 578
527 568
524 566
525 563
525 555
524 551
524 338
524 335
524 332
524 329
524 325
524 320
525 316
524 311
525 306
526 301
524 297
525 292
524 289
524 285
524 281
526 275
524 271
527 266
536 263
638 261
746 258
917 259
994 254
1005 249
998 244
971 240
977 236
960 230
984 226
967 222
965 218
959 214
926 211
899 206
882 204
871 201
892 197
872 194
848 191
871 188
873 184
860 182
881 177
858 174
887 171
888 168
865 164
832 164
789 161
793 158
816 156
773 154
738 153
746 151
758 149
743 148
761 145
669 126
662 126
652 127
646 125
651 125
645 124
649 123
663 123
647 124
611 123
623 122
660 123
573 123
619 123
592 122
600 122
593 123
594 125
571 125
571 123
567 123
532 126
530 130
525 130
525 134
526 135
524 136
527 137
526 140
526 141
525 143
525 143
525 144
524 145
525 149
525 151
524 153
524 155
525 158
526 160
525 164
525 166
525 169
525 170
524 173
525 176
525 180
524 181
525 186
524 187
525 191
525 196
524 200
525 204
525 210
524 215
524 218
524 307
525 309
524 316
525 321
525 325
526 328
525 336
525 341
523 346
524 352
525 358
524 361
524 368
524 373
533 378
524 383
524 388
525 394
524 399
524 404
525 413
525 417
525 425
524 433
525 439
524 447
525 450
525 457
523 461
525 466
525 471
525 476
524 479
524 483
526 489
525 492
523 499
524 505
525 510
524 518
526 523
524 530
525 538
524 543
524 551
524 556
525 562
525 566
528 572
525 576
524 580
524 587
525 588
524 596
524 602
524 607
525 612
525 683
524 686
525 691
525 697
524 701
524 707
523 712
525 715
524 720
524 724
524 730
524 735
524 739
524 745
525 748
524 753
521 759
523 763
525 765
524 770
524 774
525 779
523 783
520 788
443 791
254 791
121 795
88 798
121 802
97 807
109 811
117 816
75 820
87 824
110 828
109 833
79 837
95 841
153 844
155 849
125 853
177 855
214 858
180 862
163 864
168 866
176 871
166 874
153 878
157 878
180 884
187 887
197 889
194 893
213 895
273 897
272 899
267 921
351 924
356 924
367 925
367 926
351 927
374 928
393 922
391 930
380 931
398 930
434 930
393 931
430 930
410 931
428 931
431 930
443 932
448 933
423 931
474 931
448 931
449 930
445 931
475 930
492 930
506 927
522 926
521 924
524 921
523 920
523 919
523 917
525 916
523 913
524 914
524 911
524 910
524 909
524 909
522 907
523 904
527 902
526 897
524 895
524 892
524 889
524 887
525 884
524 883
524 879
525 877
523 873
524 869
525 867
525 863
525 859
524 766
523 758
519 770
524 753
524 749
524 744
524 740
524 733
524 729
525 724
524 717
524 711
524 706
523 701
524 695
524 691
524 684
524 681
525 676
525 670
524 666
523 658
524 654
523 647
524 640
524 633
524 625
524 620
523 612
524 606
525 601
525 595
521 590
523 587
520 586
521 576
525 580
522 566
525 563
524 559
524 553
524 547
524 541
524 534
523 527
524 522
525 513
524 509
525 501
525 495
524 489
524 485
524 481
524 476
524 472
524 465
525 462
524 349
524 346
525 342
524 341
524 336
524 332
524 327
524 322
525 317
524 313
524 307
525 303
525 297
524 294
525 290
524 287
524 282
525 277
524 272
525 268
531 264
601 264
746 260
869 259
1008 255
986 251
1013 245
994 241
969 237
969 232
1014 227
977 222
931 219
953 215
931 211
914 208
899 205
875 202
889 199
893 194
849 192
897 189
881 185
891 182
899 178
854 176
869 172
865 169
875 163
856 163
798 161
804 159
777 155
812 154
778 153
778 151
748 149
702 128
689 128
709 126
683 128
669 126
682 126
671 125
638 125
656 125
628 123
653 123
642 123
625 125
627 123
628 122
638 123
600 123
612 122
608 122
618 123
592 122
583 123
586 123
574 122
554 124
548 123
529 129
525 129
526 132
525 134
526 135
525 136
524 139
524 140
525 140
525 143
525 145
527 145
524 147
525 149
525 153
525 155
526 156
525 159
525 161
525 164
525 170
525 169
524 172
525 176
524 179
525 180
524 184
525 188
525 190
525 195
524 199
524 304
524 309
526 311
525 317
524 323
522 328
524 332
526 338
525 345
524 350
524 357
524 360
525 367
525 371
525 374
523 381
525 386
524 390
525 396
525 401
524 407
524 415
524 420
525 431
526 437
524 445
524 451
525 455
525 463
523 465
524 470
524 473
524 477
524 481
524 486
524 491
524 497
523 502
524 507
523 515
524 520
525 529
523 535
524 540
525 549
524 552
525 559
525 563
525 569
525 569
524 578
523 584
525 590
523 593
524 599
525 605
524 723
525 726
524 729
524 731
525 736
525 742
525 747
525 749
525 756
510 764
523 764
525 769
524 772
524 777
525 781
518 784
517 788
373 791
170 793
82 795
91 800
96 803
115 809
109 813
66 818
85 822
92 827
95 831
77 835
59 840
119 843
179 848
136 850
124 854
185 856
187 860
173 863
136 867
137 868
173 873
210 877
159 880
120 880
158 899
223 888
233 892
178 893
236 897
225 898
274 900
285 902
305 904
302 904
280 908
287 908
320 909
300 911
354 912
329 926
522 924
524 922
523 921
523 919
524 918
523 916
523 914
523 915
523 913
523 912
523 910
524 909
525 923
518 904
528 914
533 902
525 896
524 893
524 891
524 888
524 884
524 883
523 881
524 880
525 874
524 873
525 869
524 864
524 861
525 857
524 853
524 848
525 844
524 840
524 835
522 828
524 825
524 821
525 814
524 809
524 804
524 798
524 795
524 790
524 786
524 782
536 773
521 774
525 763
522 769
522 756
523 748
524 746
525 741
525 734
525 729
524 707
527 703
524 699
524 696
524 691
524 686
525 681
524 677
524 672
524 666
524 660
524 655
524 649
525 642
523 636
524 629
524 623
524 615
524 609
524 603
524 596
524 592
524 580
529 585
524 574
521 578
527 569
528 569
524 562
524 555
523 551
524 545
524 536
524 530
