759 163
700 160
702 160
722 157
688 157
679 156
688 153
675 152
677 149
681 148
649 146
645 145
679 142
677 143
652 140
688 140
664 139
640 137
636 137
654 135
633 135
625 133
653 131
641 130
635 129
656 128
636 128
619 126
620 125
639 125
604 125
590 124
621 124
576 124
591 124
602 122
589 123
568 123
593 123
566 123
586 123
581 123
580 123
549 122
561 122
581 123
548 125
538 125
535 126
527 127
525 128
525 131
525 133
525 134
525 138
525 138
524 139
410 918
401 921
406 921
402 922
400 922
399 925
410 925
418 927
394 927
435 928
439 929
437 929
415 929
436 930
471 930
438 931
445 929
470 932
439 931
459 931
483 932
443 931
472 932
473 931
491 933
447 931
472 931
501 931
479 930
503 930
513 920
538 927
519 918
523 922
524 919
524 917
524 916
524 913
523 915
524 913
524 911
519 910
524 909
525 906
524 904
524 901
523 900
524 897
524 894
524 892
525 889
524 886
524 884
524 881
524 879
524 876
525 872
578 122
605 122
606 123
599 123
593 122
591 122
594 122
570 123
588 121
596 122
567 123
567 122
560 123
577 122
540 124
540 127
535 127
528 129
525 131
525 133
524 137
525 136
525 138
521 138
522 140
523 141
525 142
523 145
521 144
525 148
525 148
525 152
525 154
524 157
520 159
525 162
525 165
525 167
525 170
525 173
526 176
525 179
524 181
525 185
525 187
523 192
525 196
524 199
524 203
526 209
524 215
525 220
525 225
526 229
524 233
524 238
524 248
524 569
525 573
525 575
524 578
524 585
523 589
525 595
524 601
524 606
524 613
522 619
524 624
521 631
524 637
524 644
525 650
524 655
523 661
524 666
525 672
524 679
524 684
536 693
524 702
524 699
524 705
524 710
524 715
524 719
524 725
524 730
521 737
523 739
523 745
524 747
524 753
525 757
524 763
524 766
525 770
524 775
522 779
525 783
524 788
501 788
335 793
288 796
270 801
207 804
229 810
208 813
258 818
268 822
215 827
257 828
278 830
238 839
348 894
311 896
337 897
375 899
353 901
401 903
386 904
398 905
353 906
397 908
390 911
380 912
390 917
379 914
413 913
385 916
412 918
390 919
389 921
418 923
438 923
391 924
406 925
437 926
398 926
413 927
436 929
420 929
460 931
443 930
421 931
458 930
475 931
438 932
443 931
476 931
467 931
470 931
459 931
487 932
491 932
471 930
471 931
481 929
495 930
474 930
509 931
519 929
530 925
528 933
518 919
525 918
525 916
524 916
524 915
524 913
524 870
523 868
524 866
523 864
524 861
524 856
524 853
524 848
527 856
525 838
518 829
524 827
514 834
527 818
524 812
524 809
524 806
524 799
525 792
524 790
525 787
524 781
524 775
525 769
524 764
524 759
525 755
525 748
524 743
524 739
524 733
524 727
525 723
525 717
522 711
525 706
525 701
523 695
522 689
525 686
525 681
525 675
524 670
522 664
524 659
525 653
524 647
524 641
524 634
525 627
525 618
524 612
525 604
524 600
525 595
523 590
525 584
522 480
525 478
525 474
526 471
523 467
526 463
525 457
525 451
524 446
523 441
525 432
525 427
524 421
527 414
524 408
525 402
524 397
524 390
524 385
524 379
524 373
525 368
524 362
526 356
525 351
525 345
524 341
525 335
525 332
524 326
524 321
525 317
525 312
524 307
525 303
525 299
524 294
524 290
525 286
524 281
523 277
525 273
525 268
530 264
630 261
758 259
780 255
793 251
795 248
810 243
805 239
801 235
810 231
799 226
807 222
824 218
814 214
754 171
686 168
705 167
714 165
732 162
725 160
709 157
671 156
660 154
682 152
719 150
662 150
675 147
660 146
639 141
687 142
651 140
651 140
660 139
682 137
649 135
639 135
665 133
641 132
653 131
630 130
656 129
647 128
630 127
641 127
611 125
613 125
628 123
601 124
588 123
603 124
604 123
588 122
572 122
614 122
602 122
574 123
576 122
570 122
595 123
557 122
563 124
558 122
556 122
571 124
535 125
528 127
525 129
524 132
525 134
525 136
525 137
525 181
523 183
525 183
524 188
523 191
525 194
524 196
525 201
526 206
524 213
525 218
525 222
524 227
524 232
525 237
524 242
525 247
524 252
525 256
523 261
524 266
524 273
525 276
524 279
525 286
524 292
524 298
525 301
525 306
525 314
524 318
524 321
524 330
513 335
524 338
525 345
525 350
525 355
525 360
524 365
525 370
525 377
525 381
525 385
524 392
524 396
525 403
524 409
525 415
524 423
525 429
523 437
527 444
524 450
524 455
525 459
521 465
523 573
526 576
525 580
525 583
524 587
523 593
524 598
525 605
525 609
524 616
524 623
524 627
524 634
525 641
525 647
524 653
525 659
524 665
524 671
525 677
524 682
525 687
527 696
523 698
524 702
523 709
525 714
524 718
524 723
524 728
524 733
524 737
524 742
525 748
524 753
524 756
524 761
524 764
524 769
525 773
524 777
524 782
524 787
517 790
367 791
288 795
278 800
216 804
213 809
252 813
255 817
257 820
238 825
237 830
249 838
236 837
258 841
396 923
390 924
388 925
395 925
420 925
437 927
429 927
394 929
416 929
449 929
452 930
430 930
453 931
429 931
458 932
460 931
448 932
490 931
456 931
458 932
473 932
483 931
479 931
469 930
475 930
507 929
506 913
514 924
525 926
525 921
528 917
523 918
524 916
524 915
522 915
524 912
524 913
524 910
524 910
525 908
524 906
524 903
522 902
525 898
525 896
524 894
523 891
525 889
524 886
524 883
524 880
524 877
524 875
524 872
525 868
525 866
525 861
524 847
524 843
508 839
525 836
523 840
525 825
507 821
524 813
524 809
524 804
524 801
524 797
524 793
524 787
525 780
526 775
525 771
524 767
525 762
524 756
524 752
525 745
525 740
524 737
524 730
524 724
522 719
524 714
525 705
524 703
525 697
524 691
523 688
524 680
523 677
524 672
525 666
507 666
523 654
525 649
525 644
525 635
524 631
525 619
524 616
524 608
525 601
524 598
524 590
523 588
524 581
523 579
525 575
524 570
525 566
526 560
524 557
524 493
525 488
525 488
523 482
524 478
526 474
525 469
524 464
525 457
525 453
524 447
525 441
525 435
524 428
525 420
524 416
525 409
524 404
524 398
525 392
525 387
524 382
524 375
525 368
525 364
525 359
525 351
524 348
525 342
524 339
525 334
525 328
524 325
524 318
525 314
525 310
523 305
525 300
524 295
525 292
525 287
524 283
525 279
524 274
525 269
528 263
593 263
697 261
793 257
795 252
803 249
788 245
792 240
818 236
808 232
768 227
828 223
724 186
764 182
757 178
753 176
715 173
777 169
777 167
742 163
701 161
692 158
703 157
676 157
697 153
671 151
672 148
671 147
672 148
666 147
631 143
699 144
650 140
632 139
652 137
671 137
656 138
628 134
658 132
646 132
662 131
644 129
639 130
637 128
636 127
655 127
605 125
593 125
639 125
586 124
608 123
603 123
608 123
582 120
591 122
593 122
584 122
594 122
582 123
563 120
561 122
592 122
571 123
529 119
571 124
553 124
530 124
528 127
527 141
525 143
524 145
523 146
523 149
524 152
523 155
524 155
525 158
524 159
524 162
526 165
526 168
524 171
525 174
525 177
524 179
525 182
524 186
525 189
525 195
524 196
525 200
524 205
524 210
524 215
524 221
521 226
524 233
525 237
525 241
524 247
524 250
525 253
521 259
524 264
523 269
524 273
526 280
525 284
524 290
524 297
524 302
524 307
525 311
531 309
525 320
524 327
525 331
531 334
525 343
524 348
524 353
524 360
524 363
525 369
524 373
526 428
527 431
523 435
524 441
524 447
525 453
525 459
524 463
524 467
523 472
525 476
526 479
524 484
525 489
525 494
523 506
524 505
524 514
523 518
524 523
523 532
525 537
521 545
526 550
524 556
524 562
527 567
523 572
523 577
524 581
524 586
525 590
524 596
524 602
523 608
523 614
525 621
526 626
525 633
523 638
525 646
521 650
524 657
524 663
523 668
524 675
525 681
523 686
524 692
525 694
526 711
524 707
525 712
524 716
524 721
524 726
524 732
524 803
253 805
261 809
251 812
242 816
254 819
245 823
206 828
245 835
265 838
222 843
265 843
263 847
275 853
294 854
289 856
294 859
314 863
292 866
273 869
288 873
282 877
299 879
243 883
297 886
361 888
333 890
326 894
318 896
354 897
342 899
377 900
377 903
381 904
391 906
338 908
366 909
400 911
388 911
413 914
378 924
414 914
386 920
398 919
396 919
393 921
387 922
408 922
441 924
400 925
417 927
427 927
384 927
418 928
446 929
461 929
442 929
418 909
392 910
382 912
384 913
379 914
380 924
388 918
425 924
370 922
395 920
417 922
428 924
399 924
384 925
426 927
410 927
426 928
430 928
420 930
425 929
437 930
438 930
428 931
447 931
465 930
459 931
440 931
482 931
465 932
473 932
458 929
480 931
483 930
476 931
470 931
478 930
503 929
512 928
514 912
523 925
509 924
521 923
524 919
523 917
524 916
525 914
524 913
524 914
524 909
524 910
523 909
525 905
524 905
523 902
524 899
524 895
524 894
529 730
525 725
524 721
523 716
524 712
525 705
524 703
525 695
523 689
524 687
524 680
524 676
523 670
525 665
525 664
530 651
524 649
526 641
526 632
524 628
525 618
523 615
525 606
525 600
525 596
525 590
523 588
525 581
524 579
524 573
525 569
525 565
524 559
523 554
524 548
525 542
526 536
525 530
526 522
524 515
524 510
525 502
523 497
524 493
525 487
524 482
525 477
524 473
525 468
525 464
524 458
526 452
526 448
528 441
525 434
524 427
524 422
595 262
665 261
778 259
794 256
790 252
805 248
805 244
793 239
809 235
824 231
785 226
796 223
835 218
801 215
784 210
763 207
796 204
740 201
762 197
776 195
759 191
758 188
764 185
763 181
757 178
770 175
729 171
759 167
771 164
747 164
683 163
684 157
714 157
713 154
687 153
674 152
668 150
662 149
687 146
670 145
663 144
683 141
667 141
649 141
606 138
664 137
626 134
633 134
650 133
636 132
657 131
640 129
639 128
637 127
616 126
629 123
604 125
589 126
559 124
528 127
527 127
526 129
526 132
525 133
526 136
525 138
525 139
524 141
525 141
524 142
525 143
525 144
526 147
525 149
524 152
524 153
525 155
524 159
524 162
525 165
524 173
523 169
525 173
525 175
525 179
525 181
524 184
525 187
523 191
524 194
524 199
525 203
525 206
525 213
524 218
525 222
525 228
526 233
525 238
527 243
524 247
525 252
524 258
525 262
525 266
524 271
524 277
524 285
525 287
527 290
526 297
524 303
525 308
525 312
525 405
524 409
523 415
525 423
525 430
524 436
524 444
525 449
524 455
525 460
524 465
525 469
524 471
525 478
524 480
524 486
524 490
525 496
520 501
539 509
522 514
525 520
524 529
527 533
524 541
524 545
524 552
523 557
525 562
524 569
525 573
525 577
525 582
524 587
524 591
524 597
523 604
525 609
523 616
524 622
524 628
522 634
524 640
525 646
524 652
524 657
524 664
524 670
523 675
524 681
525 686
524 693
523 696
525 701
517 698
524 713
525 717
330 794
299 796
282 800
250 803
272 807
258 810
215 815
277 819
239 824
230 828
225 833
233 837
250 837
239 839
255 848
276 851
312 855
256 857
276 860
314 864
307 867
277 869
261 874
296 877
298 881
274 884
293 886
282 891
325 891
327 895
309 896
363 898
367 900
376 902
349 903
378 905
402 907
386 908
378 911
394 912
417 913
358 914
390 916
397 923
409 915
407 918
401 923
416 923
405 923
419 924
404 925
395 924
408 927
463 927
419 928
416 928
453 931
440 930
478 932
489 932
509 930
502 931
514 929
518 930
521 924
530 920
525 925
535 917
524 917
524 914
523 914
524 913
524 911
524 910
524 908
525 906
524 904
524 902
524 899
522 896
524 894
524 892
523 889
524 886
524 884
524 881
524 879
525 875
524 872
526 869
524 866
526 861
524 859
525 855
525 851
524 844
524 840
525 838
531 828
522 824
519 817
522 818
526 809
523 806
523 801
524 795
525 791
524 786
523 781
524 777
524 771
524 765
524 759
525 658
512 651
523 646
524 641
524 636
524 628
525 622
525 616
524 608
524 604
525 596
523 592
524 587
526 583
524 580
525 573
525 572
524 565
524 562
524 556
525 551
524 545
527 537
524 532
527 525
524 518
525 511
525 505
525 499
525 493
524 489
526 484
526 479
525 475
525 469
524 463
524 460
524 455
526 448
525 443
526 438
523 429
524 424
526 417
526 411
524 405
524 399
525 393
525 389
524 384
524 377
525 371
529 365
524 360
525 354
525 350
525 344
525 254
810 250
798 248
780 246
799 241
807 237
786 233
799 229
831 225
805 220
806 217
806 212
778 209
737 205
783 203
782 199
727 195
740 191
751 190
781 186
770 182
768 188
760 176
764 174
806 169
727 167
708 161
734 161
746 159
712 159
728 154
688 152
661 151
646 151
682 147
700 147
654 145
698 143
658 142
663 140
634 138
658 139
656 136
648 135
642 135
628 133
661 132
661 130
665 130
627 128
631 128
630 127
626 126
626 124
633 125
604 123
599 124
610 133
525 134
526 136
525 137
525 138
526 140
524 141
524 142
527 145
525 145
525 146
525 150
525 154
525 155
525 158
525 160
525 163
525 165
525 174
524 171
524 173
525 176
525 180
524 180
524 185
524 189
526 192
524 197
525 200
525 205
526 210
524 215
524 221
524 225
525 232
525 236
525 241
525 246
524 251
524 256
524 259
526 264
524 269
525 275
524 279
524 286
525 292
525 295
526 302
524 307
525 311
524 316
525 324
524 322
525 331
523 340
525 344
525 363
525 368
525 373
525 374
524 379
524 384
525 389
524 395
522 401
525 408
524 415
524 420
524 429
524 434
524 441
525 448
524 453
524 459
527 464
525 467
525 471
524 475
524 479
525 484
523 489
525 493
523 500
525 506
512 513
526 520
525 525
524 535
524 538
522 544
525 550
524 556
526 562
525 567
523 572
523 576
523 581
524 585
524 591
524 595
524 602
525 607
525 613
525 619
524 626
523 632
524 638
524 645
525 650
523 656
525 662
524 668
524 673
525 720
524 724
524 726
525 730
524 735
524 740
524 745
524 748
524 754
523 758
524 762
525 765
525 770
524 775
524 781
525 784
523 787
508 791
336 792
269 795
241 802
234 806
232 810
255 814
267 817
251 823
206 826
253 831
237 830
251 837
241 841
262 848
300 850
269 852
261 856
289 859
310 862
289 866
277 868
282 870
285 875
308 880
290 882
285 886
280 888
309 891
313 893
331 895
339 898
373 899
327 901
342 903
396 905
360 906
381 908
394 910
368 910
394 921
418 923
409 923
398 926
413 926
389 928
440 928
445 929
439 930
426 930
439 930
419 931
442 931
453 932
438 932
465 932
444 932
476 932
472 932
455 932
487 932
459 931
487 932
475 931
479 932
491 931
507 930
509 927
521 927
525 926
527 929
528 923
527 921
524 917
525 915
523 914
524 915
524 912
524 911
524 910
525 908
524 905
525 904
524 901
523 897
525 896
524 893
524 889
525 888
526 884
524 883
524 880
524 876
525 873
524 871
524 867
523 863
526 843
526 836
526 817
514 810
524 806
514 801
524 797
524 794
524 788
524 784
523 778
525 774
524 769
524 763
525 757
524 750
524 747
525 742
525 738
524 732
523 726
524 721
524 717
525 710
524 704
524 699
524 693
524 688
524 684
524 677
524 674
524 668
525 662
526 659
525 650
523 647
525 638
525 630
524 624
525 616
523 611
524 602
525 598
525 593
526 588
524 584
525 579
524 576
525 572
526 568
524 563
525 558
524 552
525 545
524 540
525 531
526 526
525 479
524 474
523 471
524 466
525 461
525 456
526 448
524 443
525 438
524 432
525 425
527 419
524 413
525 407
526 401
525 396
525 389
525 383
525 378
524 372
525 367
525 361
525 355
524 351
525 345
524 340
524 337
525 331
523 326
525 321
524 316
524 311
524 307
525 302
524 298
525 294
525 290
524 287
525 282
524 278
525 273
523 268
530 263
586 262
724 260
787 256
812 252
837 246
791 243
798 238
787 235
791 230
783 227
806 222
839 218
769 214
774 165
714 163
695 159
694 158
707 156
684 156
686 154
677 152
664 149
680 148
676 147
658 145
666 143
670 142
645 142
655 139
638 138
663 136
646 137
644 135
645 133
644 132
652 130
633 129
638 128
667 128
613 126
627 125
601 125
640 124
646 123
581 123
598 125
617 122
605 122
587 122
573 120
589 122
602 121
573 122
584 123
587 122
565 122
602 123
547 121
557 118
567 123
554 123
527 124
531 127
526 128
525 130
524 134
524 136
525 136
527 138
525 139
527 178
525 179
528 180
524 183
526 187
524 190
523 193
525 198
525 204
526 208
524 213
525 218
525 222
525 230
524 235
525 240
524 244
524 247
523 252
525 256
524 263
524 267
525 272
524 276
525 285
525 290
525 294
524 298
525 303
524 309
524 314
524 319
525 325
518 332
525 334
525 338
524 348
524 351
525 358
524 363
524 367
525 373
525 376
525 383
524 388
525 392
524 401
526 404
524 413
526 419
525 425
523 434
525 438
524 447
525 451
525 455
524 462
525 552
523 556
524 561
525 564
525 570
524 576
525 580
523 588
526 590
525 594
526 601
523 606
522 612
523 618
524 624
524 631
525 636
525 643
523 649
525 655
525 660
523 666
524 671
524 678
524 684
523 689
525 695
525 700
525 706
522 722
520 716
523 718
524 724
524 729
524 734
524 739
523 744
524 748
524 754
525 757
524 759
524 765
524 769
524 774
524 778
525 783
523 788
516 790
394 792
302 795
272 799
252 804
239 809
230 813
255 817
280 821
229 826
245 864
260 866
312 869
278 871
283 875
292 878
296 881
325 884
344 887
282 890
304 892
339 895
352 897
349 898
368 901
355 902
353 904
381 905
401 907
365 908
377 909
397 912
411 912
365 914
398 916
408 916
394 918
401 910
393 928
412 923
401 922
430 924
404 925
398 926
428 925
429 928
397 928
435 929
469 930
431 929
415 930
457 930
464 931
444 932
454 932
456 932
461 931
485 933
480 931
454 932
485 931
488 933
484 931
473 931
496 930
511 929
506 928
524 896
524 893
524 890
524 888
525 886
525 883
524 880
524 877
525 873
524 871
524 867
524 864
524 861
526 856
524 854
524 850
524 844
524 838
524 833
515 832
523 826
517 817
524 814
524 800
524 803
511 800
525 795
524 790
525 784
524 775
526 774
524 770
524 766
524 759
525 754
524 750
523 745
524 739
524 735
524 728
523 722
525 718
524 711
524 707
524 703
524 696
524 690
525 686
524 680
524 676
524 671
525 664
525 660
526 653
524 648
523 641
525 633
525 530
525 525
525 522
524 514
525 509
525 503
525 497
524 491
526 486
524 481
523 476
523 471
526 468
526 463
524 457
526 451
524 445
525 439
524 433
524 427
525 420
525 414
524 409
526 403
524 397
525 391
525 385
525 379
525 374
525 368
525 363
525 360
524 353
524 346
524 341
526 337
524 333
525 328
525 323
525 317
525 310
524 309
524 303
525 299
524 295
524 292
524 287
525 283
525 279
528 274
525 270
529 265
588 263
709 260
771 257
794 253
830 248
742 178
773 175
787 172
723 169
750 164
746 164
696 162
717 159
688 157
726 153
667 153
635 149
703 150
672 150
695 146
656 144
682 143
636 142
644 139
684 142
622 138
669 138
643 136
646 135
627 131
659 132
647 131
621 130
632 128
641 127
628 127
616 127
637 125
623 125
607 124
611 123
598 123
622 122
596 123
604 123
596 122
558 119
602 123
594 122
551 122
587 120
578 122
567 123
550 123
575 120
558 124
559 125
535 125
528 129
526 127
524 132
525 134
521 158
524 158
524 161
524 163
525 167
524 170
524 171
525 174
524 172
525 180
525 183
524 186
525 191
521 194
524 198
525 203
526 206
525 214
525 217
525 222
524 228
524 234
525 238
525 242
524 246
524 250
525 256
524 260
525 265
523 270
524 275
525 283
525 288
524 293
524 293
525 299
525 307
524 312
524 315
524 322
525 329
529 332
525 338
524 345
525 349
524 354
524 361
525 364
525 368
524 376
525 380
524 385
525 391
524 394
524 402
524 407
525 415
524 533
525 540
527 545
523 552
524 560
526 563
525 569
525 573
525 577
523 583
524 589
523 593
525 598
524 604
524 609
523 617
524 622
524 629
525 635
524 642
524 647
524 653
524 658
524 665
524 672
524 677
524 682
524 688
524 692
524 698
524 704
524 707
525 713
524 717
524 722
524 728
524 733
524 737
524 744
524 747
524 751
524 756
524 761
525 764
524 768
525 772
524 776
524 781
524 786
520 790
355 791
312 795
303 798
248 801
226 808
227 812
227 885
291 887
277 889
342 891
285 894
335 895
374 898
372 899
376 901
368 903
355 905
368 906
388 907
370 909
382 910
405 912
387 914
389 915
411 916
428 918
384 917
406 931
408 918
397 920
405 923
394 924
427 926
422 926
445 926
406 928
407 928
457 928
450 929
431 929
444 930
461 930
455 931
437 931
480 931
455 932
475 932
457 931
465 932
476 932
486 931
478 931
487 931
473 930
517 930
512 928
511 928
524 925
523 922
521 919
534 914
526 917
536 920
526 798
525 795
524 793
524 786
525 780
524 775
524 772
523 766
525 761
525 756
524 750
525 746
525 741
524 737
524 731
524 725
524 718
525 713
524 708
524 703
524 698
524 693
524 688
524 683
525 678
524 672
524 668
524 661
526 656
524 651
525 646
524 638
523 630
524 621
523 617
525 609
525 605
525 596
525 593
524 588
525 584
524 581
525 574
524 574
524 566
523 563
524 553
524 550
524 546
526 538
523 531
525 524
523 519
525 512
525 506
523 501
525 494
524 474
525 470
525 467
525 464
525 460
524 454
525 448
524 442
524 436
525 430
524 424
525 417
525 411
525 404
525 398
524 394
525 388
524 381
525 376
524 370
525 364
524 359
523 354
524 350
525 344
524 339
524 335
524 330
525 325
524 320
525 315
524 310
524 306
525 301
523 296
