494 922
524 922
523 918
525 917
525 917
523 914
523 915
524 913
526 912
520 911
525 909
524 905
523 905
525 903
525 900
523 899
524 896
524 893
524 892
525 889
524 885
524 883
523 880
524 877
525 875
525 870
524 868
524 866
525 862
524 858
524 853
522 842
524 852
528 839
524 833
526 829
524 824
524 819
524 814
523 809
525 803
525 801
524 796
525 792
524 787
526 781
524 776
525 771
524 768
524 761
525 753
523 750
523 746
525 739
523 734
524 731
524 725
586 123
587 123
603 123
580 122
565 125
572 122
570 123
554 123
573 124
556 124
536 125
532 127
529 129
524 131
526 134
525 136
526 137
525 136
524 139
525 140
524 141
525 143
526 145
525 148
525 149
524 151
522 153
525 156
526 158
524 160
525 162
524 165
525 168
524 171
524 174
525 178
525 180
524 183
524 186
526 190
524 194
524 197
524 201
524 205
524 211
524 216
524 221
525 227
525 230
525 235
524 242
525 248
524 251
524 255
524 260
524 265
525 269
525 791
523 788
528 783
523 779
524 772
524 767
524 762
524 760
524 753
524 747
524 743
524 737
525 731
525 726
524 721
524 714
525 710
525 705
524 699
525 695
524 685
523 683
522 681
517 665
524 670
524 664
525 659
523 652
524 644
524 639
524 631
523 625
523 620
524 611
523 606
525 599
524 595
524 589
525 585
526 581
524 574
523 573
525 567
523 563
525 557
525 553
525 547
526 539
523 535
526 526
524 521
525 515
525 505
525 502
526 503
529 490
511 491
526 266
532 263
531 260
729 262
793 257
740 250
861 251
938 244
895 238
860 231
831 230
794 226
802 221
817 217
795 213
772 209
771 208
757 203
776 200
771 198
755 193
773 190
753 182
763 177
794 179
787 174
754 166
741 171
783 167
742 163
686 162
750 159
728 157
700 156
675 154
658 152
688 148
659 149
674 146
689 146
667 144
663 142
671 141
659 140
615 139
665 138
664 136
661 133
648 133
640 130
658 131
627 132
636 129
630 128
631 127
635 127
645 125
551 124
557 125
531 126
527 127
529 129
524 132
525 134
525 136
525 137
525 136
525 139
524 142
525 142
524 144
524 145
525 146
525 149
525 150
523 154
524 157
525 159
526 161
525 164
526 168
525 170
524 173
524 176
524 178
525 183
525 185
525 188
525 191
524 194
524 199
524 203
525 208
524 213
526 219
525 224
526 229
524 237
524 245
524 245
523 249
525 253
524 257
525 263
525 268
524 274
524 278
524 285
525 288
525 294
525 299
524 305
524 310
525 424
524 428
524 432
527 436
525 446
524 451
523 457
524 463
525 466
524 470
525 473
522 478
526 481
522 487
524 492
527 498
523 503
525 509
525 514
523 520
526 526
527 535
526 539
526 547
524 551
526 559
524 564
524 568
524 573
523 576
524 583
525 588
528 593
525 598
523 604
523 612
526 616
524 623
524 629
524 635
524 641
523 647
524 653
524 659
525 665
525 670
524 674
524 682
526 688
525 693
524 698
523 705
525 707
525 713
526 717
523 722
522 729
523 817
222 819
270 822
258 826
231 830
200 833
261 838
257 842
270 846
271 848
293 851
296 855
296 858
293 862
271 865
283 867
294 871
286 875
285 878
267 881
303 886
318 888
312 890
331 894
319 897
343 895
335 902
339 902
374 904
394 906
371 906
390 909
352 909
363 913
381 913
416 913
415 916
380 917
408 917
404 919
411 920
383 919
380 925
419 924
417 925
419 926
403 927
445 927
424 930
415 929
422 930
452 930
441 930
471 930
449 932
456 932
449 932
465 923
526 921
524 919
524 918
524 917
524 916
524 915
525 913
524 914
524 911
523 909
525 902
522 905
525 904
524 902
525 898
524 896
524 895
524 890
525 887
524 886
525 883
523 880
525 878
523 874
527 870
523 868
523 864
523 862
522 858
523 853
524 850
519 851
524 836
529 835
524 829
524 823
525 818
524 813
523 808
525 803
526 799
525 796
522 790
524 784
525 778
524 774
524 770
525 765
523 758
524 755
523 751
524 744
525 739
523 736
524 728
524 722
525 594
525 591
525 587
525 585
525 581
524 577
525 573
523 570
524 564
525 560
524 555
525 548
524 541
524 535
524 528
524 521
524 514
525 509
525 502
521 496
523 485
520 483
522 468
524 476
524 472
525 467
525 463
525 457
525 452
525 445
525 439
524 434
528 427
526 421
524 416
524 409
524 404
525 397
525 392
524 387
525 381
524 375
524 369
526 364
524 358
525 352
525 347
524 342
523 338
524 332
526 328
524 325
525 320
524 311
522 311
507 299
524 300
800 214
797 209
790 207
765 205
748 201
773 197
739 195
756 192
760 188
758 194
793 186
757 178
780 170
757 182
761 165
795 166
730 163
728 159
709 159
692 154
693 154
646 152
689 151
689 149
700 148
661 146
638 144
654 142
649 141
696 140
669 139
649 138
654 136
671 135
633 134
618 132
651 131
633 131
638 130
647 128
662 127
635 126
607 126
647 124
602 126
596 116
597 124
626 123
615 122
579 122
602 121
607 122
592 122
589 121
591 121
581 121
565 119
524 204
524 208
523 212
524 217
524 221
525 227
524 232
524 240
524 242
525 247
524 251
524 255
524 263
525 266
524 269
524 275
524 282
528 286
524 294
525 296
524 302
526 308
524 311
526 316
524 323
528 327
524 331
524 339
525 345
524 348
524 356
524 361
525 363
524 371
525 375
525 379
525 386
525 390
524 398
525 401
524 411
524 416
524 421
524 430
524 436
524 442
523 450
524 453
528 461
524 464
527 470
524 473
525 476
522 482
528 485
522 490
526 496
523 519
524 524
523 527
525 534
527 537
523 547
526 553
525 558
523 564
525 569
524 573
524 578
524 583
524 587
524 592
523 597
525 603
525 609
525 617
525 622
523 628
523 635
524 640
524 646
524 652
525 658
524 664
531 670
524 675
524 681
527 687
525 692
526 697
524 705
523 707
524 712
525 717
524 722
528 726
523 732
522 736
523 740
522 746
523 751
524 755
525 757
527 762
526 767
524 771
524 776
523 780
520 785
523 788
520 792
304 791
316 797
337 803
293 846
306 849
279 849
250 854
296 856
318 861
251 863
293 866
300 872
296 873
301 877
269 880
299 884
327 886
300 890
308 891
298 894
350 896
351 899
355 899
372 901
335 903
384 905
404 907
378 908
372 910
371 911
399 912
397 914
386 915
363 917
412 917
397 920
399 922
396 922
395 923
428 924
402 926
419 926
408 927
400 927
421 929
454 929
438 931
409 930
443 930
476 933
447 933
442 933
453 933
441 933
459 932
475 932
461 931
466 933
459 931
493 932
523 919
524 917
523 919
524 915
525 916
523 915
525 912
523 910
523 909
527 907
524 904
523 902
524 901
525 898
524 894
524 892
524 889
524 887
525 884
524 881
523 879
524 875
524 873
523 869
523 866
524 863
524 860
525 857
525 850
524 848
524 836
520 839
525 831
525 825
524 820
523 816
525 812
524 807
525 801
524 795
525 790
524 787
524 783
524 777
523 772
525 766
523 761
524 758
525 751
524 746
524 742
524 736
524 729
524 724
525 720
525 714
524 651
525 647
525 642
524 638
524 628
525 622
524 616
524 607
523 604
524 595
523 592
524 587
526 583
525 579
525 573
522 571
524 566
523 561
525 554
525 549
523 544
526 536
524 532
525 524
523 518
525 510
524 505
523 496
524 496
529 492
526 484
523 479
524 473
524 469
524 464
525 457
524 453
525 448
525 442
523 435
524 431
525 423
530 416
525 410
524 405
524 399
524 393
525 387
525 382
523 376
525 370
523 366
525 360
525 355
524 349
524 344
525 339
524 289
525 285
524 280
524 276
526 272
526 268
527 263
533 257
713 262
770 254
718 248
787 250
920 245
884 240
871 234
806 231
847 225
817 220
799 216
802 214
794 208
758 205
742 203
746 199
765 196
764 193
727 190
765 187
785 167
788 181
770 178
707 175
755 173
774 167
735 164
703 162
704 161
696 158
696 156
687 154
705 152
685 150
655 148
675 147
690 145
642 143
673 144
693 141
679 141
629 137
653 137
654 136
638 135
648 133
640 132
630 132
640 129
653 123
599 122
578 123
566 123
598 122
573 123
560 123
563 123
565 124
553 124
530 120
527 128
524 130
526 132
525 134
525 138
525 136
524 138
525 139
524 140
525 141
524 144
524 145
525 147
525 149
525 153
524 153
524 156
524 160
523 162
525 163
528 166
525 170
528 175
525 177
529 179
526 183
525 185
524 188
529 191
524 195
525 200
525 205
525 209
524 214
525 221
523 225
525 229
524 233
526 241
524 247
525 249
525 254
527 257
524 262
525 269
525 274
525 365
525 369
525 372
525 378
524 384
525 389
524 394
525 400
524 407
524 411
524 420
528 426
525 435
529 441
525 447
524 454
524 458
524 463
525 468
525 470
527 477
523 477
523 485
524 490
523 494
524 502
524 505
527 512
526 518
525 526
526 533
524 540
526 548
525 552
523 558
525 562
525 567
526 572
525 578
525 582
525 587
523 592
523 598
524 603
526 608
524 615
524 621
524 626
524 632
524 640
524 644
524 652
524 656
524 664
525 668
525 674
524 678
524 764
524 765
523 770
524 776
524 777
524 783
521 788
522 792
322 792
321 796
324 801
192 805
161 807
206 814
241 818
244 821
205 826
252 830
248 835
236 839
242 843
270 842
294 850
270 852
289 855
316 859
343 863
269 865
258 867
315 873
306 876
286 878
255 882
299 885
289 887
323 890
345 894
326 895
348 898
363 900
368 902
389 903
368 905
372 905
391 909
383 909
361 911
391 911
410 912
386 912
395 916
393 915
409 918
406 920
428 921
417 921
388 922
436 932
460 931
434 931
458 932
458 931
487 932
476 931
434 932
495 931
489 931
488 931
483 932
488 931
508 930
503 929
518 927
523 931
524 922
527 921
524 919
525 917
523 916
524 914
525 914
524 913
525 912
525 909
524 908
523 907
524 903
524 901
523 899
523 898
527 894
524 891
524 888
524 886
524 884
523 881
526 878
525 874
525 872
524 867
525 865
525 862
528 857
525 852
525 848
524 845
524 837
525 833
526 828
527 823
524 816
525 813
524 809
525 803
524 706
524 702
523 696
524 688
525 686
526 679
495 675
524 666
524 663
524 660
524 652
524 646
525 641
525 633
526 627
526 617
524 613
525 605
525 599
524 594
525 588
525 585
524 580
525 576
523 571
524 567
524 562
526 557
525 552
526 547
525 539
522 533
523 525
523 519
526 513
526 505
526 499
524 493
525 491
522 482
525 474
512 476
526 471
524 466
524 460
525 451
524 449
525 442
525 437
526 431
525 424
525 419
524 411
524 406
525 399
525 394
526 389
524 291
524 287
524 282
525 278
525 273
525 269
529 263
532 258
536 261
812 256
720 251
713 248
919 246
889 242
862 236
835 232
822 228
831 222
843 217
803 214
799 210
795 207
752 204
744 200
729 197
756 194
752 190
732 189
759 185
793 184
755 186
757 174
736 175
782 167
736 167
719 163
712 161
676 158
732 157
713 155
693 152
661 151
641 151
708 149
674 147
691 145
661 144
707 142
666 141
622 139
657 138
644 137
668 135
638 135
663 133
643 133
630 132
569 122
596 122
578 123
567 124
559 122
552 121
564 124
530 126
531 127
527 129
525 132
525 134
525 136
525 136
526 139
524 139
524 140
524 142
525 143
524 146
524 143
525 150
524 152
525 153
524 156
525 158
524 160
524 163
524 167
525 169
525 171
525 175
525 178
525 181
524 183
524 187
524 191
524 193
524 198
525 203
525 206
525 211
525 217
524 223
521 228
524 233
524 238
525 244
525 248
524 254
525 257
524 261
526 268
524 274
524 277
525 282
523 363
525 364
525 369
528 373
524 377
525 382
525 386
524 393
525 397
525 404
524 411
525 416
524 425
524 431
523 437
525 445
525 450
524 455
524 461
525 464
522 469
524 474
524 482
523 484
526 486
525 490
524 498
523 499
525 510
525 517
526 523
522 526
525 535
523 540
524 548
522 556
525 559
525 568
525 570
526 575
523 580
524 585
525 589
524 595
524 601
524 606
524 612
524 618
523 624
523 630
526 636
526 643
524 648
524 655
524 661
525 666
524 673
525 780
525 782
522 786
522 789
520 792
350 791
301 797
339 803
193 805
203 807
222 812
245 818
237 820
223 824
253 829
252 833
219 838
262 841
294 846
276 847
271 851
268 855
306 861
308 861
262 865
283 866
305 870
308 872
272 878
280 882
294 884
306 888
313 886
299 893
320 894
350 897
349 899
403 901
358 902
321 904
388 905
382 908
413 909
376 910
405 912
373 913
407 916
394 946
401 916
414 919
413 919
426 921
398 921
395 922
394 924
429 924
434 926
409 929
511 927
520 926
521 927
525 903
526 921
524 919
524 917
524 915
524 913
523 915
524 910
523 911
524 910
524 905
524 906
524 905
524 901
525 898
524 896
523 893
526 889
525 888
524 885
525 883
522 881
524 878
526 874
524 871
524 870
524 865
525 863
524 859
523 854
523 850
525 845
524 840
520 837
526 826
525 825
524 820
524 816
524 811
525 804
524 799
525 796
524 793
524 787
525 782
525 775
525 770
524 767
524 761
524 754
524 749
523 746
525 741
524 615
524 611
524 607
524 600
525 597
524 592
525 584
524 583
525 576
524 575
525 568
525 565
525 560
526 554
525 549
524 540
524 537
525 526
524 522
525 514
527 508
525 504
526 495
519 492
524 490
512 486
524 470
536 472
524 468
525 462
524 457
525 450
525 446
526 439
524 433
526 427
524 421
525 415
524 409
525 402
524 398
524 392
524 387
526 380
524 375
525 368
524 363
525 357
525 353
525 347
525 342
525 338
525 333
525 328
525 323
524 318
524 313
523 275
523 299
546 292
524 288
525 285
525 280
525 275
526 271
526 265
530 261
534 257
864 258
765 253
727 248
913 247
869 243
859 238
830 232
814 228
827 223
834 219
818 216
794 212
785 207
776 200
771 202
766 197
768 195
751 192
732 188
757 186
760 179
763 179
727 170
797 172
772 172
735 164
734 160
711 161
685 157
722 157
718 153
669 154
651 151
649 149
690 148
680 148
669 146
663 143
661 143
657 138
655 140
643 137
658 135
644 136
664 134
671 133
612 118
596 123
601 122
603 123
608 122
583 121
584 122
603 122
587 122
564 123
562 121
592 123
575 123
574 123
565 123
544 124
552 124
539 126
527 128
525 129
525 132
525 134
524 136
524 138
526 136
525 141
526 140
524 142
527 142
524 144
525 148
524 149
525 151
524 154
524 156
525 159
525 161
526 165
525 166
524 169
525 171
524 174
524 178
524 181
525 182
526 188
526 190
525 193
525 196
527 201
524 207
524 212
523 217
525 221
524 226
524 232
524 239
524 289
526 292
523 296
525 301
524 305
524 311
525 317
524 320
522 326
524 332
524 335
524 341
524 350
529 354
524 360
524 364
525 368
524 374
524 379
525 384
525 389
524 393
524 402
524 406
524 416
525 421
524 429
524 436
525 441
524 449
526 452
524 459
524 463
523 468
524 473
523 474
522 479
525 481
522 489
526 495
523 500
523 505
525 509
525 519
526 523
524 532
525 539
525 546
524 553
526 559
525 562
526 569
525 574
524 579
525 583
524 588
524 593
525 658
524 661
524 665
524 669
525 676
524 681
524 686
526 692
525 698
523 703
524 709
525 712
524 717
525 723
524 727
525 732
525 736
525 741
525 745
524 751
525 756
525 760
525 763
522 770
524 773
525 776
524 781
523 785
521 789
392 789
307 795
341 801
262 801
197 805
198 810
235 814
238 818
205 823
257 828
268 832
220 836
233 841
270 843
293 848
250 851
262 854
327 858
311 859
262 863
255 868
325 866
309 874
285 876
264 879
296 884
339 886
341 889
406 909
366 911
417 913
380 913
387 915
407 912
397 912
395 917
418 920
407 919
375 921
407 924
424 923
431 926
413 926
427 927
418 928
412 928
432 929
452 929
424 930
448 930
471 930
448 931
452 931
470 932
433 931
485 932
475 931
453 930
465 931
511 931
451 930
494 930
469 930
502 929
499 930
526 926
521 925
522 922
526 919
523 919
524 918
524 916
524 914
527 914
523 912
524 911
524 911
524 908
526 906
524 904
524 902
524 899
525 893
525 895
525 829
525 824
525 821
524 816
523 809
524 805
525 801
524 798
524 793
524 788
525 782
525 776
526 771
524 767
524 764
524 756
524 752
525 748
524 744
525 739
525 731
525 726
524 722
525 714
524 709
524 705
524 697
524 692
524 690
524 682
525 678
523 684
523 672
522 670
536 657
521 653
524 644
525 637
524 632
524 622
524 618
524 608
525 603
524 597
525 593
524 590
525 584
523 580
525 576
524 572
525 567
525 562
524 557
525 551
525 545
525 539
523 532
523 432
525 428
526 422
525 418
525 411
525 407
525 400
525 394
526 388
526 383
525 376
524 371
525 365
524 361
524 355
524 349
523 344
524 339
524 335
524 330
525 326
524 321
524 314
524 311
523 301
524 305
523 295
514 295
528 290
526 285
524 280
526 275
526 270
525 267
530 263
534 259
732 261
782 254
730 248
862 248
919 244
896 239
829 235
813 230
870 225
803 221
796 217
796 213
817 208
775 206
749 202
750 199
778 195
771 194
745 190
745 186
764 182
806 143
693 142
640 140
666 139
639 139
642 137
632 138
633 134
667 134
616 132
641 131
643 130
650 130
621 128
621 128
656 126
612 126
628 126
611 124
603 124
602 124
597 120
614 123
613 124
570 122
603 123
593 122
576 122
565 122
593 123
585 123
581 123
560 123
559 124
556 124
560 123
534 124
538 128
524 129
525 133
525 133
525 136
526 136
524 138
525 140
525 141
525 142
525 143
525 144
525 148
525 149
526 150
524 152
525 155
524 157
525 160
524 163
524 203
525 206
524 209
522 214
525 218
525 224
524 230
524 236
524 241
526 246
526 249
524 253
525 259
524 264
523 267
525 272
525 278
524 284
524 290
524 293
526 297
525 304
524 309
525 314
524 318
525 324
525 331
524 329
524 341
524 347
524 352
525 356
525 361
525 367
524 373
524 376
525 381
525 387
524 392
524 398
524 404
525 411
525 417
525 424
524 432
524 439
525 445
524 452
524 458
524 462
527 468
524 471
526 474
526 477
525 483
525 486
526 492
523 609
524 613
523 619
524 625
524 630
523 638
524 643
524 649
524 656
524 662
526 667
523 673
523 679
525 683
523 689
524 694
524 701
525 703
524 710
525 714
524 720
525 725
524 729
524 735
524 739
523 746
523 750
525 753
525 758
524 761
525 765
524 771
526 775
525 778
523 781
521 786
519 791
289 791
332 799
330 802
180 803
212 808
200 814
207 817
266 820
237 826
239 829
218 834
221 838
284 842
248 845
266 850
304 852
302 855
281 859
295 862
290 865
413 911
386 911
379 913
410 914
401 916
402 907
411 918
410 919
391 920
376 922
413 922
421 923
419 925
395 926
416 926
434 927
413 930
431 929
425 929
441 930
440 931
449 930
437 931
454 930
438 932
472 931
492 932
449 931
444 932
502 934
456 931
484 932
478 931
493 931
472 929
513 929
511 928
515 926
523 925
525 921
516 927
524 918
524 918
523 916
524 921
524 914
525 912
524 909
524 909
524 907
525 905
524 904
525 901
524 897
524 896
524 894
524 890
524 811
525 810
525 810
524 804
524 798
525 794
523 788
522 784
524 780
526 775
525 769
524 763
524 759
524 755
525 749
524 745
523 741
524 733
525 728
523 723
524 717
524 711
523 706
524 702
524 696
524 691
524 686
524 681
524 676
523 667
523 665
524 663
524 653
524 647
524 639
524 635
524 625
524 624
524 612
523 607
525 601
525 594
524 592
525 584
523 585
524 576
525 574
524 569
526 563
525 560
526 552
525 549
525 540
522 535
525 528
526 522
524 515
524 426
523 422
526 418
525 414
524 408
524 402
525 395
524 391
525 383
524 379
525 373
525 368
525 362
525 356
525 351
524 346
525 341
524 337
525 331
525 327
524 323
525 317
524 313
525 306
525 307
525 297
526 292
525 290
525 286
525 282
524 278
524 273
527 269
525 265
531 262
535 261
810 257
729 251
740 248
929 246
860 241
872 235
851 232
835 226
811 223
804 218
833 214
781 211
747 206
763 203
790 200
763 197
757 194
743 190
771 187
795 184
752 181
646 133
653 134
619 132
616 129
657 129
635 129
632 129
623 127
645 127
630 125
613 125
609 124
605 124
593 123
600 115
596 123
589 122
580 123
604 122
582 122
587 121
572 121
583 122
576 122
577 122
576 122
550 122
561 123
552 125
563 124
536 125
529 127
528 129
525 132
526 133
525 136
526 137
524 137
524 139
526 140
525 142
525 143
525 145
524 146
526 149
524 150
525 155
524 156
525 158
526 161
524 164
524 166
524 169
525 171
526 175
524 175
524 276
524 280
525 282
525 287
524 291
525 296
524 301
525 306
524 313
524 318
525 320
525 328
524 335
524 339
524 345
525 350
524 355
524 362
524 364
525 369
524 374
524 380
524 384
524 390
526 396
525 403
525 408
525 417
524 422
524 430
525 436
524 441
526 450
525 454
525 459
525 466
525 468
524 474
525 476
523 482
524 485
525 491
524 495
523 500
524 508
522 513
524 522
523 527
524 534
522 538
526 547
522 553
525 558
525 565
523 569
525 573
524 580
526 746
523 747
524 751
525 756
525 760
525 763
524 767
524 772
525 776
523 781
522 784
521 790
401 789
279 795
315 799
343 802
206 805
205 810
188 815
249 819
246 823
215 828
244 832
241 836
261 841
263 845
272 848
270 851
296 854
286 857
290 861
287 865
273 868
306 870
280 876
262 876
283 881
300 884
337 888
276 888
270 893
355 896
358 897
365 900
335 902
358 903
348 905
368 908
385 908
395 906
392 912
367 912
389 914
355 913
386 917
406 917
415 920
448 924
406 924
425 926
427 924
414 926
