524 705
525 702
525 698
525 696
525 691
527 685
523 682
524 676
524 671
525 667
526 659
524 656
525 648
524 642
525 636
527 626
523 622
524 613
523 607
525 600
526 595
525 592
528 584
523 583
525 576
522 582
522 569
527 563
525 561
526 549
520 548
526 540
522 536
524 527
522 522
526 516
528 507
524 505
526 496
523 492
523 486
526 481
524 477
526 471
524 468
526 461
525 455
525 451
525 445
524 438
526 431
525 427
525 420
524 415
524 408
525 402
525 396
522 430
521 437
524 441
522 449
524 454
524 459
524 465
524 466
522 474
524 476
525 483
524 483
522 490
522 495
525 500
522 508
528 513
524 520
524 528
523 535
523 540
524 547
523 553
527 556
523 564
525 569
524 572
522 579
524 582
523 588
525 592
526 598
523 605
524 609
523 617
523 623
523 628
525 637
523 643
521 648
524 654
524 659
523 666
524 670
524 675
523 681
523 687
524 693
523 698
524 703
524 708
525 711
524 716
524 722
525 727
524 733
524 736
524 522
525 516
526 510
523 503
524 498
521 493
525 488
528 483
524 479
524 471
523 469
524 464
524 458
524 451
525 447
525 441
524 435
526 428
524 422
524 416
525 410
524 400
526 395
525 391
525 386
525 380
525 377
528 370
528 365
528 360
526 357
513 348
524 345
525 339
525 334
525 329
525 325
525 320
525 314
525 310
525 306
525 302
525 296
523 293
525 288
525 284
525 281
523 275
524 272
526 266
524 263
527 257
525 254
530 250
678 253
792 246
711 240
549 122
572 121
531 121
542 121
551 122
551 122
541 122
540 122
541 123
546 124
528 125
522 127
528 127
525 130
525 131
525 135
524 136
524 137
524 139
524 140
523 141
525 143
524 143
524 145
525 147
525 151
525 153
524 155
525 157
524 159
525 163
526 167
525 167
524 170
525 174
524 177
524 177
525 182
525 186
527 188
524 191
525 197
525 201
525 205
524 210
524 216
524 216
524 226
524 229
524 235
525 240
522 246
524 253
526 254
525 257
523 262
525 268
523 364
523 368
526 372
525 379
525 383
524 388
524 393
524 399
525 405
523 411
526 419
525 426
525 432
523 440
523 446
523 453
524 458
526 460
524 468
525 473
523 476
524 478
523 482
526 488
525 493
526 499
525 505
523 511
522 517
524 524
526 531
523 538
524 545
527 550
522 556
524 561
525 566
523 571
524 578
525 581
526 586
523 591
525 597
524 602
525 607
525 607
522 619
524 625
525 632
524 640
523 644
523 650
524 656
525 661
526 668
524 672
524 772
524 771
525 776
523 777
523 783
523 788
524 792
521 798
520 802
337 800
304 805
335 811
362 815
370 818
390 823
392 828
369 832
377 836
411 840
392 844
392 848
397 852
418 855
405 857
421 861
413 864
399 865
399 870
408 875
404 878
384 881
393 883
421 887
441 890
392 893
401 896
449 898
420 899
447 903
449 903
464 905
456 907
418 908
468 910
464 911
439 913
450 913
470 915
471 916
440 917
481 919
470 919
453 921
463 922
474 923
463 924
455 925
465 932
487 932
495 932
509 931
497 930
514 931
518 929
523 928
520 926
524 925
524 922
524 921
527 918
524 917
525 915
524 914
525 913
524 913
524 912
524 909
523 907
524 905
525 902
524 899
524 897
523 895
524 893
523 890
527 881
526 881
512 879
528 879
525 877
525 874
524 870
523 869
524 864
524 860
525 856
525 852
523 848
524 842
524 837
524 832
524 828
524 823
524 820
524 813
524 807
524 802
524 797
525 793
524 789
525 783
529 778
524 774
523 768
524 688
526 683
524 681
526 675
524 669
524 665
524 659
526 651
523 646
524 638
525 632
524 626
524 617
522 612
524 604
523 600
524 594
528 589
525 586
525 579
523 578
524 572
524 587
528 562
528 574
524 552
528 546
521 542
526 532
527 527
527 519
529 512
525 507
525 500
524 495
524 490
525 485
525 480
531 476
524 470
525 465
524 461
525 456
524 449
525 443
526 438
523 430
523 425
525 419
524 412
526 407
523 400
525 393
525 391
525 383
525 377
525 373
525 271
524 270
524 268
526 264
524 260
529 256
529 251
532 249
837 249
765 243
718 237
652 231
694 227
691 225
650 221
671 217
672 212
655 210
629 205
644 201
664 198
634 194
606 193
646 188
662 186
641 182
630 179
636 175
661 172
640 169
605 167
651 163
606 161
605 159
642 156
616 154
602 152
579 151
600 149
613 148
593 148
593 144
621 143
589 142
581 141
587 139
600 138
588 137
568 135
606 133
605 133
586 132
553 129
589 129
563 128
561 127
587 126
537 124
531 126
530 127
524 129
524 132
525 134
525 135
524 137
525 139
525 138
527 141
525 140
524 143
524 145
524 146
525 149
524 153
523 154
524 157
524 158
525 161
524 162
526 167
524 170
525 174
526 175
524 179
525 181
524 184
524 188
524 191
525 195
525 198
525 203
524 209
524 213
522 218
523 223
524 229
525 236
524 240
525 244
527 248
527 253
524 259
525 264
524 267
526 274
524 277
532 281
524 289
524 293
523 298
528 304
526 311
527 312
527 316
525 531
524 535
525 542
524 549
525 554
522 560
523 565
524 572
523 577
524 579
523 585
524 590
522 593
523 600
523 605
523 612
524 618
522 625
523 630
523 637
524 644
523 649
524 656
524 661
525 666
524 673
524 677
524 684
524 689
525 693
523 700
524 704
524 710
523 714
523 718
524 723
525 728
525 734
522 739
523 743
524 750
524 752
522 757
524 761
526 765
525 769
523 775
524 778
522 784
524 787
525 791
521 796
516 800
395 799
302 803
329 810
364 815
366 831
397 832
359 835
363 840
376 843
411 847
387 851
391 854
428 857
425 861
388 863
395 867
421 870
406 872
392 877
383 880
412 881
439 887
417 890
438 891
416 894
406 896
421 898
466 901
471 901
426 905
438 906
453 906
471 908
431 907
469 911
481 910
442 915
459 915
474 917
466 918
448 919
464 921
467 921
465 923
446 925
473 924
483 926
466 927
459 927
472 929
456 928
487 929
488 932
494 930
496 931
460 931
498 932
511 933
486 934
478 932
511 933
521 927
525 925
524 923
522 921
523 916
523 917
524 916
523 914
524 914
524 913
524 912
524 911
523 909
524 906
522 903
523 900
523 898
524 898
523 894
524 897
523 889
523 887
536 882
521 882
525 877
524 875
525 873
523 867
523 864
524 861
524 858
524 853
529 850
525 845
526 838
524 835
523 829
524 825
524 821
527 816
525 809
524 805
524 801
526 795
524 790
523 785
525 778
525 776
525 772
524 765
525 759
524 755
524 752
524 745
525 739
528 738
535 729
524 674
526 670
527 667
525 660
525 655
524 650
526 640
523 636
526 627
526 623
525 613
525 606
522 602
524 594
526 591
525 586
529 582
524 577
524 573
523 569
526 564
526 561
524 558
529 552
525 540
528 535
523 529
524 522
526 516
526 509
525 502
523 500
524 491
528 487
525 481
530 477
524 472
523 467
524 462
528 457
526 451
531 446
525 439
524 434
525 428
525 422
525 414
525 407
524 403
525 397
525 391
525 386
524 380
528 374
525 373
522 360
526 307
525 305
525 302
528 300
524 296
525 291
525 288
529 284
526 278
524 273
525 269
525 265
526 261
526 257
529 252
533 248
768 251
777 245
713 239
702 234
683 231
665 226
670 221
675 217
660 214
641 210
666 200
652 203
630 199
628 199
650 193
657 189
643 186
644 183
639 179
653 177
642 175
652 170
645 167
630 165
621 162
627 160
624 157
585 155
628 153
627 151
589 150
601 147
583 146
622 145
573 144
595 142
603 142
600 140
573 139
548 136
611 136
557 125
567 124
566 124
582 124
541 124
582 123
587 123
546 123
551 121
565 122
569 122
546 122
552 121
576 122
550 122
527 122
551 122
551 122
537 122
530 122
548 123
531 124
527 126
522 127
527 130
525 132
525 133
524 136
525 136
524 138
524 139
524 140
524 142
524 144
520 145
525 146
524 149
524 151
525 153
523 156
525 158
524 160
524 164
523 166
525 167
524 171
525 174
525 177
525 180
525 183
525 187
526 189
524 194
524 198
525 201
524 206
524 211
526 299
524 299
523 306
525 310
524 315
525 323
525 314
524 331
524 336
525 344
524 348
524 353
523 360
525 363
525 368
522 375
525 379
524 384
524 390
524 395
523 403
527 407
524 415
523 421
524 428
524 435
525 441
523 448
526 452
525 460
524 465
523 468
522 473
525 477
523 481
524 484
524 491
525 494
524 503
525 506
523 514
522 522
523 528
521 533
524 540
524 548
524 553
525 559
527 564
524 570
526 574
524 578
529 583
524 587
524 593
524 599
524 605
519 700
523 703
525 707
524 708
525 713
524 718
523 721
523 726
524 733
524 737
525 741
525 745
522 752
524 755
526 759
523 764
518 767
524 771
523 777
524 779
524 787
523 790
524 794
520 799
518 801
270 804
349 809
352 813
376 816
378 821
390 826
377 829
382 833
378 838
380 843
393 846
380 849
403 852
431 856
390 860
419 862
420 865
393 869
418 873
393 876
410 879
378 882
404 885
445 889
422 890
415 894
431 896
432 898
438 900
434 902
457 903
456 905
462 927
471 929
477 929
488 929
498 931
469 931
495 931
492 932
487 931
479 933
488 931
506 932
486 933
492 932
499 930
515 934
487 932
492 932
506 931
502 931
493 933
513 930
519 929
515 927
522 926
525 925
524 921
525 919
524 917
525 916
524 915
523 915
524 914
525 913
524 910
524 908
524 907
526 904
524 901
524 900
524 895
524 894
524 892
525 890
525 886
520 889
492 880
522 879
524 875
525 872
526 869
524 865
525 862
524 858
525 854
525 851
525 844
524 784
525 781
525 776
525 771
524 767
524 763
524 756
525 752
525 746
529 735
528 735
521 731
525 720
524 720
524 716
525 708
525 702
524 698
523 694
525 688
524 681
528 677
525 673
524 669
525 662
525 657
526 652
526 644
523 638
525 629
525 623
525 616
526 609
525 603
524 596
524 594
525 589
526 584
524 578
525 576
524 572
524 565
516 564
526 559
528 553
524 542
525 539
526 531
525 524
524 520
525 511
524 506
525 499
526 491
524 489
526 483
524 479
525 371
525 369
525 365
526 358
528 341
535 349
522 334
522 336
522 336
525 330
528 324
525 320
524 315
525 310
525 305
525 301
525 297
524 293
523 288
525 285
525 280
524 275
525 271
525 266
525 262
528 258
525 255
531 251
560 252
816 247
722 241
710 231
651 232
691 228
688 223
659 218
666 215
687 211
658 207
623 207
655 200
655 197
633 195
640 191
650 188
639 183
652 181
628 177
656 176
644 171
655 168
636 165
623 163
604 159
597 158
637 156
599 154
562 128
575 126
607 126
586 125
584 124
539 123
565 123
560 124
573 124
563 122
548 122
548 122
547 121
564 120
553 121
539 121
551 122
560 122
531 122
538 121
547 122
552 124
530 124
529 123
537 125
530 126
523 129
526 131
525 133
525 135
525 137
525 138
525 140
525 140
524 141
525 142
524 144
525 147
524 147
524 149
525 153
525 154
526 158
524 159
529 163
525 165
524 168
525 170
524 172
523 176
525 179
524 182
526 185
524 188
525 193
524 195
524 200
526 291
525 296
526 301
525 308
525 309
526 316
526 324
526 325
524 333
524 338
525 339
524 347
523 353
524 356
525 363
523 369
524 371
524 378
523 383
524 387
522 395
526 398
529 405
525 411
525 419
523 426
526 432
522 442
527 445
524 452
526 456
524 463
523 467
524 470
522 475
526 479
523 484
524 488
524 495
523 499
524 505
525 510
526 517
522 525
524 530
525 537
525 543
525 550
525 556
524 560
521 567
523 572
524 576
524 580
525 587
524 590
522 685
525 689
524 693
525 696
524 703
524 705
524 710
524 715
524 720
525 724
524 730
524 736
524 740
524 745
525 749
524 754
525 757
526 761
524 766
521 771
525 775
523 780
524 784
526 810
523 793
523 796
519 801
293 802
281 806
361 812
376 814
393 821
362 824
394 828
397 832
356 836
388 841
412 844
373 847
391 851
420 855
427 858
401 864
390 865
431 869
424 871
388 875
391 879
398 880
397 884
410 890
419 891
436 893
400 896
416 897
458 900
448 902
442 929
463 930
474 930
496 930
475 931
484 930
490 931
497 932
473 932
469 933
502 932
498 932
491 932
502 936
507 937
507 932
479 931
516 931
512 931
510 930
517 923
520 927
522 925
522 924
525 922
524 921
525 918
522 916
525 915
524 913
524 914
524 912
525 910
524 908
524 907
525 905
524 902
524 904
525 899
524 895
524 892
528 890
524 886
524 883
523 880
527 879
520 883
525 874
524 870
523 868
524 863
524 860
524 856
526 853
519 848
526 841
524 839
525 734
533 715
528 725
520 717
525 710
525 705
524 701
525 695
525 690
524 686
525 681
526 674
524 671
526 665
524 658
526 651
525 646
525 639
526 634
524 626
526 619
525 612
522 605
525 599
525 593
525 589
527 583
525 581
524 574
523 572
525 567
526 564
534 558
526 550
523 547
522 529
521 532
525 527
524 521
526 515
528 507
523 503
529 495
525 490
525 486
525 480
525 476
524 470
525 465
525 462
524 456
524 450
526 445
525 438
527 432
526 426
525 420
526 301
525 301
525 298
526 294
526 291
525 286
525 282
524 277
524 272
525 268
525 265
525 260
527 258
528 252
531 245
821 248
775 242
721 236
664 233
646 229
703 225
677 221
640 216
658 213
673 208
651 205
606 203
636 198
661 195
636 194
627 189
661 185
656 183
626 179
637 175
656 173
614 169
640 166
639 163
648 161
611 161
605 156
622 154
596 153
609 150
593 148
598 147
612 146
562 145
617 143
588 141
599 139
576 139
603 136
612 136
555 135
615 132
581 130
569 129
587 128
548 127
572 125
588 125
587 124
562 125
537 123
585 123
569 121
558 122
554 122
574 121
549 122
547 121
551 120
564 122
546 121
531 127
572 121
555 121
536 122
552 121
544 121
531 122
529 124
535 125
530 127
525 129
524 131
525 134
525 136
525 136
525 138
524 140
525 140
525 143
525 142
525 144
526 147
525 149
525 153
525 154
524 154
525 158
523 162
524 163
525 169
524 169
525 171
525 175
525 177
526 182
524 184
525 190
525 190
524 239
524 242
524 243
524 248
525 254
525 256
526 262
524 268
527 272
524 276
526 282
524 290
525 294
527 300
527 305
526 305
525 313
525 319
525 325
525 329
525 334
524 341
526 345
525 352
525 357
525 361
525 366
524 372
525 376
524 379
523 386
525 393
523 398
525 402
524 409
523 415
525 423
524 432
526 437
523 445
524 450
523 456
523 460
523 463
524 470
524 471
524 477
524 482
524 486
523 493
524 498
525 504
526 510
524 516
525 521
525 528
525 534
523 589
523 593
524 600
525 605
525 614
524 617
523 623
524 630
524 635
524 642
524 648
523 654
524 659
524 666
524 671
523 679
525 681
524 689
523 694
524 699
524 705
524 709
522 714
524 719
524 722
523 727
524 733
524 738
525 743
523 748
525 752
524 756
525 761
525 763
524 771
525 772
525 778
525 781
523 785
525 772
522 795
521 798
519 801
286 804
276 810
360 817
397 819
377 822
370 826
390 831
381 835
368 840
389 843
413 847
402 850
384 853
397 857
405 888
429 890
421 892
433 893
441 897
428 899
456 901
459 902
432 901
433 908
451 908
473 908
448 913
477 912
461 914
437 916
439 914
477 917
477 918
454 919
479 921
474 922
477 923
445 925
448 927
478 927
461 928
482 928
483 930
492 930
465 930
459 931
504 931
494 932
464 932
494 932
498 934
482 933
471 933
493 933
516 933
484 933
498 925
519 932
511 931
491 932
510 932
513 931
514 931
519 929
522 928
525 927
523 923
524 922
525 919
524 918
524 916
525 899
525 897
524 895
524 894
523 892
525 888
524 886
525 883
526 867
525 871
527 872
524 872
524 868
524 865
524 861
528 859
525 853
525 850
525 846
524 840
525 833
525 828
525 822
524 820
525 816
525 810
523 802
524 798
524 795
524 791
524 786
524 779
524 773
525 769
524 766
524 761
525 753
525 749
526 745
524 741
531 734
525 732
525 722
524 727
524 714
524 706
524 702
525 697
525 690
523 681
524 682
526 675
524 671
525 664
524 660
525 655
527 557
521 556
532 539
518 533
525 524
521 522
524 516
529 509
524 503
524 496
522 492
524 487
526 482
524 479
527 473
524 468
525 463
524 459
525 452
525 446
525 441
525 434
525 428
524 422
526 415
525 409
524 404
525 398
526 393
525 387
524 382
525 375
525 370
524 364
525 360
525 351
523 348
524 338
530 335
528 334
538 331
526 325
524 320
525 315
525 309
525 306
525 300
524 296
526 293
525 288
524 286
524 280
524 275
524 271
524 266
523 262
524 256
529 194
635 192
626 191
641 186
656 183
646 183
637 177
639 174
661 170
652 166
607 164
636 161
636 159
599 156
616 154
620 155
618 151
589 150
580 146
629 146
600 144
590 143
601 140
603 140
581 139
569 137
595 135
606 134
587 134
578 132
603 131
577 130
555 130
569 127
609 127
586 126
583 127
565 125
557 123
550 123
563 121
583 122
560 122
550 122
559 121
584 121
559 120
550 121
562 121
546 121
547 120
533 121
576 121
548 121
547 121
539 120
544 122
539 149
524 152
524 152
525 154
525 157
525 160
524 164
525 165
525 169
523 171
525 172
523 176
524 178
524 182
524 186
525 190
527 191
525 197
526 201
525 207
524 212
525 216
525 222
525 226
524 228
523 237
523 242
524 248
526 254
525 254
526 257
527 266
524 271
526 278
527 282
526 283
526 292
524 298
525 302
525 307
525 313
524 317
524 321
527 327
523 334
525 337
524 342
524 352
525 355
525 358
525 364
525 369
524 374
524 379
525 384
524 390
527 393
524 468
525 472
525 475
524 476
525 480
524 486
525 490
524 496
525 500
522 509
524 512
526 521
527 526
524 533
524 541
526 546
523 553
523 557
524 564
524 567
525 571
524 578
527 582
523 588
520 593
524 598
524 603
524 610
525 615
523 621
522 627
524 635
524 625
523 646
523 653
522 658
522 667
524 669
524 674
523 681
524 687
525 690
524 697
525 703
523 705
524 711
523 714
525 721
524 725
523 728
523 735
522 740
525 745
524 750
523 754
524 758
523 763
390 846
411 848
400 851
381 855
414 858
418 860
402 864
396 868
401 870
419 874
404 877
377 880
407 884
416 887
409 888
429 892
445 894
442 897
435 899
462 898
441 902
430 905
469 906
464 907
464 909
441 911
445 911
461 915
446 915
449 916
468 917
480 918
461 920
473 921
478 922
462 923
428 924
462 924
477 927
484 923
462 929
462 929
481 929
464 930
469 931
505 931
492 932
470 931
490 932
513 933
499 932
474 932
517 931
503 933
486 931
509 929
515 936
524 908
523 906
525 906
525 903
526 900
523 898
525 895
525 892
525 890
525 887
524 885
526 882
529 875
500 879
526 868
524 870
523 867
524 859
524 860
525 855
525 851
524 848
523 843
525 836
525 833
524 828
524 822
524 816
524 812
524 808
526 801
524 796
524 792
524 789
524 783
524 777
525 770
526 766
526 765
525 756
526 752
524 748
523 742
524 738
523 734
522 726
526 721
522 708
524 708
524 704
524 698
524 694
524 690
524 681
526 676
524 674
523 668
524 563
525 555
519 553
522 541
527 540
524 517
527 527
525 517
525 511
526 506
522 498
523 493
527 488
525 484
526 478
526 472
524 468
526 464
525 459
528 454
526 449
524 442
524 436
523 430
525 423
525 417
524 411
525 406
525 399
525 394
526 387
525 383
525 376
526 371
524 364
525 359
524 348
527 353
515 344
524 343
529 342
524 328
526 325
525 321
524 316
526 312
525 307
524 303
525 298
524 294
525 289
524 285
526 282
524 277
524 272
525 267
523 262
691 208
650 204
648 205
653 203
621 200
620 195
676 190
645 189
622 185
640 181
652 178
665 176
618 172
659 169
627 167
601 161
639 162
636 159
599 157
595 154
598 152
624 150
595 149
615 147
609 146
593 143
569 144
574 142
621 139
590 139
585 137
597 137
608 137
562 133
588 133
591 131
564 131
586 129
573 128
600 127
576 126
558 126
579 125
559 124
564 121
551 123
570 122
572 122
552 122
548 121
584 121
546 121
544 121
577 122
553 122
553 121
540 126
526 150
524 151
524 154
524 156
524 158
524 162
524 164
526 166
526 170
525 172
525 176
525 179
525 181
525 185
525 186
524 192
524 195
524 200
524 205
524 208
525 215
526 219
524 223
525 230
523 234
526 240
525 247
527 249
527 251
527 259
527 266
525 271
525 273
525 278
526 283
525 288
525 293
524 299
524 306
524 309
523 314
524 320
524 324
524 332
525 337
524 340
523 346
525 349
523 356
524 362
525 367
524 371
525 376
526 382
523 387
524 392
521 513
523 517
525 521
524 524
524 531
522 537
525 545
523 551
524 556
523 561
524 567
524 572
523 576
526 580
523 587
524 591
526 596
524 602
523 607
524 613
522 614
524 627
523 631
523 638
523 644
522 651
524 658
524 662
524 669
525 674
524 680
524 685
524 691
523 694
523 700
524 706
524 711
525 715
525 720
523 724
525 729
524 734
524 739
525 744
523 749
525 752
524 756
523 761
524 765
525 770
524 773
524 777
525 784
523 789
523 791
524 792
520 800
424 800
520 802
351 800
321 803
324 810
333 814
390 818
369 821
381 826
382 831
383 834
394 839
387 843
393 846
396 850
393 854
396 856
410 858
401 863
409 866
391 870
394 873
426 875
384 879
401 883
420 885
432 888
425 891
391 894
446 896
439 898
436 900
434 902
437 903
481 905
434 907
486 908
451 910
447 912
454 913
441 915
481 916
431 918
482 918
478 919
468 921
448 921
459 923
480 924
457 925
450 926
467 927
497 929
453 929
460 929
507 930
454 930
479 918
524 918
526 918
523 916
524 915
524 914
524 913
524 908
525 910
525 908
525 905
525 903
524 900
524 898
524 896
524 894
524 891
524 888
525 886
525 884
524 882
524 873
526 869
528 870
533 866
525 865
524 862
524 858
525 853
524 849
526 845
525 840
524 834
524 830
524 826
524 819
524 815
525 810
525 804
524 799
525 795
524 791
524 786
524 780
525 777
523 772
524 764
