522 793
195 795
198 799
177 803
54 804
30 807
60 812
72 818
99 822
81 826
43 832
94 835
97 837
116 843
143 847
93 849
169 853
181 857
134 860
155 863
207 866
190 870
174 872
114 878
155 880
204 883
181 887
159 889
197 892
228 894
247 898
268 900
314 901
240 903
297 904
272 904
340 907
321 909
284 910
322 911
318 912
342 915
328 914
325 915
327 918
330 921
330 921
344 922
348 923
337 924
365 925
372 926
350 927
372 927
371 929
399 929
391 931
379 924
890 204
880 202
874 199
887 197
873 194
860 191
873 188
892 185
880 181
870 178
885 174
885 172
896 169
823 165
816 162
836 161
816 158
771 156
780 153
745 152
742 149
754 149
771 146
757 145
731 144
711 142
752 142
742 157
731 147
707 138
719 137
733 134
714 134
716 132
704 132
707 131
690 128
705 128
644 127
692 126
723 125
670 124
631 125
652 123
676 123
666 123
612 122
641 122
653 122
605 122
610 121
655 121
605 123
617 122
576 122
625 121
607 122
293 908
313 908
313 909
323 911
310 914
321 914
350 916
321 915
364 917
308 918
355 919
311 921
345 923
346 923
356 923
391 925
347 926
380 927
339 928
368 929
391 929
385 930
400 931
405 931
400 931
404 930
426 927
434 931
414 932
432 932
464 932
437 931
435 931
445 930
470 933
469 931
462 930
451 930
480 930
506 928
520 927
520 925
523 924
524 920
523 917
523 915
524 916
525 914
524 913
524 913
524 911
524 910
524 908
524 905
525 903
524 900
524 898
524 597
524 593
524 590
524 583
523 579
525 575
525 572
524 566
524 561
524 558
523 560
524 546
524 539
524 533
523 526
524 518
524 512
524 507
524 499
524 496
524 488
525 484
524 480
523 474
524 470
524 466
524 460
521 455
524 449
521 444
524 437
525 430
524 424
524 418
524 412
523 406
525 400
525 394
525 388
524 383
524 377
524 372
524 365
525 351
521 356
524 351
524 345
524 341
524 337
524 331
524 326
524 321
525 317
525 312
524 307
524 303
524 298
964 216
944 221
969 215
933 212
903 208
878 205
884 202
890 199
852 197
852 192
901 186
863 187
886 182
901 178
889 175
905 172
888 169
863 166
832 164
829 161
818 159
759 156
765 153
745 152
769 147
743 149
784 147
783 146
723 145
729 143
744 142
761 140
722 135
704 138
719 139
728 135
724 134
695 133
693 131
698 129
698 129
701 128
693 127
693 127
676 125
675 125
654 125
659 124
677 124
650 124
609 121
661 122
661 122
608 122
613 123
630 122
619 121
525 144
526 144
525 148
525 151
525 152
524 153
522 157
524 161
525 162
525 165
525 167
526 170
524 173
524 175
524 179
526 182
524 184
525 188
524 191
525 196
524 199
524 204
525 207
524 215
526 217
525 223
517 223
528 231
525 238
523 245
524 250
524 252
526 255
525 263
524 267
525 272
524 278
525 281
526 287
524 293
525 298
524 304
525 309
525 313
525 317
524 324
525 329
524 334
524 341
523 346
524 350
525 356
524 361
525 366
526 371
525 375
525 490
524 494
525 497
525 501
525 508
524 514
525 521
525 527
525 535
524 543
525 548
524 554
524 559
522 566
524 570
524 574
525 579
525 583
524 588
526 593
524 600
524 605
525 610
525 617
525 623
525 630
524 636
524 641
524 649
524 655
524 659
524 666
525 672
525 678
524 683
525 689
524 694
524 700
524 704
525 709
524 714
525 718
524 724
525 728
524 733
525 738
525 744
524 748
524 753
524 757
524 760
525 765
525 771
525 773
525 777
523 782
523 787
518 848
141 850
94 852
176 854
135 857
181 860
156 863
151 867
204 870
165 872
171 876
164 882
177 882
235 886
150 889
205 893
169 895
241 895
308 898
273 901
304 902
265 904
299 906
299 908
328 908
339 909
302 911
353 912
332 914
321 914
311 917
342 917
345 918
321 920
359 921
347 921
353 923
342 924
368 924
359 927
332 927
376 927
390 928
414 929
391 928
399 929
430 929
409 930
425 930
436 930
404 931
410 931
456 929
456 931
449 930
436 931
446 930
483 897
523 896
525 893
523 890
524 888
524 885
525 883
523 880
524 879
523 873
523 873
524 870
524 867
524 860
524 855
523 854
524 848
525 844
525 840
524 836
523 829
524 824
524 819
524 814
529 810
525 805
523 799
524 794
523 791
524 787
524 782
523 776
524 769
524 764
525 760
524 756
523 750
524 745
524 741
527 736
524 729
524 723
524 719
524 711
523 707
524 702
524 695
523 690
524 686
524 681
524 676
526 672
525 666
524 660
525 654
524 648
524 640
524 503
524 500
524 496
524 492
524 486
525 481
523 477
524 472
524 468
524 463
525 457
525 452
525 446
524 440
524 434
525 428
524 421
524 416
525 409
524 403
523 396
525 393
524 387
524 380
525 374
524 367
525 364
524 326
523 351
526 349
524 343
525 339
525 334
524 330
524 324
525 320
524 314
524 310
525 306
524 300
525 297
525 293
524 289
525 284
525 280
525 275
526 270
529 267
581 264
648 261
805 260
901 256
862 251
934 249
1010 245
1023 240
1022 235
716 130
716 129
666 127
686 127
686 125
663 126
673 123
665 124
633 124
675 124
626 123
653 123
639 123
624 122
640 122
618 122
608 121
638 122
609 123
595 122
585 122
633 122
596 122
590 124
566 122
578 123
552 126
540 130
530 131
532 133
528 135
542 134
525 137
525 138
526 139
524 140
524 140
525 142
526 144
525 147
525 149
524 151
524 153
525 156
525 158
525 161
524 164
525 167
524 170
524 171
526 174
525 176
524 178
524 182
525 185
525 190
524 195
525 211
528 214
522 226
527 228
525 232
528 239
524 245
524 248
526 252
525 257
525 261
524 264
525 271
523 276
525 281
525 285
525 291
524 295
524 300
524 307
524 311
524 316
525 322
525 327
525 332
525 338
525 342
524 347
521 356
524 358
524 363
524 370
525 373
524 378
525 384
525 388
525 414
532 401
524 407
525 413
525 420
525 429
523 435
524 441
524 449
525 454
525 461
524 462
526 470
525 470
522 476
524 481
524 484
525 490
526 494
524 501
525 506
525 577
525 580
525 584
524 587
524 593
525 598
524 603
524 610
524 616
524 622
527 627
525 635
524 642
524 646
524 652
525 656
525 664
525 670
524 676
525 681
524 687
524 691
525 698
525 703
524 709
525 714
524 716
524 721
525 726
524 732
524 737
524 742
524 747
524 751
524 755
524 759
525 763
524 767
524 771
525 776
525 780
522 785
520 789
418 792
208 792
212 797
235 802
115 802
71 807
73 812
74 814
82 820
105 824
63 829
71 835
84 837
100 842
155 882
180 881
170 884
157 886
213 888
209 891
193 893
204 897
273 901
310 897
314 901
287 902
244 904
289 905
304 907
342 910
315 910
344 914
301 915
309 914
336 915
325 918
365 919
322 920
358 921
358 920
344 923
347 925
324 925
382 927
355 928
359 927
370 928
425 929
390 930
377 930
409 929
435 931
412 930
404 931
442 931
429 932
430 931
457 931
437 930
430 931
450 931
475 931
448 931
461 930
470 929
487 928
498 926
513 927
521 924
523 921
524 920
525 897
525 892
525 894
523 892
524 889
525 887
524 885
525 881
524 878
522 876
524 873
525 870
523 867
526 863
527 859
524 855
525 850
524 846
523 843
524 835
524 830
523 826
525 824
524 819
525 811
523 805
524 801
524 793
524 794
524 786
524 781
524 776
524 774
524 767
523 763
524 758
525 751
523 750
524 742
528 728
524 731
524 725
524 718
523 712
523 708
523 702
524 697
524 692
524 687
524 684
524 676
524 674
525 667
524 661
524 657
525 649
524 644
524 574
524 570
523 567
525 562
525 554
524 540
527 567
525 538
524 530
524 524
524 517
524 511
525 505
525 499
524 493
525 488
524 484
525 477
523 473
524 470
524 464
525 459
525 453
525 448
524 441
525 435
525 430
525 424
525 419
524 410
524 405
523 399
524 393
524 387
524 382
525 376
524 372
524 366
524 360
520 357
525 352
524 343
524 340
524 336
525 329
524 325
524 320
525 315
524 310
524 306
524 303
524 298
524 294
524 289
524 285
524 280
525 275
935 207
886 205
905 202
863 201
878 198
877 194
883 191
854 188
863 184
886 181
908 178
868 175
863 170
901 169
855 165
834 163
796 160
794 159
835 156
786 154
737 153
728 150
741 150
766 148
748 146
743 143
733 143
753 141
725 141
714 141
687 133
726 136
732 137
711 138
732 132
693 130
675 129
688 130
700 127
705 127
671 126
668 126
679 124
664 124
634 125
631 124
679 123
648 123
630 123
624 122
639 121
609 122
617 121
610 121
608 121
590 122
616 122
525 147
524 149
525 150
525 152
525 154
524 157
525 159
524 162
525 165
523 168
525 170
524 174
524 175
525 179
525 182
525 186
524 188
524 192
525 195
525 199
525 204
524 210
523 214
523 214
527 223
524 225
524 234
522 231
523 246
525 250
525 254
525 257
524 263
524 268
525 273
524 278
524 285
524 290
525 293
524 297
524 305
525 309
525 314
524 319
525 325
526 331
525 335
524 339
524 348
525 352
525 356
524 365
525 367
524 370
523 377
525 383
523 388
525 491
525 495
525 499
524 506
525 511
524 518
525 524
525 531
524 537
525 544
524 551
525 556
525 562
521 568
524 574
523 576
524 581
524 586
526 589
525 596
525 602
525 607
524 613
523 618
524 626
524 632
525 639
524 645
525 652
524 656
524 663
525 668
525 674
524 680
524 686
526 688
525 695
526 701
524 706
525 710
523 715
523 720
521 725
524 730
525 735
524 740
525 745
524 749
524 754
525 757
525 762
525 765
524 770
525 774
527 779
523 782
521 788
118 842
120 845
149 848
137 850
162 855
195 858
185 861
183 864
129 867
166 871
189 875
148 877
142 882
151 884
237 886
236 889
148 892
221 896
238 897
280 900
297 901
275 902
308 905
258 906
294 908
295 910
319 912
325 914
333 913
349 915
297 916
330 916
327 919
328 918
340 920
335 922
355 923
337 924
383 926
369 927
352 927
327 928
388 929
418 930
382 930
398 929
402 931
427 931
422 932
391 931
421 931
458 932
413 931
462 932
430 932
449 933
428 923
367 923
382 925
358 925
337 926
363 927
382 928
401 928
396 929
392 929
398 930
428 931
395 930
426 930
401 932
435 931
438 932
430 931
429 932
452 932
430 930
455 930
470 931
454 930
470 930
484 928
498 928
509 927
518 925
524 925
523 920
524 918
522 916
523 915
524 914
522 913
525 912
524 910
525 909
525 907
524 906
524 902
524 900
524 899
523 896
524 893
524 891
524 888
524 885
525 882
522 880
524 875
524 875
525 871
523 868
524 866
524 861
524 641
524 637
523 635
524 630
524 620
524 616
524 606
523 603
525 597
526 592
524 588
524 583
524 579
524 573
524 571
524 565
525 560
525 555
524 549
524 527
523 535
524 529
525 524
524 517
524 510
524 503
524 497
525 492
524 487
524 482
524 478
525 472
524 467
524 463
524 457
527 451
531 446
527 440
525 434
524 427
525 421
525 414
524 408
523 403
524 397
524 391
524 386
525 379
524 375
524 369
525 363
524 358
524 352
521 350
525 336
525 329
524 333
524 168
844 166
837 167
823 161
821 160
773 158
783 156
790 153
759 152
747 150
737 149
746 147
718 146
731 144
770 143
747 141
732 140
666 138
715 130
711 134
724 146
710 133
705 132
725 131
710 130
688 129
669 131
671 127
693 126
680 125
665 124
642 125
673 124
656 124
645 123
630 127
650 123
629 124
609 122
631 122
600 121
608 122
607 123
593 123
609 123
577 123
565 124
589 124
566 124
544 125
533 126
531 128
525 130
526 127
528 134
513 137
527 138
525 171
525 171
525 174
524 180
523 181
524 184
524 186
524 189
525 194
524 197
526 201
523 204
524 211
523 216
527 225
522 228
524 235
529 234
525 244
524 247
525 253
524 254
525 259
524 263
525 270
524 277
525 281
526 284
524 290
524 297
524 302
524 307
524 311
525 315
524 321
524 327
524 331
525 338
525 343
526 347
524 354
525 359
525 363
525 370
525 373
525 379
524 384
525 389
525 396
524 399
534 415
523 414
525 421
525 429
525 434
524 442
525 447
525 577
524 580
525 583
524 587
524 592
524 597
526 603
524 609
525 615
524 620
524 628
525 634
524 640
524 646
525 652
525 657
524 664
525 670
525 675
524 681
525 686
524 692
524 698
524 702
525 707
524 712
525 717
525 722
524 726
525 732
524 736
524 741
526 746
525 751
527 755
524 759
525 762
525 766
524 771
523 776
524 780
524 785
523 789
433 791
228 791
188 796
219 801
101 803
0 808
22 814
88 817
101 821
66 825
58 830
107 835
91 838
133 842
131 846
324 910
286 911
358 911
287 912
323 913
355 915
338 918
351 917
304 921
357 920
335 923
341 923
344 924
336 925
384 928
360 927
387 928
366 929
375 929
392 929
416 930
416 930
375 930
426 931
435 929
403 931
427 932
448 931
438 931
442 932
456 933
455 930
450 931
454 931
454 929
485 929
497 929
495 928
522 926
523 925
523 920
523 920
523 916
523 915
524 915
523 914
523 914
524 912
525 912
523 909
525 907
526 904
523 902
524 899
525 897
524 895
524 892
524 802
524 800
525 796
525 792
524 787
524 782
523 778
524 773
524 769
526 760
524 759
524 754
524 746
524 742
524 739
525 730
515 724
524 723
524 716
524 707
525 704
524 699
524 694
524 689
524 685
526 677
524 673
525 668
524 663
525 658
525 651
523 645
525 637
524 631
525 624
524 617
524 610
524 603
524 599
525 593
526 587
524 583
524 580
525 575
524 573
525 565
524 562
524 557
523 550
524 546
524 528
524 532
524 524
524 518
524 512
523 505
523 483
525 479
525 476
524 477
525 470
525 467
524 459
524 454
524 448
525 442
524 437
525 430
525 425
525 418
524 412
524 406
523 399
524 393
524 388
524 381
524 378
524 371
524 366
524 359
524 355
526 349
520 341
541 329
524 335
524 330
524 326
524 321
525 316
525 311
525 306
525 301
524 298
524 294
524 291
524 286
524 281
524 277
524 272
529 267
532 263
632 262
662 258
892 257
886 252
890 248
1023 246
1023 240
1023 236
969 231
956 227
998 222
946 218
899 176
855 172
863 167
840 165
832 163
855 159
800 158
770 152
783 154
782 151
763 148
781 149
750 148
723 145
748 144
736 142
743 141
710 141
704 138
753 138
708 132
721 137
660 144
706 133
692 131
692 130
723 129
703 129
692 126
684 126
692 125
653 125
646 123
684 123
643 125
615 123
641 123
645 122
634 122
620 122
604 122
637 121
596 122
602 124
614 122
619 121
568 122
597 124
592 123
581 124
537 124
531 126
534 128
537 129
523 131
529 118
525 137
525 159
525 161
525 164
524 165
525 168
525 170
525 173
524 176
524 179
525 182
524 185
525 189
524 193
524 196
525 200
524 204
525 210
525 216
524 219
521 225
526 225
528 236
529 240
525 240
525 246
522 247
525 259
524 263
525 268
524 275
524 278
525 282
526 289
525 294
525 300
524 304
524 310
525 315
525 321
525 325
524 330
525 337
526 342
525 348
524 353
525 357
524 363
524 369
524 373
524 377
525 383
526 387
524 395
525 399
524 404
524 421
524 416
524 482
525 485
525 489
523 493
525 500
524 505
525 511
524 517
525 523
524 532
525 538
524 544
525 551
524 556
525 563
525 566
525 573
525 576
524 581
525 585
524 590
525 595
525 604
524 607
524 612
524 618
524 626
526 631
524 638
524 644
524 650
525 656
524 664
526 667
525 674
524 679
525 684
523 690
524 695
524 701
524 706
524 710
525 715
525 720
525 724
524 729
524 734
524 739
524 744
524 748
525 752
525 755
524 761
525 765
525 769
524 774
524 778
70 824
76 827
98 830
83 837
111 841
140 845
176 847
132 851
144 854
180 856
169 860
164 864
137 866
177 871
135 874
137 877
199 881
167 884
149 888
214 890
192 893
249 895
234 897
273 900
280 901
250 901
312 906
310 905
308 907
305 910
339 911
314 912
277 914
342 915
354 916
357 918
311 917
321 919
344 920
351 922
337 923
328 924
362 926
350 926
381 931
358 929
375 929
371 929
395 930
405 931
387 931
397 931
409 932
407 931
418 932
423 931
429 932
527 914
524 914
525 914
524 912
523 910
524 908
523 905
523 902
524 900
525 899
523 895
525 893
523 890
523 889
523 885
523 881
524 879
522 877
524 874
524 870
524 868
524 864
525 860
524 857
523 854
525 848
525 844
524 838
523 832
524 826
524 822
525 818
523 813
525 808
523 801
524 796
524 793
525 790
524 783
525 777
524 773
523 769
524 766
524 757
525 752
523 748
525 745
525 738
524 733
525 728
524 717
524 715
524 712
524 704
517 699
524 695
524 689
524 577
525 574
523 567
524 564
525 557
524 553
525 545
525 541
518 535
524 526
525 519
525 514
524 508
524 501
523 497
525 491
524 485
523 480
524 475
526 471
524 465
524 462
524 455
524 451
524 444
525 438
525 433
524 427
523 420
524 413
523 407
524 402
525 395
523 388
525 385
524 378
524 374
523 367
525 361
524 356
525 351
524 347
525 339
525 324
525 332
524 327
525 322
524 317
524 312
524 308
525 303
524 298
525 296
525 290
525 287
524 282
525 279
886 202
900 200
849 198
889 195
844 192
883 188
887 185
890 182
881 178
888 175
861 171
876 170
868 165
864 163
815 161
787 158
801 157
772 156
771 150
763 151
765 149
751 147
712 145
739 145
710 143
725 141
721 137
748 138
734 137
687 137
704 124
691 138
722 140
670 132
729 129
709 129
692 128
709 128
681 127
657 126
672 125
659 124
657 124
633 123
650 124
627 123
620 123
645 122
614 121
603 123
625 122
597 122
614 122
598 122
585 121
582 122
608 123
525 145
524 146
524 150
525 151
524 153
525 156
524 159
524 161
525 161
524 167
524 170
524 172
524 175
525 178
524 180
525 185
526 188
524 191
524 194
524 200
526 199
524 208
524 214
525 217
524 222
524 226
515 237
527 236
523 243
526 253
519 254
528 261
526 264
524 268
525 271
524 275
525 282
525 288
524 291
524 297
525 302
525 307
524 313
525 319
526 322
524 329
524 336
525 337
524 345
524 352
525 354
524 359
525 366
525 369
524 377
525 380
524 386
524 496
525 499
524 502
524 509
525 515
525 523
524 529
524 536
525 543
526 549
525 554
525 560
525 565
524 571
524 574
525 580
527 584
524 589
524 595
525 601
525 605
524 612
524 618
524 623
523 630
524 636
524 642
524 648
524 654
525 660
524 666
524 671
524 678
524 684
524 688
525 694
525 699
524 704
525 709
524 714
524 718
524 723
525 727
524 733
524 738
524 745
524 747
524 751
524 756
524 759
524 764
525 768
524 773
524 777
524 781
522 786
519 866
190 869
164 870
169 873
165 877
151 880
167 883
176 885
201 886
183 891
210 893
274 896
259 898
270 898
277 901
315 902
277 907
286 906
363 909
279 908
326 911
294 911
354 914
304 917
328 917
333 917
354 919
405 920
320 923
348 922
348 923
359 925
353 925
335 928
389 927
375 928
405 929
374 931
385 930
411 930
407 930
401 930
414 929
411 931
430 932
414 931
432 932
447 932
448 932
430 931
444 931
459 931
476 930
450 931
483 929
505 929
515 927
514 886
523 884
526 881
524 879
526 877
523 873
523 872
526 868
523 864
527 861
524 857
523 854
525 850
525 845
523 839
523 834
524 829
524 824
525 819
522 815
524 811
524 805
524 799
524 796
525 791
524 785
525 780
525 774
525 768
524 766
528 761
524 753
526 748
524 747
523 741
524 734
525 730
524 726
525 705
524 712
524 708
524 702
524 697
524 693
524 687
525 681
523 678
524 672
524 666
525 662
524 655
524 649
525 642
525 635
525 628
524 621
524 615
526 525
522 526
527 520
524 515
525 509
524 502
524 498
524 492
524 486
524 483
524 475
523 473
524 466
523 463
523 458
524 453
525 445
524 440
524 435
525 428
524 420
525 416
525 409
524 403
525 396
525 392
525 384
525 381
525 373
524 369
524 364
524 358
524 352
524 347
524 342
525 341
522 333
524 328
524 324
524 319
525 312
525 309
523 301
524 300
524 297
525 292
524 289
524 284
525 280
525 275
524 270
527 266
541 263
649 260
673 259
901 256
883 250
890 164
834 162
824 161
833 160
787 157
794 154
782 154
764 155
759 150
756 149
745 147
748 145
686 145
716 143
744 141
734 139
718 139
693 136
737 135
694 142
691 138
691 105
723 132
708 130
696 129
702 127
680 126
696 125
666 125
667 125
672 124
625 123
655 123
657 123
604 123
634 124
644 123
614 123
609 122
628 122
601 122
602 122
595 123
601 122
603 122
569 123
590 124
567 124
552 125
533 128
527 129
525 130
525 129
524 127
505 130
526 133
520 142
525 207
524 209
524 215
524 219
524 224
524 229
529 235
525 237
526 244
526 246
526 254
541 250
525 266
524 269
527 272
526 279
524 284
524 290
524 297
524 301
524 304
525 309
524 316
524 321
522 327
524 332
525 337
525 341
524 347
524 354
525 360
525 364
527 369
525 374
522 380
524 384
525 390
525 396
524 397
525 408
525 413
527 421
524 429
525 434
525 443
524 447
526 454
525 459
525 464
525 468
525 472
525 476
524 480
525 483
525 490
524 495
525 501
524 730
526 733
525 734
525 741
524 746
524 750
524 754
524 758
524 763
524 766
524 771
524 775
524 780
522 782
523 788
471 790
301 790
195 793
209 800
136 802
11 807
3 811
49 816
105 822
60 825
77 829
83 834
84 837
103 842
155 843
155 849
125 850
188 855
173 860
181 863
159 864
174 868
177 872
140 874
160 878
146 881
187 885
214 888
174 890
239 893
230 895
253 898
274 899
280 901
283 904
296 905
331 906
317 908
271 909
297 910
333 913
352 912
302 915
354 920
354 922
367 915
