260 856
302 858
311 859
286 862
302 864
293 868
258 871
290 874
267 878
288 882
293 885
268 887
323 890
327 893
312 896
330 899
368 900
389 903
352 904
409 906
356 907
396 908
346 909
385 910
414 912
362 915
406 915
388 918
405 917
391 919
394 920
393 920
390 923
398 924
418 938
423 926
401 927
415 927
443 928
398 929
423 930
434 930
471 931
455 931
404 931
465 932
483 932
445 931
442 931
487 932
482 932
461 932
458 931
476 932
467 931
497 931
475 931
701 148
661 151
666 149
682 148
685 147
658 144
662 142
683 142
679 141
618 138
644 137
673 135
632 135
650 133
648 133
677 131
634 130
646 129
627 128
614 128
651 126
644 125
610 126
603 123
619 123
617 123
601 123
580 121
621 122
627 122
576 122
567 128
620 120
583 121
568 118
600 123
588 136
572 121
563 122
548 121
564 122
549 123
541 121
531 128
524 129
524 130
524 133
525 134
525 136
524 138
525 138
525 139
525 141
521 142
524 143
524 146
523 148
429 927
409 929
437 929
456 929
440 929
458 931
433 931
436 931
482 932
445 932
449 931
474 932
459 932
470 931
452 932
494 932
472 934
488 931
474 930
495 931
501 927
497 930
504 927
523 926
523 927
522 922
524 918
524 918
524 917
524 916
524 915
527 916
523 912
523 911
524 909
524 906
524 906
524 903
524 901
523 896
524 895
524 894
524 889
524 888
525 885
524 882
525 879
523 875
525 873
525 871
523 866
525 864
525 861
525 856
525 851
524 847
523 840
523 522
524 517
525 512
524 505
524 500
526 494
524 489
526 483
523 479
525 474
525 470
524 465
524 460
524 454
525 448
525 439
528 432
510 429
528 425
525 419
525 411
525 406
525 400
524 394
523 388
524 382
525 376
525 372
525 366
523 359
526 355
524 349
524 345
525 340
525 336
525 332
525 326
524 321
524 317
525 312
525 307
524 303
525 298
524 295
524 289
524 286
525 281
524 278
524 270
531 272
530 267
647 260
662 256
670 254
654 250
742 247
894 245
760 169
772 166
754 163
721 161
734 159
715 161
683 159
679 154
668 151
671 156
688 148
671 146
664 147
700 143
660 142
661 140
637 139
646 136
675 133
642 134
659 133
632 133
677 132
626 131
613 129
644 128
651 127
641 127
615 126
648 125
622 124
608 123
606 124
628 122
590 122
595 122
607 120
587 121
597 120
561 125
586 114
569 122
575 117
590 121
577 113
555 123
573 122
562 122
571 124
530 125
531 126
531 128
524 130
526 131
524 134
523 135
525 182
524 183
525 186
526 187
524 193
525 195
525 199
524 203
525 208
525 214
525 218
524 224
523 228
525 233
525 238
523 244
524 249
525 253
525 257
525 262
525 268
525 273
524 277
525 282
525 286
525 293
525 300
525 303
522 308
525 314
522 318
524 324
523 329
524 334
523 340
525 345
524 351
525 358
525 361
524 367
523 373
524 376
524 382
524 386
524 391
521 398
524 403
524 411
524 418
524 424
525 432
524 438
524 447
525 451
524 457
524 461
525 465
524 584
524 585
523 592
524 597
524 602
524 606
525 613
523 619
524 625
525 632
524 640
525 644
522 650
524 656
522 661
524 666
523 672
524 677
524 685
525 690
525 695
525 701
525 707
525 711
524 717
524 721
525 726
525 730
522 734
524 739
523 745
523 748
523 753
524 758
522 761
524 765
523 769
523 774
525 779
523 784
523 788
496 790
423 793
408 796
361 802
262 803
189 807
203 812
210 816
259 821
248 825
192 830
233 834
257 838
235 842
258 845
268 848
278 720
524 722
525 725
520 733
526 738
523 743
525 748
526 753
525 756
526 760
524 764
525 766
525 771
525 777
524 780
524 785
519 789
433 791
386 796
396 800
378 803
148 805
149 811
178 816
226 820
249 824
225 828
203 833
251 837
247 840
239 844
239 847
264 851
309 855
295 858
281 861
304 865
277 868
310 870
295 874
266 878
264 881
279 884
325 887
292 890
314 893
336 895
332 898
370 899
407 901
354 903
347 905
350 906
394 907
416 911
378 910
368 912
395 915
524 914
523 914
523 912
524 909
524 910
525 908
525 905
523 903
524 901
524 899
524 897
525 894
524 891
523 888
523 886
524 882
524 879
523 878
526 875
524 870
524 868
524 866
524 863
523 859
523 852
523 850
525 844
526 840
526 836
523 831
524 824
524 818
525 815
524 810
524 802
526 801
524 796
525 790
521 776
523 782
523 777
524 770
524 764
524 762
524 758
523 752
523 745
524 739
524 736
524 732
524 723
524 719
524 714
525 707
525 704
525 698
524 466
527 466
524 458
525 452
525 447
525 442
524 437
528 430
524 417
519 416
526 410
524 403
525 398
524 393
528 387
525 381
525 376
526 370
525 364
524 359
525 353
525 348
525 343
525 339
524 335
524 330
523 325
525 320
525 315
525 310
525 305
524 301
525 297
524 292
524 288
524 285
525 279
524 274
517 270
527 267
531 264
620 254
659 257
698 253
666 249
839 249
914 244
883 237
860 233
794 229
828 225
835 221
787 214
798 212
755 207
779 205
767 203
628 125
601 124
622 124
615 124
588 123
591 122
601 123
607 122
566 122
580 119
600 120
559 116
568 120
578 122
595 126
545 115
555 123
548 123
568 125
535 125
530 127
532 128
525 131
526 133
525 135
525 136
524 138
525 139
524 140
525 140
525 143
525 145
525 146
524 148
525 151
525 153
524 158
525 158
524 160
524 161
524 167
524 169
524 171
525 175
528 176
529 180
520 174
525 187
523 189
524 192
525 196
524 200
526 204
525 210
525 215
525 221
525 226
525 244
524 248
525 251
527 256
525 259
526 265
525 268
525 274
525 281
524 286
524 290
524 295
524 302
524 306
523 311
524 315
524 320
524 327
524 332
524 336
524 343
524 347
525 353
524 359
524 363
524 368
524 374
523 377
524 385
524 389
524 394
524 401
524 406
523 414
525 419
525 427
524 435
525 439
523 447
524 453
524 457
524 463
525 468
525 472
523 475
524 481
525 483
524 489
524 494
525 498
525 506
524 511
523 519
524 525
524 532
524 538
525 544
526 609
524 614
525 619
523 626
524 633
525 638
523 645
523 651
524 656
525 663
525 668
524 673
524 679
524 685
524 691
524 695
524 702
523 707
523 711
525 717
522 719
522 725
523 731
524 735
525 739
523 743
525 749
523 754
523 758
523 762
527 766
524 773
526 773
524 778
523 783
524 787
465 791
407 794
405 798
383 803
208 803
154 809
194 814
213 818
246 821
238 827
210 831
252 835
215 839
259 842
260 846
276 849
281 853
272 856
288 859
301 863
284 868
385 900
384 901
323 902
372 904
333 905
378 906
423 909
369 913
426 913
369 914
381 914
362 916
412 916
409 918
390 919
423 920
395 922
443 921
383 924
384 924
406 926
420 926
419 927
410 928
447 929
435 930
424 930
449 931
452 931
460 931
445 932
441 932
464 932
441 931
480 931
476 933
458 932
486 930
487 932
488 931
458 930
509 930
506 931
504 928
517 927
524 924
523 924
523 921
524 918
523 918
523 915
522 915
523 915
525 912
524 912
523 902
524 882
524 879
525 878
522 876
524 873
524 870
524 866
525 863
524 859
524 856
524 852
523 848
524 842
526 838
527 832
525 827
525 822
524 818
526 812
524 805
524 802
523 798
524 792
524 789
524 783
524 779
525 773
526 770
524 763
522 759
525 755
525 750
525 741
525 738
524 733
523 726
524 719
525 718
523 712
525 704
524 699
524 696
524 690
524 686
525 680
525 673
524 669
524 664
524 659
524 651
523 646
525 637
525 632
525 624
526 618
525 612
524 604
526 549
524 544
525 538
525 533
523 527
524 519
525 513
525 506
522 499
526 494
525 488
528 484
525 481
525 474
524 470
523 466
524 461
525 454
525 449
525 443
524 436
524 433
526 423
525 424
525 413
524 405
524 400
525 395
524 389
524 389
525 377
524 372
525 366
525 361
525 356
525 351
525 345
525 341
525 336
524 331
525 327
524 323
524 317
524 313
523 307
525 303
525 300
524 295
524 291
524 287
527 282
525 278
527 273
524 273
524 258
583 264
676 251
671 185
780 184
751 182
759 178
756 174
784 172
742 168
719 166
742 163
738 160
731 158
704 160
689 153
673 153
675 159
685 149
697 149
657 146
665 146
655 143
657 141
659 140
659 139
685 136
659 135
635 135
664 132
652 132
635 130
596 133
656 128
663 132
618 127
629 126
620 126
619 124
603 126
583 124
628 123
614 123
577 123
603 122
599 122
593 121
577 122
593 121
587 119
575 111
578 119
577 121
560 123
569 106
573 122
563 123
535 125
540 125
531 128
524 167
524 168
524 171
524 173
525 176
524 179
524 178
519 182
523 188
525 190
524 194
524 199
523 203
524 208
524 213
525 219
525 223
524 229
525 235
524 240
524 243
525 251
524 252
525 256
524 261
523 266
525 271
524 278
524 283
524 288
525 293
525 300
524 303
525 310
524 312
524 319
525 324
525 329
525 334
524 342
525 347
525 350
525 355
525 363
525 367
524 373
525 376
525 380
523 387
524 391
524 398
523 404
525 409
524 418
525 425
524 433
524 440
524 545
524 550
526 555
524 561
523 566
525 570
523 576
525 580
525 585
524 591
525 595
523 601
524 606
524 614
523 618
525 625
523 631
525 636
523 642
524 649
524 655
525 660
524 666
524 672
524 678
524 684
525 689
524 694
524 700
524 704
524 709
523 713
524 719
526 722
525 728
526 735
525 739
523 743
526 748
523 752
526 757
525 761
525 768
525 770
525 774
525 779
523 782
525 785
521 790
432 792
408 796
368 801
366 803
169 807
155 812
196 816
258 820
305 867
284 870
285 872
255 875
284 877
290 881
314 883
306 888
275 890
332 892
324 895
342 896
356 899
375 902
360 902
341 904
381 904
393 907
383 907
384 908
384 912
397 913
397 914
401 917
405 917
419 918
425 918
398 921
403 922
391 922
406 925
436 926
406 926
411 926
422 927
453 928
421 929
405 929
451 929
471 929
431 930
424 931
464 932
469 931
452 931
449 931
479 932
478 930
470 931
466 931
491 931
471 931
501 929
479 930
483 929
514 928
518 927
524 885
524 883
524 880
524 877
524 874
525 872
524 868
525 866
524 862
525 858
526 853
525 849
525 844
524 840
524 835
524 830
524 823
524 820
525 815
523 811
525 806
523 799
524 795
524 792
527 791
520 784
524 775
523 771
524 765
523 761
525 756
524 751
524 745
525 741
524 736
524 730
524 725
524 717
525 712
524 709
524 702
525 697
525 692
524 685
524 682
525 678
526 671
524 665
524 660
524 656
525 646
525 641
524 636
525 625
523 625
525 614
525 606
525 491
525 487
525 485
525 482
524 476
530 471
525 466
525 461
525 456
525 451
522 445
524 438
525 432
524 421
520 425
530 405
525 408
524 403
526 398
525 391
525 384
525 379
524 374
525 369
525 362
525 358
525 352
525 347
525 343
525 339
524 333
525 328
525 324
525 320
524 314
524 310
526 305
524 300
524 297
525 292
525 288
525 284
525 279
528 275
524 273
530 268
577 267
661 259
646 271
677 251
674 248
839 249
907 244
869 238
837 234
819 231
828 224
682 157
664 166
682 151
675 145
709 148
684 148
641 144
692 144
654 141
667 142
664 140
653 139
652 137
646 136
654 135
639 134
632 133
636 130
648 130
660 129
626 128
660 126
629 125
624 126
608 125
599 125
636 125
591 124
582 124
609 123
595 123
592 121
565 122
594 122
603 118
551 125
573 123
583 125
579 123
560 119
573 122
564 124
548 124
537 126
538 127
524 129
524 131
525 133
525 135
525 138
525 140
525 138
525 142
525 142
524 143
524 146
525 186
525 187
525 190
524 193
525 195
524 201
524 205
524 212
526 216
525 222
525 227
522 230
524 236
525 242
525 247
525 253
524 256
524 259
526 262
525 269
524 275
525 279
525 284
524 291
525 296
526 301
524 306
525 311
524 317
526 321
525 326
524 331
525 338
525 343
524 348
525 354
524 357
525 364
524 368
524 371
525 379
524 386
524 388
524 395
524 400
524 408
524 413
525 420
523 427
525 433
523 441
525 445
526 454
525 457
524 463
524 468
525 471
525 602
525 604
524 607
523 612
523 616
524 621
524 628
523 634
523 640
525 648
524 653
525 658
524 665
526 670
524 676
524 681
524 686
523 693
524 698
523 707
524 708
526 716
524 717
524 722
525 729
524 733
526 739
524 743
525 749
524 752
524 756
525 759
524 764
525 768
524 772
524 776
524 782
525 786
523 790
404 793
383 796
398 806
373 802
153 806
183 812
200 816
289 821
222 823
212 828
256 830
243 837
246 839
259 845
266 848
268 852
282 854
277 859
313 913
377 915
389 915
380 917
401 918
405 920
398 919
430 922
382 921
438 923
403 925
393 925
403 926
411 927
453 928
412 928
452 929
454 930
433 930
452 929
443 930
455 931
441 930
473 930
453 931
490 931
442 932
470 929
470 931
481 932
470 931
461 930
518 930
481 929
505 929
515 927
519 925
524 922
524 920
524 919
523 915
525 916
524 915
523 914
524 913
523 912
524 911
522 910
524 906
525 904
525 900
530 899
524 899
525 895
524 892
526 889
524 886
523 794
524 792
525 788
523 781
520 779
524 773
524 768
525 765
525 758
524 751
525 746
525 742
523 737
524 731
524 726
525 721
524 713
525 709
524 704
524 697
524 693
524 688
526 682
524 677
525 675
523 668
525 662
525 657
524 651
525 644
526 636
523 630
523 622
524 615
526 610
524 604
525 598
514 593
521 585
524 584
525 580
524 575
524 571
524 566
523 564
524 555
525 550
525 544
525 536
525 531
525 524
524 517
524 512
526 506
524 501
525 494
524 489
526 468
525 467
524 464
525 459
525 455
525 448
525 442
524 437
524 430
524 444
523 416
527 400
525 405
524 398
525 393
522 388
524 383
525 376
525 370
525 365
525 360
525 355
524 349
525 344
525 340
524 334
524 330
523 326
524 321
525 316
525 311
524 306
524 302
525 297
524 292
525 289
525 284
525 282
526 276
525 272
525 269
529 261
622 258
684 259
672 258
674 249
844 248
940 243
868 237
831 234
815 229
848 225
838 221
791 217
796 213
794 210
785 205
756 170
750 168
713 165
737 164
713 162
698 159
710 157
740 154
670 156
675 147
702 147
664 155
650 148
643 144
689 143
646 142
661 141
661 140
676 138
660 137
624 136
642 134
647 134
668 133
633 131
650 130
647 129
634 127
637 127
599 127
618 125
638 128
610 124
608 124
590 123
637 122
604 123
586 123
596 123
582 121
594 122
585 121
576 120
583 123
571 126
563 129
548 122
575 135
557 123
539 125
540 126
528 126
524 130
525 131
525 134
525 136
525 137
524 157
525 158
525 162
527 164
524 164
525 169
525 171
525 174
524 176
524 180
524 182
522 188
535 189
526 192
524 195
526 200
524 206
525 209
525 215
525 221
524 226
524 230
524 236
525 240
525 244
525 248
524 254
523 258
524 263
524 268
525 272
524 277
524 283
525 290
523 295
524 299
524 304
525 309
525 313
523 319
524 324
525 329
525 337
525 340
525 346
525 352
522 357
525 364
525 368
526 372
525 376
524 382
524 386
524 392
524 399
524 403
526 410
524 472
524 475
523 480
526 483
524 488
524 492
524 499
524 504
525 510
525 517
525 523
523 534
525 538
524 545
525 549
525 556
524 562
524 566
523 572
525 576
524 582
525 586
524 590
524 596
525 602
524 607
525 614
525 619
525 626
524 633
525 637
524 645
524 650
524 657
525 662
524 668
524 674
525 679
523 685
524 691
524 696
524 702
525 706
525 710
525 717
525 722
524 724
523 730
525 736
525 741
524 744
524 748
522 753
524 758
524 763
525 766
525 771
263 820
261 823
230 828
227 831
225 833
240 839
236 844
244 845
271 849
256 852
286 855
325 859
257 861
300 865
288 868
293 872
302 876
260 879
305 881
300 885
302 888
322 890
314 893
372 896
355 897
341 899
381 900
366 903
387 904
367 906
408 908
380 911
380 911
373 912
370 913
413 915
412 916
386 917
399 918
427 917
372 921
403 921
434 922
425 923
393 925
412 925
420 927
436 928
430 928
439 929
438 929
435 931
456 930
474 931
432 932
428 930
490 915
524 915
524 914
523 913
523 914
525 911
526 911
524 909
512 910
525 905
525 902
524 901
524 898
524 895
524 892
525 889
526 886
525 884
523 882
525 879
525 876
524 873
524 871
524 868
524 863
523 860
525 855
524 852
524 847
525 843
525 838
525 831
524 827
525 823
525 819
523 813
524 808
525 801
524 799
524 796
525 791
524 785
525 777
519 764
525 769
523 763
524 758
524 751
524 749
524 745
524 737
524 734
524 730
525 722
524 716
523 712
525 706
523 595
524 593
531 586
516 589
524 580
525 577
525 573
526 568
525 565
525 558
524 554
525 546
524 541
525 534
524 527
524 521
526 512
525 508
526 501
524 494
524 489
525 484
524 480
525 475
523 471
526 465
526 463
524 454
525 449
525 444
523 438
525 431
524 425
527 418
525 413
525 415
525 400
525 395
525 389
525 383
524 377
525 372
524 367
525 360
525 356
524 350
525 345
525 339
524 336
526 331
525 326
525 321
524 317
524 312
524 308
524 303
524 299
525 229
858 226
833 221
788 218
812 213
800 209
785 206
748 203
769 200
753 197
753 193
741 191
746 187
796 185
761 180
779 176
741 173
751 171
767 168
761 164
729 163
694 160
695 157
701 155
681 154
706 154
690 153
651 158
692 150
676 154
679 144
644 143
668 140
671 138
662 139
624 140
633 136
667 134
630 132
642 132
623 130
655 129
643 128
619 128
620 127
627 128
650 125
618 125
620 124
596 125
608 123
622 123
594 122
584 123
602 121
604 122
570 121
579 133
524 134
525 135
524 136
525 137
525 139
525 140
524 142
526 142
525 144
524 141
525 147
526 150
523 152
524 155
525 156
525 159
525 162
525 166
524 168
525 169
525 173
524 175
525 178
525 180
525 183
529 184
524 190
524 194
524 198
525 204
525 207
524 212
525 217
524 223
525 228
525 236
525 240
524 244
524 248
525 251
524 256
525 261
525 267
522 271
526 277
525 283
525 288
524 293
526 299
524 303
525 309
524 314
525 319
525 323
524 329
525 334
523 459
523 462
524 466
524 469
525 475
525 478
523 484
525 487
524 492
524 498
525 502
525 511
525 515
524 524
525 528
524 535
524 542
525 548
523 559
524 559
524 567
525 570
523 575
524 580
525 584
525 589
525 594
524 601
523 605
522 611
524 618
524 624
525 630
523 637
523 643
524 648
525 655
524 660
523 665
524 672
524 678
524 683
524 689
524 695
523 699
524 704
524 710
524 714
525 719
523 724
524 729
525 734
522 737
524 744
524 748
523 752
524 758
270 841
291 843
256 846
258 849
274 853
277 856
284 858
294 863
310 865
261 869
278 871
289 875
286 878
288 882
289 886
305 888
309 890
327 896
329 895
342 897
353 900
379 901
355 903
364 905
374 906
362 907
411 909
367 907
411 912
400 914
409 915
374 916
394 918
432 917
380 919
390 920
407 922
435 923
394 926
413 926
413 926
406 927
399 927
438 929
445 929
435 930
428 924
465 930
460 929
449 930
452 931
457 931
471 931
436 931
481 931
481 932
456 932
524 907
520 906
524 903
524 901
524 896
524 897
524 894
523 891
524 889
525 885
524 883
524 880
524 877
524 873
525 871
524 869
526 865
525 862
525 858
524 853
523 848
524 846
525 840
524 835
524 829
524 824
525 818
525 817
524 810
526 804
524 799
524 794
524 790
524 787
524 781
524 780
525 772
524 765
524 760
524 753
524 749
524 746
525 738
524 734
525 728
523 725
524 717
524 712
524 708
524 703
524 695
524 691
525 686
525 681
524 678
524 672
525 665
524 575
524 573
525 569
524 565
524 559
524 553
526 548
525 541
525 535
523 527
523 523
525 513
525 509
526 502
525 496
524 492
525 486
524 482
525 476
524 473
525 468
525 462
525 458
525 451
524 447
524 439
525 434
525 428
525 421
545 418
522 412
543 394
525 397
525 391
525 385
525 379
525 374
524 368
525 362
525 357
524 352
524 347
524 340
524 337
524 333
525 329
524 323
525 319
525 313
524 309
524 305
524 299
524 295
525 292
525 288
525 283
525 278
797 193
750 191
723 190
736 185
796 181
798 178
744 175
753 172
783 168
769 165
734 163
714 161
699 158
687 158
701 152
709 153
676 146
666 151
669 145
655 144
674 123
652 142
684 141
647 140
650 139
661 137
659 136
652 135
603 133
669 130
678 132
652 131
641 129
672 127
656 127
610 127
626 125
632 124
621 124
610 123
580 124
605 123
624 122
584 122
601 121
608 121
574 121
594 120
586 122
562 121
591 121
578 114
569 121
548 113
560 125
589 101
527 164
526 167
524 168
524 170
525 170
523 175
524 179
525 179
524 183
525 188
521 193
524 194
525 197
524 202
522 206
525 209
524 217
525 221
524 224
524 231
525 237
524 241
526 247
524 252
524 256
524 261
524 265
524 270
524 275
525 280
524 287
525 290
524 296
524 298
525 303
524 311
525 316
525 320
525 328
524 333
525 338
525 344
524 349
525 355
524 359
524 364
525 369
525 371
523 380
524 382
526 389
524 393
525 400
524 408
524 414
525 420
523 429
526 596
524 601
524 605
524 610
524 617
524 623
523 628
523 635
524 641
524 646
525 652
524 658
525 664
524 670
523 676
524 682
523 686
525 692
525 699
524 704
525 708
524 712
522 718
524 720
523 729
523 732
522 737
524 742
523 747
525 751
524 755
523 759
523 763
525 767
524 773
525 776
526 780
524 784
519 788
443 792
397 797
388 801
304 802
202 806
207 811
252 815
242 819
208 823
242 829
248 831
233 837
208 840
259 845
278 848
250 850
251 855
312 859
302 871
310 874
313 876
293 878
309 881
279 884
291 886
326 889
294 893
339 894
334 898
335 898
