363 931
426 931
419 931
431 931
439 932
408 931
441 928
441 931
415 933
453 931
457 930
460 931
443 931
486 930
480 930
492 928
512 927
522 926
524 923
523 921
523 919
524 916
524 915
524 915
524 914
523 913
524 912
524 910
524 908
524 906
524 904
524 902
524 900
523 896
524 892
524 892
524 889
524 886
523 885
522 881
524 878
525 875
525 872
525 869
523 866
524 863
525 859
524 855
522 851
524 846
524 841
523 837
524 832
522 825
524 822
525 817
526 812
695 133
673 132
689 131
692 130
679 128
660 128
709 127
677 126
661 123
653 124
628 125
654 125
663 123
633 125
629 124
630 122
628 123
618 123
614 122
591 122
615 123
565 124
642 124
593 124
576 122
577 123
588 123
550 125
536 126
529 128
524 130
526 133
526 135
525 137
525 141
525 138
524 143
525 142
525 141
525 144
524 144
526 148
525 151
525 153
524 154
525 154
526 160
525 163
523 165
525 168
526 170
525 173
525 176
536 179
526 184
523 184
525 189
524 879
526 876
525 873
524 869
524 866
524 862
523 860
523 857
524 852
525 846
522 843
524 837
524 833
524 827
522 823
524 813
525 813
525 807
525 802
524 797
524 793
524 788
525 785
525 780
524 773
524 769
525 764
526 761
524 753
526 748
525 745
524 742
524 733
526 728
525 722
524 716
522 711
523 707
525 701
525 696
525 690
524 685
526 681
524 675
524 670
525 666
525 659
524 654
524 647
524 641
524 631
525 626
524 613
524 613
524 606
524 599
525 594
525 406
525 402
524 397
524 389
525 384
524 378
524 373
524 367
524 363
525 357
524 350
525 347
523 341
524 337
524 332
524 327
524 322
525 317
525 312
526 308
525 304
525 299
524 295
524 291
524 287
524 282
525 278
527 273
526 270
527 267
537 262
679 260
811 261
906 254
914 248
1023 247
1005 244
1018 237
1007 233
923 229
972 223
981 220
939 214
897 213
932 209
876 202
880 201
884 198
890 195
877 192
876 188
892 186
879 183
884 178
903 174
853 172
882 134
701 132
709 131
714 130
712 130
702 127
684 128
636 127
677 126
694 125
682 126
640 124
621 124
661 123
637 124
624 124
638 123
624 123
622 124
614 122
616 122
607 122
609 122
602 122
585 125
574 116
581 125
577 124
574 125
529 126
532 128
529 130
526 132
525 135
526 136
523 138
525 138
524 140
527 141
525 143
524 143
525 145
525 146
525 150
526 152
525 154
525 157
525 160
523 163
525 166
524 168
525 170
525 172
524 176
525 180
534 183
530 188
522 288
525 292
524 297
523 302
524 307
524 312
525 320
524 323
524 328
522 330
524 335
523 353
526 345
524 354
524 358
525 366
525 368
524 377
524 381
524 383
524 393
525 396
524 402
525 409
525 413
524 424
525 428
525 438
521 442
525 449
526 457
525 458
526 467
525 468
524 473
524 475
523 482
524 488
527 489
524 498
524 500
525 509
521 512
529 521
517 530
527 536
523 542
523 547
524 553
524 559
524 564
525 569
525 574
527 579
524 584
524 588
524 594
537 714
528 723
516 723
529 724
522 729
528 737
525 741
526 747
524 750
525 755
524 759
525 764
524 768
524 772
525 775
524 780
523 785
523 789
429 790
244 792
203 795
170 803
67 806
35 809
20 814
81 818
124 822
82 827
27 832
112 835
133 840
102 844
150 847
177 851
151 854
161 857
160 860
162 864
194 867
158 871
158 875
139 877
182 880
185 885
186 887
194 890
185 893
241 895
234 896
272 899
296 901
289 903
267 904
284 906
328 908
324 909
310 910
341 930
389 929
398 929
421 930
391 929
409 931
409 931
428 931
424 931
433 932
450 931
426 931
445 931
450 932
469 932
451 931
458 931
466 930
497 931
506 928
502 927
523 924
523 923
522 921
524 918
524 917
524 917
523 915
524 913
524 912
524 912
524 909
524 908
524 904
523 903
526 900
524 899
526 896
524 895
524 890
524 888
524 886
524 883
524 880
523 878
524 875
525 871
521 870
523 865
524 862
525 858
524 854
523 849
525 844
525 839
524 834
524 831
523 705
524 702
524 698
524 690
524 687
524 682
524 677
524 674
524 666
524 662
524 656
524 649
526 643
525 635
524 629
524 621
526 615
524 609
524 601
524 597
524 591
524 588
524 583
523 579
524 572
524 570
524 566
525 558
524 557
525 548
524 543
525 537
524 531
523 524
526 514
525 510
525 503
524 497
525 492
523 486
524 482
525 478
523 473
525 467
525 463
527 458
524 453
527 447
526 441
525 434
523 427
523 436
525 416
526 410
524 403
524 398
524 391
524 273
525 270
528 266
533 264
612 261
665 260
903 258
914 252
897 248
1023 246
1023 239
1003 235
973 230
974 228
967 220
948 217
957 213
905 209
879 206
907 203
906 200
853 197
856 193
865 190
929 187
885 183
863 180
852 176
883 173
911 171
846 168
801 165
819 162
808 159
797 158
777 154
804 154
741 153
727 150
763 147
704 148
752 146
737 142
762 142
734 141
672 141
721 138
710 138
722 136
721 136
713 133
717 133
734 130
693 130
646 129
693 128
677 127
524 166
525 168
525 171
525 174
525 178
524 181
523 195
517 182
528 200
524 194
529 197
524 202
524 206
525 210
525 216
525 222
524 227
524 233
524 238
524 242
523 246
525 253
524 255
524 258
524 263
525 270
524 276
524 281
525 284
525 290
524 297
524 301
525 305
524 311
525 317
527 320
525 325
525 331
546 329
527 346
539 356
522 355
524 358
527 363
525 369
524 373
525 378
526 385
524 389
524 394
525 400
524 407
524 414
525 418
525 427
524 433
525 440
524 463
525 465
524 468
522 472
524 475
527 480
524 484
524 488
524 494
524 499
524 507
525 512
530 519
524 517
532 532
524 529
519 547
524 551
524 556
526 564
525 566
526 573
524 577
524 582
524 587
525 591
524 597
524 602
524 607
524 615
524 620
524 628
524 632
525 639
525 645
524 651
524 656
524 662
524 669
525 676
524 680
524 685
525 690
525 696
524 701
524 707
526 710
519 715
526 721
522 726
526 730
523 736
527 741
524 745
525 748
525 754
524 758
53 805
43 807
20 811
83 816
86 820
54 824
80 829
88 833
82 837
104 841
164 845
151 849
123 851
177 856
206 856
162 863
141 865
195 868
163 872
150 875
186 879
183 883
169 883
182 888
226 891
231 893
242 896
278 898
256 901
269 902
296 904
301 905
319 906
289 908
307 910
299 912
319 912
361 913
296 915
370 917
349 918
315 919
307 920
367 921
360 923
332 925
381 925
345 926
363 926
351 928
374 928
409 928
377 929
437 930
394 929
414 931
428 931
400 931
480 931
493 930
495 929
493 928
517 927
521 925
523 922
523 920
524 918
524 916
523 915
523 915
524 913
524 913
524 911
524 909
524 908
524 905
523 903
524 901
525 897
524 895
524 893
527 890
524 887
527 884
524 882
525 879
526 876
523 874
526 871
524 868
524 864
524 858
524 856
524 851
524 848
524 843
524 838
525 832
524 825
524 823
524 817
524 813
524 808
523 801
526 796
526 791
524 786
525 782
524 777
524 773
524 768
524 760
524 756
524 753
525 681
524 676
523 672
524 668
524 662
524 659
524 651
524 645
524 638
524 630
524 626
525 615
524 610
524 604
525 565
527 593
525 588
524 585
524 579
524 577
524 572
524 569
524 564
524 557
525 551
524 545
524 539
527 531
525 526
527 518
524 513
524 505
525 500
523 495
525 488
524 484
524 477
524 475
524 470
525 466
524 461
524 453
524 447
525 443
524 436
525 431
524 425
525 416
523 412
524 407
523 399
525 393
525 389
524 383
524 376
524 372
523 366
524 301
524 297
524 295
524 290
525 287
524 283
523 277
524 273
527 270
529 263
590 263
642 256
918 257
889 252
825 247
973 247
1023 242
1019 237
981 232
968 228
988 224
962 220
966 215
939 211
927 207
891 204
870 199
891 198
854 194
857 192
859 188
909 185
929 181
867 178
867 172
902 171
901 168
877 164
784 162
808 159
785 158
800 156
793 152
769 152
757 152
733 148
722 147
743 145
758 143
770 142
730 142
699 139
714 138
703 137
734 136
706 135
708 133
624 122
601 123
621 122
591 122
598 122
588 121
583 115
585 123
567 124
550 125
541 125
528 128
524 130
525 132
525 134
526 137
524 139
524 138
525 141
525 140
524 142
525 142
525 146
525 147
526 149
524 152
525 154
525 156
525 160
524 163
525 165
525 168
525 171
525 173
525 174
525 178
524 183
521 188
517 189
518 194
525 195
524 199
524 204
523 209
525 214
525 218
525 224
524 230
524 235
524 241
526 246
524 249
526 254
525 259
524 263
524 267
524 272
525 375
524 380
525 383
520 387
525 394
524 399
525 405
524 412
524 417
524 425
525 431
523 439
524 446
525 451
527 458
524 462
524 467
524 471
525 475
524 481
527 483
525 490
525 492
524 500
523 505
525 510
523 518
525 521
527 532
520 535
525 535
532 547
525 557
524 563
526 566
524 573
525 576
525 581
523 586
525 590
524 596
525 602
524 607
525 614
524 620
526 626
525 633
525 637
524 645
525 651
525 656
524 662
525 667
523 674
524 680
525 685
524 691
524 780
523 782
521 787
520 790
450 793
205 793
202 798
230 803
39 805
0 810
55 814
98 819
70 822
101 827
90 831
80 835
80 840
142 843
152 847
168 851
164 854
142 857
185 861
183 864
176 867
164 870
170 873
167 877
178 879
213 884
147 887
192 888
226 892
240 895
247 897
229 899
285 900
272 902
286 904
312 906
301 907
324 908
298 910
350 912
281 912
314 915
342 916
331 918
335 919
323 919
370 920
328 922
368 922
362 924
358 923
350 927
367 926
363 927
459 931
446 931
432 931
472 932
468 931
493 931
474 930
490 929
516 927
522 925
523 922
524 919
523 918
523 919
525 915
523 915
524 913
524 913
524 912
524 910
523 908
524 905
524 903
524 900
523 898
524 896
524 893
524 891
524 887
524 885
524 882
524 880
524 879
524 874
525 870
524 868
524 865
524 861
524 856
525 853
525 848
525 844
522 840
524 833
524 826
524 823
524 818
524 813
525 810
524 804
526 798
524 796
527 792
525 785
525 781
525 774
524 659
525 651
526 646
525 641
524 636
525 624
523 622
524 612
525 606
524 602
524 593
524 592
525 585
524 583
526 578
524 574
524 568
524 564
524 560
524 553
524 547
524 541
524 535
524 527
525 521
525 514
524 509
523 501
526 495
524 489
525 485
525 480
525 476
525 471
526 467
524 462
524 455
526 450
525 445
524 438
525 432
524 426
525 417
524 413
524 407
524 401
524 396
525 389
525 383
524 377
524 370
524 365
525 361
525 356
525 351
524 345
525 340
524 247
1023 244
1023 240
1023 237
1001 232
967 228
966 223
969 220
959 216
900 212
914 208
886 204
851 202
897 198
865 195
853 191
888 188
871 185
880 182
875 179
907 176
862 172
849 169
904 167
838 164
803 162
792 158
749 156
807 155
761 152
775 151
757 149
695 148
771 146
721 143
747 143
738 143
729 141
709 140
713 138
695 138
683 136
725 136
707 134
713 133
696 130
698 130
705 130
677 128
692 126
657 126
656 127
670 126
684 125
647 124
617 124
645 124
525 139
525 138
524 141
525 141
525 144
525 145
525 148
524 149
525 151
525 154
525 157
524 160
524 162
525 164
527 166
525 169
525 171
523 175
525 178
525 180
525 185
525 186
522 194
526 202
526 198
524 201
526 207
525 211
525 216
525 222
525 227
524 233
524 239
525 244
524 248
526 251
525 258
527 261
524 267
527 270
525 275
525 281
524 289
525 293
524 297
525 302
524 307
524 312
525 317
524 323
525 329
525 333
524 338
539 344
518 348
533 356
522 362
525 459
525 463
524 465
525 469
524 474
525 478
524 482
523 487
524 489
523 498
525 502
524 509
524 515
524 522
525 531
525 537
524 544
523 554
527 556
524 560
524 565
524 571
525 575
524 580
522 583
523 588
524 594
524 601
524 605
524 612
524 618
524 624
525 629
524 636
524 643
524 648
525 654
524 659
524 666
525 671
523 677
524 683
524 689
524 694
524 698
524 703
523 709
524 713
529 730
527 718
528 727
524 732
524 733
525 739
525 747
525 750
524 755
174 850
158 853
141 855
173 859
221 861
172 866
146 869
194 872
167 876
183 879
177 883
161 885
192 889
232 891
232 893
243 896
257 898
283 900
288 902
277 903
298 905
289 906
315 907
341 910
312 910
315 913
339 914
364 915
330 917
348 918
362 919
347 920
336 922
353 923
359 922
350 924
380 926
361 926
381 927
366 927
383 928
406 928
395 929
389 930
404 929
439 930
425 931
403 931
427 931
453 931
435 931
448 930
443 931
464 931
425 930
480 931
468 889
524 887
524 886
524 883
524 880
524 878
524 875
524 871
524 869
523 865
524 861
524 859
525 855
524 849
524 843
523 840
524 835
526 830
525 825
524 821
524 814
524 810
524 806
524 800
525 796
526 789
524 785
526 782
526 780
524 771
523 764
525 761
523 754
524 750
524 746
524 742
523 736
525 729
524 725
524 717
525 713
523 706
525 702
523 698
525 692
524 688
525 683
525 677
526 672
525 668
523 661
524 654
523 650
525 642
525 635
524 630
523 622
525 486
525 484
524 481
523 478
524 472
524 468
525 464
524 457
524 452
524 447
523 442
524 434
524 428
525 422
524 415
525 393
524 404
524 398
524 391
524 386
524 379
524 375
525 368
525 363
524 357
525 354
524 348
524 342
525 338
526 334
525 330
524 324
523 319
525 315
525 309
525 305
524 300
525 297
525 293
524 288
525 285
524 281
525 276
524 271
525 266
536 262
660 259
792 260
865 256
876 252
849 249
1023 245
1020 241
999 235
952 232
1003 226
976 222
869 201
858 198
858 197
886 193
863 190
856 187
893 184
892 181
897 178
850 174
850 170
866 167
846 165
842 162
778 160
763 156
777 156
799 154
769 153
778 150
726 148
698 147
740 145
751 146
723 143
747 142
738 140
712 139
693 137
726 135
721 135
687 133
712 133
705 131
712 130
690 129
678 129
692 128
667 126
682 125
692 125
655 125
650 124
633 124
641 123
617 124
644 123
609 123
609 122
640 123
617 122
593 123
613 122
576 123
599 123
602 124
593 123
525 142
525 143
526 145
525 146
525 149
525 150
524 153
524 155
524 158
524 160
525 163
525 165
524 168
525 172
525 173
525 176
525 179
525 182
525 185
530 195
514 190
530 207
524 199
525 205
526 209
526 215
525 222
523 226
524 231
524 236
524 241
524 250
524 252
524 255
524 259
524 263
524 271
524 274
525 278
524 285
524 291
525 296
525 302
525 304
525 310
524 316
525 322
523 324
524 331
525 337
525 341
529 346
527 335
526 355
525 362
524 368
525 374
524 448
524 453
525 458
525 463
524 466
524 472
524 475
524 479
524 484
524 489
524 494
524 499
525 506
524 512
525 518
525 525
519 534
522 518
523 546
523 560
523 558
524 562
524 567
522 573
525 577
525 582
525 587
523 591
524 597
525 603
524 607
524 614
524 621
524 626
523 633
526 639
524 646
524 652
525 659
524 664
523 669
524 675
524 681
525 686
525 691
524 697
524 702
524 707
525 712
525 716
523 725
523 727
525 735
524 738
518 744
523 756
525 751
201 796
189 799
170 803
87 803
58 808
56 813
90 816
91 821
94 826
71 830
94 834
105 839
121 842
118 846
140 849
145 853
183 857
180 859
165 859
197 870
196 868
149 872
155 876
176 879
193 882
146 886
211 888
162 891
221 893
270 895
275 898
268 899
271 902
300 902
264 906
318 907
330 908
289 908
321 911
310 912
354 914
308 917
332 916
330 918
326 919
363 922
317 921
366 922
348 923
367 924
341 925
352 926
363 927
363 927
407 928
396 928
380 930
406 930
455 931
452 931
440 931
435 930
502 930
486 929
508 928
519 925
523 922
523 922
524 919
523 917
525 914
524 914
524 913
524 912
523 911
524 909
524 908
524 908
524 903
524 902
524 897
525 897
524 894
524 891
524 889
525 886
525 883
524 880
524 878
524 875
524 872
524 868
524 867
524 863
525 860
524 854
524 851
524 847
524 839
524 834
524 831
523 826
524 821
523 815
524 811
524 803
524 802
523 798
525 792
525 785
525 782
523 775
524 773
523 769
523 664
524 660
524 657
525 651
524 646
526 638
524 632
525 627
524 615
525 612
525 603
524 600
524 593
524 587
523 585
524 579
524 577
526 570
524 568
527 561
525 558
524 552
526 545
524 540
525 530
523 528
525 519
524 511
524 506
525 499
522 494
524 491
524 485
523 480
525 475
525 469
525 466
524 460
525 456
525 449
524 443
524 437
524 430
525 424
525 418
523 412
525 405
525 400
524 394
522 389
517 382
524 377
525 372
525 366
526 360
525 355
524 351
524 262
586 262
668 258
890 258
918 253
906 243
1018 246
980 242
1023 237
1001 232
949 227
962 224
982 218
961 216
898 210
929 208
923 204
851 201
880 198
871 195
863 191
883 187
878 185
875 181
883 178
886 174
889 170
866 168
859 166
822 162
820 160
821 158
772 157
771 154
732 152
717 150
748 148
745 147
784 145
739 144
727 140
739 141
706 141
725 138
707 137
738 136
671 135
699 134
715 131
704 131
695 131
692 129
689 128
669 128
695 127
682 125
665 126
579 125
530 125
535 128
525 130
525 133
524 135
524 136
526 138
526 138
525 140
525 141
526 142
525 144
524 145
525 148
525 150
525 152
525 155
524 157
525 157
525 162
525 165
526 168
524 171
524 173
525 175
525 177
525 181
525 185
524 188
530 202
512 198
527 200
525 204
525 209
525 213
525 218
524 226
524 233
524 236
525 238
524 244
524 245
525 252
525 258
524 264
525 267
523 273
524 279
525 283
525 288
524 294
525 298
524 301
525 309
525 314
525 317
525 398
524 403
523 411
525 416
525 426
524 429
525 438
526 445
524 450
525 457
526 461
525 466
524 470
524 474
524 479
524 482
524 488
525 492
524 497
524 503
524 509
524 516
525 522
524 532
524 538
525 543
527 550
522 556
527 560
525 566
524 571
525 576
525 579
524 585
524 589
525 596
524 601
524 607
524 613
525 618
524 625
524 631
524 638
524 643
525 650
523 655
525 661
524 667
525 673
524 679
524 686
525 691
524 695
523 701
524 705
524 709
524 802
174 803
45 805
70 810
72 814
76 819
91 823
75 828
86 831
129 837
76 840
111 845
160 848
183 852
156 856
146 856
192 861
167 865
150 869
147 872
213 875
172 878
192 880
168 885
158 887
210 890
271 892
237 895
205 898
276 900
268 901
293 903
311 906
313 905
309 907
322 909
318 912
343 914
316 914
306 915
348 916
344 917
328 918
357 920
367 920
364 922
360 924
344 925
325 923
355 926
380 927
404 926
377 928
363 929
396 929
401 930
390 930
411 931
400 917
523 916
524 916
523 915
524 914
524 912
524 911
523 909
524 907
524 905
525 903
524 901
524 897
524 895
525 893
524 890
524 888
524 886
524 883
524 879
525 877
525 873
524 871
525 867
524 864
525 860
525 858
523 853
524 848
524 843
524 838
524 833
525 827
525 824
524 820
524 811
525 806
523 803
524 800
524 796
524 791
525 784
525 778
523 776
526 772
524 765
524 759
524 757
523 749
518 744
525 739
522 734
525 729
524 722
524 718
524 713
523 705
524 584
523 582
524 579
524 576
524 572
524 569
525 562
525 558
525 553
524 545
523 541
523 534
524 528
524 519
524 513
524 505
525 500
525 494
525 489
524 486
524 481
522 477
524 471
525 465
524 461
523 456
526 450
525 445
524 438
524 432
524 425
523 419
524 413
524 407
524 401
524 395
524 390
525 384
523 379
524 373
524 367
525 361
523 357
524 352
526 346
524 342
525 336
524 333
524 328
525 321
524 318
522 314
528 307
525 304
524 300
525 296
525 292
970 223
934 219
922 217
972 211
900 207
859 206
904 202
883 200
840 196
900 192
893 190
872 186
884 183
863 178
921 175
863 172
843 169
875 166
833 164
831 161
799 159
772 156
792 154
779 154
772 151
759 148
751 148
712 146
754 145
747 144
713 146
713 140
734 139
728 138
666 136
723 135
725 135
695 134
714 131
705 130
690 129
679 128
706 128
680 127
651 126
677 125
669 126
665 125
649 124
622 123
633 124
669 123
638 122
603 122
640 121
624 121
623 117
524 152
525 153
525 154
525 157
524 160
522 161
523 164
524 167
525 170
524 173
524 176
524 177
524 181
525 185
524 187
525 191
527 203
525 193
526 203
525 207
526 210
524 217
524 222
525 229
524 234
524 239
525 244
525 248
524 253
525 258
524 262
525 264
524 270
525 277
524 281
525 286
526 291
524 297
525 302
525 307
525 310
525 318
525 323
524 326
526 332
525 339
525 342
525 350
528 357
526 373
524 362
533 375
525 374
524 380
524 385
525 389
524 395
522 542
530 545
525 537
526 540
541 558
521 564
524 569
525 575
525 577
525 584
524 589
523 593
524 599
525 606
525 611
524 617
525 623
524 630
524 635
525 642
524 648
524 653
524 659
525 666
524 671
524 677
526 682
524 689
525 693
524 699
523 702
524 709
524 712
524 718
524 727
522 729
525 731
525 738
526 745
524 749
525 762
525 756
525 760
524 764
524 768
525 773
523 773
524 782
523 785
520 790
444 792
218 795
176 798
212 802
124 803
68 809
39 814
312 911
330 914
305 915
337 917
