222 843
285 846
275 847
268 850
275 853
250 856
310 859
305 863
269 866
309 869
282 872
275 876
301 879
325 883
288 886
278 888
336 891
350 894
316 895
370 897
354 900
358 902
344 904
394 905
417 907
367 908
417 910
380 910
383 913
375 912
420 915
414 914
409 917
399 919
385 920
431 923
380 922
417 923
415 923
426 925
437 927
400 927
422 928
416 928
449 929
442 930
453 930
456 931
438 931
476 931
466 932
443 931
465 931
491 933
465 932
469 931
487 931
705 160
708 159
718 157
679 152
675 153
650 150
674 149
698 148
666 146
693 144
637 141
645 142
627 141
632 139
679 138
644 137
653 135
643 133
666 132
629 132
599 130
652 130
622 129
638 127
634 127
641 127
589 123
601 128
635 123
605 123
574 123
618 123
601 122
591 123
585 122
595 122
585 122
592 122
557 122
580 122
579 122
557 122
578 123
550 123
562 124
538 125
533 124
532 128
525 130
525 133
525 135
525 137
525 138
525 139
524 140
524 141
525 142
415 927
394 927
425 929
457 928
408 929
422 930
433 930
455 930
451 930
433 931
451 930
464 931
457 932
454 931
496 932
456 932
472 932
484 932
507 933
450 930
500 931
505 930
495 929
507 929
520 925
522 925
523 922
524 920
523 920
522 916
523 915
524 915
523 913
524 913
523 911
524 910
522 905
524 907
525 903
525 900
525 899
524 896
524 893
524 891
522 888
524 885
521 883
524 878
523 878
525 874
524 871
523 870
523 864
526 862
524 859
524 853
523 849
526 510
526 507
527 503
522 497
524 492
523 500
524 482
525 478
526 474
525 468
525 463
524 458
524 452
524 448
525 441
525 436
524 428
524 423
524 415
524 410
524 402
524 397
524 392
525 386
525 381
525 374
524 369
525 364
525 358
524 353
525 348
525 344
524 339
523 334
525 328
525 325
524 318
525 314
524 310
524 304
516 313
527 296
524 292
524 288
524 283
525 280
524 274
525 272
524 266
529 262
640 261
675 256
671 252
642 248
874 249
940 243
886 237
725 162
741 160
722 159
729 158
694 154
681 153
657 152
662 149
686 149
665 145
667 144
671 144
669 142
667 140
652 139
664 138
637 136
638 135
656 136
659 133
637 132
658 130
641 130
638 127
615 127
617 125
659 126
617 121
587 124
617 119
594 124
603 123
586 122
611 121
589 122
575 122
593 121
599 121
571 122
588 121
575 121
598 122
560 122
564 123
573 123
556 123
549 124
539 124
536 126
526 127
524 130
525 131
526 134
525 136
525 137
526 139
525 195
526 199
524 201
525 206
525 211
524 216
523 221
526 225
524 233
526 239
521 243
526 246
524 249
525 255
524 260
537 267
518 260
525 275
523 283
524 286
525 291
525 296
525 302
523 307
524 312
525 316
524 323
525 327
525 332
524 338
524 345
526 348
524 354
524 359
523 363
525 369
523 374
524 379
524 384
525 388
524 395
524 401
524 406
523 415
525 419
523 429
526 434
525 442
524 448
524 452
519 457
528 462
526 468
528 469
527 461
516 473
526 484
522 601
524 604
523 609
525 614
524 621
523 626
522 631
523 638
524 645
525 652
522 659
525 663
525 670
525 674
524 681
523 684
524 692
524 696
526 703
523 707
524 712
525 716
524 720
524 726
524 731
525 736
524 741
526 746
525 752
524 755
524 759
523 762
524 767
524 772
524 775
525 781
524 784
523 789
481 793
420 795
375 798
409 804
162 805
152 809
223 815
227 819
237 821
229 828
235 832
230 836
249 840
280 843
303 847
251 851
303 854
303 858
254 860
317 904
399 906
390 908
349 908
389 910
417 912
392 913
392 914
400 914
423 917
380 918
419 919
422 921
413 922
417 921
404 924
427 925
383 925
410 928
440 925
442 928
443 927
427 929
430 930
431 930
455 929
451 932
442 931
459 932
470 931
457 931
468 931
471 932
469 932
477 931
493 931
471 933
484 930
492 931
481 930
500 930
518 930
521 927
522 922
523 921
523 920
524 918
523 915
524 916
523 915
523 914
522 911
523 910
524 909
523 906
524 905
523 902
524 818
524 814
524 810
524 803
522 801
526 798
524 792
524 787
526 783
525 780
524 773
524 767
524 761
525 757
525 755
525 746
524 742
524 736
524 732
523 727
524 720
523 714
524 710
525 704
524 697
524 693
523 688
525 681
525 678
524 673
526 666
524 664
524 656
525 650
524 643
527 637
522 628
525 623
524 615
525 609
528 602
523 598
524 591
523 587
523 583
524 578
524 576
526 571
523 567
524 561
524 556
524 550
524 544
524 538
525 531
525 525
526 517
524 387
525 383
525 377
523 371
525 366
525 360
525 354
524 350
524 345
525 340
523 336
524 329
525 326
525 321
525 316
525 311
525 306
524 299
541 297
525 291
524 289
525 286
528 281
525 277
525 272
526 267
528 263
578 262
656 257
661 253
664 250
800 248
916 245
889 240
812 233
795 232
853 226
834 221
786 217
770 213
812 209
757 210
754 202
772 200
786 196
756 192
735 190
744 187
775 182
792 180
725 177
761 178
746 172
736 167
776 165
703 163
692 159
569 123
550 124
547 125
532 125
521 128
525 130
525 133
525 134
525 135
525 137
525 139
525 140
525 142
525 143
525 144
524 146
523 150
522 143
525 152
525 156
524 156
523 159
524 163
525 166
524 169
524 170
525 175
524 175
525 178
525 183
525 185
525 189
525 192
524 196
525 200
524 205
524 209
524 214
526 219
524 225
524 230
524 236
525 241
524 247
524 249
525 253
524 258
525 263
524 270
523 276
522 269
517 284
525 279
524 293
524 298
525 304
524 312
524 332
525 332
524 343
524 347
525 351
525 358
525 363
524 366
525 371
525 377
525 381
523 389
524 393
524 400
524 404
524 412
523 419
525 426
523 434
525 440
524 446
525 452
529 459
519 465
526 468
524 469
525 475
524 485
528 484
524 489
523 493
524 498
523 505
525 511
524 518
526 524
525 531
524 538
522 544
524 551
525 556
525 561
524 563
524 571
523 577
524 581
523 586
525 590
524 596
525 601
523 607
523 613
523 620
525 627
525 632
523 638
524 644
524 708
524 711
524 716
524 720
523 724
524 729
524 735
524 741
524 745
524 750
524 754
524 758
524 761
524 766
524 770
524 775
524 779
524 783
523 788
520 790
420 795
386 800
371 803
201 805
207 809
205 814
245 818
276 822
228 825
252 831
235 834
248 838
273 843
249 846
262 848
314 853
300 856
260 859
310 862
303 865
317 868
297 873
295 876
308 879
273 882
347 885
322 888
271 890
325 892
355 895
374 897
351 902
344 901
375 903
369 904
353 905
399 907
408 923
427 923
448 925
407 924
436 926
410 927
408 927
415 929
462 929
465 930
411 930
440 930
477 929
455 931
450 932
469 931
482 932
437 932
484 933
472 931
487 932
468 930
490 931
488 930
482 932
485 930
496 930
517 928
524 927
524 922
524 922
524 921
523 918
523 916
524 915
523 913
524 913
524 913
527 910
524 910
524 906
522 905
521 902
524 900
524 898
523 896
524 893
524 890
527 888
524 884
524 881
524 881
527 876
524 874
524 870
524 867
523 810
524 808
525 803
525 798
524 793
523 789
520 784
525 779
525 774
524 768
525 762
523 760
525 755
525 749
525 742
525 737
524 732
525 727
524 720
525 714
523 711
525 705
525 699
527 695
525 689
525 685
525 680
525 674
524 670
524 664
525 658
525 653
523 645
523 637
524 632
526 625
524 619
525 610
523 605
524 600
524 594
526 589
527 585
524 582
525 575
527 574
524 569
524 565
524 558
529 552
524 547
527 539
524 535
525 525
525 520
524 514
524 506
524 446
522 442
525 439
526 432
525 427
524 420
525 413
524 408
524 402
526 396
525 392
524 384
524 379
525 371
525 367
525 362
524 357
525 350
525 345
523 341
525 336
525 332
525 327
525 323
525 316
524 312
525 307
527 304
526 298
523 295
524 291
525 286
525 283
525 277
525 272
525 267
526 262
583 260
639 259
667 253
664 249
661 248
917 245
832 240
852 236
830 231
824 226
808 222
841 217
832 215
770 210
773 204
805 203
750 201
720 197
771 193
760 190
754 143
655 143
641 142
687 140
624 139
636 138
660 137
641 136
644 134
630 133
663 132
618 131
645 130
630 129
632 128
640 127
618 126
619 125
592 129
613 128
562 124
580 122
622 122
589 122
579 122
603 123
572 121
579 122
594 116
592 123
565 122
571 120
567 121
582 124
537 123
555 123
553 125
532 126
526 128
526 131
528 132
524 134
525 138
524 137
526 138
524 139
524 140
525 142
525 144
525 145
525 148
521 148
523 156
523 157
524 157
526 160
524 162
525 234
526 237
525 241
525 244
524 247
525 252
525 256
524 262
524 268
524 268
525 272
527 264
532 288
523 291
510 296
525 302
525 308
524 312
525 318
525 323
524 328
527 334
524 338
527 344
524 351
525 356
524 361
524 366
525 371
523 377
523 381
524 387
526 391
525 396
523 403
526 408
526 417
524 422
524 430
523 439
525 443
527 451
525 456
523 462
527 455
530 468
522 454
527 478
523 489
525 487
523 492
525 494
525 503
525 508
524 515
527 522
525 528
525 636
524 641
523 648
524 653
527 666
530 666
525 672
527 677
524 683
525 689
523 694
523 699
524 705
525 709
525 713
525 719
524 725
523 728
524 733
524 738
524 743
524 749
524 753
524 756
524 760
524 765
524 769
524 773
525 778
524 782
524 786
496 791
428 794
392 799
380 802
263 804
202 808
219 812
268 818
246 822
230 825
257 829
232 834
234 838
252 842
241 847
269 849
281 852
288 855
304 860
319 863
295 865
292 868
308 871
324 875
282 878
250 881
367 911
375 911
378 914
378 915
391 915
394 916
394 917
420 918
396 920
417 921
392 922
414 923
374 925
399 924
437 926
450 927
398 928
407 929
429 929
460 930
441 930
469 930
437 931
425 931
478 932
476 931
458 931
461 932
479 932
490 931
457 932
477 931
491 932
478 930
476 932
505 930
500 931
509 929
521 927
526 924
524 922
524 922
523 921
523 917
524 915
525 915
524 912
523 913
522 910
523 910
524 910
523 906
527 902
523 902
524 899
524 896
524 894
525 814
524 811
523 804
524 799
523 795
524 792
525 786
524 779
525 774
525 769
524 765
523 763
524 755
524 749
524 745
524 740
525 734
525 729
524 724
524 717
524 712
523 708
522 703
524 698
523 691
523 687
525 681
526 678
524 673
525 666
524 661
525 655
525 647
524 644
525 634
525 629
525 621
526 613
525 608
525 600
523 595
523 591
525 587
524 583
525 577
524 575
523 568
523 565
524 559
525 555
524 550
526 543
524 538
525 530
526 523
525 516
525 509
525 395
525 389
524 386
524 379
525 375
525 368
525 367
523 358
524 352
525 347
527 342
524 339
525 333
524 328
524 324
525 317
524 312
525 309
525 304
525 300
523 296
516 289
525 287
525 283
525 278
524 274
525 268
524 265
530 261
645 257
674 255
665 250
645 246
911 248
879 240
844 237
844 232
836 228
812 224
830 219
814 215
791 211
745 207
780 204
765 202
734 198
752 195
716 192
767 189
770 185
730 182
729 179
770 175
771 172
767 179
714 172
717 163
650 130
655 130
630 128
618 126
651 126
619 126
622 125
613 123
605 110
606 122
596 123
592 122
599 122
594 122
589 123
583 123
573 120
589 122
553 122
582 122
574 122
556 122
568 121
565 123
554 124
534 125
536 127
528 128
525 131
525 128
525 135
525 136
525 138
525 139
525 141
525 142
524 143
525 145
524 147
526 139
530 156
521 157
521 159
524 159
524 161
524 163
524 166
524 169
523 171
524 173
525 177
526 181
524 182
525 187
524 189
526 193
524 271
524 270
524 282
521 291
526 292
528 290
524 299
525 304
524 311
523 316
524 319
524 329
525 333
525 335
524 342
525 350
525 355
525 359
524 365
525 368
525 374
523 381
525 385
524 390
524 395
524 401
523 405
525 413
523 422
525 428
527 434
524 443
525 448
522 455
529 459
525 468
528 469
525 475
524 475
518 482
522 478
525 492
524 495
525 502
525 507
526 512
522 520
525 526
524 532
523 541
528 545
521 553
525 557
524 564
523 568
524 573
524 578
524 707
525 710
526 713
524 716
524 722
524 727
524 732
524 737
524 742
524 746
524 751
524 755
524 758
524 764
524 768
527 772
524 776
525 780
523 785
523 789
436 792
384 797
389 800
406 804
182 805
184 809
231 814
249 819
205 824
228 828
241 832
237 836
228 841
241 844
305 848
251 853
283 854
305 858
310 860
312 865
290 867
284 872
286 874
287 878
297 881
295 884
286 886
300 889
346 892
346 895
326 897
356 899
374 900
322 901
370 904
410 908
386 906
351 931
449 931
462 931
450 931
458 932
485 932
442 931
450 932
480 932
478 931
465 932
476 931
508 931
471 930
500 928
519 928
523 926
526 924
527 921
524 917
525 917
524 916
525 915
524 914
525 913
525 911
524 908
525 908
525 907
524 904
527 900
524 900
524 897
525 894
522 892
524 888
524 886
524 884
523 881
525 879
524 871
524 872
524 870
524 866
524 864
523 859
524 855
524 851
524 846
524 841
524 837
523 832
524 825
524 821
524 815
524 813
524 806
525 680
524 676
524 673
525 668
524 663
525 655
523 651
524 644
525 634
523 629
527 622
523 615
525 610
527 603
523 597
525 591
525 587
523 582
524 581
524 577
526 570
525 567
526 561
522 557
524 551
523 543
527 537
526 530
524 524
526 517
524 511
525 503
524 499
523 493
525 488
524 484
525 476
515 475
525 468
525 464
524 460
522 453
525 448
524 441
524 436
524 429
525 423
525 419
524 410
525 406
525 398
525 393
525 388
525 381
525 377
524 370
525 365
524 346
524 342
524 338
525 335
524 329
525 325
525 320
524 315
525 310
524 305
525 301
524 296
522 300
527 289
524 284
525 279
525 275
523 270
524 266
526 262
645 260
670 257
659 253
671 248
818 249
904 245
870 239
859 235
821 229
833 225
840 221
782 216
808 212
807 209
753 204
751 202
777 198
771 196
734 194
749 190
772 188
774 183
767 180
759 176
755 173
737 170
786 170
738 167
690 162
710 159
705 157
695 156
674 154
691 153
677 150
659 149
659 148
631 128
639 127
618 127
635 126
616 124
606 124
633 124
617 118
578 126
617 120
612 122
580 123
582 123
607 122
586 122
571 122
586 121
580 121
556 122
585 122
544 122
573 122
564 122
557 124
536 125
537 126
527 128
525 130
525 133
525 134
523 137
525 138
525 139
525 139
525 142
524 142
524 144
526 145
525 147
527 127
506 150
525 154
526 157
525 159
524 162
526 164
524 168
523 171
525 174
524 176
524 178
525 181
524 186
525 189
524 192
524 196
524 196
526 257
524 261
528 264
526 267
525 275
524 262
522 285
516 294
523 296
522 301
524 305
525 309
526 313
525 320
524 326
525 330
525 337
526 343
525 346
524 352
524 359
525 363
525 368
524 372
524 377
523 382
525 388
524 393
526 399
525 406
523 414
525 418
522 428
525 432
525 439
523 447
526 452
522 458
524 461
521 469
520 473
523 478
514 482
522 500
518 493
527 492
524 499
524 503
524 511
525 517
525 525
524 532
526 537
522 545
523 549
524 555
524 561
524 623
525 626
524 631
523 638
524 643
524 652
525 656
524 667
527 670
528 673
525 678
524 685
523 691
524 695
525 701
523 706
524 711
525 715
524 721
525 725
525 730
525 736
524 740
524 744
524 749
524 755
525 758
525 762
525 766
525 771
524 771
522 779
524 784
524 788
518 792
385 796
396 799
388 805
206 804
211 809
189 813
232 818
245 822
239 826
224 831
246 835
240 839
235 843
252 847
283 851
301 855
266 857
290 859
316 863
303 866
294 869
291 873
418 907
375 907
358 908
391 910
384 912
379 914
404 914
402 915
402 916
394 918
407 920
387 920
388 921
420 922
424 925
420 924
396 925
418 926
411 927
431 929
436 929
449 930
451 930
421 931
450 930
481 932
440 931
433 932
486 931
455 932
475 933
456 932
486 932
493 933
453 932
487 931
494 928
478 931
505 929
494 929
521 928
518 927
525 923
523 923
523 921
524 917
524 918
524 916
524 914
523 913
522 915
523 912
524 911
524 909
527 905
524 903
524 842
525 830
524 828
523 823
525 819
524 812
525 808
524 804
525 799
525 792
523 787
524 786
526 780
525 775
523 769
524 762
524 759
525 756
524 748
524 742
523 740
523 733
524 726
524 720
524 717
524 713
524 705
524 698
524 694
525 690
523 685
525 679
526 673
523 670
526 664
525 658
524 653
524 645
525 639
524 632
525 623
524 617
525 611
525 605
525 599
527 592
524 589
525 584
522 581
524 576
525 572
525 567
525 562
525 556
524 551
523 546
525 540
526 654
524 650
523 646
524 642
524 634
526 626
523 620
524 612
523 607
526 601
525 596
524 591
526 585
523 584
523 576
523 573
523 569
528 564
524 561
526 553
523 548
524 541
522 535
524 528
525 522
523 515
527 508
523 501
526 497
523 492
524 487
525 481
525 477
526 471
523 467
525 463
525 457
521 451
524 446
525 440
525 432
525 428
525 420
524 415
525 409
525 404
524 396
524 395
525 384
524 380
525 372
525 368
525 362
525 358
524 352
525 347
525 341
525 177
773 174
777 172
750 171
744 168
743 166
718 162
715 160
686 158
711 155
733 154
676 153
669 150
685 149
667 147
659 146
662 145
672 143
653 141
655 139
670 139
646 138
643 136
656 135
641 133
647 133
652 130
626 129
649 128
645 128
631 126
620 126
614 125
641 125
613 124
635 122
612 122
581 120
596 116
638 119
589 122
575 121
611 122
598 122
563 121
581 123
587 122
564 122
562 122
576 122
570 123
544 122
543 124
542 125
528 128
526 130
524 132
525 239
524 242
525 244
525 249
525 253
525 256
524 259
525 265
525 271
525 275
525 280
519 288
523 283
528 300
527 293
520 303
523 312
525 318
526 322
525 325
525 334
525 337
524 341
524 350
524 355
524 357
525 364
525 368
525 374
523 377
524 382
526 390
524 393
524 402
523 407
524 414
523 423
525 428
523 437
524 442
525 447
523 455
524 458
524 464
525 468
525 471
522 476
525 484
525 486
527 488
522 495
528 502
523 507
525 513
524 521
523 528
524 535
524 661
524 665
523 670
524 673
523 682
524 689
525 693
524 697
525 705
524 708
525 713
524 717
525 722
524 726
523 733
524 737
523 742
525 746
524 751
524 755
524 760
524 764
524 769
524 772
519 777
524 781
524 785
522 789
474 791
408 796
354 799
286 802
200 806
194 811
233 815
258 819
209 824
248 828
230 832
226 836
251 840
245 845
259 848
289 851
290 854
285 858
294 859
284 865
330 867
273 871
266 875
319 877
265 880
291 884
310 888
309 889
333 893
416 923
431 924
392 927
405 926
437 927
427 928
395 929
431 930
471 929
444 930
425 930
450 931
460 931
452 932
437 932
477 931
463 932
467 930
468 931
484 932
478 931
477 932
465 931
482 929
484 931
500 931
502 930
519 929
520 924
524 922
524 920
523 920
524 918
525 916
524 916
528 913
524 912
525 911
525 911
525 908
527 905
526 904
525 900
525 899
525 896
523 896
524 891
523 889
523 886
524 884
524 882
525 878
524 874
524 872
525 869
524 865
524 862
523 753
525 749
524 747
524 742
524 734
523 730
524 726
524 719
524 713
523 710
525 705
525 698
525 692
524 689
525 682
525 678
525 674
525 668
524 662
525 656
525 649
524 644
527 635
527 629
525 623
525 614
524 609
525 604
527 597
524 592
525 586
524 584
525 579
524 574
524 570
524 568
524 562
526 556
524 550
524 543
524 537
524 530
526 524
524 517
525 510
524 506
524 499
525 493
524 488
525 483
523 480
523 473
525 469
522 463
526 459
523 453
524 449
524 354
525 352
525 347
525 343
523 339
525 334
525 330
524 323
525 318
523 312
524 309
524 302
525 300
524 293
525 293
524 288
525 283
523 279
528 275
524 269
525 266
529 262
650 260
660 255
658 252
675 247
922 246
920 242
836 236
835 232
817 228
810 223
827 219
803 215
786 212
774 208
782 204
772 199
756 196
731 195
766 190
748 189
725 186
772 182
756 179
774 176
739 172
736 169
779 167
737 164
718 151
678 159
677 157
702 154
688 152
711 151
678 147
590 122
613 123
577 118
576 120
591 122
592 122
571 122
569 121
583 122
562 122
556 123
571 122
579 121
554 123
559 123
559 124
529 126
529 126
527 129
524 132
525 133
525 136
525 137
524 138
525 139
524 140
525 142
524 143
525 144
524 146
525 149
524 150
524 153
519 156
523 158
530 163
524 167
524 166
524 169
525 173
523 173
523 176
521 178
523 182
525 186
523 189
525 193
523 196
525 199
524 205
524 207
525 215
525 221
525 226
524 231
525 237
525 359
523 364
523 366
524 368
525 372
525 379
524 383
524 385
525 394
525 399
524 407
524 412
525 420
524 429
525 433
524 441
524 447
522 454
524 459
525 464
524 468
525 471
520 456
523 477
544 477
524 490
535 483
526 501
528 504
523 511
525 517
524 525
525 532
524 538
525 544
525 551
523 555
525 561
524 565
525 572
524 577
523 581
524 585
523 591
524 596
525 603
524 608
525 614
524 620
524 626
524 631
523 638
525 645
524 652
524 656
524 662
524 671
523 856
267 857
298 860
323 862
289 867
307 870
304 871
272 877
299 880
319 883
279 886
307 889
312 890
