305 908
317 909
304 910
276 911
345 912
302 913
309 915
333 915
349 917
336 918
343 919
341 920
354 921
342 923
355 924
354 925
354 927
365 927
341 928
376 928
426 929
417 930
393 930
395 930
432 929
440 936
379 930
432 931
465 930
421 930
451 932
469 931
457 931
455 931
450 930
454 931
472 930
480 930
500 928
506 926
515 926
524 924
523 922
524 919
524 918
524 916
523 915
524 914
524 913
524 911
524 910
524 908
524 906
524 904
524 901
524 898
525 897
849 163
842 162
829 160
788 159
807 155
772 153
795 151
791 150
733 148
724 147
714 146
770 144
743 143
720 142
712 140
722 139
701 138
691 136
738 135
711 133
693 133
719 132
724 130
693 129
656 128
686 128
652 126
694 125
677 125
636 125
642 124
628 123
655 124
650 123
613 123
629 123
638 122
612 122
623 123
592 123
619 122
607 122
596 123
568 123
593 123
587 123
560 125
541 124
541 127
525 130
525 131
526 132
525 135
524 158
525 138
525 139
525 140
524 913
524 913
524 912
524 911
525 909
525 907
524 904
524 902
524 900
523 897
524 895
524 892
524 890
523 887
524 884
524 881
524 878
523 875
524 873
525 870
524 867
525 863
525 859
525 855
524 850
524 847
524 841
523 836
524 831
524 827
524 822
524 817
524 812
524 806
524 801
524 798
524 793
524 788
524 782
525 777
524 772
523 769
527 765
524 758
525 751
524 749
526 744
525 738
526 732
524 727
524 721
525 716
525 709
524 706
525 699
524 693
524 690
524 427
524 423
524 418
524 414
524 407
524 402
525 395
524 390
523 384
525 384
524 373
525 367
525 362
522 356
524 351
525 346
526 342
525 336
523 331
524 326
524 321
525 316
525 312
524 306
526 301
524 298
524 293
524 290
525 286
524 281
524 276
524 271
524 268
530 264
642 262
737 260
771 255
807 251
824 248
977 247
1023 242
1005 236
983 231
974 227
967 222
980 219
941 214
942 211
887 208
892 203
883 200
879 197
878 195
854 190
876 188
863 185
900 132
696 133
675 134
689 133
727 131
719 130
697 129
699 128
672 127
646 126
699 125
669 125
682 124
640 124
626 125
640 124
659 123
641 122
604 122
624 123
623 122
607 122
597 123
615 123
576 123
596 119
594 122
581 124
564 125
564 125
539 126
528 128
528 131
526 133
526 134
525 137
516 107
525 138
526 139
526 140
526 143
524 143
526 145
525 148
524 149
526 152
526 154
525 158
527 158
524 162
524 165
525 166
525 169
524 173
525 176
525 179
525 182
524 294
526 297
524 299
525 300
525 310
524 315
525 317
525 323
524 329
524 330
525 339
523 347
525 351
524 356
525 362
524 368
524 372
524 377
524 381
523 387
525 391
524 399
530 406
527 403
531 418
524 423
524 432
524 437
525 446
524 451
524 456
524 461
524 464
525 470
524 473
524 478
523 483
526 487
524 492
525 497
523 504
525 509
524 517
523 523
524 529
523 536
525 543
523 548
522 555
523 560
525 565
525 571
524 576
525 579
520 582
502 597
525 589
528 730
524 732
525 736
524 739
524 744
524 748
524 753
524 756
525 759
522 766
516 773
519 775
518 780
524 782
523 787
488 787
347 792
289 797
259 801
264 803
84 805
46 810
58 814
114 819
91 823
67 828
79 832
86 836
74 840
100 844
148 847
152 851
166 854
147 857
181 861
182 864
196 867
170 871
133 873
180 877
190 881
167 875
176 886
177 889
233 891
239 892
259 896
303 893
263 901
258 901
258 903
308 906
362 906
332 908
257 910
323 912
285 913
320 914
408 930
432 930
429 926
410 942
418 931
433 932
461 932
417 932
446 932
467 931
455 931
444 931
481 930
477 929
476 930
500 927
510 927
519 926
523 923
522 920
525 918
522 917
524 917
524 915
524 914
525 912
524 911
525 909
524 908
524 906
524 904
525 901
523 898
523 895
524 893
523 891
524 888
523 886
525 885
524 880
524 878
525 873
525 871
524 868
522 865
524 861
523 857
524 852
526 849
524 842
524 839
525 834
524 828
524 825
523 819
524 815
525 808
525 672
524 670
524 667
524 660
525 655
525 650
525 641
524 636
524 628
524 620
524 615
524 606
523 601
524 596
525 592
525 586
525 581
523 579
525 574
524 571
524 565
524 560
523 554
527 547
526 542
525 536
525 530
526 521
525 515
525 508
525 503
523 500
524 492
525 488
526 482
525 477
525 473
525 467
525 465
525 458
527 451
525 446
526 440
524 433
524 427
524 421
525 414
524 409
524 403
524 397
525 392
525 386
524 380
525 374
524 369
525 363
526 358
905 248
979 245
993 243
991 240
970 235
995 229
970 225
968 221
974 216
955 212
920 209
886 206
888 202
887 199
871 196
867 192
884 189
846 183
860 183
905 180
871 176
880 173
862 165
871 167
850 165
820 161
817 159
805 157
789 156
766 153
740 152
775 151
739 148
746 147
729 144
755 143
732 142
680 141
736 139
701 138
747 138
702 136
713 134
721 137
697 131
679 131
664 130
694 129
713 129
711 126
689 126
664 125
665 125
645 124
665 124
619 122
625 123
525 192
524 195
525 199
525 201
524 206
525 211
525 215
525 225
526 227
525 231
524 235
525 250
521 247
525 252
525 257
524 261
526 266
524 271
524 275
525 279
525 286
525 292
525 296
525 300
524 305
525 311
525 316
524 322
525 328
526 333
525 338
524 344
524 350
524 355
525 358
524 364
524 369
524 377
525 380
524 384
524 390
525 396
526 406
533 405
530 412
525 423
524 428
525 436
525 441
524 448
525 455
525 458
524 465
526 467
525 473
525 477
525 514
524 520
525 523
524 527
525 533
525 540
525 547
524 553
524 558
524 563
522 569
524 573
526 578
524 583
526 595
523 594
518 610
526 604
525 610
524 616
524 622
524 628
524 634
525 641
523 647
524 653
525 658
524 665
524 669
523 675
525 682
524 687
525 693
524 697
524 704
525 708
524 712
524 717
524 722
523 727
524 731
525 738
524 741
524 747
525 751
523 755
524 760
529 763
528 764
519 767
524 777
522 790
524 784
523 788
420 791
302 794
261 800
230 858
175 862
171 862
173 866
176 868
175 873
161 876
171 879
181 882
170 885
186 883
205 889
240 892
253 893
274 899
260 900
258 902
293 904
275 903
352 906
313 907
336 909
309 912
264 912
331 913
365 916
339 916
317 917
370 919
349 920
325 921
333 922
348 924
364 926
350 926
375 927
364 927
359 928
373 930
391 929
417 931
405 930
402 931
421 931
417 932
425 931
425 932
427 931
449 932
422 932
452 931
458 932
449 932
427 932
496 930
467 930
474 930
499 907
524 905
524 903
524 901
524 900
524 898
525 893
524 892
524 889
526 886
524 884
527 881
523 878
524 876
524 872
525 869
524 865
524 862
524 857
524 854
524 851
524 846
524 841
525 834
523 829
524 825
524 821
524 815
525 809
525 802
524 800
526 797
525 791
525 787
524 781
524 777
525 773
524 767
524 759
525 756
524 751
524 745
524 741
523 736
524 732
524 724
524 720
525 715
524 708
525 702
525 697
525 694
525 686
524 681
524 677
524 672
525 668
525 577
524 575
525 571
524 567
525 560
524 557
525 550
523 545
522 537
524 532
526 525
524 518
526 512
525 505
522 500
524 494
523 489
524 484
527 477
525 474
524 467
522 463
525 461
525 452
524 449
525 442
524 436
524 429
525 424
522 418
525 411
523 404
524 399
524 393
524 388
525 381
524 376
525 371
525 365
524 360
524 354
526 349
524 340
524 339
524 335
525 330
526 325
524 320
523 315
524 310
524 305
524 301
524 296
524 293
524 289
525 284
524 280
968 224
952 221
936 218
924 214
934 210
898 208
899 203
909 200
848 197
864 193
871 191
845 187
868 184
883 180
933 176
860 174
834 170
875 168
854 165
841 163
802 161
784 158
783 155
757 154
777 152
777 152
774 149
737 148
724 146
755 144
706 146
757 141
722 140
722 139
735 137
724 136
732 135
696 134
696 132
697 131
725 132
702 130
695 130
702 127
677 123
644 127
646 123
688 125
664 126
636 123
638 122
630 122
643 122
627 122
627 121
606 123
627 122
525 144
525 145
525 147
525 148
525 150
525 152
525 156
525 158
525 160
526 162
525 165
526 168
523 170
524 174
524 176
524 180
524 182
526 185
525 189
524 192
525 196
525 201
525 205
525 210
525 214
524 219
524 227
525 231
523 235
525 241
525 264
522 252
526 255
524 259
524 262
524 268
525 273
524 278
524 283
524 287
524 295
525 301
524 307
524 309
524 314
525 322
525 326
526 330
525 337
524 342
524 343
525 351
524 358
524 363
525 368
524 371
524 379
524 500
524 504
524 511
525 518
524 524
524 532
525 539
524 544
523 551
524 556
525 561
524 566
525 572
525 576
524 582
523 585
527 588
522 595
527 608
524 608
524 613
525 620
525 625
526 631
524 638
525 645
525 650
524 657
524 662
525 668
524 674
524 679
524 686
525 690
524 695
524 700
524 706
524 711
524 716
524 720
523 725
524 731
524 736
525 740
524 744
524 749
525 752
525 757
525 762
525 766
521 773
531 775
522 770
519 783
524 788
465 790
355 793
148 873
173 875
157 877
156 881
183 884
204 891
235 890
167 894
238 899
283 893
242 899
283 902
298 902
301 904
296 905
325 908
318 909
326 911
306 912
317 914
314 915
324 916
349 917
329 918
355 919
338 921
355 921
340 923
337 923
365 924
349 925
389 927
361 928
373 928
377 929
406 929
417 930
405 929
405 931
453 931
380 931
405 940
466 931
404 932
435 932
443 932
443 932
445 931
476 931
440 931
481 930
471 929
507 928
506 928
514 926
524 924
523 922
523 890
525 887
524 883
523 882
524 879
524 876
525 873
524 870
524 866
524 864
524 860
523 855
524 853
523 847
525 844
524 836
524 832
524 827
524 822
525 817
524 812
523 808
523 802
524 799
524 795
525 790
524 784
524 779
525 773
524 768
524 764
525 760
524 754
524 748
525 744
525 737
524 732
524 729
524 721
524 715
523 711
524 704
524 700
524 697
525 689
524 686
524 682
526 674
523 671
524 664
525 659
525 653
525 645
524 641
525 630
525 625
524 492
524 488
525 485
524 480
524 475
525 471
525 468
524 460
524 456
525 450
525 444
525 438
525 431
524 425
524 420
524 413
525 406
524 401
524 395
525 390
524 384
525 379
525 374
524 366
524 362
524 356
524 351
524 346
524 341
523 336
525 331
525 326
525 322
525 317
525 312
524 307
523 303
524 298
525 294
523 290
524 286
524 281
525 278
524 273
525 270
527 265
586 262
701 260
803 256
830 251
828 247
1020 246
1023 242
960 237
952 231
981 229
964 225
948 152
742 150
743 151
750 148
733 146
779 145
701 143
719 142
751 141
712 138
718 138
714 136
702 136
691 136
734 133
721 124
719 131
675 130
686 129
670 126
681 126
703 127
684 125
662 123
651 125
632 124
653 123
646 123
629 123
634 123
636 123
637 122
601 123
602 122
636 122
581 123
623 122
576 122
601 123
574 124
560 124
567 125
545 125
528 128
527 130
526 131
525 135
525 136
525 136
525 138
525 139
525 141
525 141
524 144
523 145
524 146
524 150
523 236
525 240
524 245
523 243
523 250
525 256
524 263
524 268
525 270
524 276
524 283
524 288
525 293
525 299
528 302
524 307
524 312
526 318
525 322
525 329
524 335
525 341
525 345
524 350
524 356
524 362
524 368
524 371
524 375
525 380
525 386
525 390
525 397
524 403
524 399
520 415
530 421
524 431
524 438
524 444
525 450
525 456
524 460
525 464
524 469
524 470
524 478
525 482
524 485
525 492
525 496
524 502
525 508
525 515
524 521
525 528
524 536
525 641
524 645
525 649
524 654
524 660
524 666
525 671
524 678
525 682
523 688
524 693
524 699
524 704
524 710
523 714
525 718
524 723
525 728
523 733
524 738
525 743
524 748
523 753
525 757
524 761
525 764
523 765
527 777
517 779
528 787
525 786
502 790
429 793
284 796
260 799
244 803
62 806
27 810
62 816
116 819
93 823
60 828
89 832
88 837
103 841
127 843
125 848
177 851
145 854
156 857
173 861
187 864
177 868
153 871
174 874
167 878
178 880
211 884
332 925
344 927
357 928
364 927
380 928
418 929
374 930
387 930
414 930
431 931
411 930
397 930
438 931
435 936
406 928
472 932
449 931
435 932
452 931
476 931
457 931
457 931
469 930
482 930
504 929
511 927
518 925
523 923
524 920
522 919
523 917
524 916
524 913
524 913
525 912
524 911
524 909
524 908
524 906
524 903
523 902
525 898
524 896
524 893
526 891
524 888
524 885
526 883
524 880
525 877
525 874
523 871
524 869
524 864
526 861
524 857
524 724
525 720
524 717
524 712
521 708
524 700
524 696
524 693
524 685
525 680
524 677
525 670
524 668
524 661
524 653
524 648
526 640
522 635
524 628
524 619
524 614
525 607
524 602
525 596
524 592
524 586
523 582
524 578
525 574
525 570
525 564
523 559
524 555
523 546
526 540
524 535
526 529
525 522
524 515
525 508
526 502
525 496
525 493
526 487
525 482
524 477
525 473
524 468
527 462
526 459
526 452
524 446
525 439
524 434
524 428
525 421
524 416
524 286
524 282
524 278
525 273
524 270
524 266
534 263
641 262
781 258
788 253
824 249
914 248
1023 242
1023 238
988 234
931 230
942 226
994 221
960 216
890 212
933 208
913 206
836 205
892 199
896 196
889 193
857 190
864 185
905 183
903 179
887 176
864 174
837 169
898 167
863 165
825 164
785 159
781 157
810 155
781 153
742 151
759 149
754 150
769 146
726 146
739 145
744 142
756 142
696 140
731 137
747 138
681 136
700 135
707 134
721 131
678 127
700 130
638 125
636 124
636 124
638 124
634 124
634 123
651 123
607 123
614 122
635 122
612 122
597 123
600 123
619 123
615 123
590 122
556 123
597 124
560 126
538 126
541 127
529 130
526 132
525 132
525 135
526 136
525 138
525 139
522 144
525 141
525 143
524 145
525 147
526 148
524 151
526 154
524 156
525 159
525 160
524 163
525 167
525 168
524 170
525 174
525 176
525 181
525 184
525 187
525 190
524 194
525 197
525 202
525 206
525 211
525 215
524 220
524 228
525 299
525 304
524 307
525 310
524 314
524 320
525 327
524 331
525 338
525 343
525 347
524 354
525 359
524 363
524 368
525 373
524 378
524 384
524 388
524 396
525 401
525 407
518 424
523 422
519 430
525 434
525 441
524 446
524 452
524 458
524 462
525 467
525 472
525 476
524 481
524 484
525 488
524 495
524 499
524 505
525 511
525 519
524 525
525 532
524 540
525 544
524 553
523 557
524 562
525 569
525 573
524 577
525 581
525 587
524 598
516 597
526 614
525 692
525 695
525 700
525 703
525 707
525 712
524 716
524 722
524 726
525 731
524 735
522 741
524 746
524 750
524 754
525 760
524 763
527 772
527 772
526 782
525 781
526 788
522 789
415 791
339 794
292 797
232 802
94 804
40 808
47 813
79 817
118 822
110 826
88 830
101 834
99 839
156 842
117 845
171 849
167 852
135 856
186 858
131 862
172 865
206 869
143 872
142 874
171 879
188 882
171 885
190 887
208 891
180 895
258 896
285 902
241 900
275 902
271 922
360 923
356 921
343 924
394 926
341 927
341 927
377 928
369 928
403 928
392 930
410 929
401 931
410 930
430 932
406 930
411 931
455 924
417 931
439 931
424 932
468 931
447 930
446 930
480 932
460 930
487 929
482 926
512 927
518 926
521 924
523 922
523 920
523 916
523 916
523 915
524 914
524 912
523 912
525 910
525 907
524 906
523 905
524 901
523 900
524 897
525 895
524 892
524 890
524 888
523 883
524 882
525 878
525 877
524 872
525 870
523 866
525 800
524 799
524 795
523 790
524 788
524 785
523 777
524 769
524 765
523 762
524 758
524 751
525 744
524 742
524 737
525 731
524 725
523 720
524 715
524 711
523 704
523 697
524 694
524 688
524 684
524 679
524 672
524 668
525 665
525 656
523 653
524 643
523 638
523 631
525 622
523 618
526 609
523 605
524 598
523 594
524 589
526 583
524 582
525 575
523 573
525 567
524 563
526 558
525 548
524 547
524 537
523 533
524 525
524 520
525 513
524 504
524 500
524 376
524 373
526 370
524 366
524 360
524 355
525 350
524 344
524 340
524 335
524 330
524 326
524 322
524 316
524 310
524 306
524 302
524 297
524 294
524 291
523 285
524 280
525 275
524 271
524 267
529 262
659 262
764 258
794 255
804 250
795 247
994 245
1010 242
987 236
971 232
978 227
958 223
946 219
977 214
940 210
903 207
873 204
898 200
869 198
852 195
894 191
880 188
871 186
883 181
885 178
885 174
877 172
841 168
823 165
850 163
841 161
759 157
680 128
708 126
693 126
655 125
635 125
655 125
657 123
641 124
615 123
636 123
634 122
599 122
619 123
622 122
603 123
603 122
610 124
593 123
592 122
605 123
560 124
548 123
565 125
538 126
526 130
527 131
525 132
525 135
525 135
525 138
526 139
524 166
519 142
524 142
526 143
525 145
524 147
525 152
524 153
525 154
524 157
524 160
525 161
525 166
524 167
524 171
525 173
524 176
525 180
525 182
525 184
524 188
525 191
523 195
524 198
525 203
524 209
525 317
524 319
525 324
525 330
524 337
524 341
525 344
524 351
524 356
525 362
525 368
525 373
525 378
525 383
525 388
524 393
525 399
525 405
524 410
524 417
522 444
515 429
526 439
525 446
524 452
523 457
523 462
525 466
524 470
525 474
526 478
524 483
524 486
524 492
525 497
525 502
524 509
524 517
524 524
525 529
524 537
524 542
524 549
523 555
524 559
523 565
524 569
524 575
524 580
525 585
523 589
524 592
514 599
524 613
525 611
522 618
524 624
524 720
524 724
524 728
524 733
525 739
525 743
525 748
525 753
524 757
525 760
523 765
521 769
521 773
522 768
515 787
524 784
480 790
387 792
288 795
289 799
270 803
73 804
36 810
59 815
70 819
106 823
91 827
80 832
73 836
117 841
126 844
102 848
163 849
170 854
168 857
163 860
177 864
182 867
174 871
201 874
156 878
158 880
185 881
184 887
215 890
189 893
225 905
271 895
256 902
281 898
289 900
286 899
326 906
283 908
312 909
317 910
328 913
305 931
427 931
447 929
474 943
435 932
435 930
451 931
444 931
460 931
443 932
486 931
449 931
491 930
487 929
512 928
518 926
523 923
522 921
523 920
524 917
523 916
524 915
524 913
524 913
524 912
523 910
524 906
524 906
524 903
524 901
524 898
524 894
524 893
524 891
524 887
523 885
524 883
525 880
525 877
524 874
526 870
523 867
525 862
525 860
524 857
525 852
524 847
525 844
524 838
525 832
524 827
522 825
524 818
524 813
524 809
524 804
524 799
524 678
523 676
524 672
524 668
524 665
524 660
526 652
524 648
524 640
525 632
523 626
525 618
525 614
525 605
523 601
523 595
524 590
525 586
525 582
524 577
524 573
524 569
523 565
523 559
524 556
525 549
526 542
523 536
523 530
523 523
526 516
524 507
525 503
522 497
524 493
523 488
523 481
525 477
524 475
524 467
526 462
524 458
523 451
525 444
526 438
524 432
525 428
524 420
525 415
525 408
524 402
524 395
525 390
525 384
524 379
524 373
527 366
525 257
797 254
771 251
801 249
895 248
979 244
993 240
975 234
951 230
967 225
990 222
964 217
916 213
946 209
912 206
887 202
884 199
876 196
860 192
872 190
870 187
860 184
890 179
875 176
862 173
916 168
838 168
828 164
832 159
842 159
822 155
744 155
777 154
762 151
761 150
758 149
729 148
724 146
706 145
732 143
735 142
727 139
709 137
729 137
712 134
709 135
719 134
684 132
699 132
680 127
700 129
691 126
669 127
677 126
678 124
684 125
640 124
534 128
525 128
526 132
526 133
525 135
525 136
526 138
525 136
525 140
526 143
525 143
523 145
525 147
525 149
525 152
524 154
525 156
525 160
525 161
524 163
525 167
523 169
525 172
524 176
525 178
523 181
525 183
526 187
525 190
524 194
524 198
524 202
523 207
525 212
525 218
524 223
524 229
524 229
525 241
524 242
525 248
526 253
519 258
525 270
524 267
525 272
527 274
525 282
525 287
525 290
524 297
527 302
525 307
525 313
525 318
524 320
525 329
525 472
526 475
525 477
525 481
525 486
525 491
524 496
522 502
523 509
524 515
524 520
524 528
525 533
525 541
525 547
525 553
524 560
525 563
525 569
525 573
525 579
524 583
527 588
525 594
523 602
525 605
524 605
523 614
524 623
524 630
525 636
524 641
524 648
525 654
524 659
524 664
524 671
525 677
525 683
525 689
525 694
525 699
522 703
524 709
525 714
524 718
524 723
524 728
522 732
524 737
524 742
525 747
524 751
525 755
524 760
525 763
524 769
189 865
156 866
210 869
201 872
133 876
160 879
163 882
196 885
219 888
182 889
238 893
203 897
256 901
295 892
300 904
326 902
258 908
322 906
329 907
306 909
332 911
315 911
351 914
304 914
373 915
334 917
329 918
351 920
328 920
345 920
347 922
384 924
376 925
370 927
368 925
375 927
386 929
394 929
409 929
396 929
405 930
