85 892
152 894
169 895
157 897
203 899
188 900
258 904
199 905
250 906
225 907
236 909
263 911
258 911
261 913
250 915
265 916
278 916
310 919
270 919
278 920
282 921
292 918
285 923
267 925
316 927
324 926
330 927
316 928
322 927
349 929
365 929
351 929
365 930
370 930
371 930
383 930
409 931
416 931
389 931
421 931
420 932
434 932
427 928
413 926
440 929
453 928
475 929
492 928
508 926
521 925
522 922
523 918
523 917
524 916
523 915
523 914
524 913
775 136
784 134
756 134
759 133
772 132
772 131
713 130
730 129
742 128
735 127
742 126
715 120
688 126
661 125
694 123
705 124
676 124
649 121
659 123
676 122
652 122
628 123
649 123
642 123
625 122
642 123
596 125
613 123
601 125
585 124
554 125
551 127
524 129
528 130
526 133
526 136
525 136
525 138
525 138
525 140
525 141
525 143
525 144
524 146
525 148
525 151
516 153
526 155
525 157
525 160
525 163
527 166
525 168
525 171
525 174
524 176
525 179
510 926
520 925
521 924
523 921
523 922
527 917
524 916
523 915
523 913
524 912
523 910
523 910
524 908
525 905
524 903
525 900
525 898
522 895
524 894
525 890
523 887
524 887
524 882
526 880
523 877
525 874
524 870
524 866
523 864
531 862
526 855
524 852
524 847
524 842
524 838
524 833
525 826
525 823
524 817
525 812
524 806
524 801
524 796
524 793
523 790
524 782
525 776
525 773
525 768
525 763
524 757
524 753
524 748
524 743
524 738
525 731
523 726
524 368
523 363
523 360
523 356
524 350
524 345
524 342
524 336
524 331
524 326
524 321
521 316
524 312
524 307
525 301
524 297
524 293
524 289
523 287
522 283
523 280
524 273
527 267
536 266
652 262
729 260
881 259
995 254
998 250
1023 249
1023 244
1023 239
1023 235
1023 230
1023 225
1023 220
1023 217
1023 213
1023 209
1023 205
995 204
967 200
991 196
985 193
984 191
973 187
1014 183
1020 179
1022 176
993 173
974 170
969 168
999 164
933 162
869 160
843 125
696 125
699 125
685 124
668 125
676 124
680 124
674 124
669 123
625 122
670 123
608 123
643 122
640 119
619 123
605 123
639 123
593 125
611 124
565 125
550 127
530 129
530 129
524 133
526 134
525 136
525 137
524 138
524 141
527 141
525 142
524 143
526 146
523 148
525 150
525 152
524 152
525 157
525 159
524 163
524 165
525 168
522 170
525 172
525 176
525 177
525 181
524 185
525 187
523 191
525 195
526 200
525 203
525 208
526 211
523 218
524 225
525 351
524 356
525 362
524 367
524 372
524 376
524 381
524 386
524 392
525 396
526 406
526 410
524 417
525 426
523 430
524 439
525 444
525 450
524 456
524 462
524 467
524 470
523 474
514 475
524 483
524 487
525 492
525 497
525 502
524 510
525 515
524 522
523 529
525 536
524 542
524 548
526 556
524 560
525 563
524 570
526 574
524 579
524 584
524 589
525 594
525 600
525 605
524 611
524 618
524 624
524 630
525 637
524 642
520 646
526 667
522 662
543 667
524 780
523 783
521 786
518 790
358 791
175 792
54 796
69 798
0 801
0 807
0 811
0 816
0 820
0 825
0 830
0 834
0 838
0 842
0 846
2 850
55 854
58 855
43 860
70 862
60 865
82 868
40 872
46 876
53 878
64 880
78 884
82 888
75 890
136 894
137 894
166 898
157 898
162 902
244 900
211 903
237 905
222 910
267 909
249 908
237 912
242 913
279 914
298 915
265 917
286 918
269 919
276 920
282 921
292 923
254 924
299 924
356 926
319 926
299 927
315 928
339 928
360 931
458 922
467 932
448 920
466 927
495 929
517 927
524 923
523 921
523 919
523 917
524 916
524 915
523 913
524 913
524 911
523 910
525 908
524 906
523 903
524 900
524 899
524 897
523 894
525 891
524 888
525 885
525 883
525 880
524 877
524 875
524 872
524 867
524 865
524 862
512 860
527 853
525 849
524 845
523 837
524 834
523 829
523 825
524 820
524 814
524 808
524 803
524 801
524 796
524 790
524 784
524 779
524 775
524 770
525 764
526 760
524 756
524 604
524 602
524 597
523 590
524 587
524 583
524 579
524 575
525 570
524 566
524 559
525 555
524 549
524 544
524 538
524 530
524 523
524 516
525 511
524 504
523 498
523 493
525 488
524 482
524 477
525 472
524 468
524 464
524 457
524 453
523 447
524 441
525 434
524 428
524 421
523 416
524 410
524 403
524 398
524 392
523 386
524 380
526 373
524 369
524 364
524 357
524 353
524 347
526 343
524 337
525 333
526 328
525 323
524 318
524 314
524 310
523 305
1013 201
1003 198
995 197
968 195
981 191
1023 188
978 185
974 181
1015 178
970 175
1023 171
973 169
923 166
911 161
896 160
942 158
875 157
842 153
850 151
790 150
857 149
811 147
875 147
776 145
777 143
800 142
767 141
816 140
737 138
792 137
779 136
793 134
770 133
744 132
757 130
738 130
756 128
745 128
746 127
703 127
700 125
729 127
675 125
679 122
690 123
679 124
665 123
660 122
677 122
621 123
636 124
661 122
623 123
601 124
604 123
627 123
601 252
525 257
524 259
524 262
525 265
526 270
525 274
525 281
525 286
524 291
523 302
524 301
524 306
524 313
525 317
526 321
525 326
525 333
525 338
524 343
525 350
524 354
524 359
525 365
524 370
525 374
525 380
525 385
525 389
524 396
524 401
525 407
524 414
524 420
524 430
525 434
524 442
525 449
525 453
524 460
524 463
524 468
525 472
524 474
525 479
524 484
525 490
525 494
524 501
524 506
526 513
525 520
525 526
524 533
525 538
525 545
525 551
525 591
525 595
525 598
525 603
526 610
525 615
525 621
524 627
524 633
525 640
524 646
526 650
530 658
526 680
526 669
524 675
525 680
524 687
525 691
524 697
524 702
525 706
525 712
526 717
525 722
523 727
524 731
525 738
524 741
525 746
525 750
524 755
524 758
525 764
525 767
524 771
524 777
525 780
523 785
517 789
434 791
185 792
98 796
129 798
36 802
0 798
0 812
0 815
0 819
0 823
0 828
0 833
0 838
0 842
0 845
30 848
37 850
27 854
47 858
75 860
186 895
174 897
197 898
200 900
218 902
194 903
220 906
223 886
228 908
245 903
205 913
292 913
239 914
244 915
247 916
274 918
294 919
281 920
330 921
317 923
282 923
270 924
313 925
304 926
299 928
354 928
331 929
352 929
339 929
361 931
379 930
379 931
381 930
384 931
392 931
411 931
433 931
419 932
398 931
410 931
444 937
456 933
423 932
439 932
482 939
490 928
509 929
521 924
525 920
523 920
524 918
523 916
523 915
524 914
523 913
523 912
524 910
523 871
525 869
524 866
523 863
524 859
527 854
524 850
524 847
525 841
524 834
524 830
524 825
523 823
523 818
524 811
524 805
523 800
524 797
524 793
527 786
525 780
523 776
524 772
524 769
523 761
524 756
524 753
524 748
524 741
524 736
524 731
524 725
526 719
524 713
524 709
524 703
524 697
524 694
524 688
524 683
525 678
524 673
523 667
523 663
525 656
524 649
523 645
524 637
525 630
524 623
525 616
524 610
524 602
523 598
525 592
524 588
523 583
524 505
524 500
524 494
524 488
524 485
524 478
525 475
524 473
524 465
525 461
523 454
526 449
525 442
525 437
524 431
526 424
524 418
524 405
524 406
523 399
523 394
525 388
524 381
526 377
524 370
524 366
524 360
525 355
524 349
524 344
524 340
524 335
523 330
524 324
524 320
524 314
525 310
524 305
523 301
525 296
524 291
524 289
524 283
524 280
527 275
527 271
527 266
537 262
654 260
745 258
922 260
1023 253
989 249
1023 248
1023 242
1023 238
1023 336
525 333
524 330
524 326
524 321
523 318
524 311
524 306
522 302
524 297
524 294
524 292
524 286
525 282
524 276
524 273
522 269
534 264
644 263
713 260
884 259
997 257
1012 251
1023 250
1023 246
1023 240
1023 235
1023 231
1023 226
1023 221
1023 216
1023 214
1006 210
1016 206
1023 203
980 200
969 197
971 194
970 192
990 188
1008 184
988 180
1001 176
1023 174
991 170
943 168
955 166
927 164
883 159
883 159
848 157
860 155
864 154
807 153
848 149
791 132
525 134
526 136
526 137
525 138
526 139
525 141
526 141
525 143
525 146
525 147
524 149
524 151
525 153
525 147
525 158
524 162
525 164
525 166
524 169
525 173
526 175
525 178
525 180
526 184
524 187
524 192
523 195
526 198
526 203
525 208
525 212
525 218
525 222
525 227
525 232
525 239
526 243
524 248
524 254
524 258
524 262
523 267
525 272
524 275
525 284
525 289
525 293
527 297
512 310
524 308
525 313
524 319
525 323
525 328
524 335
525 339
525 568
525 571
525 574
525 578
524 584
525 588
525 594
525 597
524 604
525 612
524 614
525 624
525 630
525 635
524 642
525 648
525 654
523 659
525 663
524 680
525 677
524 683
526 688
525 693
524 699
524 706
525 709
525 714
525 718
524 723
525 728
524 733
524 737
525 742
524 747
525 751
524 756
524 760
525 765
525 770
526 772
524 777
523 781
523 785
516 789
382 792
148 792
108 797
126 801
21 802
0 804
0 812
0 807
0 820
0 824
0 830
0 834
0 838
0 842
0 898
184 899
172 900
158 900
224 903
225 904
219 905
279 907
235 920
266 909
238 913
238 910
254 915
281 915
287 917
247 919
295 919
291 922
324 921
282 923
263 924
298 924
288 925
337 926
343 927
350 927
336 928
348 929
374 926
367 929
340 930
371 930
389 930
385 931
378 930
416 930
398 931
421 931
417 931
430 930
390 931
454 926
475 930
468 935
467 928
509 922
521 931
517 922
523 921
523 919
523 917
524 918
525 914
524 914
524 913
526 911
523 910
522 868
524 866
524 863
524 860
524 858
524 854
526 844
526 847
525 840
524 835
523 829
524 825
525 819
525 815
524 810
524 804
524 800
525 796
524 791
523 786
524 781
523 776
524 770
523 767
523 760
525 754
524 749
524 748
524 740
524 734
524 729
524 724
524 715
524 712
524 708
524 700
524 696
524 692
524 686
523 681
524 677
524 672
524 667
524 661
524 655
524 649
524 642
524 636
523 628
524 620
524 614
524 608
523 601
524 596
524 592
524 586
524 583
524 458
524 455
524 451
525 447
523 441
525 435
524 429
524 422
524 417
524 410
524 403
524 398
524 392
525 386
524 380
525 374
524 368
525 363
525 357
525 354
524 348
524 342
524 338
525 334
524 327
524 324
524 316
524 313
525 309
525 305
524 300
524 296
526 293
524 286
523 284
524 281
524 274
525 270
528 265
559 262
659 261
777 258
998 260
994 253
999 247
1023 245
1023 242
1023 236
1023 232
1023 227
1023 225
1023 218
1023 214
1023 211
1023 208
971 204
797 142
789 140
792 140
789 138
772 138
808 135
804 136
747 134
748 131
761 131
751 130
750 129
768 128
730 128
702 129
719 126
707 125
684 124
696 125
679 125
655 124
671 124
669 123
633 122
651 123
638 124
653 122
625 122
622 123
616 123
620 124
610 124
592 124
550 127
564 125
537 128
523 129
526 131
526 134
524 136
524 137
525 139
525 139
525 141
524 144
526 143
525 144
524 147
526 148
526 152
524 153
525 156
515 179
524 163
526 165
525 166
524 169
523 261
526 265
524 268
525 274
525 282
524 285
524 287
524 296
525 303
523 306
525 310
524 315
525 322
524 328
525 332
524 336
525 342
525 347
525 353
526 359
524 363
525 368
525 374
525 378
524 383
525 388
524 393
524 401
525 405
524 412
524 420
525 425
524 435
525 441
524 448
525 453
524 458
524 465
525 467
525 472
524 475
524 480
523 478
523 489
524 495
525 498
525 505
525 512
525 519
524 526
524 532
526 540
525 544
525 552
525 557
525 563
524 567
526 674
523 674
526 680
525 685
525 693
524 697
524 702
525 706
525 712
524 717
525 721
526 727
525 732
525 736
524 742
524 746
525 750
524 755
524 759
524 763
524 766
525 772
524 776
524 781
523 785
518 789
434 791
241 789
79 795
55 800
6 803
0 808
0 819
0 813
0 820
0 823
0 829
0 833
0 837
0 841
0 843
2 848
51 851
30 854
61 857
80 860
77 866
75 867
11 870
68 875
100 877
6 880
77 884
101 886
104 889
97 891
116 894
187 895
202 898
197 900
194 902
306 926
330 928
352 932
344 929
359 929
395 930
382 931
371 931
365 932
407 930
395 932
411 931
415 932
416 931
417 929
445 930
428 929
442 934
454 931
490 928
501 927
506 925
516 914
519 922
523 919
523 917
523 917
524 915
522 914
523 913
523 912
525 910
523 908
524 907
524 905
523 902
524 899
525 897
524 895
525 892
523 889
524 887
524 883
524 881
524 879
525 875
523 873
524 871
524 866
525 863
524 860
523 856
525 851
527 849
524 841
524 836
524 831
524 700
524 698
525 694
524 690
524 681
524 679
524 674
524 668
524 664
524 656
523 652
525 644
524 637
525 631
524 623
525 618
524 608
524 606
524 597
524 594
524 589
525 583
523 581
524 575
524 572
524 568
524 562
524 557
524 552
524 547
524 538
522 533
524 526
524 519
524 513
524 506
524 500
524 494
524 489
524 484
526 477
525 475
524 470
525 466
524 462
524 455
524 449
524 443
525 437
524 431
524 425
524 418
525 413
524 406
525 401
524 395
524 389
528 267
530 264
646 262
734 260
920 260
1023 254
1010 249
1023 247
1023 243
1023 240
1023 235
1023 229
1023 224
1023 220
1023 216
1023 212
1023 208
1023 205
1001 202
1010 198
1002 195
995 193
1019 189
964 187
1016 182
1016 180
963 176
980 173
967 171
986 167
951 164
918 161
925 158
871 155
844 156
855 154
860 152
829 150
815 150
800 148
803 146
827 145
805 142
793 141
743 140
801 138
786 138
772 136
763 135
765 133
774 132
742 131
747 129
722 130
733 124
677 124
664 124
691 124
674 123
643 123
684 123
679 123
619 123
633 122
643 123
626 123
616 122
636 123
582 124
610 124
594 124
563 126
539 127
530 129
525 131
525 132
527 136
525 137
525 138
525 139
525 141
525 142
521 142
525 144
526 147
525 147
525 151
525 154
525 155
525 157
524 163
525 162
523 165
525 167
525 172
525 172
525 176
525 179
524 182
525 183
524 188
524 191
525 196
524 200
525 205
525 209
524 214
524 221
525 224
526 229
524 233
526 302
525 299
515 304
525 313
527 319
525 324
525 329
524 336
524 341
525 346
524 352
523 357
524 362
524 368
524 372
524 375
524 383
525 386
524 393
524 399
524 403
524 412
525 417
524 426
525 432
524 437
524 447
524 450
524 457
525 462
524 466
524 471
524 476
524 479
524 483
535 504
522 490
524 499
525 504
525 508
524 517
525 522
524 530
525 537
525 544
524 549
524 556
525 561
525 565
525 571
525 576
525 581
525 585
525 589
524 595
524 601
524 607
525 686
525 688
524 693
525 696
524 698
524 705
524 709
525 715
524 719
524 724
525 729
524 734
525 739
526 744
526 748
524 753
524 756
525 761
524 766
525 769
525 774
524 779
523 783
522 787
455 790
368 792
142 792
67 797
49 801
0 804
0 807
0 812
0 819
0 818
0 826
0 831
0 836
0 839
4 843
0 848
28 849
40 853
34 856
45 859
50 863
78 866
61 869
41 871
38 875
53 878
76 883
46 883
78 888
127 888
131 893
170 895
134 897
179 899
200 901
260 902
243 904
200 918
280 919
278 920
259 921
275 922
261 924
296 924
353 925
296 925
321 927
322 927
331 928
348 929
370 929
371 930
350 930
371 930
397 931
384 931
376 930
392 931
394 930
442 932
441 930
411 930
417 931
451 930
447 928
436 928
465 919
482 925
515 917
517 924
520 921
523 923
523 918
523 916
524 916
523 914
524 913
524 911
523 911
524 908
524 906
524 904
524 902
524 900
524 898
524 895
524 893
524 890
525 887
523 885
524 882
525 879
523 877
523 873
524 808
524 803
524 799
524 795
524 789
524 784
524 779
523 773
524 768
524 764
524 761
524 755
524 747
524 745
524 741
524 732
526 727
524 725
525 716
524 710
524 706
524 700
524 695
524 691
524 686
524 679
524 675
524 670
524 665
525 660
524 652
524 648
525 640
524 634
524 627
523 619
524 613
524 606
525 600
524 595
524 590
525 586
525 582
525 578
524 574
525 570
524 564
524 560
524 553
524 547
524 541
524 534
523 528
524 521
525 515
524 508
524 503
523 390
523 385
525 378
524 372
524 372
524 362
525 357
524 351
524 347
525 341
524 336
523 331
524 327
525 322
524 316
524 312
524 308
523 303
524 297
525 293
525 291
524 285
524 282
523 276
526 271
528 268
531 264
632 262
731 260
876 260
994 253
1023 249
1023 247
1023 245
1023 239
1023 236
1023 234
1023 226
1023 222
1023 217
1023 213
1023 208
1023 205
1008 203
986 200
992 196
1004 192
975 190
984 186
996 183
1018 179
979 176
1002 173
998 171
971 167
806 131
788 132
786 131
744 129
746 130
706 127
714 125
728 126
716 126
736 128
663 125
672 124
684 124
669 124
670 122
656 124
618 123
678 123
643 123
604 124
626 123
625 124
612 124
614 124
598 125
587 124
575 125
549 127
532 130
527 130
526 133
525 136
525 137
525 137
525 140
525 141
525 141
525 141
524 145
524 145
525 146
524 151
525 153
526 154
524 157
527 159
524 161
524 164
525 168
524 169
525 172
524 175
524 178
523 181
524 185
524 186
526 191
525 290
525 294
524 297
524 303
523 304
523 312
525 317
524 323
524 328
526 334
525 340
526 344
525 351
525 355
526 362
524 365
525 371
524 376
524 379
524 386
524 393
525 396
525 403
524 409
524 416
525 423
526 429
525 437
525 443
525 450
524 455
524 460
524 465
525 470
524 473
524 478
525 480
524 487
542 488
525 503
525 502
525 507
524 514
524 520
524 530
525 534
524 542
525 546
525 554
524 560
525 565
525 571
524 574
524 579
525 582
524 587
525 594
524 691
524 695
526 699
525 703
524 708
526 714
524 717
525 722
525 727
525 733
525 737
525 742
524 747
524 752
525 756
524 759
525 765
524 768
525 772
526 776
524 782
521 785
519 790
390 790
243 791
95 795
53 800
0 802
0 807
0 816
0 816
0 825
0 827
0 830
0 834
0 839
0 841
21 846
5 848
30 852
32 855
66 859
85 861
54 865
55 868
79 872
50 875
40 879
78 881
71 885
76 888
96 890
123 893
139 896
179 897
176 899
182 901
193 902
216 904
281 905
206 907
334 929
330 927
344 929
380 929
372 930
363 929
372 930
357 930
412 931
387 930
406 930
405 931
426 931
450 930
442 930
409 930
432 931
475 930
447 930
472 938
507 923
517 928
526 920
521 919
521 918
524 917
523 914
523 916
522 911
523 912
524 910
524 909
523 908
524 905
524 904
524 901
523 899
524 896
525 892
524 890
524 887
525 885
524 882
524 880
524 877
523 874
524 871
524 868
524 864
524 862
523 857
524 855
525 849
524 844
513 832
524 833
524 830
524 710
525 705
525 702
524 698
524 692
524 687
524 681
524 679
526 673
524 666
523 662
524 655
524 649
524 642
524 635
524 631
525 621
523 615
524 609
525 603
524 597
524 591
524 588
524 582
524 580
524 574
524 571
524 566
525 561
524 559
524 549
524 544
524 537
524 531
524 525
524 518
524 511
524 504
524 498
524 493
525 488
524 484
525 477
524 474
524 469
524 464
525 458
523 452
524 447
525 442
524 436
524 428
524 423
525 416
524 410
523 404
524 398
527 283
524 282
524 279
524 274
525 269
526 264
595 265
667 262
780 259
993 257
1023 253
1023 247
1023 246
1023 242
1023 237
1023 232
1023 224
1023 223
1023 218
1023 214
1023 211
1018 208
1023 203
1008 201
985 195
992 194
1003 191
1002 188
1013 185
998 182
1003 178
981 175
972 172
940 169
943 166
935 163
942 161
908 159
848 157
846 154
883 152
850 151
822 149
790 147
804 147
814 145
798 143
766 145
793 140
782 140
764 138
773 137
772 135
789 135
743 133
629 122
627 123
609 123
625 124
593 126
585 125
551 125
551 127
525 129
526 131
526 133
527 136
526 138
524 137
525 139
526 141
526 141
524 143
524 145
525 147
525 149
525 152
525 153
525 156
525 158
525 161
520 164
524 166
525 169
525 172
534 174
525 178
525 180
526 182
525 187
524 189
525 193
526 197
524 202
525 205
525 211
525 215
524 222
525 228
524 232
526 236
525 241
525 248
524 252
525 254
525 260
524 265
525 269
524 275
525 279
525 285
524 421
524 425
524 429
524 435
525 440
525 448
524 452
524 459
525 463
525 468
525 472
525 475
525 481
525 483
524 490
518 493
527 500
525 506
525 511
526 518
525 526
524 533
524 538
525 546
525 550
525 557
524 562
524 566
524 572
525 576
525 581
525 587
524 591
524 597
525 602
524 609
525 614
525 620
524 627
525 633
523 638
525 645
525 651
526 657
525 662
524 670
512 675
521 681
533 686
525 691
525 697
525 703
524 707
525 712
525 716
524 721
525 726
525 830
0 832
0 832
0 837
0 841
8 846
20 849
62 849
48 855
23 858
54 861
81 864
60 868
12 871
38 874
68 877
74 881
77 884
72 888
108 890
158 892
135 895
176 896
176 898
206 900
217 902
202 904
240 905
219 908
239 909
214 910
254 920
276 911
253 909
300 911
268 904
