513 207
514 203
512 210
514 212
512 223
514 223
513 224
513 230
513 239
512 242
513 247
513 250
513 256
514 262
513 267
510 273
511 278
514 282
514 286
512 288
514 296
510 302
511 307
513 311
514 316
513 323
512 329
513 335
515 339
513 344
511 350
514 355
513 361
515 365
514 369
513 379
512 379
510 379
514 394
515 389
513 403
510 411
513 415
512 424
511 429
513 436
511 443
512 447
513 455
518 458
514 462
509 468
513 471
511 477
512 480
513 486
513 492
516 474
513 472
513 468
513 463
514 457
515 451
513 448
514 441
516 438
514 431
511 426
513 419
518 414
512 408
513 399
513 395
514 388
514 383
512 378
513 371
516 366
513 361
513 356
510 352
517 345
514 345
514 335
515 331
514 327
512 323
513 317
514 312
513 308
512 303
514 297
513 293
514 289
514 283
518 279
514 275
514 270
514 265
514 261
512 256
513 251
514 247
514 243
514 239
513 234
512 230
513 227
514 224
513 220
507 217
514 212
513 207
512 201
512 907
510 906
513 904
513 903
514 902
512 900
513 898
513 897
513 895
512 892
513 888
512 887
513 884
513 881
513 877
515 875
513 874
511 871
513 868
513 865
513 862
513 858
513 855
513 850
513 848
513 842
513 837
513 833
513 829
513 825
512 820
517 816
513 809
513 803
513 798
512 793
511 790
515 785
514 780
514 773
516 767
513 764
514 758
515 755
512 750
513 745
510 738
512 733
512 732
514 725
518 717
510 713
513 707
513 700
511 696
513 690
517 684
513 493
513 487
516 483
513 478
514 472
513 469
516 462
512 458
513 455
515 448
516 443
514 437
512 431
515 425
515 414
512 413
510 407
515 402
512 395
514 387
512 384
515 376
515 371
512 368
513 361
515 355
508 350
513 343
514 340
515 322
511 336
513 328
515 322
514 317
513 314
512 307
515 302
513 298
512 293
512 289
515 283
513 279
514 274
514 269
513 265
513 261
515 256
513 252
513 248
513 243
513 240
513 235
513 230
514 225
514 223
515 219
514 217
513 201
513 199
517 197
515 194
517 183
510 186
512 185
515 181
513 177
513 174
514 170
514 167
513 163
513 159
515 156
512 154
512 152
514 149
514 147
513 145
514 142
513 140
513 140
514 138
513 136
514 136
513 132
506 133
514 129
508 128
512 129
513 127
513 126
513 125
511 124
504 129
506 121
513 120
513 119
513 119
513 118
515 117
513 115
511 115
513 116
506 113
513 112
508 112
513 112
513 111
513 111
513 112
513 112
514 112
513 112
513 111
513 111
513 112
508 112
510 112
513 113
512 115
512 115
512 117
513 120
513 123
519 127
514 129
528 128
508 132
513 131
513 135
513 136
513 136
513 139
513 141
513 143
513 146
513 149
513 150
513 153
513 155
514 159
513 162
514 164
513 167
514 170
512 173
513 177
513 180
507 183
513 187
513 191
513 195
513 199
513 204
513 210
509 215
512 221
506 231
514 229
511 235
510 239
513 246
513 249
514 253
512 260
506 266
512 271
511 273
513 279
513 286
509 292
512 312
513 315
513 318
514 319
512 325
513 332
512 339
509 344
515 348
513 354
508 361
514 364
511 369
513 373
513 377
511 385
514 388
513 397
513 396
509 411
508 417
514 420
515 428
519 433
513 441
508 450
513 449
511 458
515 461
511 466
512 470
507 474
512 477
511 483
507 490
510 494
512 501
510 508
514 511
511 521
514 527
512 533
512 540
513 544
510 551
513 555
513 562
510 566
514 570
511 577
514 580
513 585
513 592
509 598
511 601
513 608
511 614
513 641
511 647
512 648
512 651
512 656
505 661
511 667
512 672
512 678
512 683
513 689
513 693
513 698
512 703
513 707
513 710
513 716
512 721
513 725
513 730
513 736
512 740
512 745
512 750
512 754
513 759
511 765
513 768
513 772
514 776
508 782
512 787
512 791
513 793
507 798
513 803
514 808
513 812
509 816
515 818
513 822
512 827
514 829
514 834
512 837
513 840
514 845
513 848
513 850
513 854
512 859
514 861
512 864
512 869
514 871
513 875
511 879
513 890
511 892
512 894
511 894
512 895
514 895
512 899
514 899
514 901
512 902
511 904
513 906
514 906
513 908
513 909
513 909
512 912
513 913
512 914
514 913
513 916
513 917
512 918
512 920
512 919
513 921
513 921
513 922
511 923
513 923
513 925
513 923
514 925
513 925
515 925
515 926
513 926
511 924
514 926
512 924
513 925
513 925
513 925
513 926
513 924
513 923
513 923
512 922
513 919
514 919
512 916
513 911
513 910
512 904
512 905
507 905
513 901
513 898
514 896
508 894
513 891
513 890
513 887
512 885
513 882
513 879
513 878
515 874
513 872
513 869
513 866
513 862
513 859
514 856
515 851
513 849
513 845
513 840
512 834
513 830
513 827
513 822
512 819
513 813
506 806
512 800
514 796
512 789
511 784
513 780
512 775
513 772
513 767
516 760
515 754
513 751
513 746
515 740
513 736
513 733
507 726
514 720
513 715
515 708
514 703
512 700
513 693
517 686
512 684
512 678
515 671
513 670
513 661
512 657
512 636
512 632
509 627
510 622
513 613
513 606
513 601
514 594
512 589
512 584
513 577
514 573
513 570
513 567
516 558
512 556
514 550
513 545
514 541
521 533
513 528
511 521
511 515
515 508
516 501
515 491
516 486
512 485
512 478
512 474
512 469
516 464
506 458
513 456
514 449
513 445
515 439
514 433
513 427
515 422
513 415
515 408
513 403
513 397
516 390
513 384
512 377
513 374
514 365
511 363
514 358
514 352
515 348
514 342
513 338
514 325
527 320
515 310
514 308
513 304
513 300
514 295
515 289
513 285
513 280
513 280
515 270
513 267
514 262
515 257
513 254
514 249
514 243
513 240
514 236
512 234
512 229
513 226
514 222
514 217
515 214
512 209
513 206
514 202
512 200
513 195
520 191
504 179
515 185
510 181
512 179
516 174
513 172
513 168
513 164
514 162
513 156
512 155
513 153
513 149
513 146
513 146
513 143
512 143
513 140
513 139
512 137
515 136
510 136
513 133
512 132
513 130
514 130
513 127
512 124
509 125
511 124
512 120
513 115
514 119
513 117
512 116
513 117
514 116
514 115
513 114
513 113
514 112
512 112
512 112
513 112
513 111
513 111
512 111
512 111
508 112
513 108
512 112
513 111
513 111
512 112
513 112
513 112
514 114
513 115
513 117
513 120
513 123
509 125
512 135
514 127
524 124
512 134
513 133
513 136
513 137
513 137
513 140
513 143
512 146
513 147
513 150
513 153
514 156
514 157
513 161
512 164
512 166
512 168
513 171
514 176
513 188
513 192
512 196
513 198
513 203
512 207
512 212
513 217
513 221
517 233
513 226
518 238
511 233
518 249
513 253
513 260
515 264
514 267
513 271
513 277
513 285
510 289
514 293
513 295
512 307
510 309
510 313
513 317
508 325
514 330
513 335
513 343
514 348
513 351
513 359
514 361
512 366
510 372
510 375
512 382
514 388
513 392
512 398
510 408
513 415
517 416
506 425
508 438
511 438
511 445
514 451
511 456
512 460
511 464
513 463
513 474
513 493
514 497
511 501
512 505
512 512
509 517
512 525
508 531
514 536
512 544
515 548
512 553
512 559
511 565
514 567
511 574
511 577
511 585
512 589
512 594
513 610
508 606
513 611
514 617
512 623
510 629
513 636
514 641
507 648
513 655
513 659
513 664
512 671
511 677
513 681
513 687
511 692
512 697
512 701
513 706
512 709
513 714
513 718
512 723
513 729
512 734
513 738
512 744
511 749
513 754
513 758
514 762
512 768
512 772
513 776
514 780
513 783
513 802
513 805
509 810
512 811
513 814
513 817
513 822
511 827
514 828
513 833
510 837
513 839
512 843
512 846
512 850
512 853
513 857
512 862
513 864
514 867
511 871
513 874
513 877
514 880
511 883
512 885
513 889
514 891
513 891
513 895
512 895
512 898
514 899
513 900
512 902
513 903
513 910
514 907
513 908
513 908
514 909
513 910
513 912
511 913
513 913
513 916
513 916
513 918
514 918
513 919
513 920
514 921
515 922
514 923
513 925
514 924
512 924
513 924
513 925
514 925
513 925
513 926
512 926
511 927
512 926
512 923
513 929
512 928
514 924
512 924
513 923
512 922
510 919
513 916
512 913
514 909
513 908
513 907
514 905
513 905
506 904
513 902
513 900
513 898
514 896
513 895
513 886
513 889
510 886
513 883
514 880
513 877
513 875
513 873
512 869
513 867
513 865
513 860
513 857
512 853
513 851
513 845
513 841
512 836
513 833
513 828
513 824
513 817
513 814
513 809
513 804
514 800
513 794
516 786
515 767
514 762
514 760
513 756
513 753
513 748
513 743
515 737
514 730
512 728
513 723
513 715
515 711
512 704
514 700
514 694
514 690
514 684
514 678
516 671
510 670
513 664
512 659
513 656
518 645
512 644
512 634
517 630
513 622
518 613
513 611
513 601
508 598
513 590
518 584
513 582
514 574
512 573
514 566
518 560
510 556
515 550
516 548
512 541
514 536
512 531
514 524
517 519
515 511
515 504
513 498
514 491
514 486
512 483
513 476
513 472
510 466
512 447
514 444
514 440
511 437
514 430
517 424
513 418
511 411
515 405
516 399
510 393
514 386
512 381
512 375
514 371
512 366
517 360
514 357
513 348
513 343
515 338
513 334
513 330
510 327
514 320
514 320
513 311
516 306
514 301
513 296
514 292
513 287
513 281
514 279
512 272
513 267
513 264
514 258
515 254
514 250
513 246
514 242
513 239
514 235
515 231
517 224
513 221
514 218
512 215
513 211
513 208
515 203
512 200
513 196
514 193
513 189
513 188
514 172
513 170
515 167
514 160
514 163
513 159
513 156
512 153
514 151
513 148
513 145
513 145
513 142
515 140
513 140
513 137
513 138
513 135
513 134
516 132
515 132
513 131
513 127
514 126
513 126
515 125
513 124
513 123
514 125
510 117
509 124
511 122
514 118
512 117
513 116
513 114
513 113
513 113
513 113
513 112
513 112
513 112
509 111
513 112
509 111
512 111
513 111
513 111
513 112
513 111
513 111
513 111
513 111
512 113
513 114
513 114
512 116
513 127
510 121
512 131
510 132
514 133
513 134
513 136
513 137
513 139
513 140
514 142
513 145
512 147
512 151
510 152
513 154
513 158
513 161
513 164
513 165
514 169
513 172
513 174
514 178
513 181
513 184
513 188
513 192
513 197
513 201
513 206
513 212
508 216
513 222
511 225
510 234
521 239
519 242
516 248
512 251
513 255
513 261
512 267
513 271
509 277
512 281
513 287
513 291
513 297
512 302
513 307
513 312
512 319
512 323
514 327
513 334
511 340
511 361
507 366
513 368
511 372
513 374
513 380
515 384
512 391
505 398
512 402
511 411
516 414
509 421
508 435
512 435
511 444
514 448
512 454
516 457
514 463
511 467
513 471
510 476
512 481
513 486
514 490
512 497
514 503
513 509
512 517
511 522
511 529
511 536
514 541
514 547
508 553
513 556
514 565
514 567
513 569
510 578
512 581
513 587
512 592
513 598
513 604
510 609
510 616
514 621
510 627
511 635
511 640
512 646
512 652
512 657
513 664
513 668
513 689
514 692
511 696
512 699
512 704
513 708
513 712
511 717
512 723
512 727
513 732
512 737
512 742
512 747
513 751
512 756
513 761
512 767
512 770
514 773
512 778
512 784
513 787
514 792
512 796
515 800
513 805
513 809
512 813
513 816
513 820
512 824
514 834
513 832
512 835
512 839
513 842
513 846
512 850
513 853
514 856
512 859
514 861
513 867
515 870
513 872
511 877
514 879
512 884
514 886
513 887
512 891
513 892
513 895
512 895
513 897
513 902
513 903
514 905
513 906
514 908
513 908
513 910
514 912
513 911
513 913
513 913
513 915
513 916
513 919
513 918
510 920
512 920
512 921
514 922
513 923
513 924
513 924
514 925
513 925
514 926
513 925
513 927
513 927
512 926
512 927
512 927
511 926
512 927
511 926
513 926
513 927
513 926
513 924
512 922
511 921
512 919
513 918
513 914
514 911
513 909
514 907
514 906
515 904
513 903
513 901
513 900
512 898
513 896
511 894
513 891
513 889
513 886
513 875
513 873
513 871
513 870
512 868
513 864
513 862
513 858
513 855
513 855
512 846
511 843
513 839
514 833
513 829
512 824
512 819
513 815
513 812
514 806
513 798
513 794
513 788
511 784
513 780
514 773
514 766
514 762
512 758
511 756
513 750
513 742
516 737
511 736
513 731
513 725
514 718
513 713
516 707
511 703
516 697
515 690
514 686
513 681
515 676
513 672
513 664
516 659
512 657
513 649
518 643
511 637
520 630
514 623
517 617
513 613
516 604
511 580
516 578
515 574
513 571
518 569
517 564
513 559
512 554
513 549
513 543
512 538
514 530
513 526
513 519
512 514
514 505
516 499
513 493
512 488
512 483
514 476
513 472
515 467
511 464
515 457
514 453
513 448
512 443
515 437
513 432
514 426
513 419
515 414
513 407
513 399
514 394
514 389
514 383
512 378
514 372
515 366
512 361
514 355
517 350
514 345
513 339
512 336
515 331
514 327
513 321
513 318
514 313
513 308
513 303
513 299
514 293
514 288
514 269
513 266
525 263
516 259
513 257
513 252
514 246
514 244
513 240
516 235
513 232
513 228
514 223
514 221
513 216
513 211
514 208
512 204
513 195
513 198
513 195
514 190
513 188
517 185
511 198
516 177
514 174
513 171
514 166
512 165
513 160
514 149
513 154
513 151
513 150
513 146
514 145
516 143
514 144
517 139
514 138
513 137
512 133
511 135
513 132
515 132
513 131
513 128
513 127
513 128
513 130
513 123
513 122
513 121
525 119
514 112
512 114
513 116
513 114
514 114
514 114
512 113
513 112
516 112
513 112
513 111
513 111
513 112
512 112
513 112
520 112
513 112
513 111
513 112
513 111
513 112
513 113
513 114
513 114
513 116
513 118
513 121
513 124
513 125
513 127
514 130
507 132
522 132
512 136
513 136
513 139
513 139
512 143
513 144
513 145
512 148
512 151
513 154
512 157
521 159
513 162
520 164
513 168
511 170
513 174
513 177
513 180
514 184
513 187
514 191
512 195
513 200
512 208
517 210
513 230
509 229
513 242
514 246
514 244
513 250
514 256
512 260
513 266
514 268
513 276
511 280
513 284
513 290
512 296
513 301
513 306
512 311
514 315
513 321
510 328
513 335
526 338
513 343
512 347
512 354
512 360
511 365
512 367
513 374
508 380
512 383
513 391
511 396
512 399
514 411
519 410
513 419
510 428
515 434
507 432
513 447
513 453
515 456
513 461
508 466
513 470
511 474
512 478
513 490
514 491
512 495
513 503
525 507
510 514
513 519
513 527
512 550
512 553
514 557
510 561
512 566
512 570
512 576
513 580
513 585
517 590
512 596
510 602
512 608
513 614
513 620
512 626
511 631
513 637
511 645
512 650
513 657
514 661
512 669
513 673
514 679
513 683
513 691
515 694
512 698
513 702
512 707
512 711
512 715
516 721
511 726
513 731
514 735
513 742
512 745
511 750
513 757
524 760
512 764
515 769
513 773
523 777
514 781
513 785
513 790
511 795
511 800
513 804
512 808
512 811
512 813
513 818
510 823
513 837
512 840
513 841
517 844
513 848
512 852
513 856
512 859
512 861
513 866
513 868
514 872
512 875
513 878
513 883
513 884
512 888
525 891
512 892
519 895
513 893
513 897
513 899
514 899
513 903
515 902
512 904
512 904
513 907
512 908
513 909
513 910
513 910
513 913
513 913
514 915
513 916
513 916
514 918
513 918
513 920
513 922
524 922
510 922
515 923
513 924
513 924
514 927
516 925
514 925
507 925
514 924
513 925
512 925
514 924
515 926
513 925
513 924
511 924
513 924
514 924
512 923
512 922
513 919
514 915
512 913
512 911
513 909
513 907
519 904
513 904
514 905
512 903
513 898
512 897
513 894
513 893
513 889
513 888
513 885
513 881
513 879
513 877
511 875
513 871
513 865
513 866
516 862
513 859
513 856
513 852
514 848
513 843
514 840
513 836
513 831
513 827
513 822
512 817
513 813
514 807
512 801
514 794
512 790
513 786
514 781
514 776
519 769
514 765
513 761
513 755
515 751
522 745
513 720
512 722
513 718
513 714
511 709
524 705
513 696
513 692
513 688
513 680
514 677
513 674
513 667
517 661
513 658
514 650
512 647
512 639
513 633
513 628
517 619
512 614
513 607
513 600
513 595
515 588
522 583
515 578
525 573
512 568
512 564
511 562
513 556
517 550
512 546
516 539
515 535
513 529
517 521
512 515
512 507
512 503
513 495
515 489
514 484
514 479
514 474
517 466
512 465
512 459
515 454
514 449
515 443
512 439
513 433
520 426
512 421
513 397
513 392
514 388
516 385
514 378
513 374
512 369
514 362
514 357
512 352
514 346
515 341
513 338
513 333
515 328
515 314
517 318
512 315
514 310
514 304
513 299
513 295
514 290
514 284
512 285
514 276
513 271
513 266
514 262
514 257
512 254
514 249
513 246
503 241
514 237
513 232
513 229
513 225
513 223
513 216
514 214
513 210
515 208
517 202
513 201
518 194
513 192
513 188
513 184
512 184
516 180
513 175
512 172
516 167
515 165
513 160
513 159
513 148
513 145
513 144
513 142
514 143
520 141
514 138
513 138
513 136
514 134
513 134
513 131
512 131
513 128
514 128
512 129
513 127
517 124
513 124
516 122
512 121
513 121
511 116
527 123
513 118
523 116
514 115
513 114
513 114
513 113
513 113
513 112
516 112
513 112
509 112
513 112
513 111
513 112
514 111
513 112
513 111
513 111
513 111
513 112
513 112
513 113
513 116
513 115
513 117
513 119
513 122
513 125
513 128
512 129
516 128
510 122
513 132
510 141
513 143
513 144
513 147
514 149
512 151
514 153
512 156
514 159
513 161
513 163
513 166
512 170
514 171
514 176
513 179
513 182
513 185
513 190
513 195
513 199
513 207
513 209
512 215
513 219
513 225
513 230
518 235
513 238
506 238
511 247
504 254
513 259
512 263
512 269
513 274
512 279
513 283
513 289
512 295
511 299
512 303
514 307
513 313
512 319
512 325
514 331
512 337
512 343
512 347
513 354
515 357
512 363
512 368
511 372
513 376
513 381
513 405
513 410
514 410
510 421
512 426
515 433
513 436
517 445
512 447
513 454
513 459
512 465
513 468
508 474
513 476
513 484
514 487
514 493
513 501
515 504
510 512
510 518
512 526
513 532
513 537
513 543
511 549
512 554
513 559
512 565
514 570
515 575
512 578
513 584
512 591
515 595
511 603
513 605
512 608
513 618
512 623
510 630
512 637
512 643
514 648
512 655
511 661
511 665
513 670
511 677
511 680
512 686
514 692
512 697
512 701
514 705
512 710
514 728
513 732
512 735
513 739
511 744
513 748
513 753
512 759
512 763
512 768
513 772
513 776
510 780
512 785
513 789
512 794
514 798
513 802
511 806
510 810
514 814
513 818
511 822
515 825
513 828
513 832
511 836
513 840
514 843
512 848
511 850
514 853
513 857
513 861
511 863
511 868
513 871
513 875
513 878
512 881
512 883
513 886
514 889
513 891
511 893
513 894
513 896
513 898
512 899
511 901
513 901
512 905
512 907
513 908
513 908
513 908
511 912
513 914
513 916
513 915
513 917
513 918
513 918
513 920
513 919
514 921
513 922
513 923
513 923
513 924
513 925
513 925
513 925
513 925
513 925
514 925
513 927
512 924
512 927
513 926
511 927
513 927
514 924
514 921
514 925
513 922
513 922
515 921
514 920
514 915
513 914
516 910
514 907
513 906
515 904
513 905
513 903
513 900
513 900
513 897
513 888
513 893
513 890
513 888
513 884
513 882
513 880
514 877
513 875
513 873
522 865
513 866
523 864
513 860
513 845
513 842
513 840
513 837
518 832
514 827
514 822
514 818
512 812
513 809
513 800
514 794
513 791
512 787
513 785
514 778
515 773
514 768
513 762
514 758
514 751
520 747
516 741
519 737
513 734
514 728
514 720
515 716
513 714
513 706
517 697
513 699
513 690
516 681
514 678
513 674
522 668
512 663
512 657
518 653
512 650
513 641
514 639
514 630
518 619
511 618
513 608
520 602
514 595
516 588
513 587
514 578
511 577
513 569
515 566
513 563
517 557
515 539
513 531
510 529
513 524
514 513
510 511
517 510
515 498
511 493
513 485
517 481
514 476
515 469
513 467
513 462
516 457
512 452
513 446
514 441
514 435
512 430
513 423
517 417
511 412
514 405
513 398
515 392
513 388
511 381
515 374
512 369
513 364
513 359
514 353
514 348
514 343
511 339
516 334
515 326
513 326
514 321
516 316
513 310
513 306
514 301
514 296
514 291
513 288
514 282
514 277
513 273
512 268
515 263
513 258
513 255
515 249
513 234
513 231
513 228
514 226
516 222
513 219
514 213
514 211
514 208
513 203
514 200
514 196
513 198
515 188
514 186
514 182
511 178
506 181
513 173
515 168
513 166
513 162
514 158
512 153
515 151
512 151
513 145
512 146
513 144
511 142
513 141
516 138
512 140
513 136
514 135
513 137
523 131
513 131
513 128
513 126
513 126
511 126
513 124
513 124
513 123
513 121
513 121
513 118
514 120
514 116
514 116
513 116
513 115
513 112
512 113
513 110
514 112
513 112
515 111
513 111
513 112
513 112
513 112
513 111
513 112
513 111
515 112
514 112
514 113
513 113
513 114
513 117
513 117
513 121
513 124
513 127
513 130
512 133
514 131
518 137
511 136
509 136
513 136
511 140
513 143
511 145
513 146
512 150
512 152
513 155
513 158
513 162
514 164
513 166
514 169
522 171
513 175
510 178
513 183
513 185
513 189
514 193
513 198
513 202
513 208
512 212
513 218
513 222
514 227
513 233
512 232
511 241
514 251
512 252
517 273
514 276
510 282
512 284
513 288
511 293
513 298
513 303
520 308
513 314
523 316
513 323
509 329
514 333
512 340
510 344
512 349
513 354
511 362
516 364
513 370
509 377
514 379
513 384
508 393
515 394
513 405
512 411
514 412
508 423
518 424
510 436
515 446
509 450
515 461
511 459
513 463
513 467
511 472
513 476
506 483
510 485
513 492
511 498
512 503
511 510
514 516
514 522
512 527
509 536
513 541
513 548
514 553
512 558
511 563
514 568
513 573
507 594
512 597
513 601
513 605
512 610
519 614
509 623
512 629
514 633
514 641
511 647
513 651
514 658
513 664
511 670
512 675
512 680
513 685
512 689
510 696
514 699
511 704
513 709
513 712
513 716
511 723
510 728
513 732
513 738
511 743
513 744
513 751
512 757
513 761
512 766
512 771
512 776
513 779
514 784
512 788
512 794
514 797
512 801
514 804
514 808
513 812
512 817
513 820
512 824
513 827
513 832
514 835
511 838
513 841
514 845
511 848
510 853
513 866
512 867
514 870
514 873
513 873
513 880
513 883
512 886
512 889
513 890
512 894
515 894
513 895
513 901
513 899
513 900
512 902
512 903
512 904
513 906
515 905
513 908
513 910
512 911
510 913
513 912
512 914
514 914
510 917
514 917
506 920
514 916
507 920
512 922
513 921
513 923
514 923
513 921
513 925
511 924
513 925
513 925
513 925
513 926
512 925
513 926
513 926
512 925
513 926
512 925
513 926
511 926
513 925
511 926
513 923
513 922
513 919
510 909
514 907
514 905
512 903
506 905
512 904
513 901
513 899
513 898
513 897
513 893
513 891
513 889
513 886
513 883
515 881
514 878
513 875
513 872
513 871
513 867
513 865
513 861
513 857
513 855
513 852
513 847
513 846
513 841
512 833
512 827
513 824
514 816
505 814
514 808
514 803
513 799
513 796
513 789
513 783
514 777
514 774
512 769
514 764
513 759
516 754
514 749
513 745
513 741
512 732
516 729
512 724
513 719
512 712
516 700
514 699
512 696
513 676
513 674
512 671
513 666
514 661
514 656
514 651
516 643
511 639
513 630
517 623
512 617
516 610
511 606
512 596
516 591
512 587
514 580
512 578
513 571
513 564
507 563
514 559
512 555
516 549
515 545
515 536
512 533
513 524
516 518
512 512
517 505
511 506
516 492
513 488
514 480
512 477
514 471
511 467
512 462
515 460
513 452
514 448
514 443
512 436
513 432
513 425
514 419
514 414
513 407
512 399
514 396
512 389
515 380
510 375
512 373
514 366
513 345
513 341
513 339
515 335
513 330
514 327
513 322
510 320
510 310
514 307
513 303
513 292
513 293
515 288
513 283
513 278
514 275
513 269
515 264
514 259
514 254
515 251
512 247
513 244
515 239
513 235
513 231
514 226
512 224
513 220
514 215
512 213
510 208
514 202
513 200
513 197
516 193
512 192
513 188
507 185
510 181
512 179
511 173
513 170
513 166
514 163
511 161
513 157
515 153
513 151
515 148
511 147
514 143
513 143
512 145
514 138
513 140
513 129
513 132
513 132
514 129
513 130
513 124
512 127
513 125
513 124
513 122
512 121
513 120
516 120
513 123
513 118
514 117
513 113
513 114
510 113
513 114
513 112
513 113
513 112
509 112
513 111
513 112
513 112
513 112
512 112
513 112
513 111
514 112
514 111
513 112
513 112
513 112
513 115
512 115
513 117
514 119
513 121
513 124
513 126
513 129
513 130
514 124
506 134
516 147
513 136
508 138
513 140
513 141
513 145
513 146
513 149
513 151
513 163
513 167
509 165
514 168
512 171
513 174
513 177
513 181
510 183
513 188
514 193
513 197
513 201
513 205
513 210
512 216
513 220
514 226
513 229
513 234
488 241
512 258
505 255
513 260
512 261
512 265
513 270
514 275
511 283
511 288
513 290
513 294
513 300
510 307
514 310
513 316
512 322
514 327
513 331
510 340
512 344
513 347
513 356
513 360
513 363
513 369
512 375
514 378
511 386
514 389
514 397
509 402
513 406
514 416
513 426
508 427
513 436
514 461
508 463
512 464
513 469
512 473
515 473
513 480
513 484
513 489
508 497
513 498
509 507
513 511
509 520
511 527
512 534
511 539
513 545
515 552
512 555
510 561
512 567
512 571
513 579
506 580
511 587
508 595
513 591
514 602
510 608
513 613
515 621
513 626
512 633
511 638
513 643
513 650
512 657
513 662
506 667
513 673
512 678
