602 130
553 130
568 128
565 127
575 126
613 125
531 124
596 123
567 122
559 120
619 120
546 118
567 118
552 117
573 116
583 117
565 115
546 114
552 113
558 113
563 113
541 112
553 114
537 110
544 113
559 112
535 112
540 113
522 104
542 112
543 112
562 112
525 113
525 114
523 114
516 116
513 119
514 121
514 123
515 126
514 128
513 131
514 132
513 133
513 135
514 136
514 138
514 139
513 141
513 145
512 147
513 148
514 152
505 157
512 159
512 164
513 163
435 902
466 903
424 904
446 905
467 907
432 907
464 909
442 910
469 911
474 913
414 914
453 914
471 915
483 917
432 918
457 919
442 920
471 920
483 922
471 922
464 922
447 924
483 925
487 924
457 923
478 925
468 925
484 925
495 925
495 925
476 924
478 924
487 924
500 924
485 923
488 924
486 923
503 922
506 922
512 920
512 917
513 915
512 913
512 910
513 907
513 905
514 904
513 904
513 902
512 899
514 900
514 897
513 892
509 890
514 891
513 888
513 883
514 316
513 318
514 321
513 325
513 333
513 337
513 341
513 349
513 353
513 356
514 364
516 370
514 370
513 379
513 383
513 388
512 396
514 398
514 407
511 415
515 420
513 427
513 433
514 438
511 446
513 449
514 456
513 461
514 465
512 470
512 470
503 482
514 482
518 490
513 494
514 500
509 506
514 512
511 520
514 525
510 533
514 537
516 545
514 549
514 555
511 562
514 564
515 573
513 576
513 580
513 585
513 589
511 595
511 601
514 606
516 612
512 619
514 668
512 673
514 678
510 685
509 690
513 689
518 697
512 704
512 706
513 710
513 714
512 720
515 725
513 730
514 735
513 740
512 745
514 749
513 753
513 758
512 764
513 768
513 772
512 777
508 781
337 781
283 785
335 793
369 797
353 800
383 804
385 809
392 812
352 816
384 820
387 821
383 823
345 833
374 835
421 839
407 842
357 846
395 849
401 855
398 856
400 859
338 863
406 866
420 870
380 873
387 876
374 880
411 882
438 884
392 888
394 889
421 892
466 899
433 896
455 901
428 895
472 902
446 904
417 905
470 908
454 908
489 910
425 910
449 911
443 913
437 913
470 915
451 916
470 917
425 917
479 918
475 919
474 921
447 922
443 922
483 922
478 923
453 923
483 924
457 925
474 923
511 924
486 925
461 924
473 923
484 925
488 925
493 924
477 925
487 925
488 926
505 924
502 923
502 922
505 920
513 918
513 916
513 913
513 910
512 908
513 906
514 905
512 903
513 902
513 900
513 899
513 897
514 895
514 884
513 882
513 881
514 879
517 876
510 873
514 870
513 869
513 866
511 862
513 859
514 857
513 852
513 847
513 845
513 841
512 836
514 831
514 825
513 823
513 816
513 810
515 804
513 800
512 795
514 789
513 785
512 780
513 775
514 771
516 768
511 761
513 757
513 751
512 747
511 742
510 739
513 734
513 725
514 720
513 715
512 709
513 704
513 699
514 693
513 688
513 684
513 678
513 673
513 668
512 663
513 657
513 653
516 648
513 641
514 630
514 627
512 600
515 595
515 592
514 588
512 585
514 582
520 572
514 571
513 564
511 561
513 557
514 551
513 546
516 541
513 537
512 526
510 523
513 516
516 509
513 502
515 498
515 491
513 486
515 480
516 475
512 470
515 465
513 461
517 456
513 451
513 445
513 439
514 434
514 428
511 423
513 416
517 410
514 405
512 398
516 391
514 388
516 381
513 376
516 369
513 365
512 356
514 353
521 348
513 345
519 337
514 333
514 330
513 326
513 321
514 315
513 310
512 308
514 286
514 284
512 278
514 277
514 272
514 265
514 263
516 259
519 254
524 250
823 251
732 244
687 240
684 236
642 232
624 228
650 224
647 220
644 215
641 212
644 207
662 203
645 201
621 199
630 193
624 190
641 186
647 183
629 181
629 176
640 173
638 171
633 166
607 162
628 163
640 157
632 155
641 153
619 149
575 148
600 145
587 143
602 142
548 141
626 138
585 137
580 135
613 135
553 133
585 132
579 130
582 129
566 129
577 127
577 126
570 123
615 124
540 123
566 118
556 118
596 118
570 117
538 115
590 115
577 115
539 114
553 114
530 114
559 113
555 114
538 112
516 115
550 116
535 112
563 117
529 112
548 113
520 112
551 113
541 113
533 114
519 113
521 121
516 118
514 120
514 121
513 126
517 127
513 129
516 130
513 132
513 134
513 139
513 137
514 139
514 141
513 143
515 145
514 147
513 150
513 154
513 155
517 157
514 163
512 162
513 166
513 169
515 173
514 175
514 180
513 183
513 186
514 190
514 194
514 212
514 216
513 218
513 224
514 229
514 232
514 237
514 243
514 248
513 255
513 259
514 264
514 268
514 273
514 280
513 283
513 289
515 298
515 297
508 304
514 287
524 313
513 319
511 324
513 329
514 335
513 341
513 346
513 351
513 354
513 364
515 367
513 371
513 375
513 382
512 387
514 392
513 400
513 405
513 411
512 419
515 424
513 433
514 438
514 446
514 450
515 454
514 459
511 465
513 466
514 476
514 472
513 481
510 483
518 492
503 494
515 503
511 664
513 670
517 668
512 676
513 680
513 689
515 691
515 699
513 700
513 705
514 708
514 713
512 718
513 723
513 728
513 732
513 739
513 742
514 748
513 751
513 757
512 761
512 766
512 770
512 775
510 780
503 780
264 785
297 791
345 796
377 798
396 803
359 807
380 810
403 814
374 818
354 822
363 825
381 836
399 836
400 838
379 841
409 844
390 848
411 851
384 855
376 858
385 861
398 864
377 868
397 869
401 875
406 878
416 881
394 884
405 886
420 891
453 896
416 897
411 898
474 901
460 901
391 902
424 905
461 907
458 906
488 907
448 909
402 910
468 911
445 912
466 913
441 914
488 914
432 917
459 917
478 919
425 920
463 920
466 921
468 922
494 922
454 923
479 923
465 924
494 922
494 925
449 925
478 925
460 924
506 925
480 925
480 925
482 924
479 923
500 924
496 924
481 924
480 923
505 924
508 921
511 920
521 916
510 914
516 911
513 909
513 906
513 905
513 904
513 902
513 903
512 899
513 898
514 895
514 886
514 885
514 883
513 880
513 878
514 874
512 872
513 870
513 867
513 864
513 860
514 858
513 854
513 850
513 848
513 842
513 839
520 834
512 829
512 823
514 816
514 813
513 808
513 802
513 797
515 790
515 788
516 781
514 780
512 773
514 767
514 762
514 758
514 752
514 747
513 742
515 739
513 733
513 726
513 722
514 716
514 712
513 706
514 701
513 695
513 690
513 683
513 679
513 674
514 668
513 665
513 659
515 653
512 651
513 643
517 635
514 631
513 603
513 602
513 597
512 589
511 586
522 582
517 577
523 572
515 564
515 564
512 557
510 555
514 547
512 543
513 538
515 529
512 525
514 516
513 513
513 504
514 499
513 493
513 488
513 481
515 478
515 472
513 467
513 462
511 458
513 453
514 446
514 442
514 435
515 431
513 425
513 418
514 412
515 406
514 399
514 393
515 387
514 382
513 376
515 372
512 366
513 359
514 354
514 350
512 345
520 340
514 335
521 332
514 327
513 322
515 317
513 312
513 293
511 289
515 286
515 284
513 279
516 273
514 269
509 262
516 259
517 255
518 252
695 254
775 250
725 241
681 237
631 234
663 228
683 226
647 222
623 217
683 213
670 209
626 206
644 203
617 199
632 196
666 192
624 189
630 185
649 182
659 179
639 176
601 171
631 168
640 164
629 162
605 158
629 155
627 152
650 149
641 147
565 155
558 143
604 143
590 141
646 139
553 138
553 142
607 135
589 134
615 134
561 131
563 129
592 127
615 127
553 127
578 125
582 121
573 120
566 119
582 118
578 117
592 115
569 117
561 114
551 110
552 113
592 114
561 113
545 113
543 112
546 112
564 114
554 111
543 112
538 113
532 112
547 113
543 112
538 113
532 113
531 114
526 113
536 115
517 117
513 119
513 121
514 124
513 126
513 129
514 131
514 132
514 134
513 133
514 136
514 139
522 140
514 143
514 144
513 147
513 149
513 152
513 156
514 166
514 162
515 161
516 163
514 169
513 172
513 171
516 177
515 181
513 184
514 187
515 208
513 210
513 215
514 216
514 220
513 225
514 232
513 236
513 242
517 246
512 251
513 256
513 261
513 267
513 272
513 277
514 280
513 286
513 291
513 298
515 299
512 307
513 317
522 319
514 321
514 328
514 334
513 339
513 345
513 349
512 354
521 361
514 364
515 369
514 375
513 378
513 384
514 390
512 396
512 403
514 409
513 416
513 424
513 429
514 434
512 442
514 448
513 452
513 458
511 462
513 465
515 472
512 476
517 470
510 485
516 475
513 498
512 523
513 527
512 532
514 535
513 540
513 546
513 552
514 557
516 562
511 566
513 572
512 577
514 581
513 586
512 592
510 597
513 603
514 609
512 615
512 621
513 626
513 629
510 639
513 645
514 650
512 657
516 663
513 668
513 674
514 676
513 685
513 689
511 693
505 697
513 703
513 707
513 711
511 717
513 722
513 727
514 731
512 736
512 741
512 745
514 748
512 755
513 760
513 764
512 769
512 773
511 778
510 783
249 783
320 789
320 794
344 798
368 802
367 816
395 819
384 822
375 824
400 827
354 831
387 836
390 840
401 843
381 848
385 850
400 855
388 856
411 860
383 864
392 867
400 870
399 874
402 877
416 880
382 883
395 886
403 888
431 890
396 892
442 894
443 896
422 897
454 899
456 900
430 902
400 903
447 904
438 905
457 907
476 908
443 916
487 911
416 912
452 912
452 914
497 915
447 916
423 917
462 918
467 919
465 920
474 921
454 922
438 922
474 921
483 924
460 924
465 924
486 924
478 926
500 925
471 925
472 925
470 924
485 924
487 925
469 924
501 924
502 923
505 923
497 922
515 920
514 917
512 915
513 912
513 909
513 907
513 906
522 904
513 903
516 901
513 900
513 898
513 896
513 893
513 892
513 890
513 886
513 884
515 882
512 879
513 875
513 874
513 870
513 864
513 863
513 862
513 858
513 854
511 851
513 848
514 843
513 838
513 834
513 829
512 826
512 821
512 815
513 812
515 804
511 800
513 792
513 790
513 785
513 782
515 773
513 768
514 763
513 746
513 742
511 739
515 732
515 729
513 725
513 718
513 711
513 709
513 702
514 696
513 691
513 686
513 680
531 676
513 673
513 667
513 663
515 657
513 650
512 646
516 638
515 631
513 626
514 618
514 613
514 607
515 599
515 593
513 588
515 582
513 581
514 571
514 568
514 563
512 560
513 556
516 549
513 546
511 537
510 533
513 526
515 520
513 517
517 506
513 500
515 495
513 490
513 481
513 477
513 471
516 467
514 463
515 458
511 455
512 449
514 443
512 421
513 418
513 414
513 410
513 402
515 395
514 389
513 384
512 377
516 372
513 367
513 362
513 355
514 351
514 347
510 341
515 336
515 332
513 329
513 322
516 318
513 314
514 309
514 303
513 299
513 295
513 289
514 286
515 279
514 271
513 272
513 267
513 262
516 258
520 253
521 253
823 247
733 243
719 236
642 234
659 230
646 226
618 222
670 217
664 217
643 210
641 208
645 204
644 200
650 196
628 193
641 190
665 186
628 183
639 179
638 170
619 173
647 161
623 158
645 155
664 153
593 151
591 149
624 146
590 136
580 143
579 142
570 140
581 139
627 137
599 136
596 134
538 134
571 131
594 130
571 129
609 128
541 127
611 125
566 125
578 123
541 123
570 125
588 121
581 118
602 118
540 117
552 115
594 115
557 115
573 114
554 114
545 113
535 113
580 113
539 113
562 112
528 111
546 116
569 106
560 112
521 112
530 113
532 112
551 113
522 114
534 114
524 116
520 118
515 119
514 121
514 123
515 126
512 133
513 134
514 135
513 136
514 137
513 140
514 141
512 144
514 146
514 148
513 152
513 155
513 157
513 165
530 160
516 161
514 167
513 171
513 174
514 176
514 180
514 184
513 186
518 191
513 197
514 200
514 204
513 210
513 216
517 221
513 227
514 231
513 235
514 240
514 244
513 249
512 253
513 259
513 265
520 268
513 276
514 281
513 285
514 289
513 296
513 301
521 297
521 314
517 328
513 322
513 325
513 333
510 340
513 343
514 347
513 354
513 359
514 379
512 382
513 385
512 392
513 395
512 400
514 407
513 413
513 420
513 426
512 433
513 439
513 445
514 451
513 457
513 460
513 465
511 471
514 474
513 480
517 486
513 490
515 499
511 498
511 506
513 512
514 521
516 525
513 533
511 538
513 542
510 549
512 554
514 559
515 565
513 571
513 576
513 578
511 585
512 589
512 595
513 601
514 607
512 612
513 619
513 624
513 632
512 638
513 644
514 650
511 655
512 662
514 667
513 672
514 674
512 680
516 689
512 706
514 709
514 712
512 716
513 720
514 724
514 731
512 733
511 739
514 744
514 749
512 754
514 758
514 764
513 767
513 773
512 777
508 781
356 781
282 786
304 791
335 797
376 801
365 807
369 808
400 813
391 816
375 820
354 824
375 828
402 840
379 835
368 840
367 842
392 843
411 849
386 853
356 856
407 859
414 863
402 866
388 869
355 873
402 876
394 879
387 882
390 885
401 888
437 890
431 892
420 891
394 895
414 897
464 895
446 900
418 901
415 902
477 908
455 909
470 909
436 910
468 913
458 909
442 911
472 915
437 916
488 916
463 918
444 919
462 920
457 920
466 922
456 922
485 922
453 924
457 924
506 924
479 925
466 925
469 925
465 924
497 926
495 925
493 924
479 927
481 925
495 925
484 924
499 924
475 924
493 923
508 921
511 920
514 918
511 916
513 913
513 910
513 908
513 906
513 906
513 903
513 902
513 900
513 899
513 897
514 895
513 893
513 890
513 887
511 884
512 883
511 878
513 876
511 873
514 863
513 860
515 858
513 855
513 853
518 849
513 846
514 841
513 833
509 831
513 823
511 820
514 815
514 812
512 804
512 800
514 795
512 791
513 785
512 782
513 776
511 772
512 769
514 762
513 757
512 753
513 745
512 735
512 738
510 733
513 725
513 719
515 716
513 710
517 703
513 698
519 693
513 688
513 682
513 677
531 673
513 668
513 662
513 658
513 652
514 646
513 642
513 634
514 627
513 623
513 612
513 609
513 601
516 594
512 590
513 577
513 580
514 559
515 559
513 557
514 552
515 547
516 541
513 536
515 527
512 522
514 513
510 508
513 503
514 496
513 491
514 484
511 480
513 475
514 470
514 465
513 461
515 457
514 451
514 446
514 438
513 435
513 428
513 422
513 417
514 410
512 403
515 397
514 392
514 386
514 380
515 374
512 368
513 364
514 358
514 353
514 348
513 343
514 338
513 333
513 329
513 325
514 320
514 316
513 310
513 302
514 300
514 293
513 291
511 284
513 281
514 278
513 277
513 267
518 251
686 255
812 251
766 245
696 239
657 234
653 230
664 227
638 222
635 220
650 216
657 211
661 208
629 204
640 201
631 197
647 194
662 191
628 186
636 184
659 178
619 176
639 172
636 169
636 164
637 164
637 158
644 156
631 154
621 151
592 149
565 147
621 145
566 150
648 142
588 141
545 138
601 137
576 136
607 133
572 133
556 131
596 131
567 128
580 129
608 127
578 126
565 125
548 124
570 123
596 122
534 121
571 119
561 114
577 117
594 118
546 117
557 114
556 113
541 113
525 113
561 114
554 112
562 113
545 113
528 115
537 112
536 112
565 113
519 113
522 113
532 113
542 113
541 115
519 115
514 118
514 119
514 123
514 125
514 128
514 131
513 131
514 133
513 135
514 138
514 137
513 138
506 141
513 144
509 145
513 148
514 150
513 152
514 158
513 159
513 161
513 164
504 169
513 169
512 173
513 176
514 182
513 183
514 187
513 190
513 194
513 199
514 204
513 206
514 214
513 219
513 225
512 229
513 233
513 251
514 254
513 259
513 263
512 268
513 275
509 281
513 284
514 287
514 291
513 299
513 310
493 322
513 314
511 320
514 327
513 330
513 337
514 338
512 346
514 350
508 356
514 362
514 366
513 372
514 376
512 381
513 387
513 393
513 398
511 406
513 411
512 420
513 424
513 431
511 438
515 443
513 451
512 455
512 458
513 464
512 469
513 471
511 478
514 469
507 487
512 488
501 499
516 503
518 509
511 517
513 523
511 531
515 536
513 543
516 549
513 569
513 578
509 577
512 579
514 583
515 588
512 596
513 599
514 606
513 612
513 616
513 622
513 630
511 637
514 642
513 647
512 654
513 660
512 665
513 668
504 675
513 680
517 686
514 687
515 695
509 698
509 707
514 709
512 714
513 719
514 723
513 729
512 734
513 739
512 743
513 748
512 753
512 758
512 762
513 767
512 771
514 776
509 781
508 781
271 785
319 790
338 795
360 799
360 804
374 808
381 812
379 815
351 819
395 823
390 828
361 831
369 824
416 849
383 851
395 854
389 856
378 859
368 863
402 865
392 869
402 871
425 876
366 879
386 882
410 885
445 887
418 890
403 892
461 893
429 895
457 896
447 898
400 899
439 900
453 902
463 904
470 906
437 906
457 907
479 909
407 911
440 910
434 912
484 913
485 915
457 916
432 917
449 917
467 918
463 920
477 921
444 921
442 922
483 922
457 924
475 923
478 925
446 923
470 924
499 925
473 925
476 925
481 925
483 924
490 925
505 925
469 925
475 924
479 924
511 921
508 917
511 918
513 917
513 914
510 911
513 909
514 907
513 906
513 904
513 902
513 900
513 899
505 897
513 895
506 893
514 892
513 887
514 885
513 883
513 880
512 877
513 874
513 872
514 870
513 867
513 864
513 861
514 857
513 851
511 849
513 846
510 841
513 837
513 832
513 828
514 822
512 816
513 813
513 809
514 806
515 797
515 791
514 787
513 782
513 779
514 774
513 768
514 761
514 752
509 753
513 748
511 745
515 739
515 734
513 727
513 723
514 699
512 694
512 691
510 688
513 683
513 679
513 674
510 668
513 664
513 658
513 653
513 648
515 641
513 636
514 628
515 622
513 616
513 610
516 601
511 596
511 589
517 582
511 581
515 575
514 571
514 566
513 564
513 555
511 555
513 546
518 541
513 539
515 528
513 525
512 515
514 511
512 503
515 497
514 492
512 485
514 481
513 475
515 471
513 466
513 461
512 457
514 451
513 448
515 440
511 436
513 428
512 423
514 417
515 411
513 405
514 398
513 393
515 371
514 368
513 365
513 360
515 354
513 350
514 344
514 339
514 334
513 331
512 325
515 320
513 316
514 312
512 306
515 301
515 297
512 292
505 288
513 283
506 279
514 274
514 269
513 264
514 259
517 255
519 251
704 253
785 247
715 241
697 236
699 231
656 226
647 224
644 219
649 217
638 213
633 211
618 206
655 202
648 198
603 195
638 191
654 188
644 185
647 181
616 177
642 173
659 170
662 167
613 164
593 160
656 158
639 155
633 152
595 149
582 147
591 140
583 139
580 138
595 137
586 135
609 135
550 133
587 132
567 131
622 129
545 129
576 126
579 126
572 124
571 124
554 123
598 121
568 122
552 119
582 118
523 118
567 116
559 116
552 114
564 114
569 117
532 114
554 114
564 112
556 113
545 112
536 112
537 112
554 111
547 119
537 112
541 112
530 113
550 112
539 113
531 113
522 115
520 114
519 116
512 118
513 121
513 120
514 127
505 130
513 130
514 134
516 133
504 135
513 137
505 138
513 140
513 144
514 152
513 154
515 155
512 158
513 160
515 161
514 169
514 171
513 171
513 174
513 177
513 181
514 185
514 189
513 192
513 197
507 203
512 207
513 212
513 217
514 221
513 227
513 231
513 239
514 242
513 246
514 251
513 257
512 261
514 267
513 272
512 277
514 280
513 287
513 293
513 299
511 302
513 306
507 311
515 317
517 324
511 329
513 334
514 339
513 346
513 351
513 355
507 360
514 365
513 370
513 376
514 380
513 384
504 393
513 398
505 401
513 412
511 435
511 441
511 445
512 448
511 454
514 458
514 463
512 467
504 466
511 478
515 481
513 480
511 495
511 493
518 503
512 508
514 515
514 522
511 529
513 534
514 542
515 546
512 553
513 556
512 562
508 567
514 572
513 578
513 582
513 586
511 593
513 598
514 601
511 609
511 616
514 621
513 628
510 634
512 639
513 646
514 652
513 659
513 665
513 668
514 676
511 678
513 683
515 691
516 695
511 702
516 704
518 710
512 715
512 722
514 722
513 726
513 732
510 750
514 754
512 757
512 761
513 763
510 770
512 775
512 778
510 784
259 783
302 789
325 793
385 798
341 802
323 806
366 812
417 815
387 818
370 823
368 826
383 830
394 834
364 842
395 840
394 844
386 848
372 851
382 854
389 857
409 861
408 865
390 868
376 871
395 875
411 880
379 881
357 883
422 886
413 889
451 891
454 893
401 895
469 896
446 897
477 899
412 901
407 902
450 903
442 905
480 906
460 907
447 909
454 910
457 912
457 912
435 911
445 919
434 917
485 920
489 920
464 920
463 920
474 922
467 923
443 923
464 923
494 923
483 924
493 924
459 923
481 926
482 925
494 926
473 925
476 925
475 925
490 924
500 925
495 925
481 924
495 924
503 923
507 924
507 919
513 918
512 915
513 912
506 909
513 908
513 906
513 905
513 903
513 901
513 900
512 899
513 896
514 894
513 892
513 889
514 887
513 884
513 881
513 879
513 875
514 873
515 870
513 868
513 865
514 862
513 857
514 854
513 851
514 847
514 829
513 824
514 821
513 819
514 817
514 811
504 804
513 800
504 795
513 790
512 785
513 779
513 774
514 767
510 764
514 762
512 754
513 748
512 744
511 740
513 734
512 729
513 727
512 717
513 710
514 706
513 704
513 695
512 689
513 686
513 681
513 674
516 670
513 666
513 660
513 657
513 650
513 644
511 638
513 631
517 624
516 618
511 612
513 604
513 599
513 593
516 587
514 582
513 578
515 572
513 568
514 564
513 558
506 556
515 548
512 544
513 537
516 510
514 506
513 504
514 499
513 493
515 489
513 483
514 477
505 473
515 468
513 462
513 457
514 453
513 447
513 440
514 436
513 432
512 426
515 419
512 413
513 407
514 401
515 394
513 389
513 382
513 377
515 371
513 366
513 360
514 356
514 349
514 345
513 340
514 332
513 332
512 329
514 322
514 318
513 313
513 309
513 301
511 298
513 294
514 288
514 284
513 280
514 274
514 269
511 269
514 261
516 252
520 251
524 252
819 248
752 244
689 237
653 230
682 217
648 213
649 214
610 210
636 206
621 204
622 200
672 196
635 193
609 190
667 185
632 182
656 178
636 175
614 171
643 167
661 166
613 162
636 158
609 155
637 152
638 151
623 147
595 147
555 144
586 144
570 140
629 139
588 139
555 136
609 135
599 134
554 133
575 130
572 130
591 128
583 129
559 126
575 125
553 124
599 122
584 122
592 120
578 120
517 119
580 118
572 116
566 116
561 116
530 114
591 113
580 114
530 113
559 112
538 113
542 112
570 112
551 113
542 110
518 112
526 112
539 113
529 113
533 113
534 113
536 115
520 116
512 119
515 121
514 123
514 126
514 129
513 128
505 132
514 133
513 135
513 137
506 138
513 139
514 143
513 144
506 145
513 149
513 152
513 154
514 156
513 160
515 162
515 166
515 174
516 171
513 173
513 177
513 181
514 186
514 186
513 191
513 198
513 201
513 204
513 210
512 214
512 222
513 226
513 235
513 236
514 241
513 244
513 250
513 255
513 260
513 265
513 269
513 274
513 296
514 299
513 301
514 305
519 310
525 318
514 322
509 325
514 335
514 339
513 343
514 349
513 354
510 359
514 364
513 370
513 373
513 378
512 384
514 388
513 396
514 401
514 407
511 416
514 418
513 428
512 434
515 439
514 446
511 452
513 456
513 461
514 465
512 470
510 474
513 479
511 485
514 494
515 495
510 493
512 504
514 509
508 518
504 523
513 533
513 539
514 544
513 551
515 555
513 560
511 567
513 570
512 577
513 581
513 586
512 591
511 597
512 619
513 622
513 626
512 632
511 638
512 644
513 650
514 655
513 661
512 663
513 672
513 677
512 683
514 693
512 692
517 696
510 703
514 707
511 711
513 716
512 720
511 725
514 730
513 736
512 738
508 745
513 750
509 754
512 759
513 764
513 770
513 772
512 777
509 782
287 782
343 787
350 792
336 796
388 800
370 805
357 810
370 814
390 817
395 821
391 825
363 828
365 832
400 835
396 838
406 843
361 846
392 850
391 853
406 858
395 860
374 863
388 866
403 878
402 881
389 883
424 886
391 888
396 890
427 892
443 894
480 896
413 897
415 898
432 900
456 901
434 904
432 904
416 906
471 907
485 908
447 909
475 911
421 913
459 913
442 914
457 915
457 916
433 917
490 918
459 919
467 920
445 921
448 922
472 922
471 923
463 925
468 925
457 924
492 925
486 925
488 925
463 925
469 924
474 925
505 925
483 925
495 925
469 925
496 924
489 929
509 924
489 923
501 922
514 920
512 918
513 916
512 913
513 910
513 907
512 904
513 901
513 899
514 899
513 897
513 894
513 892
515 890
514 887
513 884
513 881
513 880
515 876
513 875
512 871
513 869
514 866
512 861
513 859
513 853
514 851
513 847
513 842
512 841
512 836
513 831
513 826
513 821
513 816
514 811
513 806
514 800
513 795
514 789
512 785
506 780
514 778
507 771
512 765
513 760
513 755
512 751
513 744
512 739
512 737
513 732
512 727
513 718
512 715
512 710
513 703
513 697
512 693
513 687
513 681
514 677
513 660
512 651
513 650
513 647
513 640
514 634
513 626
514 620
508 616
516 606
512 602
513 594
514 588
513 584
515 579
516 572
514 569
513 565
516 560
513 557
512 550
511 547
514 541
515 537
515 529
516 521
513 515
513 507
511 502
514 496
513 490
515 485
516 478
513 473
515 469
514 465
515 459
513 455
512 450
514 446
515 441
515 435
515 429
513 419
515 416
514 409
514 402
513 396
515 389
513 386
514 379
515 373
514 369
516 362
513 358
516 353
515 346
513 329
513 324
516 323
514 320
515 314
514 310
513 306
513 300
514 295
513 291
515 286
514 282
514 277
514 271
512 268
516 262
516 257
517 250
521 251
820 250
736 245
710 238
682 234
647 230
667 224
661 221
640 220
644 215
614 211
664 208
659 203
612 200
624 197
613 193
624 192
642 186
620 183
644 180
637 177
652 172
671 170
591 166
634 160
631 160
621 156
627 153
570 150
624 148
633 147
608 145
593 143
518 143
588 140
613 139
597 137
573 136
555 135
577 129
579 128
588 127
573 126
587 126
579 124
586 123
560 122
542 118
603 120
567 119
562 117
