514 868
513 866
512 864
514 863
513 860
513 856
514 851
513 847
508 846
512 839
516 832
513 831
511 827
513 822
513 817
516 812
515 805
513 801
513 796
513 793
512 789
513 783
514 776
513 772
513 766
513 762
513 757
513 753
514 747
513 740
513 737
512 733
513 725
513 721
514 718
513 710
513 704
513 700
513 694
513 688
514 685
513 678
513 672
511 670
513 664
513 659
513 655
513 646
513 643
514 637
514 627
513 625
513 613
513 608
517 606
514 594
518 592
504 152
514 155
514 157
513 161
513 163
513 164
511 168
514 170
511 174
514 178
514 180
513 184
514 186
515 195
514 196
515 200
515 205
514 211
513 215
514 221
513 227
513 232
514 238
514 242
514 249
513 253
513 256
508 260
514 263
514 270
515 278
512 282
513 288
514 291
514 286
511 302
511 308
514 312
514 318
513 325
514 327
514 333
514 342
513 345
514 349
513 358
513 359
513 364
514 372
513 375
513 381
514 386
514 391
514 398
513 405
514 411
513 416
513 538
513 532
513 525
513 520
511 511
513 506
513 499
513 494
513 488
512 483
514 478
514 473
513 468
514 460
513 459
513 453
513 448
514 443
512 436
512 432
514 426
513 419
513 413
513 407
513 401
514 394
513 388
513 384
514 376
514 371
513 366
513 361
514 355
514 350
513 346
508 340
514 336
509 331
513 327
514 322
515 317
514 312
512 306
514 302
515 296
514 292
513 289
515 283
514 279
514 274
513 269
514 264
517 258
520 257
606 256
618 252
932 251
747 191
739 186
802 183
757 180
756 176
766 173
779 170
775 166
742 163
746 160
759 156
751 154
738 151
697 149
696 146
686 145
665 144
664 141
644 140
666 138
662 137
655 136
650 135
643 133
649 132
636 132
652 130
595 128
701 125
599 126
614 129
653 124
652 122
656 122
567 117
629 120
656 118
628 118
633 117
595 115
619 116
614 115
603 120
593 115
591 113
595 113
565 113
591 112
591 114
564 113
565 113
556 113
583 113
576 113
579 113
529 113
538 113
516 118
514 120
514 123
515 124
509 128
513 129
514 130
515 133
512 134
514 136
515 136
514 138
514 140
514 143
514 144
514 147
514 148
514 152
510 153
513 156
513 154
514 160
514 164
513 168
514 170
514 173
514 177
514 180
513 185
516 188
514 192
513 197
514 199
514 204
513 210
513 215
515 221
514 223
514 229
513 234
513 242
513 246
513 249
514 255
513 258
511 267
515 269
513 275
513 281
513 286
513 290
514 295
515 299
514 306
514 310
512 314
513 337
512 343
513 347
514 351
514 356
514 358
513 366
513 369
514 372
514 380
507 383
514 390
513 397
514 399
511 410
514 415
513 422
513 430
517 434
514 442
513 449
513 452
514 459
513 462
513 468
513 472
514 476
513 481
514 485
513 491
514 497
513 498
513 507
513 514
514 521
514 526
513 535
514 538
513 546
511 552
513 557
515 563
514 566
514 572
514 577
513 581
512 586
512 592
513 598
514 603
513 608
512 616
513 620
509 626
513 633
512 639
513 644
514 669
514 671
513 677
513 679
513 685
513 689
513 694
514 700
514 703
513 707
513 711
513 716
513 721
513 726
514 731
513 736
513 741
512 745
514 749
513 755
513 759
513 766
514 769
509 773
510 778
479 780
284 781
195 786
145 791
192 796
235 798
235 803
219 808
238 813
236 816
231 821
231 823
248 828
233 831
265 835
262 838
264 842
273 845
274 849
252 852
242 854
299 859
246 862
232 866
290 868
285 873
287 876
233 879
277 881
292 884
275 888
336 890
328 897
364 895
356 900
341 900
338 901
401 901
358 903
354 905
417 909
369 903
403 902
392 910
393 910
376 912
401 915
389 914
383 916
399 917
401 916
418 919
379 919
439 920
392 921
375 924
441 922
427 924
425 923
444 924
429 925
448 924
476 925
450 928
431 925
456 924
460 924
456 926
452 925
460 924
462 924
467 925
477 924
486 921
498 923
500 916
510 914
513 916
513 912
513 910
507 909
513 904
513 905
513 904
514 902
513 899
514 899
514 897
514 894
513 884
514 881
512 879
513 878
513 877
513 873
513 871
513 868
513 859
512 860
513 858
513 853
510 851
513 847
514 842
514 841
513 836
514 833
514 826
514 821
514 815
513 809
514 803
514 800
514 793
513 789
513 785
513 780
513 774
513 770
512 766
513 762
513 755
513 748
514 743
513 742
513 737
512 730
514 723
513 719
513 714
513 706
513 704
514 699
513 690
514 686
513 682
514 676
513 674
512 666
513 660
513 658
513 650
512 646
513 639
514 632
513 626
513 600
513 596
513 594
513 587
514 584
512 578
514 572
513 571
513 563
513 561
514 555
513 552
513 545
513 539
513 535
514 526
513 522
513 515
513 507
513 502
513 497
512 490
513 485
513 479
514 474
507 469
516 464
513 460
514 455
513 450
513 445
514 439
514 432
514 427
514 422
514 414
514 406
514 403
514 400
514 390
513 385
512 379
514 373
515 367
513 363
513 357
515 352
514 345
513 342
513 336
514 332
514 328
513 324
514 319
514 313
513 309
513 304
733 197
751 194
754 191
768 188
767 184
750 180
761 178
783 174
780 171
739 168
734 166
775 160
743 158
740 155
722 151
727 150
692 148
667 146
673 143
658 143
646 141
701 140
627 138
656 136
653 135
664 134
664 132
608 130
691 129
641 129
603 128
631 127
655 125
688 125
646 122
607 123
597 121
639 120
593 118
665 118
602 117
610 116
650 115
599 115
612 114
601 117
584 113
605 114
573 113
580 113
570 113
575 113
566 114
581 113
576 112
551 113
553 113
545 114
552 116
533 116
521 116
514 121
514 124
516 125
513 128
514 131
514 131
513 132
513 136
513 136
515 138
513 139
514 141
514 144
514 145
514 147
514 151
514 154
513 156
514 159
514 161
511 164
514 167
511 170
515 173
513 176
512 178
513 183
512 187
513 190
515 195
513 200
513 203
514 208
506 212
513 217
507 223
513 231
514 235
514 239
514 244
514 248
513 254
514 259
513 262
513 269
514 275
513 279
514 281
514 287
514 295
513 300
512 308
514 307
514 330
514 333
516 337
514 341
514 349
513 355
514 357
514 363
513 368
513 373
512 377
514 382
513 390
513 393
514 401
514 408
514 412
513 422
514 426
513 433
513 439
513 446
514 452
513 454
513 462
513 465
513 469
507 476
513 480
514 484
522 490
516 493
513 502
514 506
514 513
514 518
513 525
513 533
513 537
513 544
513 550
514 555
512 561
512 565
513 570
513 576
513 580
513 584
513 590
514 595
513 600
512 606
514 612
513 618
513 624
513 631
514 636
514 658
513 661
517 672
516 647
513 676
513 682
513 687
514 692
513 697
513 701
513 705
514 709
514 711
513 719
514 724
515 730
513 733
512 740
513 744
513 749
514 753
514 758
512 764
512 768
512 773
512 776
510 780
396 781
178 783
159 789
181 794
221 799
204 804
245 806
270 810
249 814
217 816
242 823
221 826
251 830
250 834
241 837
282 840
264 843
253 848
251 852
244 854
282 858
261 862
241 865
251 868
292 871
262 875
273 877
282 881
278 884
310 894
378 896
395 895
400 896
386 898
372 899
388 901
365 898
350 902
395 906
388 907
396 910
366 910
366 909
407 912
356 907
389 913
335 913
423 915
396 918
368 918
400 918
383 920
419 920
403 921
414 922
417 923
433 923
434 924
407 923
457 925
436 924
436 925
423 925
468 925
465 923
458 925
440 925
457 925
481 925
488 925
446 924
475 923
473 922
498 925
500 920
503 917
511 919
515 918
513 912
513 908
513 906
513 904
514 904
513 902
513 900
513 898
513 890
513 889
513 887
513 884
513 882
513 879
513 877
513 873
513 871
513 869
513 865
514 862
512 859
513 857
513 848
513 849
513 846
513 841
513 836
512 830
513 826
513 821
516 817
513 811
513 806
514 801
513 795
513 789
513 786
513 782
513 777
513 771
513 765
515 763
513 757
513 751
513 745
514 741
513 738
513 733
513 726
513 720
513 715
513 710
513 705
513 698
513 693
513 689
514 681
513 677
513 675
513 667
513 663
513 659
513 652
513 647
513 641
513 613
513 610
514 606
513 601
513 596
513 589
514 586
513 579
514 575
513 570
513 565
513 561
513 556
513 554
515 545
513 542
508 536
513 529
513 523
514 516
514 511
514 503
513 497
514 492
514 485
513 481
514 477
513 470
513 465
513 461
513 455
513 450
513 445
513 440
514 434
513 428
512 424
513 417
514 411
513 405
514 398
513 392
508 386
512 380
513 375
514 369
513 363
513 359
514 353
514 348
513 343
513 338
513 333
514 329
513 325
513 320
514 315
515 294
514 291
513 288
515 285
515 282
513 276
514 272
514 267
514 263
517 258
520 253
657 251
806 251
901 249
888 242
881 236
832 231
779 228
780 225
780 220
776 216
810 213
766 209
789 206
791 202
742 198
725 195
777 191
766 188
734 185
766 181
752 178
797 175
760 171
741 168
755 165
786 162
754 159
711 155
740 152
763 150
707 148
676 146
657 143
663 143
688 142
660 140
633 137
672 137
634 137
665 133
652 133
623 131
667 130
612 129
646 128
617 126
671 122
649 119
643 120
642 120
589 119
656 117
660 118
606 116
616 116
583 113
619 114
623 114
582 111
561 113
601 113
591 115
592 113
583 113
557 113
584 112
570 113
571 113
561 113
559 112
558 115
552 113
557 116
529 116
520 118
515 120
517 123
514 126
512 127
514 129
512 131
515 132
514 134
512 136
514 137
513 138
513 140
514 143
514 145
513 147
514 147
513 153
513 153
517 159
514 160
516 163
513 165
513 168
514 171
514 173
513 178
514 182
513 185
513 200
514 203
513 206
513 210
513 217
513 221
514 227
513 233
514 237
513 241
513 247
514 251
512 256
514 263
514 267
514 272
513 277
514 282
515 287
514 294
514 299
514 301
490 305
512 313
514 319
514 321
513 329
514 336
513 340
514 348
513 350
514 355
513 362
514 366
513 372
510 378
514 380
516 389
513 393
516 397
514 407
513 409
513 419
515 426
513 431
513 438
513 444
514 451
513 456
513 459
513 463
512 469
515 473
514 478
513 483
514 486
516 492
515 517
514 521
514 524
513 531
513 536
514 543
514 549
513 553
513 560
514 564
514 569
513 573
513 580
513 583
514 588
513 594
513 600
514 606
513 613
514 616
513 623
514 628
513 634
513 642
513 647
513 653
513 659
514 665
515 672
512 667
515 680
514 686
513 690
513 695
514 700
513 704
513 710
514 713
514 718
513 724
513 728
513 734
513 738
513 743
513 748
513 754
513 756
513 761
513 767
513 771
512 776
508 780
452 782
214 782
189 787
178 793
174 797
255 814
273 815
237 811
270 827
200 826
258 829
231 833
249 836
283 840
234 844
251 847
285 850
264 854
259 857
260 860
263 864
273 866
236 871
302 873
267 878
285 880
307 884
252 885
330 888
345 891
320 892
333 893
324 896
367 897
410 899
346 900
365 900
397 903
359 905
393 902
372 910
410 911
393 912
369 909
365 911
407 912
409 914
392 914
381 916
391 917
403 918
381 918
405 920
385 921
389 922
422 922
440 923
406 923
419 924
429 924
452 925
428 925
444 925
455 925
443 925
455 924
444 925
451 924
469 924
481 924
469 925
486 923
505 923
507 920
511 918
512 914
509 911
513 910
513 908
513 906
513 907
514 903
513 901
515 900
513 898
514 895
514 895
514 891
514 888
513 887
513 883
513 881
513 878
513 875
513 872
514 870
512 868
512 864
513 860
514 858
513 853
513 850
513 845
512 841
513 837
513 832
514 823
510 821
513 818
514 812
513 807
512 803
513 798
515 793
513 788
513 783
514 777
514 772
513 750
513 747
513 746
512 744
513 739
514 732
513 726
514 725
514 718
513 711
513 705
513 699
513 695
513 690
515 684
513 678
513 673
513 669
511 665
513 660
515 652
513 650
515 642
513 638
513 629
513 622
513 617
513 609
514 605
513 595
514 591
514 586
513 580
512 577
513 572
513 566
516 563
513 558
513 553
513 549
513 542
514 537
512 532
513 524
514 518
513 512
513 505
513 500
513 493
513 487
513 482
511 477
514 472
513 466
513 463
513 457
514 452
513 429
514 425
514 422
512 416
513 412
514 406
514 400
512 394
513 387
514 381
513 376
515 371
514 364
514 359
513 355
513 349
513 344
513 339
512 335
513 331
513 325
513 321
512 317
514 311
514 305
513 301
512 298
513 292
514 287
513 282
514 277
512 274
512 268
514 262
518 259
523 254
604 253
637 250
894 249
917 243
853 238
848 231
843 227
810 226
792 221
793 218
775 215
777 210
784 206
785 202
757 199
750 196
781 193
771 190
730 186
759 182
772 179
772 165
764 163
739 160
756 159
741 156
738 153
726 151
691 148
690 146
696 145
676 142
691 141
642 140
641 138
670 137
635 138
619 133
651 133
650 131
666 130
628 129
655 128
632 127
657 125
597 124
597 122
674 123
645 122
636 119
586 120
657 118
618 117
605 117
634 115
575 115
620 114
610 114
589 114
611 113
612 113
553 113
573 114
595 113
578 112
570 114
551 113
563 113
578 112
580 112
551 113
552 114
540 114
533 115
520 117
516 119
515 122
514 125
514 133
513 134
514 135
515 136
513 137
513 139
514 140
512 142
513 145
513 146
514 149
514 152
515 155
514 157
514 160
514 162
512 165
513 168
514 170
514 174
514 177
512 180
513 181
514 188
513 192
513 196
513 200
515 205
513 210
514 215
513 222
514 229
514 231
513 236
514 240
512 247
514 252
514 256
514 260
514 264
514 272
513 277
514 281
514 285
515 291
511 297
513 301
513 304
515 313
513 318
514 322
514 327
513 335
514 339
513 344
513 350
513 354
515 375
512 376
514 379
513 387
514 391
513 396
513 405
515 409
514 418
513 422
513 431
513 437
513 441
513 451
514 452
514 459
513 462
513 467
513 473
514 475
513 483
513 485
513 491
514 497
514 501
514 509
513 515
514 522
513 528
514 535
514 541
513 548
514 552
514 557
513 563
513 568
513 571
514 578
513 582
513 589
513 593
514 597
514 603
513 610
513 615
513 620
513 627
513 634
514 640
513 645
512 653
513 657
514 663
513 668
514 677
515 677
513 683
513 702
514 705
513 708
513 712
514 716
513 721
513 726
512 732
513 737
513 741
513 746
512 751
514 756
515 761
514 765
514 770
512 774
510 779
466 781
280 781
205 785
186 794
193 795
204 800
190 805
231 809
230 814
260 817
275 819
228 825
219 828
278 832
259 835
250 839
253 842
265 845
270 849
255 852
246 856
253 858
282 863
234 866
243 869
295 873
249 876
265 879
269 882
305 885
354 888
294 890
318 893
338 894
336 895
361 897
346 900
416 901
382 902
385 909
374 907
340 911
367 903
400 908
411 911
385 912
389 914
403 914
392 915
383 917
422 918
388 919
405 919
420 921
428 922
403 922
397 924
463 923
433 924
411 924
423 923
448 924
453 925
449 924
446 925
442 925
457 925
468 926
448 925
472 925
469 925
476 925
468 924
477 923
503 923
503 921
514 914
518 914
514 913
514 908
517 908
514 906
513 904
513 903
513 902
514 901
513 897
513 898
515 894
513 892
513 890
513 886
513 884
513 880
513 878
513 876
514 864
513 861
512 861
514 858
514 856
513 851
513 847
513 843
513 838
513 833
513 830
514 823
516 817
513 814
513 810
513 805
514 800
513 794
513 790
515 785
513 779
515 772
514 768
513 764
516 759
518 753
516 750
513 746
517 739
514 732
513 729
513 725
513 719
514 714
513 707
514 700
513 696
513 692
513 685
513 680
513 677
513 669
515 667
513 661
513 655
513 650
513 642
513 638
512 633
514 623
513 619
514 612
513 605
513 600
513 593
513 587
512 581
513 564
514 562
513 558
514 555
514 550
515 545
513 538
514 533
513 528
513 519
514 514
513 507
515 500
513 496
513 487
512 484
513 478
514 473
514 469
514 463
513 459
513 455
513 447
513 444
513 437
513 432
514 426
514 421
513 415
513 408
516 402
513 398
515 391
514 384
514 378
514 372
513 368
513 361
514 355
513 350
513 345
514 339
514 335
513 332
513 327
515 322
515 318
513 314
516 308
514 303
513 299
512 298
513 290
513 285
512 281
513 274
512 255
526 255
640 252
659 248
911 251
898 244
841 240
831 235
875 229
788 226
796 221
780 219
774 214
771 212
776 206
779 204
779 200
752 197
764 195
765 195
767 187
778 183
736 180
777 176
767 173
763 169
745 166
766 163
790 159
788 157
692 154
689 151
715 149
711 146
690 145
679 142
663 140
671 140
663 138
646 137
646 135
629 135
670 132
626 131
630 130
655 129
661 128
622 127
619 126
632 125
630 124
639 122
610 121
652 120
650 119
619 120
620 117
620 114
618 115
622 113
595 114
604 113
584 114
582 117
582 113
564 113
576 112
578 112
578 113
576 114
555 112
558 114
547 112
584 115
536 114
533 115
517 117
522 118
516 120
517 123
514 127
514 127
513 129
513 131
514 134
514 134
513 136
514 138
513 141
514 142
513 143
515 146
514 149
516 151
513 155
514 158
515 157
514 163
514 164
514 167
516 161
514 173
513 175
514 182
514 183
515 186
513 191
513 194
514 198
514 205
514 209
513 215
513 221
513 226
514 244
513 249
513 253
514 253
515 258
513 264
512 270
514 274
514 278
514 287
515 292
513 296
514 299
514 304
513 314
512 315
514 319
512 325
513 333
514 337
514 343
514 350
513 354
513 361
513 363
513 368
514 374
513 378
514 384
514 388
513 396
513 402
513 408
514 417
514 420
514 429
512 433
513 439
513 448
512 451
513 459
513 461
514 466
513 471
513 475
514 480
513 484
513 490
521 492
512 500
514 506
514 513
513 521
514 526
513 534
513 538
514 545
514 566
514 572
513 573
513 576
514 580
513 586
513 592
512 596
514 601
514 608
513 614
513 619
514 625
514 632
512 638
514 643
514 649
513 656
514 661
513 670
511 671
510 678
514 683
514 687
514 692
512 697
513 702
513 705
513 710
513 715
513 719
514 724
513 731
513 736
514 740
513 745
513 750
513 755
513 759
513 764
513 768
513 772
511 777
508 781
411 783
148 784
171 790
222 794
176 799
174 803
198 808
244 812
231 812
274 820
238 820
274 822
301 832
239 844
253 846
243 848
256 852
242 855
283 859
245 862
275 865
254 868
276 872
273 875
271 878
280 882
304 885
302 887
315 889
342 891
337 892
344 895
316 896
375 898
428 899
335 901
381 902
365 904
381 905
354 908
382 907
375 904
386 909
390 907
394 911
399 914
362 914
386 915
421 917
401 919
372 918
387 920
398 920
429 922
411 922
401 922
433 924
425 923
425 924
454 924
441 924
409 925
469 924
468 925
452 925
448 925
423 924
467 924
479 924
449 925
488 921
502 925
516 921
512 917
513 919
510 915
516 912
512 908
513 907
513 907
512 903
513 902
513 900
513 899
513 896
514 892
513 893
513 889
513 887
513 885
513 882
513 879
513 876
514 875
513 871
513 873
513 866
512 863
513 858
513 856
513 851
513 846
513 845
513 839
515 834
515 829
514 826
514 827
513 816
512 812
513 806
512 799
513 794
513 791
514 786
513 781
513 775
513 769
513 766
513 762
513 755
513 751
513 746
512 741
514 735
514 731
512 728
513 706
513 700
512 696
513 692
513 688
513 682
513 677
514 673
513 667
516 660
513 657
515 654
514 641
513 642
514 632
513 628
513 621
513 612
513 609
514 600
513 594
514 589
513 583
513 580
514 573
513 571
513 563
513 560
515 557
513 550
513 547
513 540
514 534
513 528
514 522
514 515
514 508
513 502
513 496
514 491
513 484
514 479
513 475
514 469
514 466
514 462
514 455
513 450
512 445
514 439
514 434
514 428
512 422
514 416
513 411
513 403
514 397
514 374
513 371
513 368
513 363
513 357
513 353
513 347
513 343
514 337
514 332
513 329
513 325
513 319
513 314
516 310
513 305
514 299
514 295
514 291
513 285
514 281
513 276
513 271
515 265
516 262
517 256
523 253
645 252
795 251
917 247
846 241
848 237
841 232
844 228
801 222
785 220
788 215
792 213
771 208
763 204
767 203
768 198
750 194
763 191
777 188
750 185
771 181
762 173
750 174
747 171
734 165
731 165
811 160
742 158
742 156
756 152
706 150
644 143
654 141
650 140
609 141
619 138
683 137
686 136
635 134
633 132
678 131
643 130
664 129
622 128
648 126
665 125
613 124
624 124
619 121
631 120
604 119
650 120
664 118
597 117
619 117
609 116
633 115
614 115
601 114
591 114
580 112
609 114
604 108
538 113
573 112
568 112
580 112
585 115
548 112
570 113
556 113
563 113
543 115
557 114
533 116
517 118
516 121
514 123
514 126
514 124
514 130
514 131
513 132
513 134
513 135
514 137
513 139
514 148
513 150
515 152
514 153
513 153
514 159
510 161
513 164
517 167
514 170
514 174
514 174
516 179
514 181
516 186
514 190
513 193
514 198
514 202
513 208
513 213
513 219
513 225
514 229
514 233
511 238
514 243
514 246
514 251
514 257
513 262
511 268
513 272
514 275
514 283
514 289
513 294
513 299
514 304
513 308
513 311
520 316
513 325
513 330
513 334
516 342
513 347
516 350
514 358
513 362
514 366
513 372
514 375
513 382
514 387
514 393
513 400
513 428
512 431
514 437
513 440
513 446
514 450
514 457
513 460
513 465
513 468
514 474
513 478
514 483
514 488
514 492
505 501
513 506
513 511
514 517
513 525
514 531
514 537
513 542
513 548
513 555
513 560
513 564
513 569
513 574
513 579
514 582
513 589
513 595
513 600
513 606
514 611
512 618
514 624
514 629
514 635
513 642
513 648
513 653
513 660
511 666
514 671
514 673
513 677
514 687
512 691
513 696
513 701
514 705
514 709
513 713
512 719
514 722
513 744
513 748
513 751
513 754
513 758
512 763
513 767
513 771
513 775
508 780
429 781
196 782
183 788
176 792
183 797
212 803
217 807
202 812
256 814
270 819
240 821
210 826
245 831
263 833
289 836
229 840
255 843
275 848
255 850
285 854
201 859
266 861
320 865
273 868
239 871
235 874
281 878
336 881
283 884
248 886
289 888
360 890
367 893
341 894
361 895
373 897
406 899
390 901
382 901
346 903
396 904
375 906
397 907
372 906
353 912
387 910
394 908
414 917
377 917
409 918
385 919
392 918
400 920
424 921
422 922
409 923
407 924
424 923
440 924
425 925
448 926
455 925
426 925
455 925
466 925
440 925
460 925
457 925
447 925
477 925
469 924
482 924
476 924
484 923
491 919
512 916
511 914
511 911
513 911
510 907
512 906
513 905
515 904
514 902
512 901
512 901
514 897
513 896
513 893
514 892
517 886
513 885
513 883
513 880
514 877
513 875
513 872
513 869
513 867
513 863
513 860
513 857
517 853
513 849
513 833
517 829
514 827
514 823
519 818
513 811
513 807
512 802
513 796
513 790
513 785
512 782
513 778
514 773
513 767
517 762
513 756
511 753
513 747
513 742
513 736
516 734
513 729
516 719
513 715
513 713
513 706
514 697
513 695
513 689
514 682
514 679
514 673
513 670
513 664
513 658
513 655
513 648
513 643
513 636
513 630
513 621
513 616
513 610
512 602
513 599
514 589
513 585
516 580
514 574
513 572
513 565
513 563
513 558
513 552
513 548
514 543
513 519
514 514
513 510
511 505
513 498
513 493
513 487
510 481
513 477
513 470
513 467
513 462
515 457
513 452
513 446
513 441
513 436
513 430
513 424
514 418
514 412
513 403
511 400
515 393
512 387
513 382
513 376
514 370
513 363
513 358
514 354
514 347
511 340
513 337
514 334
514 330
516 326
513 321
514 316
513 311
513 306
513 301
514 296
515 292
513 288
513 282
512 278
513 273
512 269
513 263
516 255
519 256
590 255
654 252
931 250
899 243
880 238
773 222
820 220
787 218
793 213
817 209
789 206
780 202
738 199
745 194
806 191
726 189
751 186
778 182
774 177
739 175
767 172
757 169
753 165
759 163
755 159
754 156
731 152
694 150
726 148
701 146
713 144
659 143
650 136
662 140
640 138
672 138
639 136
647 133
691 132
604 131
614 129
618 131
660 128
640 126
606 126
639 124
658 123
638 122
624 120
628 120
634 118
612 118
655 117
598 116
606 114
630 115
583 115
604 114
625 114
563 113
577 113
581 113
596 114
563 113
572 112
580 113
563 111
551 114
548 113
554 107
544 115
530 115
520 116
516 120
514 122
514 118
515 128
514 130
513 131
517 131
512 134
514 136
514 136
513 139
511 141
514 143
514 145
517 147
514 149
513 153
514 155
514 157
514 160
517 165
514 165
513 168
514 171
513 172
514 176
512 181
514 185
514 188
514 192
513 196
514 202
513 206
513 212
514 216
516 220
513 226
516 230
513 237
514 243
513 244
517 250
513 257
517 262
513 266
517 271
514 292
513 293
513 297
514 302
514 307
514 312
514 316
511 321
514 328
514 331
513 340
513 345
513 348
513 356
513 362
513 366
514 369
514 376
514 382
514 385
513 392
511 397
513 402
513 415
515 415
513 423
513 431
514 436
513 444
513 447
513 454
514 459
514 463
513 467
514 473
513 477
511 480
514 488
514 490
513 497
513 502
512 515
513 516
514 521
513 529
514 535
514 542
514 546
514 552
513 559
513 563
513 568
512 573
515 578
513 583
517 588
514 606
514 615
511 618
512 623
516 628
513 633
513 639
511 647
514 652
513 658
513 664
513 668
513 674
515 680
516 684
516 692
514 695
514 699
513 704
513 709
513 712
514 716
513 722
513 730
514 732
514 737
513 742
513 747
513 750
513 756
512 761
513 765
513 770
511 775
510 779
478 781
269 782
156 785
183 792
163 796
200 802
224 805
241 809
252 813
246 817
233 818
269 825
203 828
245 832
278 835
239 837
255 842
286 846
252 849
279 853
263 857
267 860
275 874
288 877
256 878
280 879
324 882
322 885
299 889
282 890
293 892
375 893
428 896
322 898
393 899
370 900
398 902
379 903
368 904
361 905
407 906
385 911
402 910
360 912
397 912
423 913
406 914
421 914
362 917
390 918
363 918
414 919
438 919
371 920
411 922
414 922
404 923
433 924
420 925
397 924
457 924
463 925
449 925
422 925
430 925
457 925
458 925
451 925
447 926
474 924
469 925
465 924
480 924
483 924
504 921
511 918
508 926
513 912
506 914
513 905
513 903
513 902
513 900
515 899
