513 277
514 273
513 270
523 268
514 263
514 258
518 255
640 252
658 247
661 244
648 240
678 235
706 230
640 227
614 224
642 220
656 216
641 212
639 208
638 206
659 201
630 198
631 194
633 191
649 188
665 185
619 181
621 172
670 174
640 171
626 170
631 165
623 162
655 158
613 155
606 151
616 152
602 149
626 147
573 145
613 143
590 142
567 140
592 140
589 137
599 137
557 134
598 132
579 132
609 131
569 130
563 128
564 128
560 125
591 124
559 123
587 122
513 727
511 729
512 747
512 752
512 756
513 761
514 766
513 769
511 774
513 779
462 781
381 785
367 789
368 793
369 798
353 803
339 807
388 810
394 815
369 819
355 821
394 826
375 831
372 832
381 836
378 839
404 843
382 847
370 850
401 853
411 857
379 860
391 863
372 866
394 866
428 873
370 874
388 878
388 880
432 885
404 888
430 890
458 892
428 893
428 895
431 897
449 899
439 900
415 901
410 903
470 903
453 907
458 906
437 908
450 908
473 910
428 911
546 115
529 114
554 113
557 113
533 114
545 113
554 112
560 114
542 112
522 113
555 114
545 114
535 113
520 115
521 115
519 117
514 118
522 115
509 124
513 127
514 129
514 130
513 132
514 134
514 136
522 137
514 141
514 140
514 142
513 144
514 149
513 149
513 151
513 154
513 157
513 159
514 162
514 165
514 167
513 170
513 173
513 177
513 179
513 183
514 188
513 193
513 194
513 199
514 204
513 209
513 218
512 223
504 222
513 232
514 235
513 240
514 246
513 322
513 329
513 332
513 340
513 345
513 350
513 355
513 360
512 366
513 369
514 375
513 379
507 380
514 392
514 396
513 406
511 411
514 414
513 421
513 430
514 435
513 442
513 448
513 453
514 457
512 462
514 467
514 472
514 475
513 479
513 485
514 490
512 495
514 501
513 507
513 513
513 519
513 527
512 534
516 538
512 545
514 550
514 555
507 567
513 566
512 571
513 575
512 580
513 586
515 590
513 598
515 601
512 606
513 613
513 620
513 625
513 632
513 654
513 659
511 662
512 667
512 672
514 676
512 682
513 687
513 692
513 697
514 702
513 706
513 710
514 714
512 720
513 725
514 730
516 734
512 740
514 747
512 747
516 755
513 759
513 764
514 768
513 773
513 778
509 780
379 784
398 788
374 793
375 796
355 800
340 805
379 810
389 813
382 816
373 820
399 823
360 828
354 831
388 835
396 838
399 842
386 845
369 847
401 852
403 855
370 859
397 861
377 866
398 867
394 874
381 877
382 879
411 879
402 892
432 893
434 893
429 894
461 895
421 898
460 899
424 901
424 901
435 904
446 904
435 906
441 907
470 908
439 910
450 911
443 912
445 913
456 914
467 916
416 916
471 917
485 919
437 919
441 920
466 921
483 922
454 923
457 917
472 922
475 924
468 923
481 925
463 925
487 925
476 924
489 925
475 925
493 927
491 925
487 926
475 925
498 924
496 924
498 924
497 923
510 920
513 919
514 916
513 914
512 912
513 907
511 905
513 905
513 901
513 901
514 900
514 892
513 889
513 889
509 886
513 884
512 882
513 878
514 876
513 874
514 871
514 868
513 866
513 861
512 858
513 854
513 851
514 846
512 843
513 839
513 834
515 830
514 825
513 820
513 814
514 809
513 805
513 801
514 795
513 788
513 783
513 780
513 776
513 770
513 764
513 758
513 754
514 746
514 745
513 741
513 736
513 728
513 722
513 719
514 714
513 708
513 700
513 697
513 694
513 685
514 681
513 678
513 671
514 666
514 662
514 656
513 651
513 646
514 613
513 614
513 611
513 607
512 602
513 594
513 589
513 584
514 578
513 576
512 567
513 564
512 561
515 555
512 551
514 546
510 540
512 533
512 530
513 525
517 516
512 511
514 504
510 496
513 490
512 490
519 481
514 478
519 473
518 464
510 460
514 457
513 450
514 444
513 440
514 434
513 429
514 422
516 417
513 412
513 404
515 398
514 392
513 383
514 380
514 374
515 368
513 363
516 357
514 351
513 345
515 341
515 337
514 333
513 328
514 324
514 319
513 299
514 294
513 293
515 288
513 285
513 280
513 275
513 268
519 266
515 260
517 257
542 255
645 250
660 243
638 241
640 239
658 234
634 230
647 225
672 222
670 219
655 218
635 211
643 207
678 204
622 200
623 197
655 193
641 190
636 186
650 184
626 180
650 178
636 174
611 172
664 167
625 167
632 160
630 157
645 154
645 152
570 150
564 148
621 146
624 146
591 143
582 141
551 139
607 138
585 138
565 134
585 134
582 132
598 131
575 130
568 131
595 127
569 123
581 123
556 122
564 121
567 124
570 118
589 119
560 117
569 114
544 112
581 115
583 113
537 114
551 116
544 113
572 113
534 114
533 113
547 114
553 113
543 112
531 114
533 113
552 113
545 114
529 114
524 114
544 115
527 117
513 118
514 120
518 123
512 129
514 129
514 129
514 132
513 133
513 134
514 135
514 137
513 140
514 142
514 144
513 146
514 148
513 150
513 152
513 156
512 158
513 160
513 164
512 167
511 171
514 171
512 175
511 178
511 182
513 311
514 315
513 320
514 325
513 328
512 336
513 344
514 349
513 352
513 358
513 364
513 368
513 374
514 380
511 381
524 387
512 395
513 401
513 407
513 414
513 420
513 427
514 432
512 441
513 446
514 451
513 457
518 459
513 465
514 469
513 475
513 477
512 484
513 488
510 494
513 499
513 506
513 512
513 518
511 525
515 524
513 538
512 543
514 549
513 555
514 559
512 566
512 570
513 573
511 579
512 583
513 590
514 593
512 600
512 606
513 611
514 617
511 640
513 645
512 649
512 654
514 658
513 661
509 671
514 676
511 680
513 685
513 691
513 696
513 700
514 704
513 709
513 713
513 718
512 725
512 729
513 723
513 737
515 741
511 748
517 757
518 757
514 762
512 767
513 772
514 776
512 780
433 782
412 785
366 790
367 795
377 798
358 803
362 811
366 812
384 815
388 819
391 823
368 827
384 830
382 834
381 837
397 840
363 841
379 847
414 851
386 855
370 859
392 861
387 865
387 869
365 873
407 873
419 876
413 888
418 888
401 891
406 893
421 894
437 895
446 895
428 898
423 899
438 901
450 903
453 905
425 909
447 907
453 909
471 910
436 913
440 912
455 914
439 917
439 916
456 916
495 917
442 918
432 915
466 920
471 919
469 922
443 923
471 923
474 922
464 924
475 924
449 925
478 925
501 924
464 925
469 926
491 925
486 926
493 925
473 925
490 925
490 925
509 924
476 924
511 922
510 921
513 920
512 917
513 914
513 911
513 909
513 907
513 905
513 904
513 902
513 895
513 894
513 892
514 890
513 888
514 885
513 882
513 879
513 877
513 874
514 871
513 869
514 867
513 862
514 859
513 856
514 852
510 847
513 843
513 839
512 835
514 830
513 826
513 820
513 819
513 812
513 808
513 802
514 795
513 792
514 786
513 781
513 774
513 770
513 765
513 762
514 756
513 751
513 745
513 740
514 736
513 732
513 728
513 720
514 714
513 709
513 704
513 698
513 694
513 691
515 682
514 678
513 673
513 669
513 664
513 657
513 637
513 633
512 628
513 621
513 618
514 609
513 604
514 597
515 591
514 585
514 581
514 577
515 570
512 566
513 563
512 558
515 551
512 548
513 542
517 536
515 532
517 523
514 518
513 509
512 505
515 498
513 493
515 487
515 482
513 477
514 472
512 469
510 464
513 457
513 453
513 448
514 441
517 436
513 431
514 424
513 418
513 412
515 406
513 399
516 396
513 388
513 382
515 376
514 370
513 366
511 360
515 354
514 347
513 343
513 338
514 334
514 329
513 310
513 306
510 303
512 299
514 296
513 291
513 287
513 283
514 277
513 274
514 268
515 264
515 258
517 254
613 252
649 248
649 243
665 241
636 236
668 234
664 227
658 223
637 219
619 216
649 212
676 209
638 204
624 201
650 198
624 195
637 191
617 188
644 185
674 182
642 178
624 175
627 172
636 167
640 164
608 161
635 158
647 156
601 151
625 150
610 148
627 146
590 144
570 143
600 141
568 140
599 137
579 137
572 136
608 134
599 133
559 131
564 130
576 126
596 123
567 124
567 123
581 122
539 123
575 121
577 119
579 117
579 117
526 116
562 116
581 115
549 114
554 114
553 113
550 113
555 114
541 113
552 113
551 113
544 113
522 113
558 112
550 111
532 113
529 114
538 114
538 114
523 114
521 116
521 118
515 119
514 120
513 122
516 128
513 130
513 131
513 133
515 135
514 134
514 137
513 138
517 142
511 143
513 145
514 148
513 150
513 153
513 155
513 158
514 161
514 166
513 166
514 168
514 172
513 175
512 189
513 192
513 194
513 198
513 202
513 206
511 211
514 216
518 221
516 214
501 230
511 238
513 240
511 246
512 252
513 258
514 263
514 267
513 272
514 277
509 281
513 286
513 292
513 298
513 303
513 307
513 312
513 315
513 326
514 330
513 335
514 342
513 345
514 349
513 357
513 361
514 364
513 371
512 376
514 386
514 386
521 394
509 398
513 407
515 412
513 419
512 427
513 431
514 437
513 443
514 450
514 454
513 459
513 463
513 468
513 473
508 476
513 497
514 499
514 502
514 510
514 516
514 522
509 531
514 535
517 543
513 548
513 552
511 558
513 563
508 567
513 567
506 575
509 584
513 587
510 593
513 597
514 603
513 610
513 615
512 621
506 627
512 631
511 640
513 645
513 652
512 658
512 663
514 668
512 674
513 679
513 685
513 689
511 695
513 699
513 703
513 708
513 712
513 717
514 721
513 726
513 733
512 742
513 743
514 746
510 753
514 756
511 761
514 765
513 770
513 775
514 779
483 780
402 785
346 802
381 805
374 808
373 809
378 814
368 818
394 822
376 825
381 829
384 833
398 837
393 838
382 842
393 847
385 850
406 853
379 857
391 860
391 864
367 867
395 870
399 881
372 876
396 881
392 881
429 886
426 886
407 890
455 892
411 893
466 895
402 897
412 898
444 899
454 899
439 902
403 905
486 906
452 909
435 907
434 910
460 910
465 912
469 912
416 914
459 914
473 917
447 917
459 918
450 919
460 921
459 922
459 922
455 922
483 923
468 922
470 926
473 922
494 925
487 925
486 925
483 925
481 925
481 925
481 925
489 925
487 925
496 925
489 924
508 923
506 922
509 920
513 918
513 916
512 912
513 910
513 908
513 906
513 903
513 907
513 901
513 899
513 896
513 896
513 893
513 891
513 888
513 886
513 884
513 880
514 878
513 875
515 872
513 869
513 866
513 863
510 858
511 857
513 854
514 850
515 845
514 840
513 834
511 832
513 825
511 823
513 817
513 812
513 809
512 804
514 798
513 792
513 786
513 782
514 762
513 761
513 757
513 753
514 749
513 743
513 738
513 733
513 729
513 721
513 716
514 709
505 706
513 699
506 695
513 688
513 684
515 681
513 674
514 670
514 665
513 660
513 656
514 649
513 644
514 637
513 631
513 624
515 617
513 612
514 604
513 600
513 592
513 587
513 582
514 578
513 574
512 567
512 565
512 558
513 555
508 549
516 544
512 538
514 531
513 527
513 518
513 513
514 506
514 502
516 493
512 489
514 483
515 479
513 473
516 469
513 463
513 444
514 440
515 436
515 432
514 427
513 421
514 414
515 409
513 402
513 396
515 390
513 383
513 378
514 373
514 367
514 360
511 357
514 350
515 344
513 340
513 336
514 331
515 327
514 324
513 318
515 313
513 308
513 304
513 300
513 293
513 289
512 284
513 277
507 275
515 269
511 264
514 260
514 256
555 254
672 250
646 246
638 241
657 237
697 233
666 229
624 225
641 223
665 218
668 213
649 210
654 206
662 203
648 198
627 196
618 192
646 189
636 175
636 173
636 172
618 168
620 167
663 163
635 160
617 157
584 153
604 152
651 147
593 148
607 144
587 144
576 141
600 141
561 138
589 139
578 136
597 135
590 134
565 132
603 129
554 130
600 129
557 131
546 126
598 125
551 124
558 120
551 121
601 122
578 120
547 119
556 118
576 117
590 115
550 116
540 112
567 114
564 114
539 114
538 112
551 113
557 113
528 114
537 118
531 113
567 114
535 113
548 115
521 113
561 114
532 114
526 114
522 117
519 117
514 139
521 129
513 129
514 131
513 132
513 133
513 135
513 137
513 137
506 140
514 142
513 144
513 147
514 149
514 151
507 154
513 157
512 159
514 163
514 165
513 167
512 171
513 173
513 175
514 180
513 184
513 188
513 192
513 196
514 199
511 206
514 208
510 215
513 221
508 225
515 235
514 236
513 238
513 246
514 251
514 255
513 259
513 264
513 269
513 275
514 282
513 287
513 291
513 294
513 300
514 307
513 311
512 315
514 322
513 328
514 331
511 339
513 361
512 365
510 367
513 371
515 375
513 381
512 385
515 390
518 393
513 404
514 407
514 414
512 425
514 427
513 436
512 441
513 447
514 453
514 457
513 461
514 466
516 471
513 474
513 480
514 486
512 491
513 495
512 501
511 508
513 513
513 519
512 525
512 532
513 538
511 544
513 550
511 556
515 560
510 555
513 571
514 576
515 581
512 585
513 591
511 596
513 602
514 607
514 613
512 620
511 625
514 631
511 639
513 643
512 649
512 655
505 663
513 666
514 688
514 692
513 695
513 698
511 702
513 706
512 711
513 715
513 721
514 725
513 730
512 735
513 740
513 746
523 742
514 755
523 764
513 763
512 768
513 773
513 777
509 781
402 783
384 788
367 792
388 797
354 802
367 805
399 809
393 813
357 817
375 820
381 824
401 827
366 831
385 835
390 839
393 842
387 846
356 849
399 853
405 855
385 860
379 862
391 866
399 869
403 873
376 878
396 879
432 885
372 886
412 888
430 882
433 891
431 893
404 894
470 896
411 902
413 903
439 904
440 905
450 906
453 907
460 909
449 910
452 909
412 912
462 914
451 913
447 916
467 916
442 918
455 918
472 921
458 921
462 921
464 922
485 924
440 923
460 924
485 924
484 925
469 925
462 925
489 925
498 925
490 925
464 925
488 925
505 926
484 926
477 925
498 925
512 924
498 923
497 922
511 920
513 918
513 917
513 913
513 910
513 908
513 907
513 904
514 902
513 902
514 900
511 898
513 895
512 894
514 892
513 889
513 887
513 884
513 874
514 872
514 869
512 867
514 865
513 862
513 858
512 854
513 851
514 847
513 843
513 839
513 834
513 829
513 823
513 818
513 814
513 808
513 804
513 799
506 795
513 790
506 784
513 781
514 775
513 769
514 764
514 758
513 754
512 751
513 745
513 739
514 735
514 729
513 725
513 720
514 713
514 707
513 702
513 698
513 686
513 687
513 682
513 675
513 671
514 667
513 661
514 656
513 653
515 644
512 640
513 634
514 626
513 620
515 612
512 607
514 598
513 581
513 577
514 575
513 571
514 564
514 562
506 556
510 552
513 545
513 542
515 535
516 529
514 523
517 514
511 508
515 502
513 498
512 491
515 487
514 482
515 475
514 470
513 467
513 463
515 456
514 451
512 446
515 439
513 435
518 428
514 422
513 416
514 409
514 404
514 398
513 392
514 386
514 380
514 374
513 368
515 363
515 357
513 353
514 347
514 341
513 338
513 333
513 329
514 324
513 321
514 315
514 310
513 305
513 299
513 292
513 288
514 283
506 267
515 263
515 260
515 256
523 255
618 251
647 247
680 242
662 238
659 234
647 230
622 226
673 222
639 218
631 214
641 211
666 223
659 203
650 200
633 197
662 193
643 190
601 187
632 184
641 180
658 177
616 174
639 170
644 167
626 163
650 160
618 158
607 154
628 152
597 149
623 148
607 146
620 143
602 142
571 141
575 140
580 138
603 137
554 135
581 133
578 132
581 130
585 130
554 129
582 128
558 127
595 124
550 124
603 123
592 122
557 121
558 119
550 116
576 116
552 116
567 115
576 115
550 114
541 115
570 113
573 114
538 113
531 113
564 114
554 113
539 113
533 115
534 113
552 113
532 114
534 114
517 115
545 115
516 117
515 118
514 119
514 124
513 128
513 128
513 128
513 132
513 133
512 134
513 135
513 138
513 139
513 143
514 145
513 146
513 149
514 150
513 154
514 156
513 159
514 161
513 164
513 167
513 170
513 172
513 175
513 179
514 182
517 186
513 190
513 194
513 198
513 203
513 210
513 229
512 231
525 235
514 238
513 241
513 246
513 251
513 258
513 265
513 270
514 276
513 278
513 284
512 290
513 296
513 300
513 304
513 309
513 314
513 320
513 326
514 332
513 336
512 342
513 350
513 352
513 358
513 364
513 367
513 373
513 378
514 383
513 383
512 391
502 398
511 409
514 413
514 423
513 428
513 432
514 442
514 444
514 452
512 456
514 461
512 467
514 469
513 475
514 477
513 484
514 486
513 494
511 500
514 503
512 512
515 517
513 525
512 551
515 553
514 556
513 560
513 564
514 570
514 572
521 578
513 582
514 588
513 593
512 599
513 606
515 611
512 617
512 624
513 629
513 636
512 642
513 648
513 652
513 660
513 665
513 670
513 675
514 682
512 686
513 691
514 696
513 700
513 706
514 709
513 713
513 719
513 724
513 729
513 733
512 739
512 747
514 750
514 749
514 758
511 767
512 767
512 772
514 776
513 781
421 783
404 788
360 792
337 796
374 800
383 804
372 807
362 811
377 815
378 819
394 835
408 837
378 839
389 838
384 845
397 848
401 852
388 855
348 858
400 862
408 865
365 868
383 871
396 875
401 877
402 879
367 884
401 887
438 888
399 893
438 892
438 895
436 895
470 897
391 898
451 900
440 902
417 903
464 902
448 905
484 907
428 908
473 911
428 911
462 911
462 913
432 914
460 915
443 916
470 917
439 918
454 919
451 920
457 921
453 922
449 922
469 923
472 924
484 924
469 924
472 924
492 925
493 925
462 924
480 924
490 925
478 925
483 924
506 923
495 923
506 923
509 923
507 921
512 919
514 916
513 914
513 911
513 908
513 907
514 905
513 904
513 903
513 901
514 899
513 897
513 894
513 893
514 890
513 888
513 884
513 882
512 880
514 876
506 874
513 872
506 869
513 865
516 862
513 859
514 856
513 851
514 848
514 844
514 841
513 836
514 831
514 825
513 821
513 816
513 809
513 803
514 798
513 796
513 791
513 787
513 782
513 776
513 772
513 768
513 760
514 755
513 751
514 747
513 741
513 721
513 718
513 715
513 709
513 702
513 699
515 693
513 687
513 683
514 678
514 673
513 668
513 664
513 656
513 653
513 648
513 640
513 637
512 628
513 622
513 615
515 608
515 604
512 595
512 591
513 585
514 580
513 575
514 571
513 568
512 562
512 558
514 553
514 548
512 543
513 538
514 529
510 524
515 518
514 510
512 501
514 499
512 493
514 485
512 482
514 476
513 472
515 467
514 461
513 458
513 452
515 447
512 442
515 436
513 431
515 428
513 418
508 394
514 390
513 386
514 381
516 375
513 370
514 364
515 359
514 354
513 349
513 343
515 338
513 335
513 330
513 326
514 321
514 316
512 311
514 305
513 301
513 296
513 290
514 287
513 280
514 276
513 273
514 268
513 264
516 259
520 253
626 252
667 247
670 243
634 239
634 236
673 232
642 228
650 225
656 220
654 217
653 212
661 209
627 204
647 201
654 198
617 193
632 192
626 187
623 185
618 180
629 178
644 174
648 172
627 167
640 164
632 162
674 158
595 152
614 148
592 146
562 144
602 143
590 142
621 140
577 139
533 137
612 135
574 135
594 131
574 132
576 129
593 129
583 128
565 127
569 129
585 124
567 123
575 122
554 121
587 120
571 119
554 119
580 117
564 117
571 116
570 116
539 115
571 114
568 113
546 115
538 113
543 113
548 113
547 113
540 113
528 113
561 112
543 112
535 113
529 113
542 113
546 113
518 115
516 115
514 118
515 120
514 122
514 127
513 128
513 131
513 131
513 133
513 134
513 135
513 141
513 144
514 146
513 147
509 149
514 153
513 156
513 158
513 161
513 162
513 166
513 169
513 171
514 174
513 178
513 181
513 185
513 188
513 192
513 196
514 201
514 207
514 214
513 217
513 223
514 229
517 233
512 253
520 243
514 245
514 249
514 255
513 262
513 267
513 273
509 279
514 283
513 290
514 292
514 298
513 303
513 308
514 313
513 318
513 323
513 330
514 335
511 340
513 348
513 352
513 354
514 361
513 365
514 370
512 378
513 382
513 387
512 412
514 417
516 420
514 426
515 431
515 438
513 443
513 448
512 456
514 458
513 466
515 468
513 472
511 478
513 478
513 489
515 490
512 497
513 503
514 508
508 517
513 521
513 530
515 535
512 542
515 547
513 553
511 558
513 561
508 567
514 571
513 580
512 586
510 587
516 592
512 598
512 605
514 610
512 614
513 622
514 628
512 633
513 639
512 647
514 651
513 657
513 663
512 668
513 673
514 678
512 684
512 691
515 694
513 700
513 704
513 708
512 727
513 731
512 733
513 737
512 741
513 746
513 751
515 755
514 755
517 763
514 769
513 774
514 778
465 781
411 786
359 790
365 795
393 796
369 803
375 806
391 810
414 814
355 817
364 821
388 825
377 830
355 833
376 836
383 840
402 843
382 847
352 850
400 853
411 857
395 858
359 864
372 867
412 870
396 874
366 877
409 876
405 880
415 885
407 890
398 889
422 895
438 893
449 895
441 897
439 898
430 899
434 901
436 903
471 903
430 906
448 905
445 909
430 913
479 913
481 914
475 915
452 916
441 918
453 917
464 919
476 920
442 921
457 921
480 922
464 923
469 923
465 924
468 924
491 925
467 925
455 925
483 924
495 925
490 924
476 926
478 923
505 925
493 922
485 925
486 924
499 924
506 923
504 921
511 919
513 917
513 915
513 912
513 910
513 907
513 905
513 904
513 903
513 901
513 899
513 897
513 896
513 893
514 891
513 889
513 886
512 884
513 880
513 878
513 875
514 874
513 870
513 866
513 862
513 860
513 845
515 842
513 839
512 837
514 832
514 829
513 823
513 817
513 813
514 808
513 802
512 796
513 792
513 786
513 783
513 779
513 773
513 768
513 763
514 757
513 752
513 749
514 741
514 736
513 734
513 728
513 722
513 716
513 712
514 706
514 699
514 694
513 690
509 684
513 678
513 675
513 669
514 665
513 660
513 653
514 648
513 644
513 637
515 631
514 623
513 617
513 611
514 604
513 600
514 591
512 589
514 581
514 578
513 573
514 567
512 565
512 557
512 537
515 532
513 531
513 524
518 519
511 515
514 507
517 500
516 496
515 490
513 485
515 480
515 473
513 471
514 464
514 459
512 455
514 447
514 444
514 437
513 432
498 427
516 418
513 415
514 409
513 402
515 395
514 389
513 384
517 377
515 373
500 366
514 361
514 355
514 350
514 345
513 339
513 335
514 332
514 328
514 322
514 317
515 311
513 307
515 302
514 296
514 293
513 287
514 284
513 279
514 274
514 271
513 265
513 260
516 256
610 253
666 249
643 235
650 230
652 229
635 225
653 221
664 218
646 214
633 210
652 205
657 203
628 198
625 195
655 192
645 189
624 186
631 183
655 179
643 180
650 173
611 168
627 165
663 162
620 160
624 156
609 154
624 152
598 150
577 148
608 145
597 144
602 142
575 143
557 137
633 139
593 136
580 132
559 134
589 131
585 130
567 128
575 129
575 127
608 126
558 122
557 124
571 125
579 121
573 120
561 120
583 118
566 118
561 116
559 116
547 115
563 114
560 113
546 114
566 113
564 112
553 114
547 113
561 112
531 113
537 113
547 111
549 113
537 116
523 114
522 114
539 116
517 118
510 120
514 122
513 124
514 128
514 129
514 131
513 132
514 134
513 136
514 137
513 139
513 140
513 142
513 144
514 148
513 149
513 151
513 153
513 157
513 160
513 162
513 163
513 167
512 170
513 174
513 177
513 180
513 183
514 188
514 192
513 195
515 201
513 204
513 209
512 215
513 219
513 224
513 230
510 235
517 239
514 245
512 250
513 255
514 275
513 277
514 282
513 286
516 290
513 296
514 301
514 306
513 312
514 318
515 319
514 328
513 334
514 340
514 343
514 349
512 356
514 360
513 365
513 371
513 374
513 380
510 386
513 390
514 401
516 409
510 412
513 415
513 424
513 429
514 436
515 441
514 449
514 453
514 457
513 462
512 467
513 471
513 476
513 480
514 484
508 490
514 495
514 501
512 508
514 514
513 521
514 526
511 535
515 539
513 546
512 550
513 556
511 563
513 565
511 572
515 568
511 596
513 599
511 603
513 609
514 613
514 620
512 625
511 631
513 639
514 643
512 651
512 655
513 661
513 667
512 673
513 677
513 683
513 688
512 694
513 698
513 702
512 707
512 711
514 715
513 720
513 725
513 730
513 735
514 740
512 744
510 749
515 755
512 759
513 761
512 767
513 773
512 778
492 781
407 784
385 789
368 793
372 797
383 801
394 804
350 808
374 812
381 816
371 820
364 824
371 827
360 832
385 835
402 839
371 843
388 845
412 849
402 852
381 866
388 867
388 869
362 872
412 876
397 874
424 882
387 880
427 888
407 884
428 892
451 886
412 896
453 895
440 904
416 899
444 901
438 903
437 904
443 905
456 906
463 908
458 909
440 910
450 911
443 912
485 914
438 914
455 915
447 916
463 918
453 919
433 920
477 921
458 921
452 922
472 923
462 923
477 924
494 925
452 924
481 926
493 924
485 925
472 924
480 925
482 925
491 926
484 925
477 925
488 924
503 924
485 924
490 923
509 922
507 920
514 910
513 908
513 907
513 906
515 905
513 903
513 902
514 900
513 898
514 896
513 896
513 892
513 889
514 887
512 884
513 881
511 878
513 876
512 873
512 871
512 868
513 864
513 861
513 858
513 854
513 851
514 847
513 842
513 839
513 834
514 829
514 824
513 819
513 815
514 810
512 805
513 799
513 794
514 788
513 783
514 778
513 776
514 771
513 764
513 757
514 754
513 751
515 745
514 739
513 735
514 730
513 723
515 717
513 713
514 708
512 702
515 695
513 677
513 675
512 670
513 664
512 662
514 656
515 650
513 647
517 638
515 631
512 627
513 618
513 613
513 607
513 599
513 595
513 586
513 584
513 577
514 574
513 570
515 564
513 561
513 555
514 551
513 544
512 541
514 533
519 528
515 523
518 514
514 509
513 502
512 495
514 490
514 485
514 479
513 475
513 472
513 466
515 461
511 457
513 451
514 445
513 438
515 433
513 428
513 422
514 416
513 409
514 404
508 397
513 391
513 386
513 380
514 374
514 367
512 346
514 343
514 338
514 335
514 332
