383 888
409 888
435 890
396 891
400 893
432 895
400 896
439 898
457 900
468 901
399 902
439 904
486 905
409 907
477 908
430 908
451 910
448 912
463 913
436 915
449 915
492 916
431 916
464 916
462 919
456 919
455 919
440 922
458 924
446 931
489 923
448 924
469 925
470 925
455 925
481 925
488 926
458 925
494 926
488 926
477 926
490 925
496 923
475 925
473 925
506 925
489 925
490 924
509 921
506 921
513 918
513 917
513 912
514 910
514 909
514 907
513 905
617 179
617 176
647 172
627 168
647 166
639 161
607 158
665 156
608 153
612 150
604 148
564 145
636 144
582 142
589 140
600 139
539 137
629 135
593 135
568 132
604 130
587 130
586 129
554 129
582 127
581 125
577 125
565 124
588 123
553 126
576 119
556 120
568 118
565 116
555 117
580 116
557 115
559 113
587 113
529 111
561 113
574 113
532 112
542 112
560 112
543 113
547 114
545 111
560 111
527 112
537 112
546 112
527 113
527 113
534 113
529 115
517 116
513 881
518 889
512 886
513 882
513 880
514 878
512 874
514 872
513 870
514 867
514 862
513 860
517 856
514 853
513 848
515 845
514 841
514 836
514 831
514 826
514 822
513 817
513 813
514 806
514 800
514 796
513 791
513 788
512 782
513 778
514 770
514 767
516 762
518 750
514 753
519 743
514 744
515 735
513 731
514 726
514 720
513 717
513 712
514 702
514 698
513 695
514 686
515 683
514 679
514 672
513 668
514 664
514 657
513 654
513 648
517 640
508 636
513 553
514 550
512 546
511 542
515 534
513 529
515 521
515 516
513 510
514 501
513 496
515 491
516 485
513 481
514 473
514 470
513 466
514 460
513 455
513 450
516 445
513 439
514 433
514 428
514 422
513 417
513 410
516 402
514 397
513 393
516 385
514 380
514 375
513 369
514 363
514 359
513 354
514 347
514 342
513 338
514 333
514 328
514 325
514 319
508 314
514 310
515 305
513 302
513 296
514 291
514 286
513 281
514 277
512 272
514 264
514 262
513 258
626 245
652 241
634 241
632 236
637 231
648 226
658 224
633 219
633 216
659 211
639 208
611 204
648 200
638 197
630 194
636 189
626 187
614 185
632 180
643 177
628 173
620 170
649 166
645 163
631 158
616 156
619 152
600 150
624 148
616 146
567 144
599 143
584 141
595 139
588 139
568 137
561 136
543 134
622 132
549 132
590 130
582 131
567 126
561 126
523 124
625 125
523 123
570 123
580 124
576 119
579 118
537 117
587 115
549 115
548 115
580 113
557 112
550 112
565 112
550 112
569 112
531 112
535 112
557 112
534 111
526 110
542 111
542 111
521 112
524 112
548 113
519 115
512 116
516 117
513 119
513 124
514 126
514 127
513 130
513 131
513 133
513 134
513 136
513 136
514 139
512 139
510 142
513 146
511 147
514 150
514 152
514 157
516 157
513 159
513 164
514 168
514 169
514 172
514 175
513 179
513 182
515 185
515 189
513 193
513 197
513 202
511 208
514 212
513 216
513 221
513 226
513 232
513 238
513 259
514 261
513 264
514 268
514 273
513 276
510 281
514 286
508 293
513 300
515 301
515 307
514 313
516 315
513 324
512 330
514 335
514 340
512 346
514 349
514 357
510 363
514 364
514 371
512 377
514 380
513 388
514 392
513 399
513 405
513 411
515 419
513 425
516 431
512 436
514 444
514 450
512 457
514 459
514 465
511 470
513 473
512 478
514 482
512 488
514 493
513 498
513 505
514 510
511 517
512 524
512 530
513 537
516 543
513 548
515 554
511 559
513 576
514 583
512 587
513 591
512 594
513 599
512 605
512 612
514 617
515 623
513 628
512 636
512 642
514 647
513 654
512 659
512 667
514 670
512 678
516 680
513 685
513 690
513 695
513 701
513 704
513 709
512 714
512 718
513 724
513 730
512 733
513 738
514 742
513 747
508 754
513 763
512 761
513 765
514 771
511 776
512 780
509 786
401 786
375 790
384 794
361 799
361 804
398 809
367 812
390 815
387 819
358 822
400 827
392 832
366 834
387 837
406 842
374 856
407 858
396 861
363 862
404 867
365 870
394 873
400 874
388 875
402 882
408 885
405 888
427 890
410 892
435 894
454 896
453 897
455 898
439 900
421 900
476 903
456 904
467 905
449 907
443 908
462 909
440 910
447 911
444 913
486 914
469 913
464 916
411 916
451 919
477 920
450 920
497 921
454 922
448 921
465 922
482 924
477 922
459 925
478 925
490 925
455 926
497 926
487 927
485 926
489 926
486 925
500 926
471 926
507 925
493 926
491 924
502 924
513 918
513 916
513 914
513 912
508 909
513 908
513 905
513 905
514 902
513 901
515 901
513 898
513 895
514 891
513 893
514 891
514 888
512 884
513 880
514 877
513 874
513 873
513 870
513 867
513 863
514 861
514 857
513 854
513 850
513 847
513 843
513 839
513 834
509 827
513 823
513 818
513 814
514 810
513 802
516 797
513 791
514 788
514 782
514 778
513 772
514 770
512 761
513 757
517 754
512 750
510 734
513 741
512 732
513 727
515 724
513 718
514 712
511 567
512 565
513 557
516 554
514 548
513 543
513 536
514 530
511 524
514 518
514 510
513 504
513 497
514 492
516 488
514 481
515 476
512 471
516 466
514 461
514 456
514 449
513 447
514 441
513 436
516 429
512 425
516 416
514 411
513 406
512 399
515 393
514 387
513 382
515 375
514 370
514 364
514 360
514 354
514 346
514 343
513 340
515 335
514 330
513 326
514 324
510 316
513 310
513 307
513 301
515 296
514 292
514 287
514 283
514 278
513 273
515 268
516 251
594 251
647 250
647 245
679 241
651 236
649 231
643 227
635 224
626 221
659 217
638 213
647 209
658 204
636 202
614 197
645 195
652 190
623 188
632 184
648 180
641 178
618 173
650 171
617 167
594 164
654 160
674 157
597 155
620 152
638 149
623 147
608 145
586 143
562 142
573 140
623 139
571 137
588 136
592 135
561 133
602 133
532 129
586 130
565 128
585 127
572 127
580 125
589 124
544 123
596 122
535 123
577 121
584 119
580 117
582 117
522 116
557 112
553 113
542 112
538 113
556 113
541 112
541 112
537 112
549 112
537 112
539 111
542 112
537 112
527 113
543 113
527 113
519 114
515 115
515 117
513 119
514 122
513 124
513 127
513 131
513 130
513 127
516 133
514 135
514 136
514 137
514 140
514 142
513 146
513 146
513 150
515 152
513 155
514 157
512 160
513 163
512 165
513 168
513 170
513 174
513 176
512 179
514 184
514 188
513 192
513 197
513 202
512 207
516 209
514 215
514 222
513 229
513 233
515 248
513 252
512 257
513 261
513 264
514 270
513 276
514 283
513 287
514 291
513 298
514 302
512 306
513 312
513 317
513 321
513 328
513 333
514 337
513 346
510 352
516 353
513 363
512 366
513 366
515 377
515 380
514 377
516 394
513 394
513 404
509 412
513 414
513 425
514 430
513 435
513 441
510 449
514 453
514 459
512 464
513 467
514 473
513 476
513 481
512 486
514 491
512 498
514 502
513 510
512 516
516 521
514 529
513 533
513 540
510 549
514 568
514 572
514 574
513 562
511 586
513 587
512 593
513 599
513 604
511 610
514 615
514 621
512 628
513 634
515 640
511 646
512 652
516 657
514 663
515 669
512 674
514 679
513 685
512 690
513 696
514 699
514 703
513 708
513 712
513 716
513 722
512 727
514 730
514 736
513 741
512 746
514 751
513 748
514 759
513 765
513 769
513 774
511 779
509 784
426 786
391 789
340 796
365 799
393 803
365 809
363 811
410 814
369 818
366 821
376 826
381 830
367 833
374 848
410 851
372 852
401 855
380 857
424 861
376 864
386 868
360 871
379 874
414 876
387 890
432 884
377 887
404 889
463 893
383 893
412 895
440 897
434 898
476 900
442 901
429 902
429 904
447 905
462 907
429 908
450 909
450 910
465 911
442 913
462 913
470 914
426 916
467 916
456 917
467 918
441 918
462 920
472 922
426 922
477 921
482 924
451 922
483 924
479 925
463 925
466 925
503 925
474 925
469 925
487 925
493 926
472 925
485 924
502 925
480 925
481 922
510 921
515 919
513 917
513 914
513 911
511 910
513 908
515 906
513 904
513 904
513 902
514 900
513 898
513 892
513 894
511 885
514 893
512 891
511 884
527 881
513 878
513 876
513 872
515 870
513 867
513 865
513 860
513 858
514 855
513 851
513 847
513 842
513 838
513 835
513 830
513 824
513 820
513 815
512 810
514 803
512 797
514 792
513 789
515 784
514 778
514 772
513 769
513 766
513 773
513 752
512 745
513 741
508 740
514 734
508 727
514 723
513 699
513 699
513 695
513 691
513 687
515 679
513 676
513 673
513 664
513 662
514 655
513 650
513 645
516 637
513 633
513 623
516 618
513 612
513 604
516 598
513 596
514 586
514 583
513 579
517 572
515 569
512 561
509 560
513 553
512 549
513 544
516 538
513 532
515 526
513 519
513 512
514 506
514 500
512 495
515 487
513 483
515 478
513 472
516 467
514 463
513 458
515 452
514 449
515 445
514 436
513 430
515 425
515 418
514 414
515 407
514 400
515 394
513 372
515 369
513 364
513 360
514 354
513 350
513 345
515 340
515 335
512 332
516 326
514 322
513 318
515 313
514 307
516 303
514 297
514 294
513 289
514 284
514 279
513 275
513 271
514 264
515 260
513 255
520 251
639 245
653 245
647 241
632 237
657 234
662 230
636 226
653 222
653 218
644 213
642 209
645 206
648 203
621 199
651 196
633 192
624 188
642 186
627 182
613 179
628 175
634 171
647 166
627 164
636 161
640 158
625 154
652 152
602 149
573 147
582 141
571 139
593 137
603 136
569 135
591 135
534 133
557 132
617 130
551 129
575 129
572 127
563 126
562 125
564 123
586 123
584 122
554 122
546 119
571 118
553 118
572 116
578 116
554 114
546 114
574 112
560 113
544 112
554 112
553 112
534 115
549 112
555 113
544 112
535 111
548 112
545 112
525 112
552 112
526 113
528 114
528 114
525 115
516 116
514 119
514 120
514 123
514 127
513 128
514 130
514 131
514 133
514 134
513 135
515 138
516 140
514 141
513 151
513 153
514 154
514 156
514 159
513 161
513 164
516 169
513 170
513 173
514 176
514 180
513 183
514 185
514 190
513 196
513 200
513 205
513 210
513 214
514 218
516 226
513 231
514 236
513 239
513 243
513 248
513 255
513 259
513 263
514 268
512 279
514 283
512 285
513 288
514 295
512 301
512 309
514 308
513 315
514 320
513 325
513 332
513 341
515 341
512 349
513 354
513 357
513 366
515 369
513 373
513 380
515 383
515 389
514 395
513 401
514 408
514 430
513 436
514 440
513 445
511 455
514 457
514 462
514 466
513 471
514 476
512 480
513 485
514 490
512 496
514 501
513 507
512 513
512 521
515 527
514 535
513 539
513 545
510 552
513 556
513 562
513 565
511 572
514 577
513 585
512 597
516 591
513 596
512 603
513 608
513 614
512 621
514 626
514 632
513 640
512 645
516 651
513 656
512 662
512 667
513 673
514 677
511 683
514 689
513 693
513 697
513 703
513 706
513 711
513 715
512 720
513 725
513 730
513 749
513 752
511 756
512 760
515 766
513 769
513 773
513 776
511 782
452 784
372 789
368 794
376 797
381 801
397 805
388 809
378 813
368 817
387 820
383 825
344 828
400 832
419 837
362 841
398 843
392 846
389 849
402 853
378 856
394 860
384 863
407 866
421 870
344 874
408 877
437 881
406 884
408 886
390 888
414 891
433 893
486 895
429 897
394 897
474 900
442 901
450 902
462 898
439 904
450 907
436 908
477 909
443 910
445 911
471 912
452 913
442 918
466 919
466 920
448 920
451 920
480 921
477 921
459 922
466 922
466 924
471 919
478 932
481 925
488 925
489 925
457 926
505 925
493 926
471 925
496 925
493 925
493 925
489 925
500 925
499 923
495 923
509 922
515 920
512 918
513 915
513 913
513 910
513 908
513 906
514 905
513 903
513 902
513 901
513 899
513 897
513 894
516 892
511 892
514 887
509 886
513 881
513 879
514 876
513 873
513 871
513 869
513 865
513 862
514 858
514 855
513 852
512 848
513 829
515 827
513 822
513 819
513 814
514 810
512 805
514 800
513 795
513 790
514 784
514 781
513 775
514 770
513 764
514 759
511 755
511 755
515 748
517 742
516 734
515 730
504 724
513 720
513 714
512 708
513 704
513 697
514 692
513 689
513 682
515 674
512 674
513 667
517 661
513 658
514 649
510 644
513 639
516 632
513 629
513 618
512 613
516 608
514 599
513 593
512 588
513 583
517 577
513 574
512 569
514 564
515 563
514 555
513 551
514 545
515 539
512 513
515 508
514 504
514 499
518 494
513 490
514 484
514 478
513 475
516 469
513 465
514 459
515 454
512 449
513 443
513 439
515 431
513 426
513 420
514 415
515 407
512 402
514 396
515 390
513 384
514 379
513 373
514 369
514 362
514 357
513 352
515 346
514 341
513 337
514 332
514 328
514 324
513 320
513 314
514 308
513 304
513 300
514 294
514 289
513 285
514 281
516 276
514 271
513 265
515 259
519 256
516 253
591 250
660 247
642 242
663 238
646 235
637 218
642 215
633 212
648 209
641 206
658 203
647 200
642 196
624 193
606 190
643 186
628 185
608 178
645 176
627 172
672 168
650 164
609 162
651 158
620 155
621 152
603 150
589 147
630 145
600 144
611 143
606 141
529 139
564 137
611 136
585 135
572 134
567 132
580 130
555 129
593 129
547 126
581 127
583 125
568 124
579 122
562 123
597 122
549 120
576 119
569 117
547 116
579 117
575 116
555 116
553 113
542 114
556 112
544 112
544 113
525 112
555 112
531 112
550 113
546 112
537 112
542 112
520 112
525 112
540 113
515 115
519 115
515 114
513 121
514 121
515 125
514 128
514 130
514 132
513 132
512 133
514 135
513 137
513 139
514 142
514 143
513 146
515 148
513 150
515 154
513 156
514 158
513 161
513 164
513 164
514 169
514 172
514 176
514 179
512 181
513 186
513 189
513 193
516 197
514 203
512 208
514 213
513 218
514 223
513 230
513 234
513 239
513 244
513 248
513 255
514 259
513 260
514 266
514 273
513 292
513 297
512 300
513 303
513 309
513 314
513 318
516 324
513 332
513 336
513 341
514 348
512 353
512 357
514 362
511 370
514 371
513 377
511 383
514 386
517 393
515 398
513 407
513 414
514 416
513 428
514 432
513 439
512 447
514 451
513 456
512 461
510 465
514 469
512 475
513 479
513 484
514 488
512 495
515 499
513 506
510 513
514 518
511 527
514 531
513 538
513 545
513 546
513 555
512 561
510 565
513 570
513 576
513 578
513 578
506 591
513 595
513 618
512 622
512 626
511 632
513 637
513 643
513 650
513 655
512 661
514 666
513 672
513 677
512 682
513 687
513 691
513 698
513 701
513 706
512 710
513 714
513 718
514 724
513 730
512 734
516 739
513 744
516 749
513 753
512 758
513 742
515 768
513 773
513 776
512 781
482 783
389 788
395 793
364 796
388 799
399 804
344 808
367 812
372 816
375 819
367 822
380 827
375 831
396 835
391 839
398 842
373 846
390 849
412 853
367 856
387 859
408 863
359 866
416 867
417 881
382 888
423 884
387 888
410 889
472 895
412 895
413 896
447 897
428 899
456 900
438 901
499 903
427 905
422 906
470 907
439 908
422 910
472 911
466 912
451 913
455 913
443 915
436 916
475 918
473 918
445 919
467 921
463 921
451 923
463 923
469 924
482 923
446 920
464 921
485 926
469 925
464 926
497 925
487 925
475 926
489 925
501 927
470 925
477 925
498 925
483 924
489 924
506 927
504 923
514 921
513 918
511 916
513 914
513 910
513 908
512 903
517 901
511 900
513 900
513 899
513 896
513 893
513 891
508 887
512 877
508 882
515 873
513 876
512 874
513 872
513 869
513 865
513 864
513 860
515 856
513 854
513 848
514 844
514 841
513 836
513 833
513 827
513 822
513 817
513 812
513 808
513 803
516 795
514 790
514 785
514 780
517 777
516 771
513 767
514 760
513 757
512 754
511 749
516 741
513 736
513 734
512 728
517 722
513 715
513 710
517 704
514 698
511 694
513 687
514 683
515 677
513 659
512 655
513 650
514 646
513 642
514 634
513 629
516 621
510 617
513 609
517 601
514 598
513 587
511 586
513 580
514 574
513 571
517 565
513 562
512 561
519 552
509 547
513 541
514 535
513 531
516 522
513 516
513 510
517 501
513 494
513 490
514 484
514 481
514 474
512 470
513 464
513 460
514 455
516 450
513 445
516 439
512 434
513 428
515 422
514 415
513 410
514 404
514 397
514 391
514 385
514 380
515 373
511 369
513 364
514 357
513 352
513 347
514 329
513 326
514 322
514 318
514 315
513 310
513 305
515 300
514 296
513 291
513 287
514 282
514 277
514 272
514 268
513 262
515 257
517 254
577 252
644 247
673 244
656 239
625 235
669 231
627 227
650 223
652 219
644 215
658 212
639 208
640 204
630 201
616 197
656 193
630 189
599 186
664 184
615 179
654 176
634 175
596 170
654 168
648 163
638 159
606 155
608 153
658 151
597 147
600 147
577 144
581 142
602 141
564 139
594 137
559 137
559 135
598 135
553 129
595 128
588 126
572 127
589 125
557 124
567 123
567 121
570 123
567 121
592 119
584 118
528 117
568 116
576 116
539 115
556 114
575 114
544 114
540 112
569 112
537 112
543 111
553 111
541 112
532 112
540 112
549 112
527 112
523 113
548 112
534 112
526 114
522 114
515 116
514 118
514 120
514 122
514 124
518 129
513 129
514 130
514 130
515 134
514 136
514 137
513 139
513 140
513 144
514 145
514 147
512 154
513 153
513 156
513 159
514 160
513 163
513 175
514 177
513 180
514 183
513 186
515 188
514 193
513 198
514 201
513 208
513 212
513 217
514 222
514 227
512 234
513 239
514 245
514 247
513 250
513 257
512 263
514 270
513 273
512 279
513 283
513 287
513 292
518 298
513 301
511 308
512 314
514 316
512 321
514 331
514 335
514 339
514 344
514 352
512 356
513 359
513 367
512 372
513 375
510 382
515 384
518 392
513 400
517 402
513 415
515 418
514 426
510 433
513 437
513 446
516 448
510 456
515 458
514 477
513 480
514 482
511 488
513 493
513 499
513 506
517 511
513 518
517 524
513 529
509 538
514 541
511 548
513 555
514 558
511 565
514 568
513 574
512 579
513 582
513 588
516 594
512 597
512 605
513 609
512 618
512 622
517 629
514 633
517 642
511 647
513 652
514 658
512 664
512 670
514 674
513 680
515 685
512 690
513 695
513 700
512 704
512 709
514 712
513 716
511 722
513 728
513 732
514 736
511 743
512 747
512 751
514 756
513 761
513 767
513 768
434 785
383 789
393 792
387 796
399 799
371 802
390 806
375 811
373 815
390 819
371 822
380 825
388 830
374 833
391 837
396 841
382 845
388 848
364 851
387 856
406 858
384 862
363 865
400 868
419 872
377 875
424 878
419 878
370 882
464 888
377 891
410 891
429 891
435 895
493 897
438 898
463 899
428 898
446 902
462 903
420 904
447 907
435 908
489 910
433 911
466 912
465 913
448 914
454 915
442 915
478 917
430 918
448 918
477 919
458 920
453 921
475 922
451 920
467 925
504 930
487 926
484 925
465 924
495 924
488 925
498 925
478 925
490 925
488 925
481 924
499 925
500 923
491 924
506 920
506 921
512 919
515 916
513 914
517 911
513 907
514 907
513 906
513 904
513 902
513 901
513 899
513 898
513 896
513 893
512 891
526 891
516 884
516 882
510 878
511 878
510 874
513 872
513 869
513 866
511 864
513 860
513 857
513 854
513 851
513 844
516 842
513 837
513 832
513 827
513 822
513 818
512 813
514 809
513 804
514 784
513 781
514 777
513 772
513 768
513 762
513 757
513 749
514 750
511 739
513 737
523 727
513 727
517 726
508 719
513 710
514 705
513 702
514 695
513 689
513 686
513 678
517 673
513 671
513 665
513 660
513 656
511 647
511 644
513 636
513 629
513 626
514 614
511 612
513 605
516 596
513 593
515 586
514 582
513 577
514 571
513 567
513 564
518 557
515 555
514 548
515 543
513 537
514 531
513 524
516 518
512 513
513 504
512 499
514 493
515 488
514 482
516 464
516 458
515 455
515 452
513 447
515 443
515 436
516 430
509 424
513 419
517 412
513 405
514 400
513 393
513 387
514 382
513 376
513 372
514 366
512 360
514 355
513 350
515 343
513 339
513 335
513 330
515 326
513 322
513 318
514 312
514 306
514 302
513 298
518 292
514 288
514 284
513 279
513 274
514 269
514 265
515 259
515 256
521 252
652 250
665 246
671 241
665 236
637 234
637 229
672 225
633 222
623 217
681 213
648 210
616 206
672 202
648 188
619 185
633 183
652 181
614 178
657 174
608 170
682 166
646 165
600 161
635 158
613 155
642 152
621 150
608 148
599 145
552 144
639 142
587 141
555 138
605 138
553 136
573 135
593 132
587 132
572 131
584 130
561 128
570 127
548 125
603 124
596 124
556 123
610 121
547 119
551 119
574 118
577 118
576 116
548 116
591 114
567 114
536 113
582 112
544 113
543 112
550 113
542 113
550 112
523 113
566 113
544 112
543 113
551 112
545 113
526 113
532 113
539 117
515 119
514 120
515 122
514 124
513 126
514 129
513 131
513 132
513 134
513 134
514 136
514 139
514 140
513 142
513 145
513 148
513 148
514 150
513 155
513 158
514 160
513 163
517 166
514 168
514 170
515 175
513 177
514 181
513 184
513 189
514 191
514 196
514 201
513 205
513 211
513 215
513 220
513 227
513 233
513 237
514 241
513 246
513 250
514 254
513 258
515 265
513 269
513 276
512 282
513 287
514 291
514 295
513 301
513 307
512 316
514 315
514 340
514 343
514 347
512 350
513 355
512 361
514 364
514 369
513 373
511 380
512 384
511 389
513 396
513 401
512 410
514 414
514 425
513 428
513 434
514 444
517 446
514 454
515 458
513 462
511 469
514 470
513 477
515 480
514 486
510 492
514 496
512 503
514 508
513 515
514 521
514 528
514 534
513 542
514 545
514 551
508 558
513 562
509 568
514 573
513 579
512 582
513 588
513 597
515 601
513 604
513 609
514 615
512 621
513 628
509 634
514 640
513 645
512 669
514 672
515 676
514 679
513 683
514 688
513 693
513 698
513 702
513 707
511 712
513 716
511 721
513 727
512 732
514 736
516 740
514 746
512 750
512 757
514 759
513 763
511 768
513 774
512 778
511 782
442 784
389 789
366 793
366 798
381 802
382 805
379 809
369 812
387 817
377 821
392 825
394 829
363 832
394 836
415 841
344 843
376 845
428 850
383 853
388 856
400 860
386 865
397 867
401 871
391 874
370 878
414 880
428 884
398 889
412 889
429 891
428 901
449 898
482 899
437 901
479 902
449 904
429 905
499 906
410 908
462 908
440 910
453 911
446 912
466 913
485 915
432 916
487 917
436 919
453 919
459 920
448 921
495 921
431 923
469 923
489 924
458 924
470 931
491 925
456 925
485 925
503 925
485 925
480 925
486 926
503 925
480 925
483 926
503 926
482 925
501 925
501 923
508 923
509 922
512 920
513 917
512 915
513 912
513 911
513 909
513 905
513 904
513 904
513 902
513 900
514 897
513 897
513 894
510 883
515 886
513 880
509 879
511 869
514 873
513 870
513 867
514 865
512 862
513 854
514 854
513 851
513 847
513 843
514 839
512 835
513 830
513 826
513 820
513 814
513 809
513 804
513 800
513 794
513 788
513 783
513 779
513 776
512 769
513 765
513 759
514 753
514 749
515 744
519 744
512 734
513 729
516 724
510 720
515 711
513 708
513 705
513 695
514 689
513 687
513 681
514 675
512 672
512 664
510 660
513 658
512 649
511 646
513 641
518 630
512 628
514 600
513 597
513 592
514 586
512 583
516 577
516 574
513 569
519 563
513 563
514 553
503 550
514 544
513 539
515 532
516 525
513 521
516 513
516 507
513 501
514 494
513 488
512 484
516 477
513 474
513 468
514 463
513 460
516 453
513 448
514 442
513 438
512 432
516 425
513 417
514 414
513 407
514 401
514 395
513 390
514 384
515 377
514 371
515 367
514 361
514 356
513 351
513 346
515 342
513 336
513 332
513 327
515 323
510 319
513 314
511 308
514 303
514 286
513 282
514 279
514 275
513 270
513 267
515 260
514 256
518 253
589 251
678 247
642 242
662 237
664 235
646 229
617 225
648 222
657 218
630 215
618 210
660 207
641 204
634 199
649 196
646 193
631 189
660 185
645 182
611 178
654 175
637 174
622 169
653 165
616 161
666 158
625 156
606 153
614 151
559 148
634 145
601 144
575 143
620 141
545 139
604 138
572 137
591 135
562 134
582 132
606 131
546 129
590 128
565 126
604 127
539 124
572 123
605 122
605 120
570 119
571 118
590 115
579 116
544 116
581 115
564 115
552 112
557 114
540 112
560 113
538 112
537 113
558 112
532 112
549 113
560 113
529 113
530 113
547 113
532 113
522 114
528 114
522 116
516 117
515 119
515 122
511 124
514 127
514 129
514 130
513 132
513 134
512 135
514 136
514 138
513 139
515 141
514 145
515 147
513 149
514 151
514 154
513 156
513 159
514 162
514 164
513 168
515 171
513 173
512 177
513 181
513 183
514 188
516 191
514 214
514 213
513 217
513 222
513 227
514 231
513 235
512 240
513 244
513 249
513 255
513 259
513 264
514 269
514 273
513 281
514 285
513 288
513 294
513 301
512 306
513 309
514 314
513 322
515 326
513 333
514 339
514 342
513 348
513 355
513 357
513 365
510 369
514 372
513 378
513 383
513 386
511 396
514 402
522 408
512 414
513 421
512 429
515 433
514 439
511 448
514 451
512 457
512 461
513 467
516 471
514 475
512 480
513 484
513 489
513 495
513 501
513 527
510 533
512 535
510 540
511 545
511 550
514 556
510 562
512 566
514 571
514 577
513 581
513 585
512 592
514 612
515 601
513 608
512 614
513 619
514 625
512 632
511 639
514 644
513 652
512 655
512 662
513 667
514 672
511 678
512 683
514 688
513 692
512 698
513 702
513 705
513 711
511 715
513 719
514 724
512 730
512 735
514 740
512 743
514 749
512 754
513 759
513 764
515 768
512 772
515 771
512 782
445 784
392 787
393 792
364 797
359 802
383 805
364 820
373 824
403 827
361 828
410 832
368 836
