514 165
513 167
513 169
514 171
515 173
514 176
515 180
514 184
514 188
515 192
514 196
513 200
512 204
513 210
513 216
512 221
513 227
514 231
514 236
513 240
513 245
513 251
513 256
514 261
514 264
514 271
514 275
512 282
513 288
513 291
514 295
513 302
513 304
513 313
513 316
514 322
514 328
514 333
513 340
514 348
512 348
511 357
513 361
512 363
514 372
514 375
514 379
513 387
515 390
513 399
513 405
513 412
513 419
513 422
514 431
512 436
514 443
513 817
513 814
515 809
513 805
514 796
512 795
514 789
513 785
514 780
513 776
514 771
513 763
513 757
513 753
513 751
513 743
513 739
513 735
513 729
513 723
514 717
513 715
513 709
514 698
513 697
513 690
513 683
512 682
513 674
519 661
511 666
518 662
516 657
513 651
513 644
514 637
513 630
514 622
513 618
513 612
513 604
512 598
514 591
513 587
513 582
513 576
513 573
513 568
513 562
513 559
514 554
514 549
513 545
514 539
514 532
513 526
514 520
513 545
513 550
513 556
514 560
514 565
513 569
515 575
513 581
514 584
513 590
513 595
514 602
514 607
513 611
513 618
513 624
512 632
513 637
511 644
512 649
513 652
513 661
514 666
511 659
514 677
513 682
513 688
513 693
515 698
513 702
515 708
514 711
513 715
513 720
511 727
513 731
512 735
513 740
511 746
513 750
513 756
514 760
512 764
513 770
513 773
511 778
507 782
330 782
232 786
207 791
186 796
179 801
230 804
237 809
249 813
243 816
244 820
271 836
231 837
271 839
264 843
276 845
275 849
282 853
281 856
262 859
288 862
267 866
218 869
302 872
279 876
272 878
300 881
305 884
316 886
306 889
358 891
326 893
313 894
402 896
333 898
377 899
370 900
398 901
403 904
360 905
405 906
364 908
349 908
421 909
348 916
382 912
421 913
438 914
367 915
381 916
396 917
393 917
435 919
400 920
375 921
427 922
416 922
431 924
444 924
417 925
423 924
452 924
441 925
454 925
450 925
432 924
448 925
477 925
478 925
468 924
468 924
498 924
489 922
496 919
513 924
512 917
513 913
513 911
513 909
513 906
513 905
512 904
514 903
513 901
512 899
513 896
512 896
513 892
513 890
513 889
514 885
513 882
513 879
513 878
513 874
513 871
513 869
513 867
513 863
513 858
514 856
512 851
512 849
513 844
511 844
506 835
511 832
512 831
513 820
513 817
513 812
513 807
513 800
514 794
513 789
513 786
513 781
514 776
513 771
513 765
513 758
514 754
512 751
512 747
513 723
513 720
514 717
513 714
513 708
513 701
513 697
513 693
514 685
513 681
513 678
511 672
511 670
517 662
512 657
512 654
513 644
512 640
515 632
514 624
513 618
513 611
513 607
514 600
514 593
513 589
513 582
512 580
513 573
514 568
513 566
513 558
513 557
513 555
515 544
512 538
512 533
513 529
513 522
513 515
513 509
516 502
513 497
513 490
513 485
504 488
513 473
507 471
512 463
515 457
513 456
510 450
513 445
513 440
513 434
514 428
513 422
513 397
513 393
513 389
514 385
512 378
513 374
513 369
516 363
514 357
513 352
513 346
516 341
513 336
515 333
514 328
513 323
513 318
513 314
514 309
514 303
513 299
515 294
513 290
514 284
513 279
514 276
513 271
514 266
518 260
516 257
525 251
656 249
886 251
878 245
827 240
788 235
813 231
804 228
789 224
779 222
775 216
796 212
757 208
787 204
758 200
749 197
778 192
763 191
711 187
781 184
759 181
738 178
769 174
738 171
752 167
716 165
756 161
779 150
717 149
707 147
642 146
683 145
649 142
665 142
611 139
696 138
622 137
665 135
702 134
602 132
656 131
632 130
660 128
622 128
597 125
647 125
610 124
666 123
632 122
601 121
631 116
633 119
624 117
625 117
617 116
597 115
620 115
614 114
620 113
587 113
563 113
603 113
572 113
572 113
585 110
554 112
569 112
580 113
598 112
546 112
560 112
559 113
556 113
538 114
530 115
515 122
516 120
515 122
516 125
514 128
514 129
515 131
514 132
513 134
513 141
513 142
514 144
513 146
513 149
512 149
512 153
511 156
512 159
513 158
514 164
513 168
513 170
513 172
514 176
514 179
514 181
514 185
514 190
512 192
514 198
511 203
512 207
514 214
514 219
513 223
514 229
513 235
514 239
513 244
514 247
513 252
513 258
512 263
514 267
514 272
514 279
513 284
513 289
513 293
514 298
513 304
514 310
513 314
514 319
514 325
514 331
514 336
514 343
513 349
515 351
512 359
513 365
513 366
512 374
511 376
517 383
513 405
511 412
513 416
512 421
514 426
512 435
514 438
514 447
514 451
514 457
515 460
514 464
514 470
513 472
513 480
516 482
514 488
514 493
513 500
512 504
512 511
511 518
513 524
514 532
514 536
512 544
513 548
513 555
512 558
513 563
511 570
514 572
512 578
513 585
511 588
512 594
513 599
513 605
513 612
514 616
515 623
514 629
514 636
513 641
513 647
513 653
514 660
512 665
514 670
511 660
513 681
514 686
513 691
513 697
513 702
513 705
514 709
272 819
210 823
251 828
283 818
281 834
265 838
274 842
278 844
270 848
217 852
279 854
305 859
257 862
291 865
267 868
272 871
276 875
282 878
331 881
251 883
286 886
346 889
359 889
395 892
350 894
371 896
356 897
380 899
360 900
386 901
390 904
353 904
396 906
359 907
433 908
426 910
377 927
399 911
375 912
401 914
366 915
399 916
406 917
370 919
419 918
442 921
395 921
402 922
428 923
422 923
442 924
441 921
424 925
446 925
441 925
450 924
462 925
447 925
452 925
452 925
453 925
461 924
473 924
495 924
475 923
487 917
503 918
507 900
514 915
513 911
511 909
512 907
513 906
513 904
513 903
513 901
513 900
513 899
514 895
513 893
513 892
513 888
513 885
513 884
513 881
513 877
514 875
512 872
513 870
512 867
513 864
513 862
513 857
512 853
512 849
513 846
513 841
505 832
511 843
514 827
516 823
511 817
513 812
513 806
513 802
513 799
513 794
513 788
513 782
513 776
513 771
513 768
514 762
514 756
512 740
513 735
513 730
513 725
513 722
512 718
513 709
513 703
513 697
513 694
511 688
513 682
511 679
513 672
514 666
517 659
513 661
518 656
510 651
514 640
513 635
514 626
513 622
513 612
513 608
513 602
514 594
513 588
512 584
511 579
513 573
514 567
513 567
515 561
513 557
514 553
513 547
513 542
513 536
514 528
514 523
513 517
511 511
514 503
514 498
513 493
514 486
513 481
513 476
514 476
499 467
513 462
513 456
513 453
513 447
514 442
513 434
514 411
514 408
514 404
513 400
514 395
514 388
514 382
513 377
515 369
512 365
513 359
513 353
513 348
506 343
513 338
514 333
513 329
514 325
514 321
513 315
514 310
513 305
513 300
515 295
513 289
516 281
513 280
514 276
514 272
514 266
515 261
515 258
519 252
607 250
806 251
874 248
844 241
805 237
808 233
810 228
762 224
800 220
796 216
766 212
799 209
793 205
754 201
756 198
734 194
755 191
723 188
746 185
728 181
759 179
808 175
717 172
738 159
745 156
741 155
727 153
706 151
690 148
709 147
636 145
648 143
692 141
628 140
691 139
615 137
648 135
658 134
630 133
651 131
612 130
631 128
672 128
627 126
659 126
629 125
637 123
582 122
620 121
655 120
623 119
627 118
626 117
624 117
611 116
609 115
631 114
607 114
566 111
593 113
602 113
579 113
593 113
564 113
572 113
575 113
581 112
560 115
551 112
560 113
556 113
560 114
547 114
527 115
521 117
515 119
514 122
514 123
514 127
514 129
514 135
514 137
514 138
514 138
516 140
514 143
513 144
514 146
514 149
513 151
513 154
512 156
515 158
513 161
514 164
512 167
513 171
514 173
513 176
514 180
515 183
514 188
515 192
514 196
514 201
515 207
514 210
514 215
515 222
514 226
513 231
514 237
513 242
513 248
514 253
513 249
513 261
514 266
514 271
513 277
513 283
514 286
514 293
514 297
513 302
513 308
513 312
513 318
514 325
513 329
512 334
514 341
513 347
514 350
514 356
513 363
513 366
514 388
512 393
512 399
514 403
512 409
515 410
514 420
512 425
513 430
513 439
514 445
513 450
514 454
513 460
514 464
513 468
513 474
513 477
515 481
513 487
512 492
513 498
514 503
513 510
513 516
512 522
510 529
514 535
512 541
512 548
514 551
513 558
514 562
514 568
513 571
513 576
512 582
514 588
513 593
513 597
514 604
512 610
513 616
514 621
513 628
513 634
513 642
516 646
513 652
514 658
514 663
513 669
513 675
511 680
514 685
513 691
513 696
513 713
513 717
513 721
513 725
515 730
513 735
516 739
513 742
511 748
513 752
513 757
514 762
511 768
512 773
512 777
511 780
465 781
287 784
218 788
209 793
224 798
217 802
187 807
190 812
237 815
261 819
251 823
240 826
248 820
261 833
257 837
277 840
279 844
283 847
249 850
257 853
281 857
264 861
286 864
241 867
267 870
302 874
264 877
314 879
315 881
339 885
344 888
265 891
364 892
342 893
320 894
430 897
365 898
395 900
369 901
374 903
346 904
379 908
372 910
361 919
385 911
394 913
414 914
377 915
381 916
383 917
407 918
406 919
390 920
418 921
414 921
395 922
443 924
429 923
410 925
411 925
435 924
472 925
446 924
450 925
444 925
449 925
464 924
463 925
458 924
432 925
479 925
479 924
482 924
477 922
501 922
501 920
513 917
512 909
513 912
513 910
513 909
512 906
512 905
512 906
513 902
514 900
513 898
514 897
513 895
514 892
513 888
513 887
513 884
511 881
513 878
515 876
512 872
512 870
513 858
513 857
513 855
513 850
514 848
513 842
514 838
512 831
501 823
513 825
512 815
513 812
514 807
513 803
514 800
513 794
513 788
513 782
514 777
513 773
513 770
514 764
517 757
513 752
513 749
513 744
513 739
513 734
514 728
513 722
513 716
514 711
513 705
514 699
513 695
513 689
513 683
514 678
513 674
513 670
513 666
515 662
512 653
515 651
514 641
513 636
513 629
516 621
512 617
513 608
513 604
514 597
510 591
513 585
513 581
513 576
514 572
513 554
513 551
513 548
514 542
513 538
513 531
515 524
513 517
515 511
511 506
513 499
513 493
513 487
514 483
513 479
527 473
512 459
520 464
510 451
523 455
512 443
523 443
514 437
514 431
514 425
513 419
514 413
514 407
514 401
512 395
513 388
514 383
514 377
513 372
515 365
514 361
514 354
511 350
513 345
514 339
513 334
513 331
514 326
513 321
513 317
513 311
513 306
513 301
513 296
513 291
512 289
512 285
514 277
513 273
515 268
513 263
515 259
927 249
909 245
880 241
836 238
799 234
792 229
793 226
777 222
797 217
769 213
760 209
742 204
777 202
771 198
726 195
764 192
764 189
748 186
760 182
736 178
720 175
800 172
755 169
734 165
744 162
726 159
794 156
738 153
716 151
699 149
639 148
685 146
653 144
670 142
641 140
661 138
689 138
630 134
674 134
634 133
633 132
648 131
627 129
650 128
640 127
634 126
629 125
653 124
627 122
622 121
625 120
646 118
620 117
618 116
612 117
609 115
610 115
596 112
589 113
570 113
588 112
571 112
566 113
582 112
588 112
562 113
583 112
552 112
553 113
564 113
550 113
545 114
528 116
527 116
514 118
515 120
514 124
514 126
515 126
514 130
514 131
512 133
514 134
511 135
513 138
512 139
514 141
514 143
515 148
515 150
514 152
514 154
515 156
515 159
513 161
514 166
514 168
514 171
514 173
514 176
517 180
514 184
513 187
513 192
512 197
514 202
514 204
514 209
515 214
513 221
513 226
514 231
519 235
514 257
518 261
514 264
511 266
513 270
514 277
513 282
514 285
513 291
514 296
514 302
513 307
514 312
513 316
514 323
514 329
513 333
513 339
514 346
513 348
513 356
514 361
514 364
514 371
512 378
513 382
513 387
511 391
512 396
514 404
512 411
514 417
512 423
513 431
513 437
513 442
514 450
514 454
514 458
512 465
514 463
512 473
515 474
513 483
512 490
513 489
513 498
514 501
514 508
517 514
513 520
512 528
514 536
514 541
513 547
515 551
514 556
513 577
513 580
513 584
514 587
513 592
513 596
514 601
514 610
514 614
513 620
513 625
513 632
512 639
515 645
513 650
512 657
513 662
513 668
515 673
513 679
519 692
517 689
514 694
514 699
513 704
514 707
514 712
513 718
514 723
513 727
514 732
512 737
514 742
513 747
513 751
513 757
512 762
514 766
513 770
513 775
510 782
509 783
285 782
216 788
173 790
231 796
245 801
192 805
197 810
240 815
254 818
255 821
264 825
209 829
267 852
278 835
281 841
240 853
292 856
296 859
294 861
287 864
289 867
299 870
258 873
250 876
308 879
325 882
293 885
307 887
319 889
359 891
394 893
318 894
373 896
340 898
400 899
388 902
364 901
441 904
379 905
425 906
333 908
396 908
407 910
353 910
422 908
399 918
412 914
367 916
439 917
399 918
402 920
409 920
393 920
417 921
418 922
438 923
409 924
397 923
449 924
419 925
454 924
466 925
419 925
471 924
461 926
485 925
452 926
455 924
458 924
459 925
478 924
478 924
483 911
516 913
517 904
512 911
512 910
513 908
513 907
513 906
513 904
513 902
514 900
512 898
513 896
512 894
514 891
513 889
513 888
514 885
513 882
514 880
513 876
513 874
514 871
513 870
513 865
512 862
513 859
513 855
512 852
513 848
513 845
513 840
513 826
511 830
520 824
511 822
512 815
514 810
513 803
513 799
510 795
513 790
513 786
512 781
513 776
514 769
514 764
514 757
512 756
513 750
513 744
513 740
513 734
514 731
513 722
514 718
513 715
513 691
514 687
513 683
513 680
513 675
514 668
514 665
510 663
507 654
509 648
510 643
513 619
513 632
513 623
512 617
513 612
513 603
513 599
513 592
512 588
513 582
513 577
513 572
512 568
514 565
515 559
513 555
515 550
512 545
513 539
514 533
514 527
517 519
514 514
513 507
513 499
512 495
513 490
515 483
516 480
513 473
494 470
514 471
519 463
518 456
513 449
514 445
515 437
515 432
513 427
514 421
513 414
512 409
513 403
514 396
514 390
512 385
513 361
514 358
514 355
514 351
513 345
513 341
513 336
515 331
513 326
513 324
514 321
514 312
513 306
514 302
513 298
514 293
513 288
513 282
531 275
513 274
514 269
513 265
514 261
516 256
523 251
650 249
892 251
863 245
862 239
855 235
826 229
821 226
780 221
791 217
753 214
768 210
773 207
766 203
777 199
755 196
716 194
751 190
793 186
751 182
728 180
746 177
814 173
750 170
710 166
788 163
728 160
761 157
764 155
642 151
717 150
703 149
708 145
666 139
685 137
658 139
666 136
628 135
644 133
668 131
673 131
563 129
661 128
627 127
647 125
640 128
636 124
634 123
602 122
630 120
641 120
623 118
628 119
615 116
614 115
627 115
614 115
583 114
614 115
596 113
586 113
583 112
582 113
572 112
574 112
590 112
583 111
567 112
546 113
550 112
576 114
543 113
561 114
540 115
526 116
517 117
514 120
514 122
514 125
514 128
514 130
513 131
514 132
514 134
513 135
516 138
514 139
514 141
514 144
513 146
513 158
515 157
513 159
513 161
512 165
513 167
512 169
513 173
514 177
512 178
514 183
513 186
514 191
513 194
513 199
514 202
513 209
513 214
515 220
520 224
513 229
514 234
514 239
513 245
513 250
513 254
514 259
513 265
513 272
516 276
513 280
513 284
514 290
513 297
513 299
513 305
512 307
514 314
514 320
514 328
513 333
511 337
514 344
512 349
513 353
513 362
514 367
513 367
513 375
513 378
514 385
514 391
514 396
514 402
513 410
513 416
513 423
513 446
515 452
513 452
513 457
513 463
513 465
513 469
512 476
514 479
514 483
512 490
513 494
513 502
512 508
515 512
513 520
514 526
514 532
512 540
514 545
513 549
514 554
513 560
514 565
514 569
515 574
513 580
509 584
514 590
513 596
513 601
514 607
513 615
514 618
513 626
509 632
514 636
513 644
512 650
513 657
513 661
513 666
512 672
512 678
513 680
519 689
513 693
513 698
514 703
514 706
514 712
514 716
512 721
514 725
513 731
513 737
513 755
514 759
513 762
515 765
512 770
511 775
512 779
509 783
325 781
238 786
212 792
210 795
208 799
207 805
212 809
212 813
270 815
262 821
207 825
224 828
280 832
255 843
236 838
270 842
272 845
269 849
295 852
285 857
262 859
274 862
291 866
253 869
251 872
293 875
320 879
293 881
293 883
314 887
341 889
336 890
368 894
303 896
341 897
397 899
370 899
407 902
368 902
348 903
395 905
386 906
428 908
381 909
416 909
401 911
401 905
362 914
404 914
374 918
393 919
398 920
409 920
417 922
410 922
395 924
446 924
409 925
430 925
453 925
447 925
432 925
436 925
452 925
454 925
450 925
471 927
443 926
468 926
483 926
486 924
453 925
475 925
490 923
510 921
512 907
511 917
510 909
518 910
513 909
513 907
512 905
513 904
513 903
514 902
513 899
513 898
512 896
516 894
513 890
513 887
514 885
513 883
513 879
513 877
513 875
513 873
513 869
513 866
513 863
513 860
513 855
513 852
514 848
512 845
512 841
512 818
516 817
524 812
515 809
513 807
513 799
513 793
514 791
516 785
513 780
516 776
513 774
514 767
513 761
514 754
513 750
513 746
513 742
509 736
515 732
513 724
513 721
514 715
513 709
512 702
513 698
513 693
514 686
513 681
512 679
513 672
507 667
513 663
517 658
522 654
515 647
513 637
513 623
513 624
513 618
513 613
514 605
512 601
514 593
513 586
513 583
514 577
507 576
513 568
513 566
513 560
509 556
513 553
511 545
512 541
513 534
514 528
513 501
513 498
513 494
512 490
513 486
516 479
512 475
513 472
518 467
517 467
514 458
514 444
517 449
518 443
514 435
513 429
514 424
514 416
513 411
508 404
513 398
508 392
513 385
514 379
514 375
513 368
513 363
514 357
514 352
514 348
513 342
514 337
513 333
514 328
513 323
514 319
513 316
508 309
514 302
513 298
514 294
513 289
513 284
508 283
514 277
514 271
513 266
515 261
518 260
521 252
642 250
787 251
896 246
875 240
845 235
826 232
796 227
805 212
765 210
764 207
752 204
752 203
743 197
757 194
773 191
747 189
744 183
763 182
764 177
745 174
777 171
727 167
753 164
751 161
738 160
752 155
684 153
717 150
685 149
633 146
697 144
604 143
688 141
675 140
663 138
635 137
597 135
663 133
573 133
695 131
636 130
632 128
673 128
621 126
626 125
581 124
644 123
632 122
656 121
613 120
613 119
631 117
587 117
641 116
592 115
619 114
607 114
583 114
593 114
593 113
569 113
575 113
561 113
595 112
553 112
574 111
559 112
563 113
549 114
536 114
541 114
535 117
515 118
515 120
514 123
514 127
514 128
514 132
513 131
514 132
514 135
514 134
513 136
513 139
514 141
513 143
507 145
514 149
517 149
512 154
513 154
514 158
514 160
515 163
513 166
513 168
513 170
513 175
514 178
513 181
514 187
514 191
513 194
515 198
515 202
515 208
515 213
514 218
513 224
514 228
514 233
514 237
514 242
516 247
513 253
512 258
513 265
517 267
513 274
514 279
514 284
514 300
513 306
513 310
513 313
513 318
513 325
513 333
512 334
514 343
513 351
513 352
513 359
512 365
514 367
513 373
513 377
513 381
513 390
514 394
514 400
513 408
516 413
513 421
515 427
515 435
515 440
513 444
514 452
513 458
514 460
512 464
514 468
513 474
513 478
513 484
513 489
514 492
512 503
515 504
513 512
513 518
513 524
512 532
515 535
513 543
513 548
515 552
513 559
514 563
512 568
512 574
514 578
513 583
514 589
508 595
514 602
514 606
513 628
513 632
512 637
513 642
512 648
514 656
513 659
513 665
513 672
514 675
513 681
513 690
509 692
507 697
515 703
514 706
514 709
514 714
511 720
513 725
514 727
513 735
512 740
514 745
514 749
514 753
512 758
514 764
514 769
513 774
512 778
509 783
299 783
226 784
211 791
200 795
238 799
198 806
275 808
276 811
231 816
240 818
251 822
235 828
254 831
249 835
274 838
264 841
270 845
275 848
242 852
266 855
259 858
251 862
279 865
279 868
286 871
304 884
303 886
275 886
319 890
310 891
342 892
365 895
347 897
395 897
367 901
395 900
380 902
338 904
408 905
365 906
404 907
374 908
421 910
410 911
380 911
384 912
356 909
436 923
434 915
392 917
388 919
387 919
358 920
432 921
467 922
372 923
407 923
437 924
440 923
435 925
433 925
433 924
452 925
429 925
482 924
437 926
461 924
430 925
494 922
440 925
459 925
465 925
486 923
501 923
503 923
506 920
512 920
522 912
515 909
513 909
515 907
513 901
506 900
513 898
513 898
513 896
513 893
513 892
514 889
514 886
513 883
513 880
513 878
516 875
513 872
513 870
513 867
513 863
513 860
513 857
513 854
513 848
513 845
514 839
513 837
507 832
513 828
504 814
512 820
516 808
512 808
513 801
514 797
510 794
514 787
513 782
513 777
512 773
513 767
513 763
513 754
513 751
516 748
513 743
512 736
513 730
513 726
513 723
514 716
514 710
513 704
513 696
513 693
513 690
513 679
514 678
513 675
513 667
517 649
511 639
507 633
516 640
515 626
513 621
507 613
513 608
513 601
514 595
514 589
514 583
513 580
513 576
513 570
513 567
513 562
514 557
512 553
513 546
512 541
515 537
516 530
515 522
512 517
513 510
513 504
513 498
514 491
514 487
512 481
513 476
514 471
513 472
514 461
506 459
513 452
506 448
512 445
516 434
515 429
514 424
513 417
517 412
514 406
513 399
513 394
514 385
514 381
513 375
513 369
515 364
514 360
513 354
514 348
514 343
513 339
513 315
513 316
513 313
514 309
513 304
514 300
513 295
514 291
514 285
513 282
514 279
514 271
514 267
517 261
515 257
517 252
595 251
653 250
934 247
907 241
851 236
799 232
777 228
821 224
768 220
768 216
829 212
773 208
751 205
793 201
778 198
755 194
726 191
737 188
746 185
751 181
781 178
715 174
755 171
789 168
753 165
755 162
694 159
711 155
756 153
703 151
703 149
626 146
677 144
728 144
649 143
638 140
591 138
657 137
661 135
696 133
636 134
660 127
629 127
653 126
615 129
589 124
651 123
643 122
643 120
628 120
563 118
659 118
598 117
611 113
645 115
597 115
590 114
636 113
593 114
577 112
582 113
598 112
562 112
583 113
563 113
581 111
558 112
578 112
566 112
556 112
541 113
564 113
546 114
526 116
519 116
515 119
514 121
514 124
514 126
513 128
514 131
513 132
514 133
514 135
513 137
514 138
514 140
514 142
514 145
513 148
516 148
515 153
517 154
513 157
513 159
515 163
519 165
513 168
514 180
510 183
511 187
513 190
514 194
512 198
514 203
514 206
514 212
513 216
513 224
513 231
514 233
507 235
514 239
511 245
514 253
513 257
514 261
514 266
494 273
512 278
513 281
514 287
513 294
513 299
514 303
514 307
514 312
513 317
514 325
513 331
516 334
514 340
514 348
513 351
514 359
513 363
513 365
513 372
512 379
514 380
514 391
513 392
513 398
513 407
514 412
514 422
515 426
514 431
513 439
513 445
514 449
514 455
513 459
513 464
514 468
513 486
514 490
514 495
512 502
513 502
514 509
513 518
509 523
513 529
513 536
514 542
513 547
514 552
511 559
513 562
513 568
514 571
514 578
513 583
514 588
513 593
513 598
514 605
512 610
513 615
514 621
513 628
513 634
513 639
514 646
513 654
513 658
512 663
514 668
512 676
512 681
513 684
513 687
507 695
513 702
514 704
514 709
513 714
513 718
513 724
513 729
514 734
513 739
513 743
513 748
513 753
513 758
513 762
513 767
514 772
520 776
509 781
187 793
230 796
241 798
245 802
232 806
248 811
216 814
219 819
248 822
275 826
235 830
223 833
289 837
295 836
257 844
284 847
270 850
290 854
307 857
258 861
288 864
252 867
283 870
298 874
241 878
292 880
319 883
281 886
340 888
317 890
353 892
364 893
391 895
374 897
300 898
350 899
414 903
399 903
412 903
358 906
406 906
381 908
376 908
392 906
359 912
454 912
363 912
391 914
386 916
355 917
386 918
409 919
453 920
362 920
387 921
441 923
429 923
457 924
441 921
412 925
444 924
440 925
443 924
448 925
466 925
457 923
463 925
465 925
450 925
468 926
492 923
473 923
492 922
512 919
513 918
512 915
507 912
522 899
508 906
512 906
513 906
513 903
513 902
513 901
513 898
513 895
514 894
513 892
513 889
513 887
513 884
513 882
514 878
513 876
513 873
513 872
513 867
513 863
513 861
513 858
513 855
513 851
513 847
513 844
513 838
513 835
512 829
512 824
509 822
520 813
517 817
513 803
513 796
513 792
508 773
513 769
513 768
513 763
513 758
513 752
513 748
513 744
513 740
514 732
513 728
513 724
513 717
514 711
513 708
513 699
514 693
511 691
513 681
513 676
513 676
513 667
513 663
513 658
514 652
512 656
515 644
509 629
516 636
509 621
512 617
513 610
514 602
512 597
514 589
513 586
512 580
515 574
513 573
513 565
512 563
513 559
515 553
514 549
514 543
512 537
513 531
512 525
514 518
514 510
513 506
514 499
514 494
513 486
515 482
513 478
513 451
508 458
520 452
516 446
513 443
515 442
508 431
514 425
514 417
512 412
512 407
514 400
514 394
513 389
513 383
514 377
514 370
512 367
513 360
514 354
513 349
512 343
513 339
513 334
513 330
513 326
514 321
510 316
511 311
508 307
514 300
514 295
513 292
513 288
514 282
514 276
519 263
514 264
515 262
515 256
520 254
526 250
649 247
918 248
899 244
821 238
825 234
801 230
789 227
794 221
808 218
772 213
786 209
767 204
745 202
765 198
750 195
718 182
787 179
745 177
739 175
784 172
727 169
722 165
753 162
736 158
750 156
725 154
709 151
726 148
661 146
699 145
669 143
615 141
682 140
616 139
649 137
695 136
617 134
668 133
632 131
649 130
642 128
638 127
632 127
614 126
677 124
604 123
601 123
601 121
634 120
638 119
645 118
625 117
570 116
614 115
634 115
596 113
619 114
563 114
606 113
579 113
597 112
595 113
549 112
562 112
