767 206
784 204
769 201
759 199
760 196
757 194
727 190
744 186
781 183
759 180
740 176
747 173
793 169
750 167
764 163
759 160
714 161
750 154
717 151
681 149
728 147
672 146
665 143
648 142
659 140
653 139
638 136
645 137
679 135
646 133
672 132
618 129
602 129
654 129
616 126
639 126
617 125
654 124
633 122
635 121
614 120
644 119
644 118
604 117
633 116
618 116
615 115
608 114
592 114
598 113
589 113
598 112
569 113
577 113
605 113
555 112
581 112
226 802
215 805
220 809
237 813
282 817
225 820
243 824
254 828
236 831
281 835
273 838
249 841
296 846
253 850
247 852
281 855
254 860
255 863
234 867
279 868
313 873
244 875
289 879
289 884
277 885
323 886
315 889
319 891
366 893
405 895
377 896
346 898
360 899
406 900
360 904
365 903
401 905
385 905
419 908
396 909
381 910
396 911
386 912
393 913
391 914
407 915
410 915
400 919
381 919
403 920
418 921
401 921
411 922
423 922
418 922
432 924
437 924
513 178
513 183
514 187
513 191
514 195
514 199
514 202
514 210
513 217
514 222
514 226
514 230
513 234
513 238
514 244
514 248
515 254
514 258
516 264
514 269
513 273
514 283
517 285
514 290
515 294
513 300
514 305
513 311
514 314
514 319
513 327
513 334
514 337
513 343
514 349
514 354
513 358
515 364
512 369
514 370
514 378
513 385
514 387
514 399
513 401
514 409
511 416
514 421
514 429
513 433
514 440
513 447
514 451
513 457
515 461
513 467
514 468
514 489
513 494
513 496
513 500
515 507
513 511
513 519
512 526
512 532
513 538
513 544
514 549
512 556
513 560
513 564
512 571
512 575
514 579
513 585
514 590
513 596
513 600
514 606
513 612
512 619
514 624
512 631
512 637
513 644
516 650
514 655
513 662
513 666
515 672
514 678
513 683
513 687
514 693
513 698
513 703
513 707
515 709
514 715
512 720
513 724
514 729
513 735
513 741
513 744
513 749
514 753
515 758
512 764
514 770
513 773
514 778
510 782
222 795
226 798
251 800
267 803
220 809
257 811
237 815
228 819
234 825
233 828
223 830
264 834
276 838
227 841
279 844
295 848
261 851
272 857
269 857
254 861
273 865
291 868
265 871
273 875
276 879
281 883
312 900
345 886
298 889
334 890
344 893
374 893
380 897
354 898
392 898
391 900
381 902
371 903
403 904
374 905
406 907
375 908
359 909
392 911
390 911
410 912
380 914
402 916
375 917
415 918
404 919
400 920
407 920
407 922
413 922
418 923
397 924
445 925
435 921
427 923
447 924
444 924
460 925
465 924
458 925
457 925
463 924
448 925
496 923
456 924
480 924
490 922
508 920
513 918
512 916
511 913
513 911
513 908
512 907
513 905
513 903
513 902
513 901
514 899
513 897
514 895
512 893
514 890
512 887
513 885
513 881
513 880
513 875
512 866
513 872
513 869
513 865
513 862
513 858
513 856
513 849
512 848
513 846
513 840
513 835
513 830
512 826
513 821
513 817
514 812
512 806
514 800
513 795
513 777
515 773
513 768
513 764
513 760
513 755
513 751
514 744
516 739
510 739
516 732
513 725
513 718
513 714
513 709
513 703
513 697
513 694
513 686
513 680
513 677
513 672
514 668
514 662
511 657
513 650
511 646
513 641
512 630
512 629
513 619
515 613
513 607
514 601
513 595
513 587
512 585
513 578
514 574
512 570
516 573
514 561
514 556
508 552
513 545
513 542
513 535
513 528
511 523
518 511
513 509
514 502
513 497
514 491
513 485
514 480
513 476
514 455
509 452
514 448
515 444
513 440
513 435
513 428
513 424
515 416
514 408
514 405
515 397
514 392
514 387
506 384
513 376
504 369
513 364
515 359
514 353
513 349
513 343
513 338
513 333
513 330
513 325
514 320
514 314
514 310
513 306
514 300
513 295
513 291
513 287
515 282
514 277
513 271
513 267
513 263
515 257
519 254
641 252
778 250
818 244
769 240
792 236
781 232
784 229
805 237
782 221
772 230
803 217
786 211
752 204
780 202
769 198
774 195
754 182
752 181
768 176
777 177
768 172
775 168
754 164
726 162
764 158
769 156
715 154
679 150
697 148
683 147
673 144
670 144
664 142
669 140
634 137
666 137
640 136
657 135
644 133
662 132
642 130
656 129
669 128
604 127
628 125
633 124
638 123
628 126
614 121
616 120
628 119
652 118
612 117
582 116
637 115
631 115
590 115
575 114
612 113
582 113
570 112
599 113
579 112
578 112
572 113
559 109
586 112
558 113
571 112
555 114
556 113
554 115
550 114
512 122
514 122
514 125
513 128
514 129
514 130
514 132
514 134
513 135
514 136
514 139
514 141
513 141
514 145
514 148
515 150
513 153
513 156
513 158
515 161
513 164
513 166
513 169
514 173
513 175
513 179
514 182
514 188
514 190
513 194
514 197
514 203
513 209
514 214
513 219
514 224
513 228
513 234
515 239
514 242
513 246
513 251
513 257
514 263
514 268
514 273
514 278
513 284
512 289
513 293
514 298
513 304
513 309
513 312
514 319
513 325
513 331
514 471
511 478
513 481
511 486
514 492
514 500
515 504
514 511
512 517
513 523
512 531
515 536
513 543
513 548
513 553
514 559
514 563
511 569
513 572
514 579
513 583
514 589
516 594
513 599
513 605
509 612
513 616
515 622
513 629
513 635
514 641
514 647
513 652
511 658
513 664
513 669
512 675
513 682
514 686
514 691
513 697
514 701
512 705
513 708
513 713
513 719
514 723
514 728
513 734
513 739
512 745
513 747
513 752
513 758
514 763
514 766
515 772
343 786
286 788
273 791
273 793
255 799
251 802
261 806
220 809
247 814
241 818
227 821
236 825
251 830
247 833
258 838
249 839
289 843
257 847
248 851
285 854
257 858
277 860
285 865
250 867
291 870
270 874
253 877
274 880
299 883
310 872
300 888
322 889
346 892
386 893
366 895
356 895
385 899
337 899
405 899
364 902
375 904
370 905
378 907
381 908
363 909
387 913
388 912
405 912
386 914
413 915
410 916
387 916
380 917
393 918
399 920
431 921
416 921
449 924
452 925
438 923
455 924
435 928
453 926
440 925
458 924
457 926
463 925
463 925
444 924
470 924
474 923
463 924
459 922
503 922
504 920
511 920
512 917
511 914
513 911
512 909
513 907
513 906
513 903
513 902
512 901
512 901
513 897
513 896
513 889
513 890
513 888
513 886
513 883
513 879
513 878
513 873
513 875
515 870
514 866
513 864
513 861
514 857
513 853
513 849
513 846
513 841
513 837
514 832
517 827
512 823
513 817
513 813
513 807
513 803
513 782
513 780
513 778
513 772
513 766
513 761
513 756
514 752
514 747
513 745
512 751
519 726
515 734
513 723
513 715
513 709
515 704
513 699
513 693
513 689
514 682
513 679
514 672
513 668
514 663
513 660
510 654
514 647
511 642
513 634
514 630
513 623
508 613
512 611
514 603
512 596
514 590
513 586
516 580
515 576
513 571
516 566
515 569
514 561
522 554
514 550
516 542
513 537
515 531
514 524
513 517
514 510
513 504
514 499
514 493
513 486
514 467
513 463
513 459
515 457
513 453
514 446
513 441
513 436
514 430
513 423
514 418
515 412
514 406
514 398
513 393
514 388
515 381
514 378
513 360
511 366
512 354
528 356
513 349
514 343
514 340
513 334
513 330
513 326
516 321
514 317
513 312
514 306
514 301
513 297
514 292
513 287
514 283
514 279
513 273
514 267
516 263
515 258
517 254
623 252
743 251
765 246
789 242
779 239
782 235
772 231
810 226
772 219
776 218
809 213
787 211
756 206
792 204
756 189
768 187
749 184
734 183
787 180
728 175
759 173
794 169
760 166
742 162
761 160
704 157
733 153
708 151
736 148
710 148
657 145
691 141
654 142
664 141
632 138
636 139
659 136
698 135
636 133
611 131
655 131
651 130
665 125
598 126
636 126
626 125
631 125
630 122
640 121
630 120
608 119
614 118
625 118
614 116
648 117
588 115
587 114
619 114
585 114
587 113
593 113
583 112
560 112
598 113
558 112
588 112
542 112
593 113
548 112
567 113
547 113
566 119
515 118
514 120
514 122
514 125
514 127
514 130
508 131
514 132
506 133
514 135
514 137
514 139
512 140
513 142
514 145
513 148
513 149
514 152
514 155
514 158
515 160
514 162
512 166
513 168
516 171
514 175
513 178
513 181
513 185
514 189
513 193
517 197
514 202
514 206
513 211
514 216
514 221
513 227
514 231
513 237
513 242
514 246
513 253
513 257
513 263
512 267
514 273
514 276
514 283
516 287
514 292
514 298
513 303
514 307
513 311
514 316
513 341
513 345
513 348
513 352
513 356
507 361
514 364
514 371
513 376
514 380
512 385
514 392
514 398
513 405
514 412
514 417
513 423
514 428
515 437
515 443
515 449
513 454
515 457
512 464
514 467
511 473
513 475
514 483
511 487
514 489
513 500
516 502
514 508
510 516
513 521
510 529
515 534
514 542
514 546
514 552
511 558
513 561
512 567
513 571
513 577
513 579
513 587
513 592
513 596
513 604
514 609
512 615
511 620
512 628
513 633
514 639
513 646
507 667
514 672
512 676
513 679
514 684
513 690
513 695
513 699
513 704
513 708
513 714
513 717
513 721
513 727
513 732
515 737
513 742
513 747
514 753
514 756
513 761
513 766
513 771
513 775
515 791
465 782
356 787
268 790
225 793
259 797
271 802
196 805
235 809
284 814
240 817
235 821
271 824
238 828
240 833
251 836
247 839
244 844
293 846
249 849
271 852
289 856
262 858
274 863
246 866
286 869
275 873
237 876
304 878
278 882
287 885
302 878
313 890
355 896
408 896
380 895
373 899
368 900
368 901
387 902
396 906
362 906
344 907
379 910
443 909
371 912
411 912
374 913
370 915
405 915
387 917
417 917
386 919
416 920
445 920
367 920
442 922
431 922
410 923
434 924
437 923
435 925
459 924
440 924
438 925
447 925
463 924
443 924
441 925
468 926
479 924
479 925
456 924
494 924
490 923
494 921
508 919
511 917
513 915
512 912
513 910
512 907
513 905
513 904
514 904
512 901
510 900
513 898
513 896
512 894
512 885
514 882
513 881
513 878
513 875
512 866
511 870
513 867
513 864
513 860
513 858
512 855
508 852
512 846
514 842
514 838
508 834
513 828
513 824
514 819
513 814
513 809
513 803
513 798
513 793
515 789
516 783
514 780
516 773
513 767
513 764
514 760
514 755
513 749
513 744
513 739
510 738
490 730
511 722
513 715
513 712
513 708
513 699
514 695
512 692
508 685
515 681
509 678
512 670
514 665
513 661
514 655
514 649
513 644
514 636
513 631
513 624
514 598
515 594
514 590
515 586
513 583
515 575
512 573
513 565
506 564
513 561
516 561
519 550
517 546
512 539
515 533
512 527
514 518
513 512
513 508
514 499
514 494
515 489
513 484
513 479
513 472
513 469
513 463
515 459
515 453
514 448
513 443
513 438
515 430
514 426
514 420
516 413
513 407
514 402
515 396
515 390
514 383
513 378
514 370
515 356
521 359
514 355
515 349
514 344
513 340
513 335
514 331
513 327
513 323
513 318
514 312
513 307
514 303
514 285
514 281
515 278
513 274
514 269
514 264
514 260
515 257
581 254
716 251
811 247
763 242
769 240
787 236
783 232
760 227
805 224
802 198
789 215
794 207
777 209
799 203
781 202
737 196
751 193
757 190
777 187
749 183
712 180
787 177
800 173
735 169
718 166
780 164
764 160
730 157
762 154
691 152
694 146
727 148
668 145
707 144
660 142
645 141
654 138
642 138
668 137
620 136
672 134
665 133
657 130
637 130
628 135
661 129
624 126
650 125
633 121
598 117
612 118
656 118
636 117
626 117
615 115
615 116
586 115
612 114
601 113
581 114
587 113
578 113
595 113
578 112
568 113
567 112
594 113
564 113
547 113
582 113
584 114
534 114
550 114
535 115
522 115
516 118
515 120
515 123
514 126
515 128
514 130
514 132
514 133
514 135
514 137
513 138
513 140
513 143
514 144
513 147
513 148
513 151
514 153
514 157
513 160
514 162
514 165
514 168
514 170
514 175
513 177
513 180
510 184
514 188
513 192
514 211
513 215
513 217
513 221
514 225
507 230
513 235
514 241
513 245
514 249
513 255
513 261
514 267
513 270
513 277
514 280
514 283
514 288
513 297
514 302
514 305
514 310
514 318
514 322
513 326
514 334
513 340
513 343
513 349
513 354
513 360
513 366
514 368
514 374
513 379
513 383
514 392
514 397
514 402
513 410
514 415
515 422
513 427
514 435
514 444
513 446
514 453
513 458
513 461
515 466
514 469
513 477
515 480
514 484
514 489
513 494
511 502
513 529
513 533
514 536
513 540
512 544
513 550
508 557
513 560
507 565
513 569
512 576
513 580
514 584
513 592
513 596
513 602
514 608
513 613
512 620
511 625
513 632
513 638
513 645
513 650
514 655
513 661
513 668
513 673
513 678
513 683
513 689
513 693
514 697
509 703
513 706
513 711
513 716
512 721
514 727
514 731
513 736
514 740
514 746
514 750
513 755
513 760
513 765
513 769
514 773
512 778
510 781
382 784
267 786
239 791
237 797
213 800
246 804
274 821
254 825
250 827
258 828
255 831
257 834
252 838
268 842
259 845
274 848
264 851
260 856
232 856
288 862
283 865
264 868
241 872
265 875
318 879
307 882
284 884
328 887
300 888
360 891
358 893
345 894
341 895
378 897
416 900
348 901
358 902
372 903
380 904
363 906
399 907
381 909
392 909
423 910
352 912
394 914
402 914
427 916
354 916
418 918
409 919
402 920
402 920
402 921
435 922
393 922
432 923
433 923
426 923
448 924
457 924
438 924
437 923
464 923
470 926
444 924
457 924
458 924
473 923
478 923
487 923
494 921
509 920
513 918
512 915
513 913
513 910
512 908
512 907
512 905
513 904
512 902
513 898
512 900
513 897
513 894
512 892
512 889
513 887
514 885
513 882
513 878
512 876
513 875
512 875
514 867
514 864
511 862
514 858
513 855
513 851
510 848
513 844
509 839
512 835
513 830
514 825
513 820
514 815
513 811
513 805
513 799
513 793
513 788
513 785
513 781
514 776
513 769
513 765
513 761
514 740
511 736
513 748
513 715
512 722
514 707
511 714
513 706
515 703
513 697
513 691
513 686
513 681
513 675
513 671
513 667
514 660
513 655
513 651
513 644
514 639
513 633
513 624
513 619
513 613
514 605
512 601
513 592
514 587
513 584
514 576
512 575
513 567
513 565
514 561
523 555
510 555
513 549
509 545
512 532
511 528
513 521
516 514
512 509
516 501
512 496
513 489
513 485
514 479
512 474
513 470
517 465
513 459
513 456
512 450
515 444
511 437
513 417
509 413
513 409
513 403
515 396
515 390
513 386
513 379
514 373
512 369
511 368
515 359
514 345
513 351
513 342
514 337
513 332
513 329
513 325
508 319
514 315
508 310
514 306
515 299
513 293
513 290
514 285
512 280
513 276
514 271
513 266
513 261
514 257
524 255
642 251
781 249
798 244
805 240
780 236
780 232
774 228
804 224
805 221
800 211
774 215
753 205
773 206
763 199
751 198
735 194
779 191
748 188
760 184
752 182
759 178
764 174
751 170
747 157
762 157
753 153
733 153
730 150
684 149
732 146
661 145
615 143
631 142
678 140
674 138
684 137
607 135
667 134
630 133
654 131
691 130
589 128
671 125
645 121
645 125
597 124
630 123
669 122
616 121
638 119
599 119
625 118
622 117
607 116
605 115
598 114
609 114
602 113
576 113
573 113
600 113
574 113
557 113
577 112
582 113
566 112
553 112
572 113
567 113
564 113
556 113
537 114
549 115
528 115
517 118
514 120
514 123
514 125
513 128
514 129
514 135
513 136
513 138
513 139
513 141
513 145
514 145
514 147
513 151
513 153
513 156
514 159
513 162
513 164
513 167
514 170
513 173
514 176
514 180
513 183
513 186
514 192
514 194
514 198
513 202
513 209
512 213
513 218
514 224
513 229
513 236
514 240
514 244
513 247
514 253
514 257
513 264
512 269
513 274
515 280
513 282
511 290
513 294
513 300
514 304
514 310
513 315
513 321
514 326
514 331
513 335
513 343
513 350
514 352
514 357
513 364
514 383
515 386
512 391
515 395
511 400
513 410
514 414
513 420
513 428
512 433
512 441
513 447
514 451
513 455
514 461
514 464
514 468
512 474
515 478
514 485
513 489
514 492
510 500
514 503
513 510
513 518
513 526
512 532
513 536
513 545
513 549
513 554
513 559
513 564
512 570
514 574
512 579
513 583
513 588
512 596
515 600
512 606
512 613
513 617
513 622
511 631
512 639
513 642
513 648
513 654
513 660
514 665
515 671
513 677
513 680
512 686
513 691
512 710
513 713
514 716
513 719
514 725
516 729
511 734
512 739
513 744
513 749
514 754
513 758
512 763
514 766
513 773
512 777
510 781
416 783
328 786
243 790
218 795
233 797
257 803
253 807
235 810
228 815
243 819
241 823
245 826
227 829
231 834
279 837
243 840
238 844
270 848
261 851
288 855
277 856
261 861
280 864
267 868
259 871
279 874
240 878
305 881
285 883
288 886
346 888
373 899
330 893
346 894
379 895
352 898
369 898
363 898
410 901
367 902
356 908
352 909
378 910
390 911
362 912
402 913
359 915
395 915
408 917
385 917
413 918
408 919
420 921
412 921
410 921
423 923
417 923
424 923
437 924
428 924
436 925
443 924
458 924
452 925
434 925
475 925
451 924
474 925
447 925
474 925
463 925
488 924
475 923
488 923
508 921
514 919
512 917
512 913
512 911
514 909
513 907
513 906
514 904
513 903
514 901
513 899
513 897
513 895
512 893
513 890
513 887
513 886
513 883
513 879
513 877
513 874
513 869
513 858
513 856
513 854
513 853
513 851
513 845
513 840
513 831
513 830
512 827
513 823
517 817
513 811
513 805
513 800
513 795
513 791
513 785
513 781
513 776
512 770
514 767
514 762
514 757
514 749
513 744
513 742
514 739
514 738
511 732
511 723
512 712
513 709
513 704
510 697
514 692
513 689
513 682
513 677
513 673
515 667
514 663
515 659
515 653
514 647
513 640
514 634
513 627
514 620
513 614
514 606
514 601
513 596
514 588
516 585
513 579
514 573
514 558
523 550
517 553
510 557
513 542
513 533
514 529
513 522
514 517
512 509
514 502
510 498
514 491
513 486
513 481
514 476
513 472
514 466
513 462
514 456
513 451
514 445
515 441
513 435
514 428
513 423
514 416
514 411
514 407
516 398
512 394
516 386
514 380
514 375
514 369
513 363
515 355
514 353
518 350
516 344
513 339
513 335
514 330
514 325
513 321
513 316
514 311
514 306
514 301
512 296
514 288
514 286
513 282
513 277
513 272
513 267
513 263
698 250
770 247
787 245
812 241
809 237
782 233
786 229
775 226
769 221
773 217
798 213
790 211
789 205
779 193
769 199
758 187
764 192
745 189
754 186
763 182
757 179
776 174
726 172
779 168
798 166
732 162
728 159
738 155
756 153
704 151
677 149
679 149
678 145
676 143
643 142
672 140
625 139
658 137
648 136
627 134
679 133
655 132
660 130
615 128
678 127
645 125
644 129
631 125
651 123
642 122
616 121
635 120
599 118
646 118
614 117
611 116
619 116
610 114
576 114
581 112
589 113
549 112
603 113
582 112
576 113
570 112
572 112
565 107
565 112
555 113
546 113
548 113
553 113
522 115
518 117
519 119
514 122
514 126
514 127
514 129
514 131
514 132
514 133
515 135
514 137
515 139
513 140
515 143
514 146
514 147
515 150
513 153
515 155
515 159
514 161
513 165
514 166
514 169
514 172
514 175
513 179
513 182
513 186
514 189
513 194
514 198
513 203
514 208
513 212
514 216
514 223
513 229
514 236
514 239
513 257
513 260
516 264
513 268
513 272
513 278
514 283
514 287
514 293
513 299
513 304
514 307
514 311
513 319
513 325
514 329
513 336
513 341
514 346
513 351
514 357
513 362
514 364
513 371
513 375
516 381
513 390
514 393
512 399
510 408
515 412
513 421
514 425
514 431
513 440
514 442
513 450
513 452
513 459
513 465
515 468
514 474
514 475
512 480
513 488
515 490
511 498
514 504
513 511
514 517
514 523
512 531
513 535
514 542
513 548
514 553
512 558
514 577
517 580
515 583
514 587
514 593
513 599
513 604
514 611
513 615
511 619
512 629
513 636
512 642
512 648
513 653
513 658
513 663
513 670
513 676
515 680
513 685
513 691
513 696
514 699
511 704
513 708
514 713
513 718
512 724
513 729
513 733
512 739
512 743
513 746
515 752
514 757
515 762
512 767
515 772
512 777
517 780
451 783
373 785
260 789
240 793
213 798
215 802
238 806
243 811
266 814
231 817
258 822
235 826
242 829
266 832
267 836
255 850
273 854
280 855
252 858
264 859
249 864
292 868
266 870
293 874
281 876
269 880
299 883
350 882
335 888
274 890
328 890
373 893
376 895
401 896
362 898
334 899
413 899
384 903
353 903
363 906
401 906
420 908
342 908
406 909
383 911
402 912
382 913
379 914
431 916
394 916
420 918
388 918
389 919
416 921
413 921
430 924
421 923
415 922
467 924
410 924
442 923
479 924
439 924
433 924
446 915
454 925
465 924
447 924
439 924
486 924
471 923
478 923
464 919
509 917
515 916
512 914
513 913
513 907
512 907
513 904
513 904
513 901
512 900
513 899
513 898
514 895
513 893
513 890
513 888
513 886
515 883
513 880
511 878
513 874
513 871
513 867
506 873
512 864
513 860
514 855
512 854
513 850
513 846
513 841
513 837
514 832
513 828
513 823
513 817
513 812
515 809
513 802
513 797
513 791
513 786
513 782
514 778
513 773
513 767
513 762
513 757
513 752
513 746
511 743
513 739
513 732
513 726
507 725
514 715
511 693
513 686
513 685
513 680
513 677
513 675
513 670
514 663
514 660
514 653
516 649
513 641
517 634
512 629
512 621
514 614
512 610
514 601
513 597
513 592
514 585
513 581
514 576
513 572
513 566
513 564
513 557
516 554
514 552
518 550
515 542
512 528
511 524
514 515
514 511
513 504
515 496
512 494
513 484
513 482
513 477
513 471
513 468
513 462
516 456
515 453
513 447
513 441
515 436
513 430
512 424
513 417
516 411
513 407
513 399
514 393
513 388
514 375
509 359
507 357
512 355
511 349
510 346
511 339
514 335
514 328
512 327
513 322
514 316
514 311
513 307
514 301
514 296
513 292
513 287
513 283
514 278
513 274
513 269
514 264
513 260
517 254
607 253
720 251
778 247
785 242
825 237
809 234
800 229
794 226
758 222
786 218
793 204
803 206
767 200
746 203
787 206
761 196
746 195
760 189
758 185
771 183
769 179
734 176
767 173
754 169
751 165
763 163
759 160
744 156
720 154
713 151
725 149
709 147
646 141
639 141
642 138
605 138
677 136
659 134
680 133
640 133
662 130
649 129
635 127
631 127
609 123
662 125
605 124
650 121
621 121
632 123
648 118
622 118
611 117
606 119
642 116
620 113
595 114
609 114
616 113
572 115
577 113
588 113
583 112
576 113
570 113
552 108
584 112
576 113
566 113
541 113
580 112
564 113
532 114
530 115
519 117
516 122
514 122
515 125
515 126
514 129
514 131
513 132
514 132
513 136
514 136
516 138
513 141
513 142
514 145
515 155
513 157
513 159
514 161
513 162
513 165
514 168
513 172
513 175
513 178
515 182
514 185
513 189
514 193
513 197
514 202
513 207
514 213
513 219
513 223
514 227
513 232
513 235
514 240
513 246
513 251
514 255
514 261
513 265
511 272
512 279
514 284
514 287
514 290
513 297
513 305
513 308
517 310
513 317
514 323
513 329
513 336
513 340
514 344
513 351
513 355
513 361
512 367
515 369
513 375
513 382
514 384
514 391
514 398
515 402
514 408
512 417
512 444
513 447
513 450
517 455
512 460
516 462
512 468
512 473
514 476
512 482
513 483
512 492
512 499
513 502
512 510
514 515
512 522
513 529
515 536
513 540
514 546
512 553
512 557
514 561
512 567
511 572
513 577
514 582
514 587
513 592
515 598
513 603
515 609
515 616
515 621
515 627
512 632
513 640
513 646
513 651
513 658
511 662
514 668
513 671
512 680
514 684
512 689
513 694
512 700
513 703
513 709
513 714
512 718
514 721
513 727
513 733
513 737
513 755
514 758
513 762
513 765
513 770
513 771
512 779
473 782
377 784
276 787
260 792
242 796
214 801
199 805
224 809
276 813
225 816
238 820
252 825
231 830
265 832
253 836
234 839
283 842
276 845
228 849
285 850
256 856
281 860
270 864
291 866
264 870
262 873
265 876
296 880
291 882
321 884
305 887
310 889
357 900
361 893
383 895
348 896
361 900
423 899
348 901
356 902
396 904
387 905
357 907
383 907
388 909
365 910
388 911
399 913
405 914
432 915
374 919
379 920
427 919
411 921
400 921
432 919
409 924
413 923
448 923
429 924
434 925
460 924
431 924
459 925
458 924
465 922
441 925
467 924
465 925
475 925
450 924
484 924
482 923
476 922
497 922
508 920
512 917
512 916
513 912
513 909
513 907
513 906
513 904
516 902
513 903
514 900
513 898
512 896
513 894
513 892
513 890
514 885
513 884
514 881
513 878
517 875
514 873
513 870
513 870
479 864
511 861
513 858
514 855
513 851
512 847
514 843
513 821
512 820
513 817
514 813
513 809
513 804
513 797
513 793
513 788
513 784
513 779
514 774
514 768
513 763
514 758
513 754
512 749
514 743
514 739
514 735
513 727
513 722
515 714
516 722
522 703
514 700
513 698
514 689
513 684
513 681
514 675
513 669
513 666
514 661
515 654
513 651
513 645
516 637
513 632
514 623
513 619
513 612
513 604
515 599
513 592
513 587
513 581
516 577
514 573
517 567
513 564
514 559
512 555
514 550
514 546
516 545
515 537
525 505
513 500
513 497
513 493
513 486
513 483
513 478
513 474
513 468
514 463
513 459
514 454
513 448
513 443
513 436
514 432
514 425
514 419
513 413
513 408
514 399
516 394
514 389
517 383
514 377
514 371
514 366
514 360
516 351
529 351
511 342
514 341
511 335
513 331
513 324
514 322
514 317
513 313
513 306
514 302
513 297
513 293
513 288
514 283
513 278
514 274
513 270
512 265
514 260
518 255
592 253
696 251
756 248
764 244
801 240
817 235
794 230
792 214
785 210
800 202
785 206
777 198
773 202
724 196
789 195
766 184
762 186
761 183
726 180
755 176
755 174
751 170
