513 886
512 884
515 882
513 881
513 878
513 877
513 873
514 871
514 868
513 865
514 862
512 857
513 854
513 851
513 846
513 843
514 838
513 834
513 829
513 825
513 820
514 814
512 810
513 803
514 797
516 792
514 787
513 783
513 780
514 775
514 769
513 762
513 758
513 755
513 751
513 745
514 737
513 733
513 731
513 725
513 717
513 712
513 707
513 700
512 698
513 690
513 684
514 681
513 675
513 671
508 666
513 659
513 656
513 648
513 646
513 637
513 630
514 231
513 234
513 236
514 241
513 248
513 251
513 255
514 260
514 264
513 271
514 275
514 280
513 287
514 291
513 295
512 301
513 306
513 312
514 316
513 321
514 327
513 331
510 339
513 343
514 348
514 355
513 360
514 363
513 370
513 373
514 378
514 385
512 387
514 398
511 403
514 406
513 417
514 421
514 429
514 435
513 442
514 448
514 452
513 458
514 461
513 467
513 470
513 474
514 481
513 484
514 490
514 496
513 501
513 508
514 513
514 521
513 527
514 415
514 412
514 407
513 403
513 395
513 389
513 384
513 378
513 371
514 367
513 362
510 356
513 351
514 347
513 342
513 336
513 332
513 329
513 327
510 318
513 311
513 309
513 304
513 298
512 294
515 289
513 280
513 276
512 279
514 269
513 278
514 262
517 256
578 253
700 251
898 251
1023 247
965 243
940 239
972 234
950 229
974 226
922 222
928 218
984 213
906 209
897 205
932 202
916 198
862 194
867 192
860 189
915 186
886 182
869 179
884 174
880 172
873 156
863 154
857 156
879 149
820 148
779 147
753 146
764 144
769 142
764 141
684 139
671 137
739 137
756 135
726 134
704 132
675 132
715 129
684 129
695 127
697 126
675 124
750 124
684 123
690 121
693 121
673 119
683 117
676 118
683 116
691 116
644 114
668 114
649 114
648 114
637 111
592 114
622 115
618 116
595 113
612 113
564 112
634 112
587 113
611 113
583 113
582 113
576 113
569 114
568 114
532 116
519 118
515 119
514 122
514 125
514 128
514 135
515 135
514 136
513 137
514 139
515 142
514 143
512 145
515 147
512 151
513 154
513 156
516 158
513 162
515 163
513 166
514 169
514 173
513 176
514 179
513 184
514 186
513 190
515 194
514 199
514 202
513 208
514 213
514 218
514 222
514 229
514 235
513 242
513 247
514 251
514 252
510 258
514 265
512 270
514 273
512 278
514 283
514 289
513 297
512 300
514 303
513 309
513 316
514 321
514 325
513 332
514 337
513 341
515 349
514 353
514 359
514 363
513 385
513 389
513 392
514 395
513 403
514 405
513 415
513 421
514 425
513 435
514 437
514 447
513 450
514 456
513 461
514 465
512 471
514 473
512 480
513 482
514 490
513 495
514 500
514 507
514 512
513 520
514 525
513 533
514 539
514 544
513 550
514 554
512 561
514 565
514 570
514 575
513 580
514 585
513 590
513 596
513 602
513 608
515 612
514 619
512 625
514 631
514 637
513 644
513 649
512 656
514 661
511 668
514 672
511 676
514 682
511 689
513 693
513 711
513 714
513 719
513 721
514 727
513 729
514 735
514 740
513 746
511 751
514 754
515 759
513 764
515 769
513 773
512 778
509 782
427 783
184 784
100 787
76 792
76 796
16 801
65 806
88 811
76 814
125 819
107 822
105 827
93 829
110 833
143 837
162 839
103 843
163 847
129 851
134 855
162 858
125 861
127 865
135 866
197 870
154 874
130 877
176 881
170 884
225 886
229 889
208 891
264 894
238 894
338 896
253 897
273 899
348 901
302 901
351 904
275 904
373 909
349 909
356 911
358 912
321 909
338 913
303 915
350 916
304 917
321 917
406 919
343 920
307 921
384 922
381 921
382 923
358 924
395 924
382 924
405 924
424 926
402 924
421 926
411 924
438 924
416 924
437 925
448 925
431 925
437 924
439 924
485 923
479 923
497 920
511 918
512 916
512 914
511 910
513 908
518 892
513 903
516 905
513 903
513 901
513 899
513 899
515 897
513 893
514 889
512 888
513 886
512 881
513 881
513 876
513 874
513 872
513 869
514 858
512 854
512 852
514 849
514 844
513 841
513 836
513 831
513 824
513 821
514 817
514 813
513 809
513 802
504 798
521 791
514 784
511 783
513 775
511 771
513 764
513 759
513 756
513 753
513 747
514 740
513 735
514 732
512 727
513 721
513 715
514 707
513 702
513 700
513 693
513 687
513 683
513 678
511 672
513 668
513 663
514 656
513 654
512 645
514 639
513 637
513 624
513 621
512 622
513 605
513 602
512 593
513 591
513 582
510 581
512 574
511 569
513 553
513 548
513 545
514 540
513 533
512 528
513 522
513 515
513 509
513 502
513 496
511 490
513 484
513 481
513 474
513 470
514 466
514 461
514 456
513 450
516 436
520 443
512 432
513 428
515 422
513 417
512 411
514 402
513 397
513 392
514 380
514 380
514 375
514 369
514 362
513 358
513 354
514 347
513 342
513 337
512 333
513 328
511 323
513 322
513 315
514 309
514 304
513 299
513 295
514 290
514 286
513 290
508 274
513 276
511 264
512 262
516 258
876 162
863 161
864 161
822 156
774 146
843 151
794 154
793 147
778 145
700 142
778 141
696 139
716 138
716 137
765 136
733 134
668 132
716 132
716 130
737 130
677 128
696 128
699 125
708 125
685 124
684 122
696 121
685 120
704 119
671 118
684 112
671 116
671 112
672 114
661 114
610 114
646 114
637 110
613 115
626 112
587 103
641 112
591 104
624 112
594 110
615 113
571 111
590 113
587 115
585 113
550 114
535 112
517 117
517 119
514 120
515 125
511 132
514 133
513 134
512 136
514 137
514 139
514 139
513 142
514 146
514 147
513 149
514 152
514 156
513 156
519 160
513 164
513 166
514 168
515 172
514 175
509 179
513 182
514 186
514 189
514 194
513 198
514 203
513 207
516 213
514 215
513 222
513 227
513 233
513 238
513 245
514 247
513 251
514 259
514 264
514 268
513 273
513 278
514 283
514 289
514 292
516 298
513 300
513 309
514 312
512 318
514 324
513 332
513 334
516 340
513 348
514 352
513 357
514 377
513 378
514 383
513 384
514 393
513 400
514 403
513 413
514 419
512 425
514 432
513 439
513 445
514 451
513 455
513 460
513 463
514 468
513 473
514 478
513 483
513 486
513 493
514 498
514 505
514 511
514 518
513 525
514 531
512 538
514 541
512 549
514 553
516 559
514 562
513 570
513 574
514 577
514 584
514 589
513 593
513 600
514 606
513 610
513 617
514 624
514 628
512 637
512 643
514 647
513 653
513 660
513 665
514 671
514 676
514 682
513 686
513 706
513 709
513 713
514 715
514 718
514 723
513 728
513 734
513 739
513 743
514 748
514 753
513 758
513 762
513 766
513 774
510 776
510 780
445 783
215 783
120 787
87 791
112 795
50 799
14 805
72 809
89 813
94 817
123 820
118 825
132 828
91 832
155 836
176 838
120 844
133 844
155 849
163 854
149 856
136 860
143 863
155 867
157 871
142 874
162 876
134 878
189 883
181 885
217 887
275 890
247 891
236 892
294 896
305 895
289 899
320 899
265 901
292 902
309 908
364 906
330 909
298 910
357 911
338 912
302 914
327 915
311 916
372 917
323 918
356 919
352 920
325 923
378 920
385 923
376 922
334 923
388 924
415 925
398 925
382 925
404 923
414 924
432 925
423 924
424 925
424 925
429 925
446 925
439 924
450 924
476 925
463 923
492 921
510 920
512 916
511 914
512 911
513 908
513 908
523 906
513 905
513 903
513 901
513 900
513 898
513 896
513 894
513 891
513 888
513 886
513 885
513 880
512 875
513 877
513 872
514 861
514 860
514 856
513 853
514 850
513 847
513 843
513 838
513 832
513 826
511 822
513 819
514 812
513 808
514 803
513 796
512 784
511 788
511 784
513 779
513 773
514 768
513 761
513 755
513 751
513 749
513 744
513 737
513 731
513 727
515 721
513 717
513 712
513 705
514 699
513 695
514 687
513 683
513 680
514 672
514 669
513 664
513 658
513 654
513 648
514 641
513 634
511 629
511 622
513 615
506 614
514 604
513 595
513 591
513 586
513 578
513 577
513 556
513 553
513 551
513 545
514 544
513 536
513 531
513 525
513 517
513 510
513 504
513 497
513 492
513 487
515 480
513 476
513 471
513 467
514 461
513 457
513 453
513 447
519 445
508 435
513 429
513 425
514 417
513 411
513 406
514 399
513 393
514 387
514 382
514 376
513 369
514 364
513 359
513 353
514 349
509 345
513 338
513 334
513 330
514 327
513 321
514 315
513 310
512 307
514 301
512 296
513 292
515 288
513 283
513 278
514 275
526 273
514 269
770 250
879 252
1004 247
1014 245
980 240
928 236
949 231
968 227
935 223
932 219
939 216
934 211
924 208
893 204
856 201
916 197
883 193
885 189
891 186
881 184
889 180
894 177
882 173
859 170
888 166
900 164
848 160
854 156
820 155
845 145
847 150
759 148
809 145
742 143
736 141
744 140
733 137
734 136
680 135
756 134
746 133
707 133
720 130
680 129
707 128
649 127
698 125
704 125
695 123
696 122
703 121
702 121
652 119
702 117
682 117
683 118
689 113
643 114
644 113
626 109
615 110
616 107
596 112
600 105
628 112
589 127
611 110
582 113
603 113
590 113
588 113
580 113
535 114
560 115
524 116
515 119
515 120
515 124
515 128
513 129
514 131
514 132
514 134
515 135
514 135
514 137
514 140
514 142
513 145
514 147
514 148
513 152
514 152
513 156
514 161
521 161
513 163
515 168
513 172
514 174
514 177
514 181
513 185
514 189
514 192
514 197
514 201
514 207
514 211
513 216
514 221
513 224
512 231
513 254
514 258
514 258
513 262
513 267
514 272
514 276
514 282
514 287
513 291
514 297
514 301
513 307
513 313
513 318
514 323
513 331
514 333
514 339
512 347
516 350
514 354
514 362
515 363
514 370
513 377
513 378
514 388
513 391
514 397
514 405
513 409
512 418
514 425
513 429
513 437
513 445
515 450
513 453
514 458
513 465
514 467
512 472
514 477
513 482
514 485
514 492
514 497
514 502
513 511
513 515
513 521
513 530
513 535
514 543
514 546
513 552
513 571
514 577
514 578
513 583
514 588
514 593
513 598
513 606
514 610
514 615
516 623
514 628
514 633
513 640
513 646
514 652
514 657
514 663
513 670
514 675
513 679
514 686
516 688
514 695
512 698
514 704
514 709
514 712
514 717
513 722
513 726
511 732
514 738
514 742
514 749
514 751
513 757
514 761
514 766
514 771
512 775
511 779
456 780
301 782
151 784
99 789
56 793
7 798
62 804
96 808
120 812
97 816
112 820
109 825
129 828
85 831
128 835
144 839
144 854
122 854
140 858
137 857
138 862
129 866
140 869
190 872
177 876
161 878
163 881
172 884
221 887
267 889
242 891
259 894
292 895
298 898
282 899
277 900
305 900
323 903
313 903
315 906
315 907
347 910
323 908
360 910
288 911
369 911
311 912
344 914
344 915
321 916
357 918
298 919
379 919
372 921
333 920
360 922
374 923
373 923
418 924
377 923
406 923
408 924
392 924
455 925
395 925
414 924
418 925
433 925
441 925
451 925
424 924
462 925
451 924
510 918
514 917
511 913
513 911
512 910
512 908
513 918
508 906
513 903
513 902
515 900
514 898
513 896
512 894
513 892
513 889
513 888
512 884
513 881
512 879
513 876
514 874
512 871
513 867
513 865
513 861
514 858
517 855
514 850
516 847
513 842
513 838
514 834
513 828
513 823
514 820
513 814
513 809
513 804
513 799
513 793
522 786
503 784
512 777
513 773
514 770
513 764
513 759
514 755
516 750
513 748
515 739
513 735
513 730
513 725
513 718
513 713
513 693
515 688
513 682
513 680
513 677
513 669
513 665
513 662
513 654
514 650
514 643
514 638
514 630
512 624
513 617
513 610
522 597
511 599
513 591
513 585
513 582
513 576
513 572
514 567
514 563
513 558
514 555
512 549
513 543
512 537
514 533
513 524
514 518
513 513
512 505
513 500
514 494
514 486
515 483
514 479
513 472
514 468
516 463
514 458
513 453
514 445
513 442
513 433
516 437
510 426
513 419
513 413
513 406
514 401
514 395
513 388
514 365
513 363
513 359
512 357
513 351
513 345
513 339
513 336
513 331
513 326
513 323
513 318
513 313
514 306
513 301
513 297
513 295
514 287
513 283
514 279
513 276
512 269
522 271
522 261
522 256
603 254
663 251
848 252
1023 249
1011 242
998 239
989 232
956 228
945 225
943 220
930 216
926 211
916 208
924 204
846 202
873 198
928 194
885 191
813 188
897 184
911 182
869 178
870 174
881 171
903 166
886 161
857 161
861 158
829 155
823 155
804 149
772 139
776 138
772 140
759 138
729 138
733 136
703 134
733 135
684 133
687 131
732 130
721 128
671 128
708 126
671 125
682 124
712 123
658 122
691 121
650 120
735 119
710 118
614 117
687 115
643 116
671 115
667 114
602 115
638 114
651 118
622 112
611 109
609 113
615 113
606 113
587 111
606 112
592 112
584 113
574 114
588 113
567 114
549 115
529 116
517 118
516 121
514 123
514 126
514 129
514 131
514 133
514 132
514 136
514 136
513 138
515 140
514 141
514 144
514 153
514 155
513 158
515 161
514 154
523 164
514 167
514 171
514 174
514 177
514 180
514 184
513 188
513 192
514 197
513 201
513 205
514 210
513 215
514 220
513 227
511 232
513 236
516 240
515 245
514 251
513 255
514 259
514 264
514 271
514 278
513 282
513 284
513 291
513 298
513 301
514 303
510 310
513 318
514 322
514 326
516 332
513 338
517 344
514 348
514 355
513 360
514 362
514 368
513 376
514 377
514 385
516 390
514 394
513 404
514 407
514 416
514 441
514 445
513 449
514 454
513 457
514 463
514 466
515 472
514 475
513 480
513 484
514 490
514 497
513 501
515 508
516 515
514 521
514 527
513 533
513 540
513 545
513 551
514 557
514 561
514 568
514 570
514 577
514 581
512 588
513 593
514 597
515 603
513 611
514 614
513 619
513 626
514 634
513 639
513 645
514 650
513 656
514 663
514 668
513 673
513 680
512 684
515 688
513 693
515 699
513 703
513 707
515 711
514 715
514 722
513 726
513 731
514 737
513 755
512 756
511 760
513 764
514 767
513 772
511 776
503 781
391 781
188 784
35 789
73 794
81 798
95 802
84 807
72 811
96 814
111 818
98 823
102 827
146 831
117 834
113 838
134 841
153 844
166 847
130 851
114 854
175 859
146 861
100 865
167 867
157 872
105 876
147 878
162 883
178 884
244 887
206 888
214 893
266 893
278 895
301 896
306 898
298 899
289 902
310 903
354 905
304 904
307 906
336 908
316 908
332 910
327 911
370 911
346 913
321 914
311 910
349 919
340 921
324 920
348 921
378 921
361 922
370 923
385 924
385 924
395 923
417 925
404 924
409 925
432 925
412 926
450 926
421 927
433 925
416 924
463 924
440 924
461 923
454 923
487 922
503 921
510 919
511 915
512 915
512 911
514 909
513 907
513 903
511 904
512 902
514 901
512 899
513 897
512 896
513 893
515 888
513 887
513 884
514 882
512 879
513 875
512 875
513 871
512 867
512 865
513 863
513 859
513 857
513 851
513 848
516 844
512 839
514 818
513 815
514 814
512 809
513 805
514 798
514 794
513 790
513 792
513 783
514 775
514 769
513 765
513 760
514 754
513 750
513 746
513 740
513 734
513 729
513 727
513 719
513 713
515 708
513 703
514 696
513 692
513 687
514 680
513 678
513 671
514 665
513 661
514 656
513 653
514 645
513 637
514 635
513 623
513 620
513 612
513 606
514 601
514 592
513 587
513 584
514 577
513 574
513 568
513 564
513 561
513 554
513 550
513 545
513 538
513 533
515 526
511 499
514 495
513 490
513 486
514 483
513 480
514 474
514 469
512 465
512 459
512 454
513 448
513 443
520 437
518 432
514 421
507 421
513 415
513 408
513 403
513 396
514 390
513 385
513 377
514 370
513 367
513 362
513 357
513 351
513 345
513 341
513 336
515 331
513 328
513 323
513 319
515 314
513 309
513 304
514 299
513 294
513 290
513 285
514 281
514 275
513 270
510 266
511 261
514 260
523 253
649 251
757 253
1003 248
989 244
971 239
922 234
984 230
960 214
955 210
912 207
907 205
889 202
896 200
870 195
880 194
878 188
878 187
906 183
861 178
899 175
882 172
864 167
892 165
853 162
851 158
870 155
836 150
844 142
785 146
799 145
733 143
697 142
785 141
753 140
699 137
741 137
692 135
750 134
674 135
681 131
708 129
691 129
702 127
710 127
745 125
655 124
668 123
674 124
705 121
702 120
689 118
692 118
634 117
694 117
682 116
634 116
645 114
653 114
629 113
619 113
626 107
611 112
619 105
608 114
594 112
578 112
593 113
587 113
576 113
562 114
542 115
547 116
517 117
514 120
515 122
514 125
515 129
514 130
515 131
513 132
514 134
514 136
514 137
513 139
514 141
513 143
513 146
515 148
513 149
515 154
512 155
514 160
514 162
514 162
512 169
513 170
514 173
514 175
514 179
514 183
514 188
514 191
515 195
514 200
514 204
513 209
514 213
514 219
514 225
513 230
514 235
513 239
513 244
515 249
513 254
513 258
514 263
514 271
514 275
513 280
514 282
514 304
513 309
513 312
513 315
514 321
514 325
514 331
514 337
513 342
514 349
513 352
514 358
514 365
514 368
514 373
513 378
513 383
514 389
513 393
513 402
513 407
514 415
514 422
514 426
514 435
513 438
516 447
513 451
515 454
514 464
513 464
514 471
515 474
514 479
514 484
513 488
514 495
514 500
514 506
514 511
513 520
514 526
514 532
514 540
513 544
514 550
514 556
512 561
515 565
514 571
513 576
513 580
514 585
513 590
513 596
514 602
514 608
513 631
514 636
513 639
513 642
514 650
514 655
513 661
513 667
513 672
514 677
513 682
514 688
514 695
515 696
512 702
513 708
513 709
513 714
514 719
513 725
514 731
513 735
514 739
514 745
514 749
515 755
515 760
513 763
513 769
513 771
513 776
508 780
423 784
150 784
55 788
80 792
111 797
56 801
63 806
129 810
106 814
79 818
124 822
119 826
91 831
97 833
134 837
147 840
166 844
121 847
165 850
141 854
154 857
101 861
121 865
166 868
165 870
169 883
173 886
199 887
213 888
197 890
247 892
269 894
348 896
279 898
278 899
337 900
281 902
354 904
306 904
315 906
316 907
319 908
351 909
305 910
341 911
306 913
336 913
337 914
331 916
380 918
315 918
363 919
327 920
352 921
402 921
378 923
346 922
427 923
386 925
380 924
418 924
411 924
422 925
417 925
425 924
422 925
431 926
430 924
447 920
452 924
442 925
441 924
483 922
500 923
497 921
513 919
513 916
512 913
513 912
510 909
513 907
513 905
512 899
512 898
514 896
513 896
513 892
512 890
513 888
514 886
513 883
514 880
512 880
514 874
514 873
514 869
513 866
513 863
513 859
513 856
513 854
513 848
512 842
513 842
512 836
513 831
514 825
514 821
514 817
513 813
514 807
514 800
514 794
513 791
513 788
511 782
513 777
514 771
513 766
513 761
513 757
513 751
513 746
514 741
512 737
513 733
513 725
513 721
514 715
513 709
513 704
513 699
513 693
513 687
513 682
513 677
513 673
513 667
513 664
513 641
513 635
513 629
513 623
513 619
513 615
513 604
496 611
505 592
513 588
514 583
513 579
513 575
513 569
513 566
513 560
514 557
514 552
515 543
513 541
513 533
513 528
514 523
513 515
513 509
513 502
513 496
513 490
514 485
514 481
513 474
513 470
514 465
514 459
513 456
514 450
513 444
513 440
513 439
513 427
516 418
513 417
513 410
514 402
513 396
513 392
513 385
513 380
513 375
513 368
513 363
513 358
513 353
513 346
514 342
514 337
513 334
513 314
513 310
513 307
514 305
514 300
513 296
514 290
513 285
513 282
513 277
513 271
514 264
513 277
523 253
522 261
668 252
750 250
963 249
1007 245
1008 240
959 235
980 231
962 227
924 223
943 218
936 214
926 210
894 206
889 204
915 199
860 196
849 192
881 191
863 186
904 182
861 180
877 175
914 173
886 169
917 163
883 162
853 158
835 157
824 153
884 149
789 147
747 143
778 143
731 140
755 142
713 139
716 139
690 137
743 135
757 131
668 133
699 131
688 127
689 126
687 126
680 125
699 125
685 122
712 122
702 120
668 121
677 119
665 118
685 116
678 116
676 117
626 115
655 113
665 114
592 110
648 113
629 109
586 113
614 110
607 112
594 116
606 115
614 111
566 113
582 112
586 113
563 113
550 114
543 115
518 118
519 120
515 122
515 125
515 128
516 129
514 132
515 133
514 133
515 135
513 137
513 139
514 140
514 142
514 145
513 148
514 150
513 153
514 155
513 157
514 160
514 163
514 167
513 168
513 172
513 185
514 189
513 191
514 194
514 198
514 202
514 208
513 214
513 218
513 222
514 227
516 232
514 238
516 244
513 250
513 254
513 258
514 263
514 268
513 273
514 278
514 281
514 289
513 294
514 297
514 302
514 308
514 314
513 318
513 325
514 330
514 334
514 342
514 348
513 352
513 356
514 361
514 367
514 371
514 376
513 381
514 385
513 393
515 399
513 407
513 412
514 419
514 427
514 431
514 439
514 444
514 451
514 455
514 459
514 464
514 469
514 473
514 493
514 496
514 499
514 506
513 511
515 518
513 526
514 529
514 537
513 543
513 549
514 554
514 559
514 564
512 569
513 574
513 578
514 584
513 589
513 594
513 599
514 605
513 612
513 617
513 623
513 630
513 636
513 642
514 648
513 654
512 660
514 665
513 671
514 676
513 681
513 686
514 690
514 696
513 701
513 705
512 709
513 718
514 719
513 724
514 729
513 736
514 739
513 744
514 749
514 754
516 758
513 761
515 766
513 771
513 776
511 780
431 792
107 795
82 798
94 803
56 804
112 808
93 813
83 817
124 821
120 825
104 828
94 832
139 831
152 840
140 843
99 846
158 847
147 853
112 857
133 860
157 863
158 866
131 870
134 875
136 876
149 880
194 884
174 885
223 888
261 890
251 892
292 894
252 894
304 896
287 899
290 901
312 901
300 902
345 903
324 906
295 907
303 906
330 908
304 911
339 911
339 913
335 914
308 914
314 915
357 918
325 919
373 919
337 919
305 921
411 921
377 922
352 923
388 923
385 925
393 924
391 924
423 925
438 925
423 924
411 926
414 925
433 924
444 924
460 924
444 924
468 923
468 923
491 921
512 919
512 919
511 914
512 911
512 904
513 906
512 906
512 904
513 888
526 902
514 900
512 897
513 895
513 894
513 890
513 888
512 886
513 883
514 881
513 877
514 875
513 873
514 870
513 867
513 863
513 860
515 857
512 852
514 850
513 846
513 842
513 837
514 832
514 829
516 822
513 816
513 814
514 808
513 802
513 797
513 793
513 788
515 769
513 766
513 762
513 758
513 752
513 747
513 742
513 738
513 731
513 727
512 723
513 718
514 712
514 704
513 699
513 695
513 687
514 683
513 678
515 672
513 668
513 664
513 658
514 655
514 648
513 641
513 636
513 628
514 622
513 616
513 607
513 604
515 594
514 589
512 585
513 577
512 578
512 569
513 567
513 563
514 557
513 553
514 547
512 543
513 535
513 530
513 522
513 516
513 510
513 503
514 499
512 491
513 487
513 482
513 476
513 472
514 466
513 448
513 443
513 440
513 435
513 430
522 425
512 409
518 411
513 405
513 399
514 393
513 387
513 381
513 374
513 371
513 365
513 359
513 354
514 349
514 343
513 339
513 333
513 330
513 326
513 321
513 316
513 312
513 307
513 301
513 296
514 292
513 287
513 283
514 277
513 272
513 267
515 259
517 255
526 254
630 248
698 251
926 251
1017 246
978 241
961 237
949 232
969 229
967 224
938 219
948 215
929 212
947 207
883 203
859 200
936 196
876 193
853 191
891 177
866 175
886 173
851 171
891 166
929 164
881 160
842 158
807 154
866 153
810 151
792 139
789 148
711 152
750 143
773 140
696 139
757 138
692 133
760 134
702 133
727 132
741 131
679 129
714 128
690 127
723 126
681 126
702 123
682 122
727 121
664 120
662 119
714 118
640 118
688 116
680 116
624 115
685 114
659 114
633 113
637 112
646 112
609 113
612 114
623 113
616 113
577 113
636 116
575 108
598 113
593 113
582 113
555 113
577 114
558 115
523 116
515 126
514 128
514 129
514 131
515 132
514 134
514 136
514 136
514 136
515 139
513 142
515 144
514 147
514 150
513 152
513 154
514 157
513 161
513 162
513 165
514 171
516 169
514 175
513 178
514 180
513 185
514 189
513 193
511 196
514 202
514 207
514 210
514 216
513 222
513 227
513 232
514 237
514 243
514 248
514 252
514 258
513 263
514 267
514 270
514 276
514 281
513 289
513 293
514 297
514 299
513 308
513 314
514 318
514 323
513 328
513 334
514 357
513 360
515 362
514 365
514 371
513 374
513 379
514 387
513 391
514 399
514 405
514 409
513 419
513 424
514 428
514 438
514 443
514 447
513 454
514 458
514 464
513 466
514 474
514 475
514 482
513 487
514 490
511 498
514 502
513 509
514 516
514 522
514 529
514 535
513 542
514 547
514 552
513 558
514 562
513 567
513 573
513 577
513 582
513 587
514 593
513 599
513 604
513 609
514 616
513 622
513 628
513 633
514 641
513 647
513 651
513 658
513 664
513 686
514 689
514 693
514 696
514 700
513 704
513 709
513 712
513 716
513 722
515 728
513 732
514 737
513 743
513 747
513 751
514 757
514 762
513 765
514 771
513 773
509 778
488 782
273 782
119 786
82 791
63 794
76 798
90 803
98 806
52 812
101 815
86 820
86 823
113 827
59 830
126 835
143 837
142 842
149 844
147 848
125 852
168 854
137 859
139 863
130 866
116 869
131 873
174 875
169 879
168 883
162 885
232 886
246 889
228 890
249 893
296 895
295 897
293 903
349 903
321 905
315 907
361 906
375 907
340 909
329 911
275 911
361 911
301 912
338 914
351 916
315 916
305 916
359 919
392 919
355 921
336 921
357 922
385 923
396 924
374 923
370 924
421 925
406 924
426 925
415 927
389 925
439 925
428 924
450 925
420 926
444 925
444 924
458 924
455 922
473 924
491 921
506 919
510 919
512 914
512 913
512 907
512 908
512 904
513 903
512 904
513 901
516 899
513 898
512 896
512 888
513 892
513 887
514 887
513 885
512 872
513 871
514 869
513 867
513 865
514 862
513 858
513 852
