609 125
669 123
626 124
670 122
636 124
667 120
640 120
585 116
626 118
640 117
606 115
633 115
592 115
632 113
608 113
563 113
582 112
608 113
575 112
581 113
565 110
579 113
568 113
576 112
555 106
547 113
569 112
560 114
554 114
537 114
527 115
522 121
514 119
514 122
515 125
511 128
513 130
515 129
513 133
513 133
513 134
514 137
514 139
514 142
514 143
512 148
513 148
513 150
514 152
514 155
513 159
513 160
513 163
514 166
516 169
513 172
513 162
458 925
471 925
465 924
475 924
492 924
494 923
500 921
515 919
512 917
511 914
512 912
512 909
513 907
513 905
513 903
515 900
514 898
515 898
514 898
514 896
515 892
515 889
515 888
514 888
513 884
513 880
515 877
512 875
512 872
513 869
512 871
513 865
512 863
512 858
510 853
514 849
513 845
515 841
513 837
515 832
513 826
514 821
513 818
513 813
513 807
514 801
513 795
513 791
511 787
513 784
512 778
512 771
517 766
513 763
511 757
513 749
512 747
513 267
513 272
514 277
513 283
513 287
513 293
513 297
513 302
515 308
513 314
513 317
513 323
516 330
513 335
515 340
514 344
531 346
513 356
529 364
513 364
513 372
514 376
516 380
513 386
514 392
514 399
514 404
514 413
512 424
514 424
513 428
512 437
513 444
512 450
513 455
514 457
513 463
514 467
513 472
512 478
514 481
514 487
514 492
514 499
515 504
513 509
512 516
513 522
513 531
514 530
513 544
519 545
513 555
515 556
513 563
512 568
514 572
511 665
515 669
513 675
513 680
513 685
514 690
512 692
513 700
513 703
512 709
513 713
515 717
505 723
513 728
513 733
514 738
514 742
514 747
512 752
513 757
513 761
513 765
514 771
512 775
511 778
505 782
279 785
330 792
343 795
372 799
201 798
161 804
174 810
216 813
241 817
240 821
228 825
250 829
206 832
270 837
277 839
249 842
286 847
275 851
244 853
313 857
283 859
244 864
268 867
293 868
258 874
251 877
255 880
318 883
333 886
302 888
307 891
340 898
345 898
350 898
317 900
381 902
394 903
415 904
343 906
421 906
421 908
352 909
395 911
366 910
419 913
394 914
403 915
423 916
400 917
394 918
387 919
436 921
389 921
380 921
427 922
416 923
424 925
455 924
432 925
415 925
446 924
477 924
434 925
454 925
435 925
483 925
465 923
461 924
445 925
464 924
469 921
491 924
484 923
496 922
508 921
512 917
512 914
513 911
512 909
513 907
515 906
512 903
513 904
514 902
515 897
514 898
512 894
513 884
513 883
514 882
514 878
512 877
511 875
516 871
512 872
512 868
513 865
512 861
515 858
512 851
514 850
514 843
513 843
513 838
513 832
514 828
513 824
512 819
513 814
513 811
513 804
513 796
513 791
513 787
513 781
512 778
513 772
513 768
512 762
513 756
513 756
512 750
514 741
514 736
514 734
513 730
514 722
514 714
512 711
513 707
512 698
512 694
512 690
513 683
513 678
514 675
513 670
514 665
513 660
512 654
513 649
513 644
514 636
513 630
510 601
512 596
513 593
514 590
515 585
514 582
509 575
513 571
512 567
512 564
513 558
514 554
514 548
514 541
514 538
513 532
515 523
514 518
514 511
511 504
513 499
514 490
512 488
515 481
513 478
513 472
514 467
514 462
513 457
514 454
512 447
514 441
515 435
513 432
513 424
515 418
514 414
512 406
514 401
515 395
513 389
513 383
513 375
514 370
513 365
513 361
513 355
513 349
513 344
514 339
513 334
512 330
514 327
512 322
514 317
513 311
512 308
513 286
514 284
514 281
513 277
513 272
514 268
514 265
515 259
516 255
518 251
663 253
800 246
730 242
692 236
681 236
917 234
903 224
836 225
795 217
813 215
823 209
765 207
738 203
798 201
758 196
718 193
751 189
754 190
746 183
767 180
717 177
761 173
745 170
746 166
780 162
696 159
738 156
744 154
717 149
741 148
674 147
679 148
680 144
625 142
685 140
638 139
641 137
671 136
668 135
616 131
629 122
640 131
636 129
628 128
593 127
656 127
630 124
636 119
610 119
638 119
607 118
617 117
590 116
607 116
637 114
597 111
602 116
595 110
582 112
574 113
585 112
585 112
566 112
559 113
577 113
569 112
593 113
542 113
575 117
568 110
563 117
537 114
540 115
528 113
514 119
514 122
514 124
514 127
513 129
513 131
514 132
514 134
514 135
513 136
514 136
516 140
513 139
514 144
513 146
515 150
514 151
514 154
514 157
514 160
515 161
513 164
514 169
514 171
515 173
515 176
517 189
515 187
514 192
513 198
515 210
513 212
514 217
513 222
514 225
516 228
513 234
514 241
513 246
513 251
514 256
513 261
514 268
513 274
514 275
514 281
513 285
514 292
514 297
513 300
514 308
513 312
513 316
516 323
513 330
513 333
513 338
513 348
515 345
512 337
510 361
495 368
514 369
513 377
513 381
513 384
513 390
514 398
513 403
513 410
513 417
513 422
514 429
514 436
514 442
514 447
513 454
514 459
514 464
515 467
513 471
513 475
512 480
514 485
514 491
515 495
513 502
513 651
513 656
513 663
513 667
513 674
513 676
513 684
513 688
514 694
515 699
514 704
513 708
514 708
514 717
513 719
522 726
513 731
514 737
513 742
513 747
513 751
513 755
514 760
513 765
513 770
512 775
511 778
511 783
278 784
295 789
344 795
362 798
254 798
168 803
218 808
189 812
235 815
225 820
244 825
228 828
248 832
246 836
284 839
259 843
261 847
261 848
275 852
293 856
250 859
276 858
257 866
269 870
288 873
230 877
294 879
321 883
342 887
340 894
329 894
355 895
412 897
355 898
355 899
387 905
389 902
417 905
349 905
396 906
383 907
426 910
369 910
391 911
430 912
372 913
408 915
387 916
426 917
344 919
365 918
460 920
390 921
426 921
405 923
421 923
449 924
422 924
414 924
456 924
468 924
423 925
467 925
438 925
453 925
466 925
466 925
480 925
434 925
486 926
474 924
480 923
485 923
500 921
506 919
512 918
513 915
512 913
513 910
513 908
512 906
513 906
513 902
514 902
513 896
513 898
514 889
511 886
512 888
514 883
516 879
513 878
515 876
514 873
514 870
514 865
514 865
511 863
515 857
512 854
514 853
515 847
511 843
514 839
514 834
513 828
513 824
513 820
513 815
515 810
513 805
514 799
512 794
513 788
516 783
513 779
513 774
514 768
514 763
512 758
514 755
515 751
512 746
513 740
512 734
513 732
514 724
514 719
512 713
513 705
513 699
513 698
512 690
511 685
513 681
514 674
513 668
512 667
514 660
513 655
513 651
512 642
514 640
513 611
514 608
514 605
513 598
514 591
512 587
513 580
513 579
513 572
515 568
513 564
513 559
513 554
513 549
514 544
515 538
514 533
512 529
515 519
515 513
512 507
512 500
513 494
514 488
513 484
513 479
513 473
513 468
514 463
513 459
513 454
514 447
512 443
514 437
515 431
513 426
516 419
513 414
514 407
514 402
512 396
514 390
509 388
513 378
513 371
513 366
514 363
514 356
513 354
515 346
513 340
512 336
513 333
514 327
514 322
514 318
513 298
512 295
517 291
514 289
512 284
513 279
513 275
510 270
515 263
514 262
516 256
519 251
521 253
810 249
724 242
707 237
663 236
901 235
941 216
871 222
784 220
834 216
826 211
764 209
756 204
802 201
752 197
738 194
733 188
757 187
762 184
727 180
765 176
741 174
749 170
824 166
760 164
713 161
725 157
755 154
776 152
690 149
643 147
694 145
696 146
688 141
682 141
616 139
674 138
616 136
671 134
680 133
620 134
665 133
621 129
663 128
564 127
624 122
612 122
633 119
642 119
604 120
623 118
611 117
614 115
625 116
588 114
614 114
589 114
585 114
583 113
593 112
576 113
570 113
579 111
584 110
555 114
575 112
578 112
562 114
539 113
567 110
563 115
561 119
520 115
522 118
515 118
515 120
514 124
514 126
514 128
513 131
514 132
513 134
514 134
514 136
514 139
512 140
514 142
514 143
513 146
514 147
514 150
514 155
514 157
514 159
513 162
513 165
514 168
513 171
514 173
513 178
514 180
534 174
514 201
514 204
513 207
514 210
512 214
514 220
515 225
514 229
513 235
512 240
513 246
515 250
513 258
513 261
514 265
513 268
514 272
514 279
513 288
513 291
513 293
514 298
513 306
513 311
514 314
514 321
513 327
513 330
513 337
514 345
517 347
512 357
517 360
513 355
508 370
514 374
514 378
514 385
514 388
513 398
521 400
513 406
513 418
514 421
515 428
514 433
513 441
513 446
513 451
513 453
513 461
512 466
514 470
513 475
515 478
513 484
514 489
514 515
512 518
513 524
513 526
513 532
512 539
507 541
516 549
508 558
517 562
512 569
513 570
513 575
513 580
513 586
513 591
514 596
514 602
514 606
513 613
514 619
514 625
513 631
512 639
515 644
514 650
512 656
513 662
515 666
513 671
513 678
514 683
514 688
513 692
513 699
513 702
514 705
514 711
513 717
513 721
514 731
521 732
513 736
513 740
513 745
513 750
512 755
513 760
513 766
516 769
512 775
510 777
512 782
372 781
279 787
311 793
341 800
185 811
241 814
245 815
235 822
232 823
301 830
217 831
242 834
296 839
263 842
251 844
248 848
291 851
281 855
256 858
274 861
274 865
263 869
284 872
283 876
274 879
246 882
312 884
283 888
341 889
343 891
329 889
401 895
365 898
381 898
358 900
346 901
392 903
388 904
395 905
379 906
446 908
409 910
373 910
392 911
370 912
411 914
388 915
376 917
415 917
403 918
393 919
421 920
413 921
377 922
420 922
448 923
418 923
407 924
429 925
453 927
446 924
465 924
449 925
443 925
461 924
473 925
455 925
457 924
482 924
491 924
470 924
486 923
506 920
514 919
511 915
513 914
512 910
513 908
513 907
513 903
513 904
513 903
513 899
513 897
515 896
515 894
515 893
515 888
515 886
512 883
514 884
514 880
513 875
513 875
514 871
513 869
513 861
513 863
512 859
513 857
512 851
511 849
513 844
513 837
513 834
514 830
513 826
512 820
514 817
513 811
513 806
513 801
513 796
515 790
514 785
514 780
515 775
513 771
513 754
511 745
513 744
514 738
513 733
514 730
512 725
513 719
513 714
514 709
514 702
513 697
513 693
513 688
515 683
514 676
512 673
513 668
514 659
515 659
512 652
513 646
514 640
513 631
513 629
513 616
514 612
513 607
512 598
513 595
512 587
513 584
514 579
513 573
527 571
513 564
513 560
514 557
514 551
513 547
514 539
515 534
513 527
515 522
514 516
513 508
513 502
511 496
513 490
514 485
514 479
515 475
514 469
513 465
514 459
513 454
513 450
514 428
514 423
514 420
516 414
514 409
513 404
514 396
514 390
515 385
522 371
512 372
514 349
513 364
516 357
514 351
514 347
512 340
513 337
514 332
512 329
513 324
514 319
514 314
513 309
513 305
514 299
514 293
514 290
513 286
512 280
514 276
515 271
514 266
514 262
514 259
519 253
522 250
847 250
770 243
714 239
677 234
857 235
900 231
845 225
816 212
809 216
812 214
797 209
790 204
757 202
765 197
770 196
716 190
768 187
753 184
745 181
767 178
736 164
743 162
773 161
762 157
743 154
724 151
696 149
712 147
661 145
671 142
664 145
639 139
699 139
645 137
644 135
653 135
585 133
688 133
595 133
647 125
693 129
605 127
661 126
627 125
658 123
584 123
612 121
646 121
627 119
650 119
597 117
623 119
599 115
586 117
627 114
606 114
567 114
568 115
618 113
570 113
581 113
587 114
545 112
589 113
562 113
587 112
561 112
553 113
562 114
574 117
553 118
530 117
531 116
520 118
514 120
514 125
514 132
513 130
515 134
513 135
514 136
514 137
515 139
514 141
514 143
514 145
513 147
514 151
513 153
513 155
514 158
514 162
514 164
514 166
514 171
512 173
514 176
512 179
514 183
508 157
515 191
512 193
516 202
512 204
514 210
514 216
514 220
514 224
513 229
513 234
512 240
514 245
513 248
513 253
513 257
514 264
513 269
514 274
513 279
513 284
514 289
513 295
513 300
513 307
512 309
513 316
513 320
514 326
514 329
514 336
513 341
514 348
519 351
517 373
515 376
514 379
513 383
514 386
513 395
514 400
514 407
513 414
515 419
514 428
514 432
512 440
514 445
514 450
513 455
513 460
512 466
513 468
513 474
514 478
513 483
514 489
514 494
514 499
513 505
514 512
514 519
512 525
514 532
513 539
512 543
513 548
509 536
510 558
513 561
508 570
513 575
514 579
514 587
513 589
513 595
512 601
512 607
519 611
512 617
513 624
514 630
514 636
513 642
512 649
514 654
513 660
512 665
515 671
514 677
514 682
512 702
513 707
513 705
513 710
514 715
514 719
513 725
512 737
512 734
513 739
512 744
513 749
514 753
513 758
513 764
513 767
512 772
511 775
513 780
403 780
303 786
290 791
313 796
285 797
168 801
183 806
205 813
271 814
231 818
232 822
269 826
223 830
254 833
267 837
240 841
269 846
260 850
266 851
265 855
281 858
282 862
223 864
239 868
311 872
275 874
288 878
264 881
298 885
307 886
326 889
327 891
317 893
365 895
363 896
367 897
357 899
402 901
363 906
390 905
413 908
359 908
418 909
374 910
414 911
399 912
369 915
357 915
380 916
427 919
386 919
424 919
403 920
386 921
421 923
425 923
436 923
425 924
409 924
439 924
469 924
429 925
434 925
455 925
454 924
463 925
474 925
450 924
456 924
455 924
488 924
476 925
479 923
479 923
512 920
515 919
512 916
512 915
514 911
513 908
513 907
513 905
513 904
515 903
514 901
513 899
514 899
512 895
513 894
514 890
514 889
514 887
514 882
513 877
511 876
513 858
513 865
516 863
513 858
514 856
516 852
513 849
514 845
513 841
513 845
514 834
514 826
512 821
514 817
514 811
513 806
514 799
516 794
513 789
513 785
513 783
513 781
517 771
513 766
515 760
513 758
514 753
514 746
513 740
513 737
513 733
514 726
513 720
513 716
513 709
513 703
514 698
513 691
514 687
512 684
511 677
512 673
513 669
514 662
514 659
513 652
514 647
513 641
514 634
513 629
513 618
513 614
513 605
514 601
513 593
515 590
513 587
513 564
513 561
513 558
514 555
514 553
514 545
512 542
513 533
515 530
513 524
516 515
512 508
513 503
513 497
514 491
513 485
514 480
512 475
515 470
514 466
513 461
513 457
514 451
514 446
514 441
513 435
514 428
513 423
512 416
512 411
515 404
517 398
512 392
513 386
514 380
515 378
513 369
515 363
514 359
514 353
513 348
514 343
515 338
515 334
513 330
513 325
514 320
514 316
513 310
513 306
514 300
513 295
513 290
514 286
506 282
514 276
513 274
515 257
518 253
522 250
750 252
758 247
739 239
727 233
846 236
904 231
874 226
825 217
778 217
807 213
781 210
778 208
779 201
765 201
749 195
774 193
768 189
741 185
702 182
774 179
795 175
736 172
721 168
759 164
791 161
753 158
733 155
702 152
695 150
709 148
670 145
680 144
614 143
678 141
694 139
669 138
639 136
586 134
674 136
645 132
662 131
642 123
621 125
675 127
590 126
672 125
656 124
606 122
608 126
618 120
666 120
618 118
614 118
623 117
576 115
592 113
618 114
581 113
608 114
590 113
576 114
566 112
568 112
596 112
559 111
580 113
546 112
554 113
552 113
572 113
557 108
529 114
533 113
517 118
515 119
515 122
513 125
514 129
513 129
514 131
510 132
513 134
512 134
513 136
513 139
513 140
515 141
513 145
514 148
514 150
515 153
513 156
513 160
513 161
514 163
514 167
513 169
513 172
514 175
513 180
513 183
514 186
519 192
514 188
514 198
513 196
514 206
514 213
514 217
514 222
513 229
513 244
513 249
513 253
513 259
514 263
513 267
515 272
513 277
513 284
513 289
513 295
513 297
514 302
513 307
513 312
513 319
512 325
513 329
514 335
513 340
514 347
513 351
507 353
513 361
511 367
512 376
515 377
513 381
513 387
514 393
513 396
513 406
513 412
514 414
513 426
513 431
513 438
513 444
513 451
512 455
512 460
511 465
514 467
511 474
514 476
514 482
514 487
514 492
511 498
513 503
512 510
514 517
514 524
515 529
512 536
512 543
511 568
516 568
514 570
518 576
511 574
513 583
514 589
512 593
513 599
514 605
512 612
514 617
514 622
513 629
513 634
512 643
513 648
514 653
512 660
513 665
513 669
513 675
512 681
513 686
514 691
514 696
512 701
513 705
515 703
514 713
513 718
514 723
513 728
514 731
513 738
514 743
514 748
514 752
513 758
513 763
513 766
513 771
513 775
510 780
509 782
273 784
297 790
333 795
371 800
147 801
161 805
220 812
239 813
250 818
231 822
232 824
253 827
281 844
281 847
271 849
249 850
272 853
262 857
275 861
300 864
273 868
213 871
266 876
291 878
279 881
286 883
241 886
332 889
376 890
330 892
354 894
336 896
341 898
380 899
379 900
371 902
374 903
430 904
382 906
389 907
374 909
404 907
391 910
385 911
388 913
408 915
411 916
382 915
422 917
413 918
384 918
393 920
423 921
411 921
419 923
423 922
427 922
440 923
436 924
477 926
429 925
427 924
461 924
464 925
453 925
455 925
451 925
467 924
464 924
470 921
496 921
510 920
515 918
512 915
511 914
517 912
512 909
513 907
513 906
512 905
513 902
513 900
513 900
513 897
512 897
513 894
513 894
512 888
514 887
512 884
513 881
512 878
512 875
516 874
512 870
513 867
512 864
512 859
513 854
513 855
515 850
515 846
513 841
516 836
514 833
513 827
513 822
513 817
513 812
513 807
513 800
514 796
513 793
513 788
513 782
514 779
513 772
514 768
513 763
513 754
513 750
513 748
512 744
513 737
513 732
513 729
514 703
513 701
513 697
513 693
513 686
513 683
511 679
514 671
512 671
512 668
513 658
513 654
511 647
513 642
514 635
514 629
513 622
513 616
513 610
513 602
513 597
514 589
513 585
513 581
512 576
515 571
513 568
512 561
513 559
512 553
516 546
513 544
514 535
514 532
513 524
513 518
513 511
515 503
511 499
515 492
512 488
514 481
514 476
514 472
514 466
515 461
515 456
513 453
511 446
513 442
515 436
515 430
512 424
512 416
513 411
514 406
511 400
512 377
513 373
510 370
513 364
513 360
513 354
514 348
513 344
513 339
513 334
513 330
513 327
513 323
514 316
513 312
511 307
513 301
511 296
515 292
513 287
513 283
514 278
515 273
512 268
514 264
514 258
517 256
520 252
699 255
781 247
742 241
729 236
772 237
903 234
881 226
806 222
791 230
804 205
774 210
808 207
776 204
720 199
761 197
756 195
782 189
771 186
706 182
779 179
776 175
759 172
734 169
727 166
772 161
740 159
749 156
711 152
680 150
670 143
678 142
687 142
657 141
651 138
616 136
640 136
660 134
692 132
646 131
572 129
637 116
622 128
643 126
648 125
647 125
628 123
578 122
638 121
662 120
617 119
644 119
610 117
626 116
592 115
589 115
628 114
576 113
609 113
619 114
556 112
572 112
563 111
596 113
564 113
561 116
572 111
556 111
577 113
548 113
575 114
536 113
525 122
527 118
521 119
514 119
514 122
511 125
514 127
514 129
513 132
513 132
514 132
512 135
515 139
513 139
515 140
513 149
514 151
515 152
514 157
512 157
514 160
513 163
515 165
514 167
514 171
513 175
514 180
514 181
514 185
514 188
506 193
518 208
533 202
514 209
513 210
514 216
514 222
514 229
513 233
514 236
514 239
514 245
513 252
513 255
513 260
514 264
514 270
513 277
513 282
513 286
514 293
514 298
513 302
513 307
513 313
514 317
513 320
514 328
513 335
513 341
514 344
513 347
513 356
517 362
513 382
515 366
520 371
514 381
514 385
514 390
513 397
513 403
513 429
513 432
516 437
513 442
514 450
514 453
513 457
515 464
514 467
514 473
512 476
514 481
513 483
513 490
511 496
513 503
513 508
514 514
512 522
514 527
513 534
513 540
514 543
518 555
513 556
514 563
515 565
513 575
514 576
513 581
512 588
514 592
514 597
513 604
513 610
514 615
510 622
513 628
512 634
516 639
513 646
514 652
513 657
514 663
513 669
513 674
514 680
514 685
514 691
513 695
512 700
513 704
511 708
513 713
514 716
513 721
512 728
513 745
513 749
513 749
513 755
513 761
513 767
512 771
514 772
511 779
508 783
273 783
325 789
350 794
376 797
232 799
139 804
194 809
205 814
267 817
214 820
246 824
235 829
255 833
256 835
252 839
240 843
281 846
292 849
246 853
242 857
289 859
307 864
248 866
252 870
243 873
296 877
301 880
297 883
309 886
333 891
370 890
330 892
332 894
320 895
379 897
400 898
378 900
391 902
347 903
437 905
353 906
366 907
373 908
406 909
413 910
370 911
397 911
384 916
394 917
431 918
394 921
417 920
418 920
430 921
389 923
420 923
446 923
409 924
445 925
430 924
429 924
461 925
448 924
476 926
435 925
465 925
458 924
456 925
472 927
471 925
471 924
467 924
488 923
499 921
502 920
509 918
513 914
515 912
513 910
513 908
513 906
513 905
512 904
514 902
513 900
513 898
514 897
515 890
512 891
513 884
515 887
513 885
514 880
511 878
514 874
513 873
514 869
514 867
514 864
513 861
513 856
514 855
514 851
514 832
513 831
513 825
513 823
513 816
513 815
513 810
513 804
513 797
513 791
513 785
513 784
513 782
513 773
514 767
513 763
514 759
510 755
513 750
514 742
514 739
513 735
513 731
513 723
513 716
513 713
511 708
513 700
513 696
513 691
513 685
514 678
513 677
513 671
513 664
513 662
514 655
513 650
512 644
512 635
513 631
513 623
513 616
515 610
513 605
512 600
512 591
513 588
513 582
513 577
513 573
513 569
513 564
514 558
514 554
514 550
513 539
513 517
513 512
513 509
513 505
514 500
512 493
513 488
513 481
513 478
515 472
512 469
513 461
512 457
514 455
513 448
512 442
513 437
514 432
514 425
513 421
513 415
514 406
514 401
513 394
514 388
512 383
514 377
514 372
518 367
514 361
513 356
512 350
513 346
513 339
514 336
511 332
513 327
514 324
513 319
513 313
513 308
513 303
513 298
514 289
513 288
514 284
514 280
513 274
513 270
513 266
516 261
517 255
517 253
524 252
836 249
729 244
706 237
659 221
795 220
775 213
760 228
765 208
783 207
774 204
757 201
746 197
742 193
774 190
756 186
744 184
771 180
752 178
737 173
748 171
759 166
777 163
748 160
775 156
715 153
687 151
702 149
662 146
716 144
660 143
660 142
684 139
624 138
677 137
608 135
677 134
660 134
614 133
671 130
621 130
665 115
623 126
633 125
599 125
606 120
661 122
616 121
643 120
633 119
593 118
625 117
644 117
589 115
621 115
605 115
602 114
607 113
579 113
576 112
587 113
604 113
581 112
556 113
562 112
570 113
557 113
558 113
540 113
558 113
551 115
519 116
520 114
510 121
514 124
514 127
514 128
513 130
513 129
513 134
514 134
512 136
514 138
515 140
513 142
514 143
514 146
513 148
513 151
513 153
514 157
514 160
514 162
513 164
513 168
513 170
514 175
513 177
514 181
513 184
514 188
514 190
514 199
513 211
517 207
530 208
513 216
515 221
513 225
513 231
513 233
513 240
514 245
514 250
512 254
514 259
513 265
514 271
514 291
514 293
514 296
513 301
513 307
514 311
514 314
514 323
513 330
513 331
514 338
513 345
513 348
514 353
515 362
512 363
514 371
507 378
514 364
515 382
513 391
513 394
513 402
514 410
514 413
513 423
513 429
514 434
514 441
515 448
513 451
512 457
513 459
515 466
514 470
513 475
513 480
514 484
513 489
513 495
514 500
513 507
514 513
513 520
510 527
513 533
512 540
513 542
513 550
516 549
513 559
509 563
514 568
500 574
514 575
513 586
513 592
513 613
516 617
515 621
513 626
515 631
512 638
514 641
514 649
514 654
514 662
512 667
514 672
513 678
512 684
513 689
512 693
514 698
513 703
513 707
514 711
513 716
513 721
513 725
514 733
513 736
516 749
513 744
514 749
513 755
513 760
513 766
514 767
515 773
513 775
510 781
416 778
286 786
332 788
336 796
303 798
162 802
150 808
179 812
227 816
259 820
248 823
231 827
224 831
306 835
263 838
241 842
274 843
289 848
260 852
242 855
265 859
274 863
308 876
303 878
309 880
316 881
317 885
315 888
321 890
295 890
398 893
378 895
355 896
377 898
361 901
366 901
382 902
408 902
366 905
397 907
349 906
406 909
362 910
383 910
400 912
392 913
430 915
395 917
398 916
374 918
398 918
411 920
393 921
433 921
402 923
434 922
441 920
424 924
453 920
436 924
422 925
474 925
437 925
468 924
438 923
459 925
464 924
465 925
463 924
450 924
474 924
475 924
496 924
498 922
502 922
513 918
512 916
514 913
513 910
515 904
512 903
513 901
513 900
513 899
513 897
514 895
514 893
513 889
514 887
513 884
514 883
512 879
511 877
512 873
510 871
512 871
512 866
512 864
512 859
512 856
514 849
512 847
515 844
513 840
511 835
513 828
513 826
513 820
513 816
514 810
513 805
515 799
513 794
513 788
514 784
513 779
513 774
514 770
514 765
513 760
513 754
515 750
513 746
514 739
513 734
509 730
513 727
513 719
515 713
514 708
513 702
513 699
513 693
513 686
512 683
513 659
513 656
513 653
513 650
514 644
513 641
514 634
512 624
513 621
514 611
513 606
515 600
513 593
513 588
513 582
512 580
513 573
513 570
513 564
515 561
515 556
516 549
513 547
513 538
512 533
514 528
516 520
512 515
515 507
513 502
513 495
510 489
513 481
514 478
514 469
512 470
513 465
515 458
513 454
514 449
512 444
512 438
509 432
514 426
514 422
513 415
515 407
514 403
514 397
515 390
514 384
513 377
514 373
515 368
532 350
513 357
513 352
514 331
513 329
513 326
513 324
513 320
515 313
514 308
514 305
512 300
513 295
514 289
513 286
514 285
513 276
513 271
516 265
513 261
515 258
514 252
523 246
804 252
798 244
695 240
694 235
915 235
924 230
832 224
815 220
793 216
764 210
761 208
782 205
760 201
766 199
