516 588
513 592
514 596
513 597
513 604
512 610
514 615
513 622
513 627
511 634
513 640
513 646
513 653
513 658
514 663
511 671
513 675
513 680
513 684
513 690
513 695
518 699
514 704
512 710
511 713
514 717
513 722
513 728
513 733
514 738
513 743
512 747
513 752
513 756
514 760
513 766
512 771
513 775
513 779
513 784
512 789
512 790
508 797
262 793
307 802
338 807
370 811
371 814
386 818
394 823
376 829
382 830
392 834
388 838
368 841
371 842
405 848
512 283
514 279
512 274
513 268
514 263
514 259
513 254
515 251
513 247
516 244
517 239
522 237
810 236
742 231
712 226
673 222
633 218
662 212
668 208
635 206
625 201
653 200
649 196
644 192
634 188
636 185
643 182
623 178
618 175
645 171
647 167
638 165
640 162
617 158
630 155
615 153
629 150
634 148
573 147
589 145
616 142
586 141
614 140
556 138
576 138
571 137
573 134
577 132
602 130
597 131
542 129
574 128
538 127
587 140
575 121
605 127
589 120
491 924
499 925
466 937
503 927
492 925
486 925
486 922
508 923
500 921
493 922
508 922
513 923
511 918
515 916
515 912
509 910
513 907
513 905
513 904
513 901
513 903
515 901
513 897
514 896
513 894
514 891
513 889
514 887
517 884
513 880
514 880
514 877
513 874
513 870
513 868
511 864
513 862
513 858
514 854
513 852
513 847
514 842
515 839
512 835
513 828
513 823
513 819
513 814
513 810
513 806
514 799
513 792
513 788
512 787
514 780
513 775
513 770
515 749
514 746
512 745
513 742
514 734
513 729
514 726
513 719
513 713
514 708
514 703
516 696
513 693
516 688
513 680
513 677
512 667
510 665
513 662
515 652
513 650
514 643
515 639
513 634
516 624
512 616
515 612
516 606
513 600
514 592
514 587
514 580
511 578
514 573
514 568
513 564
515 558
512 556
513 549
516 544
513 540
514 531
512 528
513 520
516 513
530 505
517 500
513 495
513 488
512 483
519 478
516 473
514 468
514 463
513 460
513 454
515 449
513 427
512 423
513 419
512 414
514 408
514 401
514 395
512 391
515 384
514 378
513 372
512 369
517 361
515 357
513 351
513 345
513 340
512 336
514 332
514 327
519 325
521 318
513 313
514 307
514 303
514 298
514 294
513 289
515 283
516 278
514 276
513 269
514 265
515 259
513 257
516 251
514 250
515 244
518 239
524 235
832 237
714 230
675 226
696 222
661 218
647 213
631 209
670 207
631 202
622 199
639 201
657 186
646 188
598 189
650 184
652 179
613 164
674 162
643 157
612 158
651 155
586 153
589 150
629 148
624 147
602 145
593 143
572 141
579 140
579 138
585 137
577 135
579 134
581 134
555 130
592 129
556 129
560 127
596 128
548 125
571 117
567 124
591 121
576 121
574 120
576 121
559 118
573 117
564 119
582 116
583 116
558 114
562 114
559 112
566 113
543 113
536 112
555 114
531 112
551 112
542 110
551 112
519 112
538 112
542 112
529 113
521 113
527 114
533 115
512 116
515 118
515 120
511 124
518 120
514 131
514 134
515 135
515 136
514 138
513 140
514 141
513 148
514 147
513 148
513 152
512 153
513 157
512 158
514 161
513 164
513 168
513 170
514 174
514 176
515 181
513 184
514 188
514 193
510 195
513 199
513 204
513 210
513 214
513 219
514 224
514 231
512 238
513 242
513 240
512 250
520 258
514 263
512 265
513 271
514 274
514 281
515 284
512 291
513 295
513 301
517 305
513 312
515 317
513 321
514 325
513 332
514 337
514 342
512 350
514 355
513 376
511 379
513 382
514 387
510 391
516 394
514 403
515 409
515 414
510 420
512 427
512 434
516 439
512 448
514 451
514 456
513 463
513 466
513 471
512 474
512 481
515 484
514 489
512 495
513 501
512 507
512 515
511 520
513 526
514 533
515 538
512 546
512 551
513 556
513 562
514 565
512 571
514 574
513 580
513 586
513 590
511 594
515 601
512 607
511 613
515 617
514 626
512 631
512 638
514 644
513 649
512 655
513 662
514 666
513 672
511 678
514 682
514 703
514 705
514 708
512 712
512 718
513 720
513 726
512 731
513 737
513 740
513 746
514 749
513 755
513 759
513 765
515 769
513 773
512 779
514 782
512 786
513 791
510 795
394 795
295 800
343 801
383 809
411 813
327 817
403 820
406 825
371 828
394 834
398 836
388 842
394 842
394 847
390 851
388 853
407 856
399 862
368 864
397 867
376 871
413 874
415 877
354 880
403 883
435 886
413 888
419 891
426 893
482 893
432 898
413 897
444 898
429 897
445 901
455 906
458 907
443 907
477 909
443 909
445 910
491 912
452 912
442 914
433 913
476 917
481 919
429 920
475 922
461 921
440 921
469 927
471 923
480 924
459 924
457 924
498 924
474 925
478 924
495 925
482 925
469 925
474 925
482 925
509 928
490 925
480 924
503 924
503 924
492 924
506 923
512 920
513 918
512 916
514 914
514 911
514 909
513 908
512 905
513 903
514 902
514 900
514 898
513 898
513 894
513 894
514 890
513 888
513 886
513 880
513 880
514 876
512 762
511 756
515 753
513 748
513 744
514 742
513 737
514 728
513 724
512 720
513 716
512 707
515 702
512 698
513 690
514 686
512 680
515 679
513 671
517 665
514 663
513 655
513 654
513 647
516 637
513 635
513 626
514 620
513 612
518 605
513 601
515 593
513 590
513 582
515 580
515 575
517 569
515 566
513 561
514 555
513 553
513 545
514 539
513 534
513 527
515 521
513 515
516 507
514 502
514 497
515 490
513 485
513 480
514 473
515 469
514 463
515 461
513 440
514 437
514 433
513 428
515 421
515 416
513 409
515 402
515 396
512 391
513 385
515 378
513 373
514 369
513 363
516 356
515 353
514 348
513 342
515 336
513 336
513 329
514 325
512 318
511 313
515 309
515 303
512 299
513 294
513 290
514 285
514 280
514 276
513 270
514 266
515 261
512 257
514 253
517 248
515 245
515 241
521 235
822 238
727 233
704 226
660 225
658 219
665 215
633 210
651 206
646 204
620 200
629 195
655 193
638 185
605 186
667 182
626 170
643 169
669 165
641 162
630 159
643 156
637 155
589 152
617 149
595 146
598 145
605 144
591 140
590 141
536 139
633 138
597 136
532 134
596 133
582 131
600 131
555 130
564 128
589 127
567 126
544 125
553 123
585 123
545 119
567 122
591 121
567 118
540 117
534 116
594 115
578 116
532 115
562 114
557 113
535 112
543 113
577 112
563 112
535 111
535 114
553 112
536 112
530 111
553 112
560 112
523 113
521 113
537 113
529 115
517 116
513 118
514 121
512 125
515 125
510 131
518 128
512 130
512 136
513 137
514 139
514 141
514 143
513 145
513 148
513 151
513 153
510 156
513 159
514 160
513 165
513 166
514 169
513 173
513 173
513 178
514 183
513 187
513 193
513 195
513 199
514 205
513 208
514 215
516 219
513 225
513 231
513 235
507 230
515 242
509 254
513 256
506 258
512 266
513 268
513 273
514 281
513 285
513 289
513 294
512 299
513 304
513 308
514 314
514 319
514 325
513 331
513 338
513 344
513 365
512 367
513 370
514 373
514 378
514 381
513 389
515 394
514 399
511 407
515 410
515 422
519 427
513 433
511 442
514 444
514 452
516 457
515 462
515 466
515 470
510 474
513 477
509 484
513 486
514 495
513 500
513 505
511 512
513 518
512 524
513 531
513 537
514 542
512 550
515 553
514 559
513 562
514 569
515 575
514 578
514 583
512 590
515 595
513 600
515 606
511 611
514 617
513 625
516 629
512 636
511 642
514 647
512 654
512 659
514 665
513 670
512 693
516 696
514 700
514 701
513 705
513 709
512 715
513 720
513 724
514 728
512 734
514 740
513 744
516 749
512 754
512 759
514 763
512 767
513 774
514 777
513 782
515 786
511 789
511 794
508 798
246 799
295 804
347 809
371 813
368 815
368 820
371 824
380 824
374 832
398 836
381 839
380 843
404 846
388 849
388 853
390 855
429 859
412 863
357 865
413 869
403 873
377 876
374 879
423 882
421 886
390 887
443 889
400 892
450 892
451 896
410 899
473 898
413 904
488 905
467 906
465 905
470 908
445 909
467 911
433 911
476 911
472 912
440 914
450 916
461 917
463 918
438 920
478 919
480 921
442 921
466 923
474 923
467 923
458 924
492 924
488 924
464 925
483 922
491 925
496 928
471 925
482 925
485 926
491 926
485 925
494 920
500 924
491 922
479 923
510 921
506 921
510 919
513 916
513 914
513 913
515 910
513 907
516 906
514 904
513 902
514 901
513 899
511 897
513 894
514 894
513 891
513 888
512 885
514 883
513 871
513 870
513 868
513 867
512 862
514 860
515 856
513 853
512 850
513 844
513 841
513 837
515 831
513 827
514 822
514 818
514 812
513 806
513 801
512 794
515 791
513 787
513 782
512 775
513 770
514 766
512 760
513 755
514 751
513 747
516 743
512 735
513 732
513 726
513 722
513 715
513 710
514 703
513 697
512 692
512 688
513 683
515 679
514 673
513 671
513 663
512 659
515 652
513 648
512 642
514 634
511 627
513 620
513 615
516 607
513 602
516 594
513 577
516 573
514 569
514 567
513 558
513 558
514 551
515 547
513 542
518 535
506 529
514 522
512 518
512 509
514 504
517 497
516 491
514 485
517 480
518 476
512 470
513 466
516 460
515 456
512 452
515 445
514 440
515 434
512 429
514 423
513 415
514 411
513 405
515 397
514 393
513 386
514 381
514 375
513 369
512 365
514 357
514 353
513 348
513 343
514 338
514 333
513 330
513 325
516 320
507 328
513 310
514 304
513 300
514 294
511 290
513 286
514 281
513 263
513 261
513 257
513 254
515 250
514 245
517 242
517 237
690 239
760 232
757 227
695 222
621 220
684 216
676 212
618 207
643 204
627 200
656 197
627 194
596 189
662 178
647 182
598 180
620 177
643 173
650 170
621 167
604 164
654 160
606 157
607 155
649 151
599 151
559 147
594 146
617 144
568 143
601 139
561 139
611 137
609 137
549 134
607 133
558 132
571 130
551 130
593 128
582 127
576 126
595 127
559 124
565 118
539 125
595 125
581 121
570 109
589 115
583 115
569 114
598 114
525 113
546 114
548 112
550 113
542 111
538 112
551 112
546 112
533 112
535 113
548 112
542 112
525 113
542 113
520 112
520 114
519 115
517 117
513 119
513 120
514 125
514 127
514 128
516 133
505 128
513 139
512 144
514 137
514 139
514 141
513 143
514 145
512 147
513 150
514 155
516 156
513 158
513 160
515 163
514 166
514 170
514 173
512 176
516 179
514 182
515 185
512 190
512 192
513 198
514 202
514 206
513 212
514 217
516 240
517 247
512 239
516 248
513 256
514 263
512 262
514 266
514 271
514 278
513 283
513 288
513 293
514 297
513 302
510 308
513 313
513 319
512 324
512 328
513 335
512 342
514 347
513 350
514 357
514 362
514 365
513 373
515 378
514 381
512 388
512 392
513 399
510 406
514 412
513 419
510 406
518 429
510 438
514 444
513 450
513 454
512 461
514 463
514 467
511 475
514 475
514 484
516 486
514 493
507 498
512 503
508 511
515 515
513 524
516 528
513 536
514 558
512 561
511 565
514 568
514 574
513 579
512 582
513 589
511 594
514 599
514 605
513 611
513 616
513 622
513 628
512 635
513 641
513 647
513 653
511 659
513 664
514 670
513 675
512 680
514 686
514 691
513 696
513 701
514 705
513 708
513 713
513 718
513 723
514 729
513 733
513 739
515 743
513 747
513 751
512 757
513 763
513 767
513 771
514 776
512 781
514 784
513 791
510 792
512 798
385 796
292 802
301 808
368 812
391 814
380 819
369 823
381 841
402 841
383 843
384 847
382 848
373 852
387 855
383 858
399 861
416 866
410 868
376 872
389 875
413 881
408 882
389 884
392 886
440 889
458 891
403 893
450 895
434 896
438 897
442 900
432 901
468 902
441 905
463 904
447 904
458 907
416 908
473 910
469 911
447 911
473 911
457 913
485 914
417 916
446 918
459 920
447 919
475 921
450 923
474 922
470 923
422 923
493 923
490 924
461 924
481 924
499 925
459 925
483 925
491 924
495 925
493 925
473 925
495 924
492 923
497 923
503 922
507 920
512 920
513 919
513 914
513 912
513 908
510 907
513 906
511 904
514 903
513 903
511 901
513 895
510 895
514 893
513 892
514 889
514 886
514 883
514 879
513 878
513 874
513 872
512 870
514 867
514 863
514 861
513 867
513 855
513 850
513 847
508 841
514 838
511 833
514 829
512 822
513 816
513 812
513 807
513 802
513 798
516 792
513 786
514 783
514 779
512 773
513 768
514 763
513 754
513 752
513 748
513 745
514 736
514 716
514 712
514 708
512 703
514 698
513 694
514 691
518 683
513 679
514 673
514 669
513 664
514 659
513 653
513 649
514 642
512 636
514 629
515 622
512 617
514 609
515 602
513 596
512 589
514 587
513 581
515 574
510 572
514 566
512 562
515 557
513 553
516 547
512 544
513 534
511 530
513 524
518 517
514 511
516 503
512 499
512 493
511 486
514 481
515 476
513 472
514 466
515 461
513 457
514 453
513 446
513 438
515 436
514 430
514 424
515 417
513 411
513 385
514 382
515 378
514 374
515 369
512 365
513 360
516 353
513 348
512 344
514 338
514 332
513 329
513 326
514 321
514 316
517 313
514 306
515 300
514 297
513 292
514 287
514 282
512 278
514 272
513 268
514 263
514 258
516 253
514 248
514 246
516 243
517 238
523 235
840 235
793 228
685 223
666 218
671 215
656 208
649 207
637 205
637 200
626 195
627 193
643 191
641 189
624 176
629 180
605 176
645 174
605 170
639 167
635 164
610 154
625 158
638 155
611 146
623 144
653 144
576 142
572 140
641 138
568 139
610 136
585 136
560 133
578 132
535 131
601 129
556 128
573 127
576 126
599 124
552 123
565 120
580 122
568 117
569 112
549 112
592 117
539 117
550 115
573 114
536 114
579 113
541 113
540 112
574 113
533 113
545 112
561 112
525 112
545 110
544 112
563 110
514 112
547 112
548 112
530 110
518 113
519 111
531 115
516 117
514 112
514 122
513 124
514 127
514 130
513 131
512 133
515 133
513 129
517 137
514 144
514 146
513 149
514 149
513 152
514 154
513 157
513 160
515 161
513 165
513 167
513 172
514 173
512 177
513 182
514 185
513 189
514 192
514 196
514 201
513 206
513 211
515 216
512 221
515 226
516 232
513 234
516 243
526 250
512 248
509 259
514 254
514 265
515 271
513 277
513 282
513 285
513 293
513 301
514 301
514 304
514 312
514 319
514 322
514 328
513 334
513 339
513 341
514 351
513 356
513 361
514 365
514 371
513 375
513 380
513 386
516 391
514 418
513 420
513 426
512 436
514 436
513 443
512 451
513 453
514 458
512 463
513 467
513 472
513 477
513 480
514 485
514 491
510 497
513 504
513 510
513 515
514 523
513 528
514 534
512 541
513 546
511 552
515 557
514 563
514 568
514 572
512 579
513 582
513 587
512 591
513 598
513 604
513 609
511 616
513 622
513 628
514 633
512 641
513 646
513 651
513 658
512 663
513 668
512 674
513 680
513 685
514 691
513 695
513 699
513 705
513 708
514 713
512 718
513 741
513 740
513 743
513 748
512 752
513 756
512 762
513 767
513 771
514 776
514 780
513 784
510 788
512 793
509 796
509 799
235 800
287 807
339 812
358 815
366 818
394 823
340 827
364 831
395 835
387 838
388 840
394 845
371 847
405 851
408 854
377 858
402 861
410 865
392 865
407 871
391 875
398 878
396 882
385 884
446 887
412 888
415 892
453 893
440 896
408 896
453 897
462 899
454 902
432 902
437 904
434 905
434 906
469 907
477 911
429 908
433 912
466 916
451 916
437 915
475 917
449 917
440 920
471 924
453 922
462 922
477 923
472 923
494 924
450 925
486 925
498 925
465 926
488 926
471 925
506 926
471 926
490 925
508 926
476 926
499 926
487 924
506 924
485 924
493 923
510 923
510 920
511 917
512 914
513 914
515 909
514 907
514 904
512 901
514 905
515 901
514 900
512 899
512 896
513 893
512 892
513 889
514 886
512 884
513 880
513 877
513 876
513 871
513 871
513 868
514 864
514 863
514 859
513 842
513 840
514 836
513 830
513 828
513 824
513 817
514 814
513 807
512 805
514 800
514 792
513 787
513 784
512 779
514 775
514 765
514 762
514 757
516 752
512 748
514 743
513 739
513 734
514 727
513 724
514 719
513 712
514 703
513 701
513 693
513 689
514 684
514 679
513 675
514 669
512 666
513 659
514 654
513 651
514 641
511 637
512 630
518 621
512 618
514 610
516 603
514 598
513 589
514 585
513 580
513 577
514 572
515 567
513 564
514 559
512 556
513 531
515 525
516 521
517 517
511 514
511 506
519 499
513 494
516 484
511 483
514 478
515 473
515 467
512 463
513 456
516 453
513 449
514 442
514 436
514 430
513 424
514 419
514 414
514 406
513 401
515 394
516 388
514 383
513 377
514 372
516 366
514 361
514 355
513 349
514 344
513 337
513 335
515 328
512 326
513 323
515 316
515 310
514 299
513 302
514 297
514 289
515 287
514 279
514 279
513 273
515 268
513 265
513 261
512 255
513 250
517 247
515 243
517 228
718 224
706 222
656 219
625 217
665 212
665 209
631 202
633 201
655 197
621 195
627 192
638 188
618 189
654 184
612 181
652 174
667 172
618 168
653 162
611 161
607 156
622 155
610 152
628 151
591 148
598 145
614 144
603 143
582 141
542 139
593 140
585 137
572 135
557 135
627 132
572 131
567 130
574 128
576 127
570 126
531 125
591 125
549 123
602 119
565 121
575 125
590 129
530 112
576 116
602 116
548 115
549 113
566 113
565 111
559 113
538 112
563 113
537 112
537 112
560 112
537 112
549 112
528 111
529 112
524 113
546 113
522 113
517 115
518 121
512 118
514 121
512 123
514 124
514 128
514 131
515 131
512 132
495 137
513 144
506 140
514 137
514 142
514 142
514 146
514 148
513 152
513 154
513 157
514 161
513 162
514 166
512 169
514 171
513 177
514 177
513 181
512 183
513 189
513 191
513 195
514 202
513 206
516 211
514 215
514 220
514 224
514 231
513 237
514 242
513 239
497 249
517 245
524 261
513 281
514 282
513 286
515 291
514 296
513 302
513 305
514 311
513 316
513 321
513 325
513 333
513 339
514 343
514 350
513 355
514 359
512 365
514 369
514 375
511 381
515 384
513 390
511 397
513 403
514 410
513 417
512 423
512 429
511 436
519 441
514 448
514 453
513 458
512 462
514 464
513 472
514 475
514 481
513 485
515 490
514 492
514 502
510 508
512 513
513 521
512 527
514 534
515 541
516 546
513 551
512 556
511 561
513 566
512 572
515 576
512 581
512 602
514 605
514 609
514 614
513 620
512 628
513 632
514 639
513 645
511 651
513 656
513 662
513 668
513 674
513 679
513 684
514 690
512 694
514 699
514 703
514 708
513 709
513 717
513 719
512 727
513 732
512 736
513 741
509 746
513 751
514 755
513 759
512 765
510 770
514 775
513 779
514 783
514 787
512 792
510 795
510 799
262 801
291 806
339 811
394 815
379 818
362 822
386 826
390 830
392 833
373 837
390 841
414 845
387 848
404 850
398 853
398 855
410 870
387 873
404 874
407 878
431 881
386 885
412 886
425 890
419 891
425 890
447 894
444 897
441 899
407 899
463 899
425 904
453 902
448 904
458 907
433 908
425 908
490 908
459 911
471 910
418 912
493 914
461 916
438 916
478 916
463 919
469 923
435 920
489 921
468 922
454 923
468 924
477 924
470 925
473 924
477 924
494 925
489 926
460 926
486 926
484 925
492 926
473 925
492 925
495 925
492 925
483 925
506 925
498 923
506 921
517 920
510 919
515 915
513 906
514 905
513 905
512 903
513 903
513 900
513 900
513 900
513 894
513 892
514 889
512 887
513 884
512 883
513 879
513 877
513 874
513 871
513 869
513 869
513 861
514 857
514 854
506 852
513 849
513 843
513 840
512 834
513 829
514 824
512 819
513 814
514 810
513 805
512 800
514 796
513 790
513 785
514 781
514 775
513 768
513 762
515 758
514 755
513 751
513 743
514 740
514 735
515 728
513 723
513 723
513 715
514 705
512 702
513 698
514 689
512 687
513 664
512 663
513 660
513 657
515 650
514 644
514 638
514 632
514 625
513 618
516 610
512 608
513 599
516 591
513 588
513 580
512 578
513 572
514 569
512 564
520 559
513 555
512 549
514 545
512 539
515 532
513 527
513 518
515 512
513 508
515 500
515 494
515 489
513 480
512 477
513 473
514 469
515 463
512 460
513 454
516 449
513 443
514 437
514 430
515 425
514 420
513 415
515 407
514 402
513 396
512 391
514 384
514 378
514 373
513 368
515 363
514 340
515 336
514 333
514 331
515 327
514 322
514 318
513 313
515 300
515 306
513 298
513 294
514 289
514 283
514 280
514 275
516 270
515 266
514 260
514 256
513 250
516 246
516 243
517 237
522 234
696 238
801 232
722 226
701 221
660 218
651 214
643 210
664 205
660 201
633 198
654 195
670 191
640 189
611 185
613 174
638 180
653 172
651 172
632 168
648 165
613 162
632 159
640 155
585 153
606 150
598 147
603 146
594 144
561 142
655 142
577 140
570 137
571 131
560 132
538 131
552 129
558 128
579 128
586 126
576 125
554 124
592 122
562 121
580 120
566 124
577 121
576 118
566 118
576 115
549 113
572 114
545 114
523 112
578 113
538 112
543 113
562 113
536 112
529 112
538 112
541 112
546 112
529 114
540 111
542 112
535 112
520 112
540 113
520 114
516 115
513 119
514 120
513 123
512 127
513 128
514 129
514 132
511 133
507 152
519 131
508 145
514 137
513 141
514 144
515 147
513 149
513 151
514 153
513 157
513 166
513 170
514 173
514 174
513 177
514 180
513 183
513 187
513 191
514 194
514 199
512 206
510 210
511 214
513 218
514 224
514 228
513 235
513 243
514 246
511 249
508 253
512 259
514 261
513 264
513 276
520 281
514 287
514 289
514 293
513 299
513 306
514 310
515 313
512 323
513 328
513 331
513 338
512 343
513 347
513 355
512 361
515 363
513 368
514 373
513 381
513 383
513 389
512 395
513 400
509 410
514 417
513 420
510 429
515 433
514 439
515 447
514 467
514 470
513 472
511 476
514 480
512 483
512 489
513 495
516 500
514 507
514 513
514 519
510 527
511 532
513 539
512 545
514 550
515 556
513 560
512 566
514 570
512 575
513 580
513 586
512 591
513 595
514 601
512 607
510 613
513 618
512 624
512 632
514 638
513 643
514 649
511 656
516 661
513 666
513 672
512 678
513 682
513 687
513 694
507 697
513 702
515 706
512 710
513 715
513 720
514 726
512 731
512 736
513 741
514 745
513 750
514 755
513 760
509 779
513 780
512 783
512 787
513 790
512 794
509 801
255 799
329 806
354 811
362 813
390 817
357 821
368 825
395 829
383 833
401 837
372 840
401 843
412 848
380 850
397 853
403 856
406 861
413 863
393 867
382 869
412 874
398 878
385 880
393 883
425 886
414 888
432 890
430 892
392 894
449 895
449 898
467 899
429 899
421 900
493 902
442 903
435 906
487 908
436 908
468 910
441 909
472 910
483 912
461 912
457 914
445 917
476 919
417 917
460 917
487 919
468 923
481 924
473 927
464 924
482 924
474 925
454 925
482 925
507 924
469 925
472 924
491 925
487 926
481 925
491 925
499 924
508 925
487 924
508 923
504 923
503 919
515 917
513 917
513 913
513 909
513 908
512 904
514 905
513 904
513 903
513 899
513 899
513 898
513 896
512 894
514 890
512 887
513 884
514 883
511 880
514 877
514 877
513 872
513 869
512 865
513 863
514 860
513 855
514 852
516 848
516 843
513 840
513 834
516 831
513 827
513 822
514 816
513 797
514 792
514 788
512 783
513 780
514 776
514 771
514 765
513 760
514 755
514 752
511 747
514 740
514 737
512 731
511 728
514 723
514 714
514 708
512 703
514 699
513 691
517 686
513 687
515 676
511 672
513 669
514 661
514 659
513 652
516 646
511 641
516 631
512 628
513 619
512 612
513 608
514 600
513 594
517 587
512 583
514 578
514 574
513 570
513 564
514 561
514 556
515 549
513 547
515 539
516 535
513 528
519 520
512 517
513 510
514 501
513 500
512 476
514 472
515 469
514 464
513 461
513 453
514 451
515 444
514 439
514 433
514 428
513 421
513 415
513 410
513 404
514 396
513 392
513 386
517 379
515 374
514 369
515 363
514 357
517 352
513 347
514 342
514 341
514 337
513 328
515 325
515 319
515 314
513 309
515 303
512 301
512 295
513 290
513 286
515 284
514 276
512 271
512 267
513 261
516 257
514 252
515 249
516 245
517 241
520 236
706 238
801 231
687 227
656 223
664 219
693 214
651 210
617 205
648 193
614 189
625 189
626 186
640 183
614 175
661 180
613 169
613 170
655 166
615 166
643 159
605 156
625 153
632 151
603 149
601 146
579 145
575 143
602 142
602 142
580 139
575 135
575 136
589 134
564 133
559 130
586 130
602 129
577 129
532 126
626 125
563 124
578 123
579 122
562 120
570 120
539 118
586 121
577 114
548 114
576 115
554 115
571 115
561 113
528 113
559 113
554 115
526 113
555 114
548 112
530 112
524 112
564 112
531 112
523 112
538 113
525 114
519 114
516 115
514 117
514 115
514 122
514 124
513 127
513 129
513 133
515 132
512 132
514 121
516 137
517 141
513 141
514 143
513 145
515 148
513 150
513 153
513 155
514 159
513 161
513 165
511 166
515 170
513 172
514 175
515 180
514 182
513 186
513 190
513 194
514 198
513 203
513 208
513 213
513 219
513 225
513 231
513 235
514 239
513 243
514 247
513 237
513 262
531 253
513 271
530 272
518 276
528 283
513 289
514 294
513 299
513 304
516 325
514 329
513 335
514 339
512 342
515 347
513 352
512 359
513 359
513 368
512 374
514 375
514 383
514 387
513 394
511 401
515 405
514 413
514 420
514 427
514 430
513 440
513 437
514 450
511 457
514 459
513 465
513 469
512 474
514 477
512 484
513 486
513 491
510 500
515 503
514 512
514 518
513 522
512 532
511 537
513 542
514 549
513 555
513 558
513 565
516 568
514 574
509 579
514 582
513 589
513 594
512 600
512 606
513 611
512 618
511 624
514 632
513 656
511 659
511 662
514 666
513 671
513 674
514 682
512 687
513 691
513 697
512 701
511 709
512 710
513 714
