486 916
512 916
512 912
512 912
512 909
512 907
509 902
513 904
513 903
512 902
513 899
513 896
513 895
512 892
513 884
512 885
513 885
513 882
513 879
513 877
513 875
512 870
513 868
513 865
513 863
514 859
513 856
513 851
512 846
513 844
512 840
514 835
513 831
513 826
513 821
513 816
513 810
513 805
513 801
513 794
513 790
513 784
513 779
513 773
513 771
513 765
514 759
513 755
513 750
513 745
513 740
514 735
513 731
513 728
514 718
513 714
513 710
945 218
956 214
956 210
915 205
893 202
873 199
894 196
874 193
865 187
881 186
867 182
867 180
882 177
880 173
859 170
907 166
915 163
817 160
829 156
803 154
863 151
803 149
768 148
790 146
696 144
768 142
745 141
676 138
754 138
663 136
775 135
726 133
739 133
723 125
653 129
739 129
654 127
688 126
686 125
743 124
677 122
687 121
733 120
677 120
703 118
648 116
670 117
711 116
629 116
667 114
651 114
641 113
616 113
622 113
627 112
616 112
611 113
513 910
513 908
513 908
513 905
514 903
513 904
513 902
513 900
513 901
513 897
513 895
513 891
512 890
515 889
519 881
513 881
513 879
514 875
513 872
514 870
513 867
513 864
513 861
514 857
514 854
513 850
513 846
513 842
513 838
514 832
513 827
512 822
513 818
514 814
513 807
513 802
512 797
513 792
513 787
513 782
513 776
513 773
513 769
513 764
513 756
514 751
513 747
514 746
513 739
513 733
513 727
513 724
513 716
512 710
513 705
513 698
514 694
512 674
513 672
513 668
512 665
513 658
513 653
513 648
514 640
513 638
513 627
513 622
513 615
513 608
513 604
513 594
514 592
513 585
514 580
513 576
513 571
514 567
513 562
513 557
513 555
513 548
514 542
513 537
513 530
513 524
514 517
513 512
513 504
513 499
513 493
514 487
513 483
513 478
513 471
513 467
513 464
513 457
513 454
514 447
514 442
512 437
512 429
514 424
513 420
514 413
513 406
513 399
511 394
514 389
514 382
514 376
513 370
515 365
511 343
514 342
515 339
512 335
513 331
513 325
513 321
512 317
513 311
514 306
513 301
512 297
513 292
513 286
513 282
514 277
513 272
513 267
516 263
513 257
520 254
617 252
679 252
880 249
881 243
834 237
867 234
1023 232
1023 227
1000 223
968 219
926 214
956 212
907 207
905 203
882 200
870 197
892 193
880 190
852 186
876 183
864 181
870 176
884 173
875 171
904 169
833 164
855 160
900 158
816 154
813 152
784 149
770 148
741 146
712 144
825 143
731 137
742 134
732 134
714 134
716 131
735 131
709 130
740 128
648 112
702 126
685 126
702 124
701 123
676 121
720 120
662 118
703 117
682 116
676 117
687 116
646 115
660 114
661 114
636 110
641 114
605 114
627 113
623 114
589 112
611 112
595 112
610 112
589 111
577 111
592 110
581 113
595 113
555 114
547 114
526 116
519 118
516 120
515 124
511 127
513 128
514 129
514 132
513 134
515 134
514 135
514 138
514 140
513 142
514 144
513 147
514 150
514 151
514 162
514 164
514 166
514 168
513 171
514 174
515 178
513 181
514 184
514 188
513 194
513 201
515 201
513 205
514 211
513 216
514 221
513 227
515 233
514 237
515 242
513 247
514 251
514 257
514 262
514 267
514 271
512 277
514 284
515 286
514 291
514 298
513 301
513 307
514 311
514 317
513 323
514 329
513 334
513 340
513 346
513 350
513 355
513 363
514 364
514 370
513 377
514 379
513 388
514 392
513 398
515 407
510 412
522 420
514 422
514 430
514 437
514 458
514 461
514 463
514 467
514 473
513 475
514 484
514 485
514 490
513 497
514 502
514 510
513 516
513 521
514 528
513 535
514 541
513 546
513 551
513 557
513 560
514 567
513 569
513 572
512 594
528 586
517 593
514 597
514 603
513 609
513 615
514 622
514 627
513 633
513 640
513 645
513 650
513 657
513 662
514 667
513 673
513 680
513 684
514 690
514 695
513 701
512 704
513 708
513 713
514 717
513 722
513 728
514 733
515 737
513 742
513 737
515 753
513 770
513 773
512 776
510 781
463 783
288 783
169 787
184 793
242 797
148 799
15 802
21 808
50 815
93 816
108 820
92 826
103 828
123 831
120 836
138 839
155 842
133 843
112 848
171 852
166 855
153 858
167 862
158 864
152 869
171 866
115 875
182 881
207 882
202 885
249 887
188 888
257 891
239 892
278 895
292 896
264 896
354 899
251 901
334 901
299 904
266 903
338 906
315 908
312 908
310 911
331 910
317 912
344 913
339 914
347 915
344 916
343 917
351 921
315 921
370 922
396 922
359 925
409 916
387 928
408 925
422 929
428 925
413 924
422 925
428 926
431 925
415 924
439 924
419 925
456 924
437 926
476 924
457 923
481 922
501 920
512 918
512 915
512 913
513 909
513 908
513 906
513 906
512 904
511 902
514 901
513 899
513 896
513 894
513 892
513 890
513 887
514 886
515 883
513 879
514 875
513 874
513 871
514 867
511 864
513 861
513 858
513 854
513 852
513 848
513 843
513 838
513 834
513 829
512 824
513 684
513 681
512 678
513 674
513 668
513 666
513 660
514 654
513 651
513 641
513 637
513 631
513 622
513 618
513 609
513 605
513 598
514 593
513 584
514 580
513 575
513 572
513 570
513 561
513 560
513 553
513 549
513 545
513 538
514 532
513 525
514 519
513 514
513 507
514 500
513 495
513 489
513 483
513 479
513 473
512 470
514 463
513 459
513 455
513 448
514 443
513 438
513 432
513 427
513 420
513 414
513 408
514 401
513 395
513 390
513 383
513 377
513 358
513 353
512 348
513 345
513 339
514 333
514 331
513 328
513 321
514 315
513 311
514 307
514 302
514 297
515 292
514 289
514 281
514 279
513 272
514 268
514 263
514 259
520 257
614 252
687 250
888 249
944 243
849 238
810 235
979 234
1006 228
988 225
962 221
930 216
939 211
909 208
904 205
917 201
864 197
866 193
884 191
854 188
867 184
897 182
845 177
875 174
884 171
875 168
872 165
849 162
838 158
841 155
875 152
845 151
743 147
746 146
742 145
750 138
711 137
736 136
749 134
686 133
743 133
666 132
736 130
693 129
651 126
751 127
693 125
702 124
680 122
755 122
704 121
659 121
676 118
671 118
690 116
698 116
658 115
644 116
660 114
641 114
630 113
606 113
636 112
617 113
599 112
603 112
628 112
602 112
579 113
603 113
615 112
584 112
568 113
535 113
573 115
539 116
518 118
516 121
514 123
514 124
514 129
515 131
513 131
514 133
514 136
514 136
513 137
514 140
514 142
514 145
513 146
513 149
513 160
514 161
514 165
514 164
512 167
514 170
515 174
513 176
515 181
514 185
514 187
515 191
513 194
513 200
514 203
513 209
514 215
513 219
514 221
512 228
511 234
513 241
513 247
514 251
513 256
514 261
513 266
513 271
513 277
513 281
514 284
514 290
514 297
512 298
514 305
514 309
514 318
513 322
514 327
514 332
514 339
514 343
514 348
513 357
512 360
513 363
513 371
513 376
513 379
513 386
514 390
515 395
513 404
512 410
517 423
511 422
514 429
514 452
513 457
513 460
513 462
514 466
513 472
514 475
514 481
514 484
513 488
514 496
514 501
514 508
514 512
513 520
513 526
514 533
513 539
513 543
513 550
513 555
514 560
513 565
514 571
514 576
513 582
512 585
515 595
514 596
514 601
513 607
514 612
513 620
513 625
514 630
514 638
514 644
513 650
514 655
514 661
513 668
513 672
514 678
513 684
512 689
514 693
514 698
513 703
514 707
514 711
513 716
512 722
512 726
514 731
513 736
513 741
514 758
519 758
514 770
514 771
513 774
514 779
508 785
290 782
186 784
198 791
176 795
208 800
0 801
13 807
35 811
55 815
122 818
112 824
81 827
115 831
107 834
184 837
149 842
102 844
166 847
176 851
131 854
134 858
161 860
123 865
180 867
171 871
150 871
165 878
189 873
195 879
210 884
219 888
271 890
215 892
258 898
351 895
260 897
315 897
308 900
284 900
327 903
313 904
365 905
306 906
335 908
288 906
348 911
337 912
269 912
329 913
342 916
356 916
357 921
350 920
357 921
367 922
365 920
344 924
381 926
423 923
399 921
399 934
416 924
423 924
413 925
446 925
405 924
432 926
427 924
445 924
433 924
444 922
452 923
467 924
495 922
496 919
513 918
511 916
512 913
512 910
514 908
512 906
512 906
513 903
512 903
512 900
513 899
513 897
513 895
513 892
514 891
513 888
513 884
513 892
508 881
512 877
514 874
513 872
513 870
513 866
513 862
512 859
512 856
514 852
513 848
513 842
512 840
514 832
514 829
513 811
513 807
513 805
514 801
513 792
513 790
513 784
513 781
514 775
513 771
513 764
513 759
513 755
513 750
513 745
513 737
513 735
513 732
514 724
513 718
513 713
513 706
514 703
513 699
513 689
513 686
513 683
513 676
513 671
514 667
513 661
515 655
513 652
514 644
512 639
513 632
514 623
513 620
513 612
513 604
513 599
513 592
513 587
513 582
514 578
513 572
513 570
513 565
514 560
513 557
513 550
513 545
512 541
513 534
512 527
513 520
513 514
513 492
513 488
513 484
513 480
513 474
512 470
513 465
513 461
514 455
513 450
514 445
513 439
513 433
513 427
514 422
513 416
514 409
513 403
510 398
514 391
513 385
513 379
513 374
514 368
514 362
512 357
513 353
512 348
513 342
513 337
513 332
512 328
511 322
511 319
512 314
513 308
513 304
513 300
513 294
512 289
512 281
513 280
514 273
513 268
513 264
513 261
517 255
558 254
639 249
901 250
922 245
850 239
814 236
898 233
1012 231
988 225
996 221
934 205
946 200
915 201
898 198
877 194
847 191
884 188
876 185
879 182
857 178
891 174
863 171
873 168
909 164
853 161
860 159
825 154
821 155
810 151
764 148
793 146
755 145
766 143
765 142
703 140
754 139
710 138
698 135
683 133
756 132
747 131
699 129
664 129
679 128
711 127
648 139
693 124
711 124
724 122
665 122
702 120
697 116
676 118
713 116
639 116
685 116
660 116
625 114
663 113
656 113
592 113
619 112
636 112
602 113
606 112
621 112
589 113
573 114
582 112
589 114
588 114
571 114
533 115
519 117
515 120
516 123
515 125
525 126
513 130
514 132
514 133
514 133
515 136
514 137
515 138
513 140
515 143
514 147
514 148
514 150
514 154
513 157
513 159
514 161
514 164
515 166
514 168
514 172
514 176
513 176
514 176
513 186
513 190
513 192
514 199
514 204
514 210
513 213
514 218
514 223
514 228
514 237
515 242
513 246
514 251
514 254
513 258
514 265
513 271
514 274
514 278
514 285
513 290
514 309
513 315
514 319
513 322
513 327
514 332
514 337
513 343
515 349
513 354
514 358
514 364
513 367
514 372
514 376
512 383
514 388
513 397
514 399
513 408
513 416
518 432
513 429
514 433
514 439
514 448
514 452
514 451
513 461
514 466
514 470
514 473
513 479
513 482
514 488
513 493
513 499
513 504
513 512
513 519
514 524
514 532
514 538
513 543
513 550
513 553
514 561
513 563
513 569
514 574
514 579
515 585
526 601
514 597
513 599
512 606
514 612
514 637
514 640
513 645
513 650
513 654
514 659
514 666
513 672
514 676
514 681
514 688
513 692
513 697
514 702
511 707
513 709
514 714
513 717
513 726
513 730
513 735
514 740
513 746
513 750
513 757
512 758
517 760
513 773
514 774
510 778
506 782
418 784
195 778
202 793
162 792
198 799
49 800
40 805
13 810
106 814
142 817
74 822
90 826
113 830
109 832
131 838
123 842
153 842
153 845
158 851
166 855
131 856
169 857
170 863
173 867
111 871
137 873
202 874
223 879
174 889
226 890
229 892
270 893
279 895
277 896
311 897
334 899
299 901
297 902
285 903
331 905
286 906
358 907
331 906
338 909
314 911
314 912
390 907
325 914
371 909
276 917
343 917
347 919
320 919
398 921
346 922
347 922
389 923
393 923
408 925
396 923
379 924
431 925
425 925
413 924
413 925
437 925
446 927
426 924
428 924
436 924
439 924
462 923
458 923
473 923
490 921
512 919
511 917
512 914
513 911
512 909
512 907
513 905
512 905
513 904
513 896
513 894
513 892
513 891
513 888
513 886
512 884
514 883
506 878
513 875
513 871
513 869
510 866
513 863
513 859
513 857
513 849
513 849
514 845
513 842
513 834
512 832
513 826
513 823
513 819
513 813
513 807
513 800
513 797
513 792
513 786
513 782
515 777
514 771
514 766
512 761
513 757
514 752
513 746
514 739
514 737
513 733
513 727
514 720
514 715
513 704
512 703
513 696
512 694
512 686
513 683
513 677
513 671
513 669
514 659
513 657
513 631
512 628
514 624
513 618
513 614
513 609
513 600
513 595
512 589
514 583
513 581
514 573
513 570
513 560
513 559
513 551
511 550
513 547
514 540
513 536
512 530
513 520
513 516
513 509
513 504
514 497
513 491
514 486
513 481
513 476
513 471
513 467
513 462
513 457
513 451
513 447
513 440
513 435
513 428
514 422
514 417
512 411
514 404
513 398
513 390
513 387
514 382
513 375
513 362
512 362
514 358
514 353
512 346
513 343
514 338
513 333
514 330
513 305
514 297
514 302
514 299
514 292
512 290
514 283
513 281
513 277
514 273
515 266
514 262
516 258
522 253
646 251
793 251
873 246
889 241
864 229
954 235
1023 224
994 226
963 221
953 218
928 214
917 210
919 206
908 203
880 199
887 195
870 190
906 188
853 186
834 182
893 179
858 176
866 172
899 171
864 165
830 161
878 159
864 157
829 153
782 151
789 150
778 148
765 145
759 143
708 142
744 140
772 139
656 138
740 136
698 134
714 131
748 132
642 129
761 125
636 125
668 121
663 124
652 123
726 121
681 121
677 119
652 118
695 117
692 117
658 116
641 115
665 115
650 114
617 114
646 113
614 113
613 113
584 112
611 112
622 113
587 112
590 116
587 113
592 113
595 113
561 112
600 113
573 112
530 116
523 116
518 119
513 121
513 124
514 124
514 115
515 127
514 132
514 133
514 134
514 136
514 138
514 140
515 142
514 144
513 148
513 149
514 152
514 155
514 158
514 161
514 163
513 166
514 163
514 171
513 169
514 188
514 192
514 193
514 197
513 203
514 208
513 213
514 219
513 225
513 230
514 234
514 239
514 236
513 246
513 252
515 257
514 262
514 266
514 274
514 277
513 284
514 290
514 293
514 297
513 305
514 310
514 312
514 320
513 326
514 329
514 335
513 344
514 348
514 351
514 359
514 361
513 367
513 373
515 375
513 383
513 387
513 395
515 402
514 405
513 414
510 421
516 428
514 432
514 440
514 446
513 451
514 456
513 459
514 464
513 468
513 473
513 478
514 498
513 501
514 504
514 510
513 518
513 523
513 529
513 536
514 541
514 547
514 553
513 556
514 560
512 568
513 569
513 578
514 582
514 588
509 594
515 598
514 606
512 611
513 616
513 621
514 629
512 635
514 641
513 646
513 653
513 659
515 664
513 670
514 674
513 681
514 686
514 691
513 693
514 701
515 705
513 708
513 713
513 718
513 723
514 726
513 734
513 739
513 744
514 748
513 754
513 753
512 757
515 764
516 765
511 776
512 781
434 783
214 784
110 799
0 802
22 806
53 809
109 813
100 817
64 820
123 825
107 829
128 833
128 836
116 840
139 842
144 846
150 850
142 852
129 856
165 859
196 863
143 868
133 870
147 873
196 876
149 882
120 880
234 882
242 882
241 887
246 891
253 893
284 895
314 896
272 897
298 899
307 900
293 901
356 904
276 905
318 906
332 908
304 909
321 909
321 912
356 912
332 913
310 913
348 914
346 916
327 917
338 918
348 919
353 920
377 922
362 923
364 926
360 924
403 923
404 932
426 925
405 924
419 926
440 925
404 925
408 925
437 924
449 925
446 925
454 924
448 924
454 923
495 922
511 920
512 917
512 915
512 912
513 909
512 906
514 906
513 905
512 903
513 901
512 900
513 897
513 896
513 894
513 892
513 891
513 887
514 884
514 882
515 884
516 876
513 873
513 870
513 868
513 864
513 861
515 857
513 854
513 850
513 846
514 839
512 837
513 828
511 828
513 823
513 819
513 813
513 809
513 803
513 797
513 792
514 787
513 784
513 762
513 756
513 753
515 750
513 748
513 742
514 734
513 729
513 728
513 722
513 715
513 712
513 707
513 698
513 694
514 689
513 683
514 677
513 672
513 669
513 664
513 658
513 654
513 646
513 643
513 633
513 630
512 621
514 612
513 611
513 601
513 596
513 590
513 585
513 581
513 574
512 572
514 566
512 563
514 558
513 552
513 552
513 541
513 537
513 530
513 525
513 517
513 511
513 505
513 498
513 493
513 488
513 480
513 478
512 473
513 467
513 463
514 444
513 440
512 435
513 431
513 425
513 418
513 411
513 403
514 399
514 393
514 389
513 383
514 376
513 370
512 366
515 360
515 353
514 349
513 343
514 338
513 335
513 330
512 326
513 321
513 315
513 315
513 306
513 301
512 297
513 294
515 288
513 282
514 277
512 273
514 268
512 264
516 258
521 253
618 252
755 252
918 248
903 242
838 235
821 235
975 232
991 228
993 223
933 219
932 215
969 211
911 205
874 202
932 200
870 196
884 193
878 189
869 187
856 173
865 173
897 170
831 168
912 164
879 160
805 156
808 155
823 152
862 150
793 148
711 146
730 144
730 142
788 141
706 142
695 137
770 136
724 131
699 134
699 132
707 133
685 131
687 127
698 126
680 126
714 125
718 124
671 123
729 123
670 121
691 119
678 119
680 117
678 119
663 115
666 115
630 115
645 114
666 113
610 115
616 113
612 118
616 113
613 112
597 112
600 113
589 112
600 113
593 113
582 115
585 113
574 113
564 115
540 114
529 117
513 120
514 129
516 130
514 140
513 131
514 133
514 134
515 135
513 137
513 139
514 142
515 144
514 146
512 149
515 153
514 158
514 158
514 160
514 163
513 168
514 168
513 170
513 174
514 177
515 180
514 185
514 188
513 192
514 193
517 200
513 206
513 211
514 217
513 226
513 229
513 232
514 236
513 241
512 208
513 250
514 256
513 261
514 266
513 272
514 277
514 280
513 287
514 293
514 299
515 302
512 312
514 312
513 315
514 323
513 329
515 334
514 340
513 345
513 365
514 367
514 371
514 374
513 382
513 386
513 391
513 400
514 402
514 412
514 418
513 426
518 430
514 437
513 445
513 449
516 456
514 459
513 463
513 468
514 472
514 478
514 480
514 488
513 491
514 497
513 503
514 505
513 513
514 520
512 529
513 537
515 541
514 546
513 552
513 557
514 561
514 567
513 573
514 577
514 581
513 587
516 584
506 597
513 593
514 608
513 615
513 619
513 626
513 633
513 638
513 645
512 651
515 657
513 664
513 668
514 674
514 694
514 698
513 700
514 704
513 708
514 713
513 718
514 723
514 728
513 733
514 739
514 743
513 748
514 753
514 756
519 761
513 770
526 773
513 778
509 780
482 782
232 783
161 788
198 794
186 798
160 799
52 802
77 807
36 813
76 816
58 827
84 823
82 829
75 832
103 836
153 839
161 842
139 846
133 852
166 852
167 855
136 859
171 862
118 865
136 868
165 872
167 875
171 878
181 882
213 892
179 886
249 893
288 889
211 893
310 893
250 896
283 898
323 903
297 906
303 905
313 912
340 906
326 908
350 909
324 911
318 912
320 913
343 913
360 914
319 918
343 917
343 917
365 919
353 921
339 921
339 921
371 922
407 923
365 924
359 924
431 917
418 921
400 923
432 923
394 922
443 925
396 924
444 925
438 925
436 924
431 924
442 924
467 923
466 923
481 921
503 926
509 918
512 915
513 913
513 910
513 904
512 906
513 908
512 903
513 909
514 900
514 901
513 897
512 900
514 892
513 890
513 887
513 882
513 881
512 870
513 869
513 867
513 863
513 861
514 858
512 854
513 851
513 847
513 843
513 839
513 835
514 829
513 824
513 820
513 815
513 811
513 804
513 799
512 800
513 787
514 784
513 779
514 774
513 768
513 765
512 759
514 753
513 748
513 744
513 740
513 736
513 730
514 722
513 716
514 713
513 708
513 700
513 695
513 689
515 683
513 680
513 674
513 668
513 666
513 659
513 654
513 649
514 644
513 637
513 630
513 625
513 615
513 613
513 606
515 597
513 594
515 571
513 568
511 566
514 562
513 559
513 555
513 549
513 543
513 540
513 530
514 526
513 519
513 513
514 507
513 500
513 495
513 489
513 484
514 478
514 474
513 470
513 464
513 459
513 454
513 456
513 443
514 438
513 431
513 426
512 421
513 414
513 407
513 402
513 396
513 392
512 383
514 381
513 373
513 367
513 361
514 358
515 350
514 347
513 338
513 335
514 330
513 326
514 323
513 319
513 314
515 308
510 302
513 297
513 293
513 288
513 283
512 279
513 259
521 256
521 254
602 252
649 249
914 250
869 244
850 238
836 239
970 235
982 237
1014 225
971 221
955 215
942 211
921 208
935 204
919 200
827 197
899 193
862 190
858 188
894 184
858 180
921 177
890 175
856 171
883 168
879 165
859 161
842 158
840 157
833 154
795 149
787 147
764 147
813 145
741 143
705 142
758 139
739 138
733 137
688 136
710 133
719 132
742 137
706 131
677 127
720 129
638 133
713 125
663 124
709 123
682 121
679 120
738 120
660 119
674 118
666 115
642 120
676 114
622 114
608 114
638 113
607 113
610 111
629 112
607 113
607 114
604 113
594 111
586 113
573 114
593 113
583 113
565 113
544 115
533 115
519 123
514 120
514 127
516 125
514 126
513 130
511 122
514 131
514 134
514 136
514 138
514 140
514 142
514 144
514 146
514 147
514 152
514 154
512 156
513 160
514 162
514 165
513 167
514 170
514 174
513 177
514 180
513 184
514 188
514 191
514 195
514 200
514 205
513 211
513 216
514 222
513 242
513 243
514 240
520 236
514 254
514 261
514 266
513 272
513 277
514 282
514 286
513 289
514 295
514 300
514 306
514 311
513 316
514 321
514 328
513 334
514 338
514 344
513 351
514 354
513 360
513 366
513 369
513 375
513 380
514 385
514 391
514 397
515 402
513 410
513 416
514 422
508 436
516 433
513 445
514 446
513 454
514 457
514 460
515 470
514 469
513 477
514 481
514 485
515 491
514 493
513 503
513 506
514 514
514 520
514 527
514 533
514 538
513 560
514 563
514 567
514 570
514 573
514 580
514 584
514 590
516 595
509 598
509 573
514 613
513 619
514 625
513 632
513 637
514 643
512 650
514 655
514 660
514 667
513 672
514 678
514 682
514 688
513 694
514 698
514 701
514 708
513 713
511 715
514 724
513 727
514 731
514 735
515 741
514 747
514 751
513 755
513 759
510 765
514 769
514 776
507 770
509 781
385 783
183 787
161 791
192 803
235 800
74 808
33 805
18 810
95 814
101 818
82 822
103 826
135 846
164 843
186 845
186 848
142 850
172 853
171 857
175 861
172 865
111 867
154 871
149 874
179 876
203 879
140 881
212 887
222 890
240 893
291 892
242 893
300 894
356 899
315 899
263 907
313 901
276 909
337 904
284 904
296 906
361 907
335 909
360 910
292 910
346 911
310 913
307 914
359 916
360 917
346 917
312 919
359 921
348 920
348 922
376 922
346 925
363 924
413 925
402 924
414 931
415 924
422 938
439 921
413 920
439 921
433 924
447 925
415 924
487 923
461 923
490 921
510 928
508 918
511 915
512 913
512 911
512 909
513 907
511 904
513 903
513 902
513 901
513 899
514 896
512 895
513 892
512 890
513 888
513 885
513 882
513 879
513 877
510 872
513 872
513 876
514 865
513 861
514 858
513 854
512 852
514 849
513 845
512 840
515 835
513 830
513 826
512 821
513 816
512 811
512 806
513 801
512 795
513 791
513 785
513 780
513 774
514 771
513 766
513 759
514 755
515 750
513 746
513 741
513 736
513 730
513 710
513 706
513 702
513 697
513 690
513 687
513 681
513 675
513 671
513 666
513 662
513 656
513 658
514 644
511 647
514 633
513 625
513 619
513 612
513 606
513 598
513 595
514 588
513 582
513 579
513 573
513 569
514 565
513 561
513 554
513 553
513 546
513 539
513 536
514 527
513 522
512 514
514 509
513 502
513 496
513 491
513 485
513 481
513 474
513 470
513 466
514 461
513 454
514 451
513 445
514 440
513 434
514 428
513 422
513 416
513 410
513 403
513 379
513 380
513 373
513 369
513 363
514 359
513 352
515 348
514 342
513 332
512 333
514 328
513 321
513 319
512 312
514 309
512 303
515 299
514 294
513 289
515 282
511 278
512 277
513 270
514 265
516 260
518 257
527 255
654 250
903 250
922 245
877 240
800 235
913 236
1013 231
1023 226
974 222
935 218
958 214
957 210
896 205
894 202
926 198
870 195
897 192
861 189
864 185
864 183
905 185
856 175
847 173
907 169
903 166
849 163
823 159
818 157
869 147
784 145
719 144
743 146
770 144
762 142
714 141
650 138
708 135
736 134
712 133
702 132
716 132
689 129
685 129
694 127
704 126
689 131
717 123
739 122
686 121
694 120
660 119
694 118
690 117
654 117
654 114
670 118
663 114
635 114
644 113
642 119
593 113
622 113
614 112
627 113
590 111
594 112
605 113
608 113
586 112
571 115
568 113
571 115
576 114
548 115
513 118
516 120
515 124
514 125
514 128
514 130
514 132
515 121
515 134
514 135
514 138
514 145
514 148
514 150
514 151
513 154
515 156
514 159
514 161
514 164
514 166
514 169
512 173
514 174
513 179
513 183
514 186
514 190
514 196
513 198
513 204
514 209
513 214
514 219
514 223
515 230
513 235
513 240
514 244
510 251
507 248
514 260
513 264
514 267
515 273
513 282
514 287
513 288
514 293
513 299
514 307
514 309
513 313
514 319
514 327
514 332
514 337
514 346
513 347
513 354
513 360
514 365
514 368
513 372
513 379
514 383
513 388
514 395
514 420
514 428
501 431
520 437
521 442
514 444
514 453
513 455
512 461
513 465
513 470
514 474
514 478
513 484
514 488
514 493
513 499
513 505
514 516
515 517
514 524
513 530
514 537
514 545
513 547
513 554
514 559
513 564
513 569
513 572
514 578
513 584
514 589
513 594
516 606
509 606
509 609
513 617
513 623
513 629
513 635
514 641
515 647
513 654
514 660
513 664
514 670
513 678
