514 489
513 489
513 482
513 482
513 475
514 470
514 465
513 461
513 454
514 449
514 444
513 440
514 432
514 428
513 422
513 417
513 409
513 402
513 397
514 391
513 385
513 379
512 375
514 369
513 364
514 360
513 353
516 348
513 342
514 338
514 335
514 330
514 325
513 321
513 315
514 310
513 304
513 301
515 300
514 291
513 287
514 282
513 277
513 272
514 268
515 264
514 259
556 256
656 250
657 248
628 244
670 239
669 236
840 236
906 231
844 227
819 221
513 673
514 674
513 681
512 687
513 691
513 696
512 701
513 705
514 708
513 714
513 718
514 725
514 729
513 734
513 739
513 743
514 748
513 753
510 758
513 763
513 767
513 772
511 776
511 780
418 782
368 787
363 791
394 795
374 801
130 801
174 810
222 811
228 811
242 818
229 822
226 827
247 830
257 834
234 839
244 841
267 844
249 848
239 851
278 855
253 858
273 861
288 865
271 868
291 872
263 875
261 878
300 881
295 885
290 886
348 889
337 891
337 892
607 137
611 137
597 135
610 134
617 132
625 131
696 129
599 129
615 127
638 127
644 125
661 125
603 122
638 123
623 120
633 119
605 118
659 118
624 117
580 116
638 115
608 114
593 114
624 114
584 124
586 114
581 113
588 113
595 113
572 113
550 113
576 110
568 113
566 113
556 113
569 112
562 113
534 114
539 115
526 116
518 117
513 119
515 121
515 124
514 127
514 129
513 130
514 132
513 134
514 135
513 137
514 138
514 140
514 143
514 145
514 147
513 149
513 203
513 204
514 208
513 211
513 216
514 222
514 228
514 235
514 238
513 242
514 246
513 252
513 257
513 263
514 267
513 272
514 277
514 277
503 286
513 290
520 298
513 303
512 307
514 312
514 315
514 324
513 327
513 334
513 340
514 345
513 351
513 355
513 361
514 365
514 370
512 377
514 379
514 387
513 391
513 397
511 406
514 410
513 419
512 425
513 430
512 438
514 442
513 451
513 454
513 459
509 465
513 468
512 470
514 477
514 482
512 487
514 492
512 516
512 521
513 525
512 530
515 535
512 544
513 548
514 553
511 560
514 563
513 568
512 573
512 579
514 583
514 588
511 595
513 599
512 605
514 611
512 616
512 623
515 629
513 634
511 639
514 653
518 648
516 659
513 660
514 670
513 674
513 680
513 686
513 690
514 695
513 700
512 705
513 709
514 712
513 719
512 723
514 727
513 732
513 737
513 742
513 747
513 752
513 757
513 762
514 766
514 770
514 775
515 780
439 783
397 785
393 790
379 794
361 809
240 812
224 814
235 815
233 823
227 826
225 829
249 832
283 836
254 840
267 844
278 847
253 850
273 854
274 858
254 861
265 864
296 867
275 870
263 875
246 878
304 880
335 884
263 886
276 888
338 890
363 893
378 895
360 896
359 898
367 899
386 900
389 902
369 903
367 906
382 909
402 907
389 909
380 909
433 910
378 912
382 912
407 912
385 914
449 916
363 917
396 918
424 919
370 918
429 920
421 921
429 922
440 922
407 922
460 924
439 924
460 925
435 925
456 924
465 924
465 925
474 924
447 924
483 924
454 924
470 924
492 923
502 923
494 922
506 919
513 917
513 915
512 912
512 908
513 907
515 903
513 905
513 903
513 902
513 900
512 898
509 896
512 893
512 892
513 888
514 886
513 883
513 881
513 880
513 875
514 873
513 870
512 867
513 864
513 861
513 858
513 854
513 851
514 847
513 842
512 838
513 834
514 828
513 824
513 818
514 814
513 808
512 803
513 798
514 793
513 786
512 782
514 779
513 773
513 752
513 750
513 747
513 742
513 738
513 733
514 729
513 723
514 717
512 712
510 705
513 701
513 695
513 689
513 686
513 679
513 675
514 670
514 663
513 660
513 654
515 648
513 645
514 636
512 631
512 623
512 617
513 609
514 604
512 598
513 591
512 586
514 582
511 576
512 572
515 567
513 563
513 558
514 552
513 550
513 542
513 537
513 531
513 524
513 518
513 511
512 505
516 498
514 493
514 487
514 482
512 477
514 472
513 467
515 463
513 457
513 453
513 427
513 424
513 421
513 417
514 412
514 406
513 400
513 393
513 388
513 382
514 375
513 371
513 367
514 361
512 356
515 351
513 346
514 339
513 335
513 330
514 327
515 322
513 317
512 313
514 306
513 303
513 297
513 292
513 289
513 284
514 269
513 274
513 269
514 266
513 260
514 255
625 254
657 250
642 245
644 241
682 237
838 237
919 232
854 228
829 223
812 219
789 215
782 210
780 207
813 203
744 199
746 196
763 192
799 191
754 184
709 179
770 178
796 166
757 164
755 161
792 159
752 157
724 153
719 151
667 149
693 145
709 144
664 143
670 141
662 139
651 138
640 137
649 136
640 134
645 133
639 131
637 130
685 129
601 128
634 126
641 126
623 125
632 123
610 122
662 121
632 121
638 119
598 118
635 117
646 116
583 116
619 115
620 114
588 114
605 119
584 103
582 110
594 113
565 112
583 113
552 112
592 113
583 112
557 113
548 110
555 113
571 113
544 114
528 116
531 116
520 117
515 120
514 121
514 125
514 189
513 193
513 196
513 200
514 206
514 212
513 216
512 219
513 226
514 231
514 237
513 241
513 245
514 252
513 257
513 263
513 267
513 272
513 275
514 281
513 274
509 290
513 280
514 303
513 308
514 309
513 314
513 324
514 326
513 332
514 340
514 345
514 348
513 356
513 361
513 365
513 369
513 373
513 381
514 384
514 391
513 398
514 401
514 411
512 416
513 424
514 429
514 436
513 442
514 448
513 454
513 456
511 468
512 465
513 472
517 486
510 480
512 502
513 507
513 509
513 515
514 521
514 527
512 534
513 542
514 546
514 551
516 557
513 562
513 567
514 572
512 577
512 581
510 588
513 589
513 597
513 604
513 609
512 615
512 621
513 625
512 634
514 637
513 646
511 658
515 657
523 658
513 671
514 674
513 678
513 684
512 689
513 694
514 699
513 703
512 708
514 712
514 715
514 722
513 727
513 731
514 736
513 741
512 746
513 751
513 756
513 760
514 765
513 770
513 774
512 778
509 782
385 784
384 788
135 802
160 803
174 812
226 813
261 820
210 819
220 824
266 828
208 832
262 835
246 839
250 840
295 846
276 850
252 853
293 858
280 860
260 864
233 867
262 870
268 875
274 877
279 879
299 880
320 886
286 889
344 890
352 892
337 894
347 896
394 894
392 898
369 899
357 902
337 903
402 905
333 901
361 906
430 908
382 909
435 910
365 912
391 912
391 914
374 915
401 916
405 917
407 918
381 919
427 918
422 920
371 921
429 922
438 923
424 922
420 923
442 924
429 925
422 924
469 925
445 925
473 925
462 925
477 925
444 924
470 924
473 923
479 920
483 923
496 923
504 920
515 917
513 915
512 910
512 912
513 908
512 906
513 905
514 903
513 902
512 900
513 899
513 896
513 895
513 890
513 890
513 887
513 884
515 879
513 878
514 876
513 874
512 871
513 872
513 865
513 860
513 857
513 855
512 851
514 846
513 844
513 839
513 834
514 829
514 825
513 820
513 815
513 809
513 804
513 798
513 793
513 788
513 783
513 761
513 759
513 759
513 755
513 751
513 744
513 737
513 734
513 730
513 725
514 715
512 712
513 706
513 701
513 697
513 693
513 686
514 681
513 677
512 671
513 666
513 660
512 656
515 648
514 645
513 639
516 629
513 626
513 617
511 608
513 605
514 598
513 594
514 585
513 583
514 576
513 572
513 567
517 563
516 559
513 553
512 550
514 544
513 539
513 532
514 526
513 520
514 512
512 508
515 500
514 493
514 489
515 482
512 478
514 473
514 465
513 463
514 441
514 438
515 434
513 430
513 425
513 420
514 412
515 407
515 402
512 395
515 389
514 384
514 379
514 371
514 365
513 359
513 356
513 352
513 347
514 340
514 336
513 331
514 328
513 323
514 317
514 311
513 309
514 302
515 298
514 293
513 289
506 287
513 280
514 276
514 269
514 266
512 261
515 257
525 255
646 251
646 245
649 242
693 238
674 237
912 233
837 228
854 224
793 219
796 215
820 210
802 208
770 203
766 200
737 197
767 193
774 190
725 186
756 172
783 171
735 167
728 165
743 162
759 160
711 163
755 151
731 150
700 149
686 142
674 145
706 143
681 140
595 140
667 139
614 138
662 135
697 133
653 133
628 131
616 130
661 129
624 129
611 126
637 126
636 124
603 124
623 123
666 122
633 120
611 116
602 118
639 116
652 116
582 116
625 115
618 115
594 114
594 113
603 113
578 106
581 113
593 112
580 112
571 112
571 113
581 113
577 113
546 112
572 112
562 113
556 115
525 116
532 115
527 116
515 118
514 126
514 130
514 128
514 132
514 133
514 135
514 135
514 137
514 140
514 144
513 143
514 146
514 148
512 152
514 155
510 152
517 164
513 162
514 164
514 171
514 170
514 173
513 176
514 179
513 184
513 187
514 191
513 198
514 199
514 205
514 209
511 215
514 222
513 226
513 231
513 236
513 241
513 245
513 250
513 253
513 255
513 262
512 270
514 275
511 282
513 286
513 288
508 291
512 269
513 306
514 310
514 315
514 320
513 326
513 332
515 335
512 342
512 362
513 364
513 368
510 373
513 378
513 383
514 388
513 396
513 403
514 407
512 417
513 420
514 428
512 435
513 440
512 447
515 451
513 457
514 460
509 466
514 469
514 470
511 486
514 483
513 491
513 496
515 501
513 507
514 513
513 521
512 527
514 534
514 539
513 547
514 550
514 557
513 562
513 566
513 571
514 575
513 580
514 585
512 592
513 597
513 602
513 608
512 614
513 620
513 624
513 631
512 639
514 644
513 652
518 664
513 661
520 666
517 669
513 692
513 696
513 699
513 703
513 706
513 708
514 716
514 720
514 725
513 731
514 736
514 737
515 745
514 750
513 755
513 759
513 764
513 769
513 772
513 779
509 783
414 784
393 788
374 792
360 798
246 798
149 803
218 811
217 812
206 816
215 820
275 826
223 832
239 832
245 835
285 840
262 842
257 845
274 847
246 852
293 856
281 859
242 861
284 866
275 868
254 873
283 877
282 880
294 883
293 885
294 888
306 890
374 891
371 894
311 895
396 896
359 898
362 903
380 904
355 905
373 906
385 905
407 909
379 909
373 911
398 912
406 914
361 914
388 916
403 918
391 917
398 916
411 920
426 920
395 922
413 922
445 923
413 923
420 923
460 924
421 924
447 924
427 922
474 925
463 925
447 925
456 925
461 924
480 925
449 924
474 924
486 925
479 924
478 923
491 923
508 920
511 918
510 916
512 911
514 910
514 905
513 906
513 905
513 903
513 902
513 901
513 899
513 896
513 896
513 892
514 890
513 887
513 885
513 882
513 872
513 870
514 869
514 865
513 862
513 859
513 856
513 852
511 848
513 841
513 840
513 835
514 830
512 827
513 821
513 815
513 810
513 804
513 799
513 795
514 791
513 785
513 780
514 775
513 772
515 765
511 759
513 755
514 750
514 746
514 737
513 736
513 732
513 726
513 718
513 714
513 709
512 703
512 697
513 693
513 688
513 681
513 678
513 674
514 668
513 662
514 657
514 650
514 646
512 640
513 632
513 626
513 618
513 612
512 607
511 599
513 596
513 572
514 571
515 567
511 561
513 561
513 555
515 550
511 547
515 537
513 535
513 528
513 521
513 514
515 507
513 502
515 494
512 489
514 484
511 479
513 472
514 468
514 465
514 460
513 455
513 449
515 444
513 439
513 433
514 428
515 421
513 414
513 409
515 402
513 396
513 389
513 384
514 378
513 373
512 368
513 361
513 357
513 353
513 347
515 341
513 338
513 333
514 329
515 324
513 317
513 314
514 309
514 303
513 300
513 295
513 289
513 285
514 266
514 261
513 259
514 255
578 254
640 251
631 245
639 240
682 238
644 234
894 234
891 230
838 225
831 217
785 216
805 214
812 208
783 205
758 199
775 198
766 194
761 191
748 187
721 184
773 180
782 177
732 174
770 169
769 166
802 163
760 159
708 155
740 167
762 151
723 151
699 147
689 145
660 143
657 141
664 140
665 138
674 137
625 133
648 134
626 130
649 132
650 131
642 128
675 129
602 128
622 126
614 124
630 123
628 123
662 122
667 120
587 119
609 115
615 116
624 114
593 112
613 114
566 114
603 112
597 113
562 109
572 112
586 111
564 113
577 112
563 113
568 111
564 113
559 109
571 113
543 116
539 114
559 115
536 115
516 118
515 120
514 123
517 125
514 127
518 128
514 131
514 133
515 134
514 136
513 137
513 139
513 140
513 144
515 146
514 148
513 150
513 153
514 157
513 161
514 158
514 164
513 166
513 169
513 172
513 176
513 179
513 183
514 186
513 192
515 194
513 199
514 202
514 209
513 214
514 235
514 239
514 240
513 245
513 249
513 253
514 258
513 261
514 266
514 274
513 280
514 285
513 290
515 295
511 302
516 304
513 310
513 316
513 320
515 326
513 330
513 336
513 342
514 347
514 352
513 358
514 361
513 367
513 372
514 377
511 384
514 384
513 394
513 401
514 407
513 414
513 421
513 428
514 433
512 441
514 446
514 451
513 457
513 461
513 464
514 474
503 476
518 483
507 487
513 491
513 495
516 498
514 507
513 512
513 518
512 528
514 531
512 556
514 559
514 562
515 565
514 569
512 575
514 579
513 583
513 590
514 596
513 601
512 607
514 613
514 619
513 625
513 627
514 636
514 643
513 650
516 658
509 662
514 666
512 673
514 683
513 681
513 688
513 692
513 697
513 701
513 706
512 710
514 715
514 720
513 725
513 730
513 735
513 740
515 745
513 748
515 753
513 759
514 763
512 768
514 773
514 777
511 780
430 783
396 787
343 793
360 797
369 798
164 800
196 805
216 810
211 811
251 818
238 822
242 837
244 839
295 842
249 845
289 849
295 851
258 855
257 859
274 863
243 866
256 869
262 872
261 875
282 880
295 883
307 885
308 887
304 889
354 891
314 893
339 894
363 896
389 898
387 900
340 898
403 902
384 903
396 905
356 906
408 907
404 910
390 910
367 912
391 912
424 915
381 914
412 915
389 917
413 918
360 919
389 919
447 920
395 921
412 922
429 923
416 924
430 923
440 924
441 924
453 923
451 925
443 922
455 925
435 926
460 924
471 925
479 925
481 924
494 925
493 923
503 922
508 921
509 919
512 917
513 913
512 912
513 909
513 907
513 906
514 904
513 903
513 901
513 899
514 897
513 895
513 893
514 891
513 888
514 885
513 882
513 880
512 878
513 875
513 872
513 869
515 866
514 863
514 860
513 857
513 853
513 850
514 844
513 840
513 837
514 831
513 826
513 821
514 818
513 812
513 807
515 802
513 795
513 790
514 786
513 783
513 777
513 771
513 765
514 760
514 755
514 751
513 748
513 743
513 736
512 718
513 714
513 710
513 705
513 697
514 693
513 689
513 682
515 678
513 674
515 667
514 664
515 656
514 651
514 646
514 639
514 634
513 629
514 619
512 615
513 608
515 601
513 596
514 588
513 585
513 579
513 573
513 571
514 565
513 562
514 557
512 551
514 546
511 542
513 534
513 528
514 522
513 516
513 510
516 501
513 497
513 490
513 485
513 481
514 475
508 470
514 465
513 460
514 455
513 449
513 445
513 439
514 432
513 428
514 422
514 415
514 411
515 385
514 383
513 381
514 374
514 368
513 363
513 358
513 353
514 346
514 340
513 339
514 333
514 328
513 326
513 321
515 315
513 310
514 305
514 301
514 295
513 293
513 286
514 282
517 277
514 271
513 267
513 262
514 254
521 254
619 251
635 249
666 243
670 239
642 236
812 237
889 230
838 226
825 221
809 217
798 212
796 209
814 206
779 200
745 198
752 193
762 191
748 188
760 183
741 181
782 179
767 174
747 171
771 166
733 164
732 161
758 158
753 154
688 145
680 144
704 143
655 142
616 140
693 138
681 138
624 136
654 134
614 133
668 133
605 131
640 129
635 128
651 127
642 127
630 125
619 124
646 121
643 122
592 120
632 120
625 119
643 118
633 118
598 119
600 115
635 115
605 114
576 112
595 113
603 112
576 112
568 111
600 113
573 113
556 112
581 112
559 114
572 113
554 112
568 112
554 114
550 114
546 114
525 114
520 117
515 120
514 122
513 124
514 129
515 130
514 132
515 132
513 134
514 136
513 143
514 146
514 147
515 147
514 150
515 154
514 156
515 158
516 161
510 162
514 168
514 169
513 174
515 175
514 179
514 183
513 186
513 190
515 192
514 197
513 203
513 208
513 214
513 219
513 223
514 228
513 233
513 238
514 244
514 248
514 252
515 256
514 261
513 267
513 274
514 279
513 283
514 288
514 293
509 300
517 300
504 304
514 313
514 321
514 322
514 328
514 337
513 341
514 345
513 352
514 356
514 360
514 366
514 372
514 376
514 382
514 386
514 415
515 417
513 423
513 426
513 433
512 438
514 444
512 445
514 455
513 460
514 462
513 469
510 470
524 486
511 477
517 486
513 494
514 501
513 506
514 511
513 517
513 525
514 529
512 537
513 542
514 548
511 555
514 558
513 565
514 569
513 573
511 579
514 583
513 588
513 595
513 600
513 605
513 610
512 617
513 623
514 629
512 635
513 642
513 647
513 655
514 655
518 665
515 664
506 675
513 679
513 685
513 691
514 696
513 701
513 707
515 709
513 716
512 735
513 738
515 740
513 743
513 747
514 752
512 757
513 762
513 767
516 771
514 776
513 780
464 782
385 788
362 794
365 796
373 799
209 799
183 805
200 810
202 814
250 821
255 824
175 841
243 831
262 838
251 838
246 840
292 847
266 849
267 852
270 854
229 858
283 862
275 865
260 868
267 872
240 875
277 878
316 882
299 884
295 881
297 889
344 891
381 893
343 894
382 896
369 898
375 899
391 901
360 902
388 903
351 905
398 906
403 907
403 902
388 910
379 913
411 915
387 916
393 917
416 916
379 919
393 919
414 920
432 921
423 922
398 923
426 923
436 923
439 924
435 926
442 925
436 926
463 926
433 925
456 925
461 925
461 925
453 925
436 924
480 925
477 924
482 924
467 923
500 923
503 921
509 920
512 917
512 916
513 911
512 910
513 907
511 906
514 905
514 901
513 902
513 900
512 898
513 896
512 894
512 891
513 889
512 886
514 884
513 881
513 878
513 875
513 873
513 870
512 867
513 866
513 859
512 859
513 843
513 840
513 837
513 833
513 828
513 823
513 817
514 811
513 807
513 804
513 798
512 791
514 787
513 781
513 778
513 773
513 766
513 763
514 756
514 753
513 747
513 743
513 739
513 733
513 726
513 720
513 720
514 711
513 705
514 698
513 695
513 687
513 684
513 680
513 672
514 668
513 664
512 658
515 653
512 650
513 641
513 635
513 633
515 619
513 617
514 611
514 605
514 595
514 591
513 586
515 579
515 575
513 570
515 567
513 561
514 556
512 552
514 530
512 526
513 523
514 517
513 510
513 505
516 497
514 492
512 486
513 481
513 475
513 471
513 466
515 460
512 457
513 451
514 446
514 441
514 434
514 430
513 426
515 417
512 413
514 406
514 399
513 391
513 389
513 382
514 378
515 369
513 365
512 359
514 354
513 348
512 345
513 340
515 334
514 330
512 327
515 321
514 317
514 312
513 308
514 301
514 296
512 292
508 287
514 282
514 277
514 272
513 268
513 264
513 259
517 254
611 251
634 248
666 245
882 233
918 230
887 229
860 222
834 218
816 214
805 210
784 205
769 202
751 199
770 196
764 191
746 189
742 187
764 182
769 180
733 175
769 172
772 168
777 165
732 161
757 158
781 155
700 153
695 152
718 148
676 145
694 144
643 140
662 141
686 139
647 139
641 138
633 134
656 133
635 133
654 130
641 130
650 128
609 127
658 126
658 127
609 125
649 123
600 122
651 120
603 120
641 118
678 117
588 117
619 115
623 115
619 114
616 114
582 114
612 113
602 113
573 115
575 113
568 112
557 112
585 113
545 114
562 114
567 112
547 113
548 114
554 114
524 115
521 117
513 119
515 122
514 127
514 127
514 129
515 131
514 132
513 134
513 135
513 136
513 139
513 141
514 142
514 144
515 146
513 150
514 152
513 155
514 157
514 160
514 164
515 158
514 168
514 171
514 175
514 178
514 182
513 185
513 189
513 193
514 197
513 201
513 204
513 212
513 216
513 221
515 226
513 229
514 236
513 241
513 248
514 251
513 257
514 262
515 280
513 285
514 289
513 294
514 298
487 301
510 304
518 315
514 317
514 324
514 328
514 333
513 341
514 344
514 349
513 356
513 360
513 361
512 372
515 373
513 380
513 389
515 389
514 399
513 404
514 409
513 417
514 424
513 430
514 436
513 444
513 449
513 454
514 459
513 463
513 467
512 471
512 478
510 481
514 491
509 492
513 497
514 503
513 511
514 516
513 521
514 530
514 535
513 541
514 547
513 553
516 559
513 563
513 568
514 572
512 580
513 599
513 603
514 607
513 611
513 619
514 621
514 627
512 634
513 640
513 646
513 652
513 658
516 663
512 667
508 660
521 678
512 690
513 689
513 695
513 699
515 703
513 709
513 713
513 717
514 724
514 727
512 732
513 737
513 742
514 747
512 754
513 756
513 761
513 766
513 770
513 775
513 781
491 781
423 789
342 791
372 795
396 799
224 801
161 803
197 807
217 813
231 816
210 811
237 827
273 830
230 836
240 841
270 839
271 844
265 847
252 850
277 853
303 869
237 869
228 874
230 874
235 878
289 880
290 883
304 887
332 888
325 891
355 892
354 894
371 896
401 898
341 899
348 900
376 902
393 903
359 904
393 905
433 908
359 909
380 910
410 910
382 911
418 913
368 914
421 915
405 916
394 917
372 918
405 920
455 921
386 921
406 922
436 923
413 924
434 923
426 927
435 925
440 924
446 925
446 925
441 925
457 925
462 925
459 925
454 926
466 925
479 924
463 924
466 925
477 923
497 924
495 922
505 920
513 918
513 908
512 909
513 905
513 904
514 904
513 902
513 901
513 898
514 896
514 894
512 891
513 890
513 885
513 884
513 882
513 879
514 877
513 874
513 871
513 867
513 865
513 862
513 859
513 854
512 851
513 847
514 842
513 837
513 833
514 828
514 823
513 819
513 814
513 810
512 805
513 799
513 794
513 788
515 783
513 778
513 773
513 769
513 763
512 758
514 753
513 748
513 743
513 739
513 735
513 729
513 723
513 718
513 713
513 707
513 700
513 695
513 691
513 670
515 665
514 661
513 658
514 654
512 651
515 641
512 640
513 633
515 622
511 618
513 608
511 606
513 599
514 589
513 589
513 580
512 576
511 575
514 567
513 565
512 557
514 553
512 550
513 543
514 538
513 531
514 523
513 519
514 511
513 505
515 499
512 495
513 487
514 482
513 478
514 473
513 468
514 463
514 458
514 454
514 447
513 442
513 437
513 430
514 425
514 418
513 413
513 406
514 401
515 395
513 388
513 384
514 377
514 372
513 367
514 360
515 341
512 338
513 335
513 332
513 327
514 322
513 318
513 313
517 308
515 304
513 298
513 293
513 288
515 284
514 279
513 274
513 269
513 264
514 259
515 255
592 253
653 250
653 245
644 242
641 238
673 233
909 232
865 228
858 223
837 220
787 215
793 210
804 207
774 202
796 200
763 194
751 190
782 188
769 186
758 182
723 180
741 176
797 172
751 170
727 164
757 163
771 159
780 156
695 154
678 151
741 150
696 147
682 144
664 143
619 139
696 140
652 138
635 134
646 133
615 131
637 130
624 129
631 128
649 126
608 126
641 124
649 123
620 122
602 122
647 119
640 119
586 117
622 119
637 117
609 114
619 114
584 115
609 113
619 114
579 112
575 113
596 112
583 114
553 111
590 112
572 112
579 111
557 114
568 112
557 112
555 114
556 112
548 114
534 115
519 116
516 118
513 121
514 122
513 127
514 129
514 130
514 132
514 133
513 134
514 136
513 140
514 140
514 143
512 144
514 146
514 149
514 151
514 154
514 157
524 164
514 168
514 170
513 174
514 177
514 180
514 184
513 188
509 190
513 196
514 200
513 205
514 210
514 215
513 219
513 225
513 231
514 236
516 241
513 246
513 251
514 255
513 261
513 266
513 271
513 277
514 278
515 282
513 290
513 297
514 301
507 303
513 299
508 316
513 321
514 327
513 333
513 338
514 344
515 348
513 354
514 359
513 364
514 367
514 373
512 379
514 383
513 392
514 396
513 404
513 409
513 416
513 423
514 428
513 435
514 439
514 449
514 465
513 471
514 469
514 476
509 489
520 489
510 490
512 496
514 503
513 508
514 515
511 522
513 525
513 535
513 539
513 546
513 552
512 557
512 561
514 566
513 572
514 576
514 580
511 586
513 591
513 597
514 603
513 609
513 614
513 620
513 627
512 633
513 639
513 645
512 651
513 657
513 662
514 662
514 675
512 689
514 687
505 688
512 694
513 700
513 702
513 706
511 712
514 716
513 720
513 726
513 731
511 736
513 740
513 744
512 750
513 755
513 760
513 778
514 780
463 781
392 784
384 789
378 794
341 798
233 799
166 803
209 808
233 811
241 818
232 821
227 817
252 831
245 831
222 840
253 840
265 843
229 846
253 849
304 852
257 856
283 859
270 863
274 867
259 870
257 874
280 877
253 879
307 882
343 886
308 887
323 890
309 892
338 894
309 894
374 897
388 898
382 900
420 902
312 903
412 902
407 906
384 907
393 909
364 909
411 902
401 911
396 912
377 913
430 915
390 917
375 917
400 918
402 919
406 919
421 919
435 924
436 923
437 924
424 924
443 925
437 924
455 925
438 926
468 926
458 925
452 925
457 925
467 925
468 925
458 925
477 924
495 923
486 923
493 922
511 919
513 918
512 916
513 913
513 910
513 908
513 908
514 904
513 904
513 903
512 901
514 899
513 897
512 895
513 891
514 890
513 887
513 886
513 881
513 878
513 877
513 874
513 871
513 869
513 865
512 862
514 858
513 855
513 851
513 848
512 844
513 841
513 835
513 831
514 825
514 820
513 797
515 794
512 792
514 787
513 783
513 780
513 774
513 767
513 765
513 760
513 756
513 752
513 745
513 739
513 735
513 733
513 724
513 716
514 712
513 708
513 703
514 697
513 691
511 686
513 681
513 677
513 672
