514 237
514 243
514 246
514 251
514 252
514 258
513 263
514 268
514 273
513 277
513 282
513 287
513 292
513 298
513 303
513 307
513 313
514 320
513 323
513 330
515 334
514 341
514 348
513 352
514 356
514 361
511 370
514 370
514 375
513 381
514 386
514 394
514 398
513 405
513 412
512 419
514 424
513 432
512 438
514 443
514 455
512 455
513 460
514 464
513 468
513 473
512 478
514 480
512 488
513 491
521 502
514 503
514 510
511 517
514 522
512 529
512 535
512 835
513 824
510 826
508 818
513 817
506 804
509 803
513 797
513 792
513 788
513 783
513 777
513 773
513 767
513 763
513 756
514 752
513 748
512 745
513 736
513 730
513 725
515 724
513 719
514 709
513 706
513 700
513 693
514 689
513 683
513 679
514 674
514 669
513 665
515 658
511 652
510 644
513 642
513 637
514 630
513 624
515 615
513 610
514 602
512 600
513 592
514 584
512 584
513 576
515 572
514 569
513 561
513 559
513 555
515 547
512 543
513 535
513 740
513 744
513 747
513 752
515 756
512 761
513 766
514 770
513 775
513 780
509 783
405 786
358 798
379 795
402 806
204 799
173 810
232 807
189 811
221 816
253 820
259 824
238 832
234 831
279 836
262 840
247 843
282 845
276 849
301 853
284 856
243 859
284 860
296 867
296 870
236 876
261 877
288 881
330 882
312 885
310 888
308 890
325 891
375 893
364 896
350 897
331 898
393 900
392 901
353 902
434 910
344 905
367 906
377 908
410 908
386 912
369 913
376 915
375 916
383 916
366 918
395 919
419 920
394 920
433 921
424 924
404 922
433 923
423 924
462 924
431 923
454 924
457 924
462 924
442 924
472 924
447 923
458 924
476 924
446 924
462 922
477 922
484 926
478 921
505 939
512 920
512 924
512 915
510 918
515 908
513 907
513 905
514 904
513 902
513 901
513 900
514 898
513 895
513 894
513 893
512 889
513 887
514 884
513 881
512 876
513 875
513 874
513 870
513 867
512 864
514 861
514 863
513 854
513 857
515 835
513 831
514 827
512 828
513 822
510 808
515 808
515 808
514 800
513 794
513 791
513 785
513 780
513 772
513 768
513 764
512 759
513 754
512 748
513 744
513 739
513 735
513 730
514 722
513 719
513 716
513 707
513 700
513 705
512 690
514 685
513 681
513 675
513 669
512 666
513 661
514 655
513 647
518 643
513 639
513 630
516 626
514 623
513 610
512 616
514 599
515 600
514 588
513 588
513 579
513 571
513 569
513 564
516 559
513 556
514 549
513 531
516 522
514 517
515 513
514 507
514 501
514 495
515 488
513 485
513 478
514 474
513 469
515 463
512 460
513 456
513 450
514 443
513 438
514 431
514 434
514 420
513 417
514 407
514 402
514 395
512 390
514 384
515 377
511 373
512 367
513 361
514 355
513 351
513 347
513 340
513 335
513 332
514 328
514 322
513 318
513 314
514 308
515 303
513 298
514 300
516 289
514 289
514 279
514 275
514 269
514 265
514 260
516 257
523 254
631 250
659 245
648 242
623 229
843 225
825 222
819 220
795 216
787 211
804 207
771 211
743 201
772 196
750 192
748 191
769 187
769 184
715 181
768 177
792 174
717 170
737 166
785 163
766 161
715 158
712 154
760 153
678 149
697 146
704 145
615 144
678 142
642 141
684 139
668 139
570 136
646 134
597 133
691 132
633 131
644 127
663 129
616 126
660 126
598 125
636 124
623 124
625 121
655 120
642 119
628 118
626 117
629 117
608 116
589 114
614 115
608 111
568 114
592 113
596 112
572 113
570 113
596 112
579 113
586 113
548 113
559 113
547 113
564 114
528 114
526 123
535 117
511 119
514 121
513 124
513 127
514 129
514 131
514 132
517 135
515 135
514 136
514 138
516 141
513 142
514 142
513 147
513 149
513 150
514 154
514 157
513 168
511 173
513 172
510 169
515 171
514 174
514 178
514 178
514 184
513 187
515 191
513 196
513 200
514 204
514 209
513 214
512 220
514 223
513 230
514 236
513 241
514 246
513 251
514 255
514 259
513 261
514 284
513 291
513 295
515 295
514 301
513 306
513 311
500 315
513 322
513 326
514 331
513 339
513 343
514 347
513 355
514 358
513 363
512 378
516 373
513 379
515 384
513 388
514 395
513 402
513 407
513 414
511 421
514 428
513 433
513 439
514 446
512 451
511 456
513 461
514 465
514 470
513 475
512 479
514 483
512 489
513 494
514 500
510 508
513 512
513 520
515 526
514 540
514 539
512 551
514 550
514 555
512 561
514 564
513 571
513 574
513 578
513 584
512 606
514 610
513 614
512 620
513 625
512 632
513 638
513 643
513 650
513 655
513 661
512 666
514 673
513 677
513 683
513 688
513 690
519 710
513 703
513 706
514 711
513 716
513 721
513 726
513 732
513 736
512 741
514 745
514 750
513 755
514 759
513 764
513 769
514 772
514 776
511 782
423 783
406 789
369 794
362 798
258 798
186 803
191 807
247 811
249 815
193 818
269 823
252 829
264 835
249 838
262 837
280 842
255 845
289 857
262 852
264 855
317 858
392 910
438 912
378 923
373 915
381 916
412 918
398 919
388 919
451 920
423 922
403 922
402 923
441 923
445 923
415 926
432 924
448 927
442 924
460 924
469 924
457 925
452 923
461 924
451 924
482 923
473 924
466 924
492 922
481 922
488 921
509 914
511 917
524 920
515 912
515 908
513 907
513 907
513 905
512 903
512 902
513 900
513 898
512 896
513 895
513 893
513 898
515 887
513 886
515 882
513 878
512 877
514 873
513 871
514 867
513 865
513 863
514 861
515 844
514 850
513 839
513 836
515 831
512 828
514 821
511 808
521 812
513 799
508 800
514 794
513 788
513 788
513 782
513 776
513 769
513 765
513 761
513 758
513 750
513 744
513 742
513 737
513 730
513 725
513 720
513 713
514 709
513 704
511 697
512 693
513 689
513 681
512 677
514 673
514 666
512 663
513 660
514 651
513 651
516 640
512 634
514 627
516 619
513 614
512 607
512 601
514 596
515 589
513 584
515 578
513 574
513 569
509 564
514 561
516 556
514 536
513 533
513 529
513 531
515 514
511 511
515 502
512 498
513 490
515 485
513 480
513 475
513 471
516 465
512 461
513 457
514 451
513 445
514 439
512 434
514 428
514 422
514 415
513 410
514 404
515 397
513 392
513 385
514 380
514 374
513 369
512 364
514 364
516 351
514 355
514 342
514 337
514 333
513 330
513 325
515 320
514 315
513 310
513 304
514 299
514 295
513 291
515 285
513 281
513 275
513 270
514 266
513 262
514 257
517 253
635 251
643 247
897 235
877 232
854 228
819 225
791 220
799 217
821 212
748 209
755 204
764 200
766 198
738 194
744 191
761 188
764 184
746 181
716 178
767 174
773 170
768 168
733 164
758 161
771 158
719 154
719 152
727 149
696 149
691 146
684 144
620 142
620 140
653 144
667 137
676 137
639 135
634 134
630 131
638 130
635 129
639 129
655 129
572 126
667 125
596 124
650 123
661 122
635 120
629 120
599 119
616 118
596 116
652 116
605 115
568 117
619 114
595 115
570 115
591 112
580 114
565 112
580 113
550 112
556 112
566 113
559 113
559 113
539 114
565 114
522 115
521 115
519 120
515 121
514 122
514 126
513 129
513 131
514 132
513 133
514 140
513 136
514 138
514 140
515 142
514 142
513 147
513 148
514 150
514 154
514 157
514 159
514 161
514 164
514 167
514 170
514 172
513 176
514 179
513 182
513 186
515 190
513 193
514 198
512 203
514 206
513 214
513 221
514 224
515 229
513 235
512 241
514 244
513 248
515 253
512 273
513 277
513 281
514 283
513 289
513 295
514 298
514 303
513 308
515 316
512 316
514 324
513 331
513 336
514 343
512 350
513 350
514 357
513 365
514 367
514 372
512 377
513 382
513 393
512 393
513 400
513 407
514 412
512 419
513 425
513 432
512 439
513 444
514 450
514 456
513 460
515 463
514 468
514 472
513 477
513 482
513 486
514 492
513 499
514 504
518 511
512 517
511 524
513 530
514 537
513 543
513 548
512 555
514 557
514 564
513 569
512 573
513 594
513 599
514 603
513 606
514 612
513 616
513 623
514 631
511 636
511 639
512 647
514 653
513 659
512 665
514 671
514 676
513 682
511 686
513 692
509 695
510 706
513 705
514 709
514 714
512 718
514 724
513 728
513 734
513 739
514 743
514 747
514 753
514 758
514 761
511 768
513 771
515 776
513 779
503 784
405 786
394 791
358 796
262 798
182 801
195 806
191 810
281 814
243 818
200 822
281 826
248 829
262 833
269 836
273 840
261 846
269 847
281 851
288 864
276 867
264 871
265 879
278 874
255 878
294 880
272 883
338 885
344 889
323 891
335 892
360 894
389 895
389 898
369 898
382 899
359 902
357 902
425 904
398 905
409 906
358 908
407 917
373 908
358 906
385 908
438 914
439 914
368 915
417 916
414 917
411 919
417 919
411 921
440 921
414 922
440 922
435 923
422 923
460 924
445 924
447 925
442 924
452 925
464 924
463 925
451 924
470 924
465 924
463 924
468 923
473 924
491 922
499 919
505 920
516 917
515 914
512 911
513 906
513 904
514 904
513 901
513 900
512 899
513 897
513 895
513 893
514 890
513 888
513 888
513 882
511 879
513 877
512 874
513 873
514 868
512 866
513 863
514 860
514 856
513 853
513 849
513 846
513 841
513 837
514 832
514 828
513 822
511 813
514 812
512 809
514 810
516 794
513 790
513 786
513 782
513 777
513 773
513 767
513 762
513 757
513 752
513 748
513 741
513 736
513 732
514 730
513 722
513 714
513 711
514 706
514 697
514 694
515 674
513 669
513 668
512 662
514 657
513 658
514 647
512 643
514 636
514 628
514 622
513 616
514 610
515 600
511 596
513 590
513 585
513 579
512 575
513 572
515 566
514 563
514 558
514 552
512 548
514 543
515 536
512 530
513 524
513 517
513 510
513 504
514 498
513 493
513 489
515 481
511 481
514 471
513 467
514 462
513 452
515 452
514 443
512 441
515 434
513 430
513 423
515 417
514 411
513 406
513 400
514 392
514 387
514 381
514 374
510 370
513 363
513 343
514 340
513 337
514 333
514 330
513 326
514 321
514 316
514 311
513 307
513 301
514 296
514 291
513 286
514 281
514 277
513 272
513 268
514 263
513 259
516 254
622 251
647 247
641 243
640 239
650 237
775 235
887 231
857 227
804 223
786 218
798 214
805 209
785 205
766 202
757 199
738 196
759 191
761 190
728 185
763 182
766 176
754 175
737 171
723 169
756 162
790 162
732 159
737 155
715 153
732 151
708 147
649 146
637 143
645 144
683 141
654 140
643 133
642 131
631 132
613 131
607 130
660 129
633 127
618 124
657 125
647 124
612 123
606 122
624 120
630 120
647 119
630 118
620 116
602 115
623 116
602 115
585 114
628 113
572 114
570 113
589 113
591 113
553 113
545 115
574 114
574 113
542 114
565 108
575 113
542 112
549 113
558 115
540 115
520 116
518 117
515 120
514 122
515 125
514 128
514 130
514 132
514 131
513 134
514 134
514 136
514 139
515 139
513 143
514 144
513 147
512 150
513 154
514 156
513 162
513 167
513 170
513 172
515 175
513 175
513 182
514 184
514 190
514 194
513 197
513 203
514 208
513 213
514 218
513 222
514 227
514 231
512 237
514 239
512 245
509 252
514 257
513 263
514 268
514 274
514 276
514 280
513 288
513 292
514 294
512 305
513 308
514 311
513 316
513 333
513 331
513 334
514 341
514 345
514 349
513 356
513 362
513 365
514 370
513 377
512 381
514 385
513 394
515 396
514 403
510 411
514 416
512 425
514 429
514 438
513 458
514 462
514 465
511 469
514 473
514 476
513 481
514 485
513 490
513 498
512 503
514 507
515 519
515 520
511 530
515 536
513 540
511 548
513 552
512 558
513 562
514 566
514 572
513 576
513 582
515 586
513 594
512 598
513 603
513 611
514 615
513 621
513 628
513 634
514 641
514 646
515 652
514 658
513 664
513 669
513 674
513 680
513 685
513 690
514 695
511 703
513 705
513 709
513 712
512 718
513 720
511 728
514 729
511 738
513 743
514 747
512 747
512 771
512 775
514 769
513 780
510 785
386 789
388 790
398 795
342 799
177 800
163 805
168 809
228 812
270 817
225 821
215 826
252 830
267 826
247 833
281 836
287 844
252 847
282 846
275 853
279 856
269 860
306 863
262 867
255 870
280 874
276 873
309 880
281 883
294 885
332 884
284 890
385 893
386 895
331 888
386 897
393 895
363 901
394 900
373 902
328 903
419 905
397 907
370 908
403 909
410 905
422 905
372 912
422 911
380 915
403 917
400 917
413 917
422 917
431 922
440 923
418 923
460 923
421 923
419 924
473 925
450 924
451 924
446 925
465 924
457 924
451 923
463 925
476 924
464 924
469 924
481 923
477 922
498 923
500 923
510 918
512 921
511 906
508 909
512 902
516 906
513 904
512 904
514 902
513 901
514 900
513 894
510 895
514 891
511 891
513 890
513 886
513 883
513 881
513 877
514 875
513 869
513 870
513 864
513 863
513 860
509 858
513 854
513 851
515 846
513 842
514 837
514 832
513 828
513 823
515 801
516 799
510 794
514 806
513 788
513 781
513 777
512 773
513 768
514 762
513 757
513 753
513 749
513 742
513 739
513 734
513 728
513 723
514 718
514 709
514 705
513 702
514 693
514 688
513 685
513 679
514 674
513 671
513 665
513 659
514 656
514 648
513 644
513 646
516 628
512 625
513 615
513 610
513 605
516 596
512 593
513 584
513 582
513 577
515 572
513 566
512 563
513 559
515 554
513 551
515 536
513 539
513 527
514 524
513 520
514 512
513 506
514 484
514 480
515 477
512 472
513 469
514 463
514 459
515 452
514 448
513 442
515 436
513 431
514 425
513 419
513 405
513 407
513 401
513 394
515 387
513 382
513 378
515 372
514 365
513 361
514 356
514 350
514 345
513 339
513 336
514 331
514 327
513 322
513 311
513 312
514 308
512 303
514 298
514 292
513 288
514 284
513 278
514 274
513 269
513 264
513 260
513 257
518 252
658 250
649 247
642 241
660 237
737 234
898 231
881 226
854 222
767 219
766 214
763 201
748 198
738 196
720 193
764 189
758 186
744 183
761 179
743 174
747 172
784 166
740 166
718 163
783 160
749 158
707 153
689 152
720 149
706 147
654 145
690 144
630 142
649 141
662 139
611 137
645 136
630 135
702 134
645 132
622 130
621 130
619 128
657 126
589 126
677 123
635 124
618 123
638 121
633 121
637 119
602 118
636 117
618 117
589 115
632 115
597 115
583 113
605 113
591 109
576 116
615 113
570 111
557 112
573 113
561 113
569 113
543 113
553 114
537 113
530 114
523 115
519 117
518 120
514 122
514 122
514 127
514 129
514 130
515 133
514 133
515 135
513 137
514 138
513 140
513 143
513 145
514 147
514 149
514 153
515 155
514 157
513 161
513 163
514 166
513 167
513 171
513 173
514 179
514 181
513 184
514 190
514 191
514 196
513 201
514 206
514 212
514 216
514 221
513 226
514 231
514 238
513 241
513 247
514 252
513 255
514 261
512 266
513 271
514 277
513 281
513 286
514 292
515 297
515 302
513 321
514 323
512 331
514 335
513 337
514 343
513 351
514 355
514 359
511 366
514 366
513 374
512 381
514 383
513 390
513 396
513 396
512 410
513 416
514 423
514 429
514 435
511 442
513 445
515 452
513 458
513 460
513 468
514 470
513 475
514 480
512 484
513 491
513 496
513 502
513 507
513 513
510 530
513 526
512 534
513 539
514 545
514 550
512 556
513 561
513 567
514 572
514 576
512 581
513 586
514 590
514 597
513 604
514 607
512 615
513 620
512 626
512 650
512 654
514 657
513 662
513 661
513 674
513 677
513 683
512 682
513 695
514 698
511 695
499 710
513 712
514 716
513 722
513 727
513 731
514 736
513 741
512 746
512 751
514 755
513 760
513 766
513 763
512 775
514 778
513 782
433 785
385 789
383 793
393 797
259 797
124 802
178 808
215 813
250 816
245 821
258 824
259 828
224 829
258 834
266 837
290 844
266 846
253 849
283 852
314 856
240 860
247 862
270 865
265 870
305 873
290 877
284 879
273 890
351 891
343 893
371 894
369 896
350 897
393 894
356 899
414 895
386 902
371 897
394 905
349 898
420 908
407 901
412 910
405 911
377 916
391 911
389 919
379 916
392 916
438 919
392 919
419 920
372 920
388 922
477 922
399 923
434 923
467 924
409 924
460 924
459 923
447 924
439 924
471 924
465 924
453 923
468 923
471 924
471 924
461 923
483 921
478 923
487 921
508 921
511 920
513 917
511 914
511 904
498 905
514 906
516 906
514 904
516 903
513 902
513 893
513 891
513 890
514 889
513 886
513 884
513 881
513 879
513 877
513 873
513 871
513 868
513 865
513 862
513 858
513 855
513 852
512 847
515 844
513 840
513 836
513 827
514 824
513 820
513 811
508 806
507 789
512 795
509 801
512 785
513 784
513 772
512 775
513 771
513 765
513 757
514 751
514 751
513 748
513 742
514 734
513 728
513 726
513 721
513 712
513 707
513 702
513 696
513 691
513 686
514 682
514 676
514 671
513 666
513 662
514 656
513 651
513 624
515 612
515 615
514 609
515 605
513 601
513 593
514 588
513 575
513 579
513 574
515 569
513 565
514 558
512 556
513 551
516 544
514 540
513 533
513 527
515 519
513 515
514 507
513 502
513 495
514 490
513 484
515 480
513 475
514 469
513 466
514 459
514 454
513 449
513 443
512 439
514 432
513 428
514 413
512 415
514 409
513 402
513 397
514 389
513 383
513 379
514 373
513 367
513 363
513 358
513 352
514 346
513 341
513 335
513 333
514 325
514 324
512 303
513 299
512 296
515 292
514 289
513 285
513 281
513 276
514 264
513 266
514 254
512 257
518 253
641 250
660 247
670 241
660 238
648 235
884 237
871 229
816 225
810 221
783 217
804 212
783 208
812 205
764 201
763 198
744 194
728 190
755 187
725 183
742 180
758 177
760 174
777 170
787 166
733 157
724 160
776 150
730 153
702 152
721 150
689 146
682 144
720 143
646 142
652 140
639 140
691 138
656 137
631 133
646 134
654 131
634 129
605 131
667 128
602 126
596 125
663 122
613 121
630 122
587 119
649 118
632 117
635 116
614 116
565 116
627 114
619 112
540 113
611 113
600 111
552 113
588 115
575 113
562 114
580 113
554 113
569 113
572 112
554 113
545 113
552 113
548 113
529 115
524 117
521 119
513 121
515 123
513 127
514 128
514 130
514 132
514 133
514 134
514 136
513 138
514 139
513 142
512 144
514 146
513 148
514 152
515 154
513 157
513 159
513 162
515 165
515 167
513 170
513 173
515 177
514 179
513 195
514 197
513 200
514 204
513 209
514 215
513 220
513 225
514 228
513 233
514 240
514 247
513 253
515 255
514 259
514 264
513 269
513 275
514 280
514 285
513 292
513 296
517 298
513 305
513 309
513 315
513 320
513 327
513 330
513 336
513 343
513 348
514 352
513 359
514 363
513 369
514 370
514 377
511 384
514 387
513 394
512 400
514 405
511 416
513 420
514 425
512 434
514 439
513 446
515 450
515 455
511 461
512 464
513 470
514 473
513 478
514 483
514 504
513 508
514 512
520 515
511 537
513 531
512 539
515 543
514 547
512 554
513 560
512 564
513 569
513 574
513 580
513 584
511 589
514 596
513 601
513 607
514 612
514 619
513 626
513 632
513 637
514 643
512 649
514 655
513 660
514 667
513 672
513 678
514 683
513 686
514 693
513 698
514 701
510 704
508 709
513 714
513 719
513 724
513 731
513 734
513 740
514 745
512 750
514 755
513 759
514 763
513 769
513 773
513 777
512 781
465 784
393 789
402 792
154 807
160 810
212 812
257 815
273 820
221 823
252 827
256 831
243 834
254 836
271 843
264 852
275 848
265 853
254 855
248 858
301 862
291 858
253 869
244 864
296 876
288 879
273 882
303 885
288 887
318 889
368 891
356 897
344 894
374 896
394 897
378 899
392 900
369 902
406 903
392 904
377 905
352 907
388 908
438 909
408 910
389 909
369 913
404 913
355 926
393 916
389 917
383 918
418 919
407 921
428 921
396 922
403 923
446 922
409 923
437 924
429 924
421 924
453 924
477 924
441 924
472 925
464 924
478 925
456 924
490 924
480 923
476 923
503 921
514 919
512 917
512 916
513 912
511 917
513 909
527 919
512 905
513 904
513 901
513 900
513 897
513 897
513 895
513 892
514 891
513 887
513 885
514 882
513 879
513 877
514 873
513 872
513 869
512 867
513 864
513 859
514 856
514 853
515 849
514 845
514 840
514 837
513 832
513 826
513 822
513 815
513 809
514 805
518 794
508 795
512 792
510 785
514 780
513 760
513 756
513 752
513 749
514 745
513 739
512 736
513 735
513 725
514 718
513 715
514 709
513 702
513 698
513 693
514 687
513 684
513 677
515 671
513 668
513 662
514 657
513 651
513 646
514 640
513 635
497 626
516 620
513 615
514 608
514 602
513 595
514 588
512 583
513 580
514 573
514 567
514 566
515 563
513 557
514 552
512 547
515 540
512 536
513 529
515 523
514 515
514 510
512 503
513 497
513 490
514 486
513 482
515 476
514 471
512 466
513 461
514 438
513 436
515 434
514 427
514 422
513 417
513 410
514 404
513 394
515 392
514 386
514 379
513 375
512 370
514 364
514 358
512 353
513 348
514 341
513 337
513 334
512 330
514 320
512 320
513 316
514 310
514 317
513 301
513 295
514 289
514 285
514 281
514 277
513 273
514 268
512 262
514 257
517 253
609 249
635 249
640 243
656 239
673 234
876 236
928 230
863 225
771 221
779 217
825 214
780 208
770 206
760 201
764 198
752 194
765 191
732 188
748 184
803 171
724 168
747 166
756 163
731 162
734 157
709 153
724 154
737 152
681 148
708 147
687 144
665 143
652 140
619 140
632 139
664 137
649 135
670 134
658 133
597 131
672 130
672 131
581 129
632 126
636 128
629 125
617 123
670 115
664 121
620 120
591 119
619 118
638 117
589 116
614 115
601 117
575 114
601 114
596 113
575 113
583 113
556 113
574 113
580 112
581 113
565 112
559 113
587 111
550 112
564 113
545 114
550 115
533 115
525 115
521 117
516 120
515 129
514 131
514 130
514 132
514 133
514 134
514 138
513 139
514 141
514 144
513 146
513 149
514 150
513 153
514 157
514 159
514 161
513 165
514 166
514 169
501 172
513 175
513 179
513 182
513 186
514 191
513 195
514 199
514 204
512 208
513 212
514 216
513 222
514 227
513 234
514 238
514 244
513 249
514 253
517 259
513 263
511 267
513 271
513 279
514 288
512 289
510 292
513 299
513 304
514 308
512 313
513 319
513 326
514 329
523 335
514 341
514 347
513 365
514 369
513 373
512 377
514 384
513 388
513 392
514 397
512 408
513 412
514 418
513 426
512 431
512 439
514 443
513 450
515 454
514 459
512 464
514 467
513 475
514 477
513 482
513 486
514 493
511 499
514 502
514 511
511 516
513 524
519 531
513 536
514 543
514 549
515 553
512 560
511 564
513 570
512 576
514 578
513 583
512 589
512 594
513 599
514 606
511 612
514 617
513 623
513 629
513 633
514 641
513 648
512 654
513 660
512 664
513 672
513 676
512 696
513 699
513 702
514 704
514 717
515 714
513 718
514 725
514 729
513 734
514 738
513 743
513 748
514 753
513 758
514 763
514 766
512 772
513 777
513 778
464 787
382 784
411 791
369 794
358 798
155 801
183 806
213 811
246 814
240 817
260 822
243 826
236 830
258 832
288 837
265 834
240 848
279 853
293 850
269 853
246 857
299 860
297 864
258 868
275 871
278 874
254 877
269 880
330 883
344 887
305 889
298 890
386 894
306 894
364 897
414 897
353 898
404 905
394 904
424 905
410 906
368 908
366 909
391 910
398 914
427 910
402 912
396 912
428 916
371 917
402 920
399 919
386 921
443 921
425 923
395 922
433 923
422 923
434 923
450 924
432 924
450 924
435 924
458 924
460 925
423 924
477 925
475 924
447 925
459 923
482 924
471 923
467 922
497 922
510 919
510 921
513 916
513 913
511 910
528 907
513 908
521 909
515 905
513 902
513 902
513 899
513 897
513 895
513 893
513 891
513 888
513 886
513 883
513 880
513 870
514 868
513 866
513 863
513 861
513 857
514 854
513 850
513 849
513 841
514 833
513 832
513 827
514 820
514 816
512 812
517 809
512 806
509 798
513 782
525 789
512 773
512 778
513 772
512 767
511 762
513 758
512 753
513 747
513 742
513 739
513 732
514 726
512 723
513 718
514 710
513 704
513 700
513 694
513 689
513 684
514 677
513 674
513 667
513 664
513 662
513 653
514 648
513 644
514 634
512 629
511 623
510 615
514 610
513 603
513 596
514 590
513 571
514 569
515 565
514 562
514 560
513 554
513 548
514 542
513 536
514 530
513 525
513 518
514 511
513 504
513 499
513 494
516 486
513 483
514 476
512 472
513 466
517 460
514 458
513 452
514 446
512 441
513 435
513 429
515 424
514 418
514 412
514 405
512 398
514 394
513 386
515 381
513 375
513 370
511 365
514 359
514 353
514 349
514 344
514 339
513 335
513 331
514 326
513 321
513 316
513 311
513 306
514 301
514 296
513 292
513 287
514 282
513 264
513 261
514 258
519 254
610 253
645 248
643 244
668 240
661 235
885 236
868 231
833 226
800 222
808 218
792 213
772 210
799 207
775 203
770 199
745 195
799 192
748 189
735 183
780 183
750 179
732 175
754 171
781 168
753 166
730 162
785 159
725 155
715 153
707 151
670 146
716 145
685 145
682 142
645 141
634 139
675 137
626 135
660 134
625 135
658 134
610 131
670 130
661 128
600 128
673 127
597 126
607 125
601 123
650 121
655 120
627 119
647 121
619 116
592 116
592 114
619 115
585 114
611 114
577 114
578 113
593 113
568 113
578 113
558 113
582 113
556 113
578 113
550 114
571 113
540 115
547 114
541 115
529 116
514 118
513 119
514 123
514 124
513 129
515 130
514 131
514 135
513 134
513 135
513 137
514 137
513 140
514 142
515 146
513 150
514 151
512 152
513 156
514 158
515 161
514 162
514 166
513 168
514 170
514 174
514 178
513 184
514 196
514 187
514 193
514 196
514 201
513 208
513 212
513 219
513 238
513 243
513 244
513 246
513 251
514 255
514 260
514 268
513 271
516 276
513 284
514 287
513 292
