594 113
589 113
566 114
565 114
576 113
549 111
549 116
525 118
517 121
516 121
514 122
514 126
513 128
514 127
513 132
512 133
513 135
513 137
515 138
513 139
512 142
513 144
513 148
513 147
513 152
515 155
514 155
513 160
514 163
513 166
514 169
515 171
514 174
514 178
513 181
515 184
514 189
513 194
514 197
512 202
514 207
514 212
513 216
514 221
514 226
514 233
512 236
513 240
514 244
514 251
513 258
513 262
514 267
514 271
514 276
514 282
513 287
387 924
392 925
421 922
390 927
428 924
429 924
409 924
413 924
440 924
424 924
434 925
421 924
451 923
450 924
450 923
459 923
468 927
485 920
511 919
512 917
512 914
512 910
512 908
512 910
513 906
512 904
514 901
512 902
513 901
513 898
513 896
514 892
513 892
509 889
513 890
515 884
508 883
512 878
516 877
513 873
513 870
513 867
513 864
514 862
513 858
513 855
513 852
513 847
513 843
513 839
514 835
512 829
513 824
513 818
513 813
513 809
513 805
513 308
513 313
514 317
514 319
510 325
514 334
513 340
514 341
514 348
514 354
513 358
513 363
511 369
514 373
513 380
514 381
514 390
514 393
514 399
513 409
514 414
510 422
513 428
513 436
512 442
513 447
513 453
513 456
513 462
513 466
514 471
514 474
514 478
513 484
513 488
514 494
515 501
512 506
514 513
512 520
514 526
513 532
513 538
511 544
513 551
513 554
513 562
514 565
514 570
513 576
513 581
512 583
514 590
513 596
514 601
513 608
513 613
514 205
513 209
513 213
513 219
513 226
513 228
514 233
513 239
514 244
512 249
514 253
515 257
513 262
513 270
513 276
513 280
513 282
513 288
513 294
514 299
514 305
514 309
513 314
513 321
512 326
514 329
513 337
513 338
513 347
514 352
514 358
513 362
513 367
513 373
513 377
514 380
514 387
514 392
511 400
513 408
514 410
513 423
513 426
514 432
513 440
514 444
514 451
513 454
513 461
514 463
514 469
512 473
514 476
513 483
513 487
513 492
513 499
513 569
515 569
513 574
512 578
514 584
519 582
514 593
513 600
513 605
511 611
513 617
513 623
515 630
514 635
513 643
513 647
514 653
514 659
514 665
513 670
513 676
514 680
515 687
513 692
513 697
514 701
514 706
513 710
514 714
511 719
513 724
514 730
513 734
514 740
513 744
513 749
513 753
514 758
514 762
513 759
514 772
511 777
509 781
358 780
300 784
188 789
178 794
224 799
52 800
78 804
67 808
98 812
101 817
102 821
96 826
105 829
107 834
127 846
150 848
155 850
133 853
182 857
177 860
111 863
139 866
170 870
140 874
150 877
175 879
165 882
253 885
248 889
178 892
249 892
279 893
306 896
326 896
303 898
343 899
262 901
363 903
317 904
275 905
292 907
325 908
394 909
283 910
332 911
324 913
339 914
314 914
319 916
372 917
337 917
325 918
359 919
361 921
337 921
357 921
403 922
368 924
388 923
395 929
391 924
398 928
426 926
430 925
407 924
423 924
448 924
415 926
445 924
430 923
452 924
497 921
503 919
506 918
514 917
512 914
513 911
512 909
513 908
514 905
513 904
512 903
513 901
513 898
513 898
513 897
513 893
513 892
513 888
512 887
511 865
514 881
495 879
512 876
513 872
513 869
514 867
513 864
511 860
513 857
512 854
512 849
513 846
513 841
513 838
513 831
513 826
513 821
513 818
513 812
513 807
513 801
514 796
513 792
513 789
513 784
513 777
513 771
513 765
513 761
513 757
512 752
513 742
508 740
513 732
507 733
513 725
513 721
513 698
513 696
513 694
513 687
513 682
514 679
513 672
513 668
514 665
514 656
513 653
514 648
513 640
513 638
513 626
513 624
513 613
514 607
512 606
513 592
513 590
513 586
513 580
513 577
513 570
513 549
515 560
514 557
515 552
513 545
515 541
523 533
514 529
513 525
515 517
513 510
513 503
514 497
513 492
514 487
513 482
514 475
513 472
514 467
514 461
513 457
513 452
513 447
513 442
514 435
513 430
513 423
513 418
513 411
514 406
513 400
513 392
513 371
513 368
513 360
514 359
513 355
514 348
513 343
512 338
513 335
514 330
513 325
514 322
513 317
514 311
513 306
514 301
512 298
514 291
513 286
513 283
513 277
513 273
513 268
515 262
515 259
520 254
566 252
723 252
906 249
884 243
842 238
849 235
1023 233
1005 227
989 224
987 220
951 215
937 212
957 207
898 204
929 200
875 196
841 193
866 190
910 186
851 183
854 179
887 176
883 173
875 169
899 166
855 163
823 159
822 156
811 154
812 151
780 143
810 143
680 141
671 139
760 139
689 136
706 136
738 134
629 133
749 131
696 131
682 130
674 128
708 127
692 126
694 125
714 123
668 123
698 121
695 120
712 121
678 118
658 117
692 117
646 116
655 115
668 115
644 114
620 113
638 113
618 113
619 113
591 112
619 113
608 113
583 113
615 113
612 113
582 110
561 113
607 113
573 114
551 115
537 115
534 118
514 119
515 125
516 126
515 129
514 128
514 131
514 132
514 133
513 136
515 139
513 139
513 140
514 237
514 239
514 243
513 248
513 252
514 256
514 262
514 266
514 271
514 277
514 283
514 289
513 291
514 296
514 301
514 308
513 314
513 319
513 325
513 328
512 334
514 342
513 346
514 351
514 356
514 360
513 366
512 372
513 374
513 379
513 385
514 390
514 398
514 405
514 410
514 418
513 417
513 431
514 436
513 445
514 449
513 453
514 460
512 462
514 469
512 471
514 477
513 482
513 486
513 492
514 496
511 504
513 509
514 515
512 523
514 529
513 537
514 559
513 563
512 566
514 569
515 572
513 577
513 583
514 587
513 593
514 597
513 604
513 610
512 614
512 622
514 629
514 634
513 641
513 646
514 652
515 657
513 664
512 669
514 675
514 679
513 685
513 690
514 695
513 698
514 703
513 709
513 712
514 717
513 723
512 727
513 732
513 738
513 742
514 747
513 752
513 756
514 763
513 769
514 770
512 778
512 779
508 783
266 783
166 788
197 793
208 797
183 799
64 802
48 807
92 812
96 816
90 819
110 823
104 828
144 842
150 844
120 846
130 849
111 852
185 855
142 859
126 862
145 865
123 868
159 873
153 875
187 879
188 882
154 884
219 888
235 891
261 898
279 893
279 895
304 899
316 898
322 896
307 901
342 902
281 904
312 905
297 906
338 907
393 908
300 909
367 910
326 913
341 913
298 915
304 915
358 916
312 917
339 918
365 919
372 920
325 921
364 922
421 922
353 924
373 923
410 924
416 927
419 927
402 921
422 924
431 923
452 924
429 924
417 924
425 924
443 922
473 923
492 924
492 921
508 919
511 917
512 916
512 912
512 910
513 907
513 905
513 904
513 901
513 901
513 901
513 898
513 898
513 894
513 891
513 890
513 887
513 882
515 880
509 878
507 881
513 874
512 870
514 868
514 864
512 861
512 859
513 854
512 849
514 846
513 841
514 837
513 833
513 829
513 824
513 820
514 812
513 809
513 802
513 799
512 795
513 790
514 782
513 774
513 771
513 767
513 764
515 757
513 753
513 749
516 742
512 741
514 730
515 710
513 707
513 703
512 700
513 694
513 688
513 686
512 679
513 672
515 670
513 665
513 659
513 655
513 648
513 644
513 637
513 628
513 624
513 616
513 609
510 606
513 596
513 591
513 585
513 581
513 576
514 571
513 569
513 560
509 561
517 546
518 548
515 530
513 538
517 527
513 524
512 520
513 512
513 506
513 500
514 494
513 490
513 484
514 480
514 475
513 471
514 462
513 458
514 452
513 448
513 444
514 437
513 431
513 426
513 420
513 413
514 407
513 382
513 379
513 374
513 371
514 367
514 362
515 358
514 351
513 346
513 340
513 336
513 331
514 327
513 323
513 318
514 312
513 308
513 304
513 299
514 294
513 289
514 284
513 279
513 275
513 269
514 263
516 260
517 255
525 251
617 248
919 251
899 245
872 240
818 235
982 236
1004 231
988 226
991 222
914 217
915 212
981 208
910 205
879 201
881 198
847 194
866 191
849 188
864 184
853 180
883 178
894 175
863 172
851 167
876 164
857 161
870 158
853 155
778 147
792 146
725 144
764 141
718 142
737 140
728 138
703 136
715 135
680 136
749 133
648 131
706 130
680 129
745 128
720 127
618 126
719 126
641 123
703 122
697 121
687 119
688 115
638 118
704 117
628 116
638 114
688 115
619 114
637 115
643 113
615 113
605 113
586 113
645 116
566 113
599 115
585 113
599 112
587 113
588 113
590 112
573 114
564 115
553 114
543 116
521 118
515 119
514 121
514 124
513 127
514 130
513 132
513 132
514 133
512 135
515 138
513 143
514 148
515 149
513 152
514 156
513 156
514 156
513 162
513 163
513 167
514 168
514 174
513 179
514 181
513 184
514 186
514 191
512 195
516 200
513 205
515 209
512 216
514 220
514 225
513 230
514 233
514 241
513 247
514 250
513 255
514 260
514 265
514 268
513 275
513 283
513 291
513 291
513 298
512 301
514 306
514 311
514 317
513 321
513 326
514 333
513 340
514 343
513 348
514 356
514 359
514 364
515 370
514 372
513 381
513 385
513 388
513 396
514 421
513 426
512 430
513 435
513 442
513 448
513 452
514 458
514 463
513 464
513 471
513 474
513 480
514 483
512 490
513 495
513 502
514 508
513 514
513 520
515 527
512 535
512 539
513 546
513 550
513 557
512 562
514 567
513 571
513 576
514 579
513 585
514 591
504 594
514 602
514 607
512 615
513 619
514 626
513 632
514 638
514 645
513 651
514 656
513 662
513 667
513 672
514 678
515 684
513 689
513 694
513 697
513 706
514 707
513 710
514 715
513 721
513 741
513 742
514 746
513 750
513 755
513 760
512 764
514 769
512 776
509 777
508 782
339 781
187 786
187 791
203 795
235 799
74 800
39 804
92 810
53 814
77 814
118 822
100 826
64 830
147 833
155 837
120 837
154 845
142 845
169 851
152 854
157 858
134 861
137 864
176 868
157 872
177 874
133 876
171 884
223 883
239 886
202 888
207 890
268 895
318 894
296 897
272 897
308 899
319 900
313 901
323 904
315 904
338 905
313 907
321 907
323 910
322 911
331 915
387 916
346 916
347 918
397 920
324 919
327 921
357 921
360 925
378 922
352 925
383 924
401 923
397 926
414 925
420 928
420 924
425 925
418 925
406 925
438 924
443 924
465 925
413 924
472 924
464 923
469 923
494 921
503 920
507 918
510 915
512 913
511 910
513 908
513 906
513 907
512 903
513 902
513 900
513 896
512 896
513 895
512 892
513 890
514 888
514 880
515 882
509 878
515 883
524 871
513 869
511 869
512 864
513 864
514 859
513 856
513 851
512 834
513 831
512 827
513 824
513 821
511 816
514 810
513 805
514 801
514 792
512 789
514 781
513 780
513 775
513 771
513 762
514 759
512 755
513 750
513 743
512 734
510 737
524 727
512 723
521 717
513 715
512 708
513 701
513 698
513 688
512 685
513 682
513 676
513 673
514 666
513 662
513 656
513 649
513 644
513 638
513 630
513 626
513 613
513 612
513 605
513 600
513 593
513 587
513 584
516 578
513 573
513 569
513 564
514 574
516 556
517 560
510 543
514 522
514 517
514 513
513 505
512 501
514 495
512 489
513 485
513 480
514 474
513 469
512 464
512 460
513 456
514 450
513 445
514 439
513 434
515 429
513 422
513 416
513 410
513 406
514 396
514 391
513 385
513 379
514 373
513 366
513 365
513 357
513 350
515 347
510 345
515 341
513 330
515 333
510 324
513 319
512 314
513 310
513 305
514 299
513 294
514 290
513 285
513 280
513 275
513 270
514 265
516 260
514 257
521 253
616 251
878 251
889 247
846 240
1020 228
988 225
995 221
935 218
1002 213
947 209
869 205
885 202
903 198
883 196
850 192
861 189
905 185
909 179
842 180
873 175
873 175
852 169
887 169
839 162
855 159
840 155
814 156
818 151
794 149
747 146
748 144
759 143
732 142
689 140
729 139
706 137
730 136
711 135
711 133
689 131
730 130
716 129
683 128
677 128
697 126
724 126
685 122
717 123
670 123
674 119
687 119
670 116
686 118
611 117
659 116
673 115
616 115
645 114
612 114
607 114
619 113
609 114
596 112
598 113
617 113
572 115
585 112
571 114
588 114
567 114
557 114
537 116
526 119
516 121
515 123
514 127
514 130
514 129
513 132
512 137
514 135
513 135
515 138
513 140
514 141
513 143
513 147
513 147
513 150
514 152
513 157
514 159
513 162
514 165
514 166
513 170
514 173
513 179
514 180
514 187
512 187
513 193
513 196
514 200
514 204
513 210
514 215
513 220
514 222
513 228
514 234
514 240
515 245
514 250
514 253
516 258
514 264
513 286
513 290
514 292
513 294
514 299
513 306
512 313
513 314
513 319
513 327
513 333
514 335
514 343
514 349
513 354
514 359
513 363
512 368
514 372
513 378
513 383
512 388
513 396
514 399
513 410
513 417
513 420
513 433
513 432
514 440
514 445
513 452
516 457
514 460
513 467
515 469
513 474
513 480
514 482
513 490
514 493
514 499
514 506
512 512
513 519
514 524
513 532
513 538
514 544
513 549
514 554
512 560
514 564
513 569
512 573
513 578
514 584
513 607
514 610
514 614
514 618
514 623
514 630
513 637
513 644
514 648
513 654
512 660
515 666
513 670
514 676
513 682
512 686
513 691
514 696
513 701
514 705
514 709
513 714
514 719
514 723
514 730
514 734
513 739
514 744
515 749
513 754
513 758
513 763
513 764
514 771
515 781
510 780
378 780
222 785
176 790
201 794
226 799
85 799
65 803
50 808
91 811
81 816
88 821
120 825
93 829
123 832
121 837
121 840
154 843
152 847
146 850
177 854
145 857
168 860
157 873
170 876
113 877
171 873
210 883
204 885
218 888
228 891
289 889
304 894
249 895
311 897
264 898
326 898
298 901
298 902
312 904
322 906
302 906
351 908
328 909
286 911
352 910
352 912
361 915
335 916
369 916
315 917
314 918
360 919
345 919
371 920
381 924
344 922
386 922
400 923
402 923
394 923
430 912
403 921
410 921
433 924
425 924
424 923
426 925
446 924
414 926
426 924
455 924
461 924
459 923
471 922
500 921
512 918
512 917
512 914
512 911
513 904
513 903
513 902
514 900
513 898
513 896
513 895
513 893
516 890
513 888
513 885
513 883
515 881
513 876
512 875
513 873
514 869
513 866
513 863
513 859
513 853
512 852
513 849
513 847
513 841
513 836
513 831
515 827
513 822
513 818
513 813
512 806
513 801
513 795
514 791
513 785
513 780
513 776
513 772
513 767
513 762
513 757
514 751
514 747
514 740
516 730
512 731
516 720
517 721
516 715
512 709
513 700
512 699
513 694
513 686
514 683
513 677
513 657
513 654
513 651
513 646
512 642
513 633
513 628
513 621
513 614
513 607
513 601
514 595
513 589
513 590
514 579
513 575
515 569
513 566
513 561
513 556
512 550
516 544
514 538
506 537
511 526
515 522
513 517
514 507
512 504
512 496
514 491
512 485
514 480
513 477
515 470
513 466
513 461
512 456
513 451
514 445
512 440
513 434
514 428
513 422
512 417
514 411
513 405
514 398
513 392
513 386
514 381
512 375
513 370
513 364
513 358
513 352
513 349
513 333
513 327
515 323
514 320
513 316
513 313
514 305
514 301
513 296
513 291
513 287
513 281
514 277
513 272
511 268
514 262
516 259
518 254
532 252
685 252
902 247
918 242
847 237
801 236
994 233
1015 229
1001 223
959 219
951 215
892 211
920 209
943 204
844 200
855 196
915 193
886 189
868 187
840 184
872 181
883 178
875 173
899 170
840 167
853 163
886 160
870 157
827 154
809 151
768 150
761 148
789 147
775 143
700 143
685 144
742 139
747 138
681 132
732 132
686 130
705 129
687 128
732 127
699 126
676 124
704 123
681 122
702 121
688 119
686 119
684 118
678 117
673 120
658 116
671 115
644 115
639 114
628 114
632 114
621 113
602 112
584 113
618 113
611 114
608 114
580 113
606 113
587 114
590 114
576 114
568 114
549 115
540 116
525 118
512 119
515 122
514 126
514 127
516 129
515 130
517 133
515 133
514 136
514 137
515 139
515 141
514 143
514 145
515 148
513 152
516 153
513 157
513 158
513 161
514 173
515 175
514 177
513 180
513 182
514 188
515 188
513 193
513 199
514 203
514 208
514 212
513 217
514 223
514 230
514 234
515 238
514 242
518 248
514 254
513 259
514 264
515 269
514 272
513 282
514 284
514 289
514 293
514 297
514 304
513 310
514 311
515 319
513 327
513 330
514 333
513 343
514 347
513 352
514 354
515 363
515 366
514 376
515 376
513 381
514 388
514 392
513 400
513 406
513 411
513 419
514 425
514 432
513 439
513 443
513 451
514 454
513 473
514 477
513 480
512 484
513 483
514 492
512 499
513 502
514 512
515 516
514 524
514 532
514 536
512 543
514 547
514 553
514 558
514 562
512 568
514 571
513 577
513 579
514 587
514 592
514 598
513 606
513 610
514 616
513 622
513 629
513 635
514 640
512 645
513 654
513 658
514 660
514 670
514 672
513 680
514 685
514 690
513 698
515 700
514 703
513 709
512 713
513 717
514 723
513 729
513 734
514 738
513 744
515 748
512 752
514 757
514 763
514 766
516 774
324 781
275 785
208 788
182 793
200 797
136 799
69 802
65 807
73 812
100 816
106 820
117 824
83 828
125 832
162 835
105 838
122 845
138 845
177 849
155 853
98 855
185 859
178 862
108 866
176 869
168 872
132 877
175 878
175 881
229 885
232 889
239 889
266 899
263 893
260 889
310 896
308 898
314 899
307 900
311 900
342 902
290 904
321 905
242 907
346 909
333 909
344 911
353 912
306 914
365 914
313 916
335 913
348 917
326 920
362 918
374 920
345 923
402 922
395 923
393 924
401 924
388 931
459 922
415 922
451 925
389 923
447 924
435 924
427 919
425 924
459 923
445 924
459 922
490 922
496 921
502 919
511 916
512 914
513 913
509 909
513 908
513 906
513 904
513 903
513 900
513 900
512 894
513 896
514 896
513 890
514 888
513 886
513 884
513 880
514 873
515 876
514 864
513 870
513 870
514 864
514 864
515 857
513 853
513 850
513 846
513 841
513 838
513 833
514 829
513 824
513 818
512 813
513 808
513 787
513 784
513 782
512 779
513 775
513 767
513 758
513 757
513 753
513 750
514 743
511 736
514 734
512 730
514 721
512 709
513 713
513 705
513 699
512 696
514 689
513 681
513 679
513 674
513 668
513 663
513 659
513 654
513 647
513 643
513 634
514 630
512 623
515 614
513 610
513 602
513 597
513 588
513 585
513 579
513 576
513 569
514 566
513 565
514 557
521 555
514 549
509 539
514 536
509 532
513 526
514 517
512 511
513 505
513 497
514 489
512 486
513 466
513 464
513 459
513 457
514 452
513 447
513 443
513 436
515 430
513 425
513 419
513 413
515 406
513 401
514 394
512 387
514 382
514 374
513 372
513 364
514 360
513 355
513 355
514 344
512 340
513 338
515 331
513 326
512 322
514 313
514 312
513 307
513 302
513 297
514 292
513 286
513 283
513 279
513 273
513 268
514 264
515 260
518 255
527 254
627 252
928 250
896 245
840 238
834 236
1003 233
983 229
961 224
934 220
972 216
941 214
908 208
923 204
892 192
887 189
886 187
915 180
852 181
852 178
882 174
885 170
899 167
886 164
832 160
851 157
867 154
849 152
783 149
771 147
788 146
744 144
712 143
737 141
711 139
763 134
697 138
722 135
714 136
671 132
748 135
691 131
665 129
651 128
731 127
695 125
691 124
722 123
659 121
667 121
693 120
706 119
662 118
659 116
664 117
643 116
679 115
638 114
610 113
636 113
614 113
618 113
603 113
601 113
592 113
603 114
599 113
600 112
584 114
571 113
585 113
522 112
520 119
515 120
515 122
513 125
515 126
513 129
514 131
515 132
513 132
513 135
513 136
514 139
513 140
513 142
513 145
513 147
513 150
513 152
514 156
513 158
512 161
513 165
514 167
514 168
514 171
513 175
514 178
513 181
513 186
514 190
514 193
514 196
512 201
513 206
515 212
513 217
514 223
514 228
513 231
515 236
514 244
515 246
514 252
513 255
513 261
514 267
513 272
514 276
515 279
514 287
513 293
513 297
513 301
515 307
513 312
514 317
513 338
513 341
514 345
514 349
514 357
513 361
514 363
513 372
513 375
513 378
513 387
514 390
514 399
515 403
515 410
513 420
515 424
514 432
513 435
514 444
514 448
513 454
513 460
514 461
514 470
513 472
514 476
513 481
514 485
514 491
514 495
514 502
513 509
513 514
514 521
514 528
513 534
513 542
513 546
514 551
513 556
514 562
514 567
514 570
514 576
514 581
513 590
515 591
514 596
512 601
512 608
513 615
514 621
514 626
513 632
514 639
513 645
513 667
513 671
514 674
514 677
513 684
513 691
513 694
514 699
513 703
513 708
513 710
513 717
513 721
514 728
513 732
514 737
513 742
513 746
514 752
514 755
513 762
514 767
514 771
511 775
511 779
440 780
305 780
237 788
190 789
218 797
95 799
51 803
68 807
88 810
116 815
111 819
66 824
133 827
112 831
99 834
129 838
134 838
155 845
136 850
153 851
173 857
181 860
126 862
106 865
205 868
138 872
156 874
205 878
132 881
198 884
221 886
225 888
260 898
289 897
228 898
282 899
280 897
336 901
289 900
324 904
318 907
363 905
369 908
285 909
345 906
338 911
279 912
322 914
336 915
377 915
341 916
340 917
349 918
365 920
341 920
352 920
362 922
380 922
353 923
408 923
429 924
393 924
411 924
425 926
426 923
424 921
442 924
412 921
440 924
438 924
463 924
453 923
453 918
462 921
491 921
504 919
510 917
512 916
513 912
513 910
513 907
513 908
512 904
513 905
514 901
513 899
513 898
513 896
513 893
513 883
513 881
514 879
516 884
511 870
508 874
514 873
511 866
513 865
512 862
513 859
513 855
514 851
514 848
514 843
513 834
514 833
513 828
513 823
513 820
513 814
513 809
512 804
513 799
514 794
513 788
513 783
513 780
513 775
514 769
513 765
513 758
513 755
515 748
514 744
513 739
513 733
505 732
513 722
509 716
513 712
506 705
513 702
513 696
513 687
513 683
513 681
513 673
513 668
512 667
514 660
512 655
512 650
515 642
513 640
513 628
513 625
514 600
513 596
513 592
513 588
513 581
514 577
513 573
513 567
513 564
513 560
514 555
507 550
514 544
515 540
514 523
514 527
513 513
513 513
513 507
514 500
513 495
513 489
513 484
514 477
513 475
513 469
513 464
513 458
513 453
513 449
513 444
514 437
513 432
512 426
512 421
514 414
513 409
513 403
514 396
514 389
516 384
513 378
514 372
514 367
514 362
514 356
513 351
512 347
513 341
514 336
514 332
513 329
513 324
513 319
515 313
513 308
513 303
514 285
514 282
513 278
514 274
511 269
514 265
516 260
518 256
521 254
646 250
904 252
898 245
866 241
881 235
975 232
1001 229
1014 226
966 221
923 216
948 207
947 209
913 201
865 201
841 199
903 194
872 192
870 188
869 185
875 182
942 178
873 177
821 171
884 168
901 165
860 161
818 159
828 156
838 154
786 151
806 149
800 147
712 146
774 143
739 142
707 140
724 139
691 140
731 136
701 135
695 133
736 131
691 130
718 124
720 128
687 127
683 125
689 124
684 121
666 120
712 119
687 118
660 117
668 117
676 116
632 116
646 115
655 115
613 113
636 113
595 113
615 113
635 113
590 112
601 113
593 113
599 114
578 111
604 113
596 114
553 114
575 115
556 115
545 114
513 120
516 120
516 124
513 125
514 127
513 129
514 131
512 132
514 135
515 137
513 137
515 139
514 142
514 144
512 146
514 147
514 151
516 154
513 155
514 159
513 161
515 164
514 167
513 171
513 174
514 177
512 176
514 185
514 182
514 191
514 210
514 212
515 216
514 221
513 226
513 232
513 237
514 242
513 244
513 248
513 254
513 260
513 266
514 269
514 273
514 279
514 288
514 293
513 295
514 298
515 305
514 311
514 316
514 322
513 326
514 331
514 338
513 344
514 350
513 355
514 360
513 364
514 370
515 375
514 379
514 385
514 389
514 396
514 402
515 409
514 417
514 419
513 429
512 433
514 442
515 448
514 451
513 459
513 456
516 468
513 470
513 472
514 479
513 484
512 486
514 494
513 498
514 528
513 532
512 538
514 540
512 544
514 550
513 557
514 559
513 565
514 570
513 575
516 579
514 584
513 590
514 595
513 601
514 603
512 612
513 619
514 624
515 631
513 638
514 643
512 649
514 656
513 660
517 671
513 671
513 677
513 682
513 687
513 694
513 698
514 702
514 707
514 710
513 713
514 721
513 726
513 730
514 737
514 741
515 744
513 750
513 755
515 759
514 764
513 768
514 773
511 777
510 782
250 780
220 786
225 790
201 796
205 799
34 801
49 818
108 821
94 824
101 828
128 830
121 833
143 838
132 840
153 844
148 848
143 848
163 853
148 856
153 860
172 864
148 868
156 871
155 874
163 877
162 881
196 883
213 885
236 888
286 889
223 892
257 895
271 892
320 896
311 898
269 900
319 901
304 902
348 903
294 905
315 905
335 909
316 908
367 906
316 911
352 911
324 913
364 912
293 915
377 915
356 917
327 918
377 920
352 920
363 922
402 922
348 922
392 923
413 923
377 922
404 923
426 925
398 933
428 925
427 924
422 925
439 924
425 924
455 922
455 923
481 921
491 922
500 920
512 918
512 916
513 914
513 910
513 908
513 907
512 911
513 903
513 902
513 901
513 899
513 897
513 895
513 892
514 891
513 887
513 885
514 883
513 879
513 876
509 874
514 866
513 868
507 866
514 862
513 860
513 861
514 851
513 843
515 845
514 838
513 835
513 828
513 826
513 820
514 815
513 813
513 805
513 802
513 798
513 792
514 788
513 780
514 774
513 769
513 766
513 761
512 740
513 738
513 734
515 729
510 725
517 722
512 714
515 707
513 704
514 696
513 690
514 688
513 682
512 675
512 672
513 666
514 662
513 658
514 650
512 646
513 641
514 630
512 629
513 616
513 608
513 608
514 600
512 595
513 585
513 584
513 578
513 574
513 567
514 563
513 562
514 554
512 552
513 547
513 541
510 533
516 538
508 520
517 508
515 507
514 503
513 496
512 489
512 485
514 479
514 477
513 471
514 464
