512 902
513 899
512 899
513 898
513 896
514 897
512 892
513 890
513 888
513 884
514 882
513 879
513 875
513 874
513 871
513 869
513 865
514 862
513 859
513 855
513 851
513 848
513 843
513 840
513 835
514 830
513 826
513 821
514 816
513 813
514 808
513 801
513 796
513 790
513 785
514 779
513 774
513 769
514 763
510 760
514 760
513 750
513 746
513 742
514 736
513 731
513 727
513 722
513 713
514 707
513 706
513 698
514 693
514 689
513 682
514 677
513 674
570 116
534 116
528 118
519 120
515 122
515 125
515 128
514 129
515 131
514 133
514 134
514 135
514 138
515 140
514 142
514 143
514 146
514 149
515 150
513 153
513 157
513 158
516 161
514 164
514 167
513 169
513 172
514 175
513 179
515 182
514 186
513 190
514 195
513 199
514 203
513 208
514 212
514 218
514 224
513 228
514 234
514 239
514 243
514 247
514 253
513 259
514 263
514 268
514 274
514 280
514 283
515 286
513 295
514 300
514 303
512 308
514 314
513 648
513 641
513 639
513 629
514 622
512 617
514 610
513 604
514 596
513 592
514 588
511 583
514 577
513 570
513 568
513 562
513 558
513 553
513 548
513 543
513 537
513 531
514 525
513 518
513 511
512 503
512 498
514 494
512 487
513 485
514 477
513 473
513 469
513 462
513 457
513 452
513 447
513 442
513 435
513 431
513 425
514 418
514 423
514 408
510 402
514 393
513 388
513 383
512 377
510 371
514 366
514 362
513 357
513 350
513 345
513 340
513 334
513 265
514 261
520 256
610 254
711 248
917 251
1015 248
990 241
979 238
1023 238
1023 233
1023 228
1023 225
1023 219
1023 215
1023 211
1023 207
1023 203
997 199
1022 197
1001 193
995 189
993 187
1004 183
1017 179
990 176
973 172
1023 169
1006 166
966 162
990 160
946 156
947 156
935 151
868 149
828 147
830 145
871 144
832 142
773 140
758 131
783 137
799 131
773 134
772 133
790 132
765 132
768 130
768 128
767 128
712 126
721 125
776 124
746 124
812 122
741 117
705 118
692 117
704 117
687 116
702 115
683 116
673 115
657 115
648 114
645 115
643 114
622 113
639 114
631 114
644 114
601 115
622 114
616 114
597 115
580 115
563 117
533 119
519 118
516 121
515 124
513 128
515 130
515 131
514 131
514 134
514 135
514 137
514 137
514 140
513 142
514 144
514 146
513 150
514 152
514 154
514 158
513 161
513 163
514 166
513 167
513 172
513 174
513 177
514 181
512 187
514 188
513 192
513 196
513 201
514 206
514 210
783 133
749 132
790 131
742 131
751 129
777 128
743 127
742 126
789 126
739 124
740 122
733 122
718 120
759 120
747 118
715 117
681 116
698 116
711 116
677 116
660 115
666 114
635 113
643 114
658 113
630 114
626 113
643 114
622 114
604 112
616 115
619 115
607 112
570 116
575 116
546 117
525 119
515 119
515 124
514 126
515 128
515 130
514 132
514 133
514 135
514 137
514 138
513 138
514 142
514 144
514 147
514 149
514 152
514 153
514 157
513 160
514 164
514 205
514 208
514 213
514 216
514 224
514 231
514 235
514 239
514 245
514 250
513 254
514 260
514 264
514 269
514 274
514 279
514 282
514 289
514 297
514 299
514 302
513 309
514 316
514 321
513 325
514 329
512 336
513 342
514 348
514 353
514 358
513 362
514 368
513 372
514 377
514 383
514 387
513 393
514 400
514 406
513 414
513 419
513 426
514 433
514 438
514 447
514 451
514 454
513 462
513 465
514 468
514 475
514 477
514 485
514 486
513 494
513 519
513 524
514 529
512 530
514 538
513 542
513 551
513 554
512 558
514 565
513 569
514 576
512 578
514 584
513 588
513 595
514 599
513 606
514 612
514 618
513 625
514 630
515 637
514 642
514 648
513 654
514 661
514 666
513 671
514 676
514 683
513 687
513 691
513 697
513 701
514 705
513 710
514 714
513 719
514 724
514 729
514 734
514 739
514 743
513 748
513 753
513 757
514 762
515 767
514 772
512 777
508 781
400 781
183 784
75 787
49 792
87 796
64 798
0 814
0 815
0 819
0 823
0 826
0 830
13 834
23 839
0 841
24 845
62 848
0 851
33 855
44 858
21 861
28 865
36 868
37 871
62 874
24 878
89 883
70 884
63 887
174 888
159 892
201 893
192 894
228 896
232 897
207 899
231 900
282 902
266 903
299 904
266 905
223 906
314 907
215 908
287 909
309 911
306 912
272 914
266 913
287 915
276 916
323 917
292 918
314 920
298 919
317 922
352 923
311 923
333 922
387 926
359 923
365 922
391 923
377 923
387 923
387 922
397 925
422 922
404 921
439 924
456 922
449 920
490 920
505 917
512 915
512 913
511 910
513 908
513 906
513 905
513 903
513 901
513 901
513 899
513 897
512 895
513 893
509 886
513 889
514 885
513 883
514 880
512 876
513 874
514 871
513 869
513 866
513 863
513 859
511 856
513 853
514 849
513 844
512 841
513 836
515 830
513 828
513 823
513 817
513 813
513 807
514 801
513 795
513 791
513 788
513 782
513 775
513 770
513 766
513 763
513 755
514 750
513 742
514 607
513 601
513 595
513 589
512 585
514 574
515 577
513 570
512 567
513 560
513 558
514 551
512 548
513 543
516 533
512 531
512 522
513 518
512 510
514 504
514 497
513 491
513 488
513 481
514 476
513 471
513 466
513 461
513 456
513 451
514 446
513 441
514 433
512 429
511 423
513 417
508 418
519 403
513 400
510 391
512 388
513 381
513 375
512 370
513 364
516 359
514 353
513 349
513 344
516 338
512 334
513 330
513 325
513 321
513 317
512 311
513 306
512 288
513 285
514 282
512 277
513 273
512 269
513 263
517 260
527 256
674 253
772 253
961 249
1023 243
996 240
943 236
1023 236
1023 231
1023 226
1023 222
1023 216
1023 216
1023 209
1023 206
1023 202
1023 199
1000 195
1023 190
980 188
974 185
1004 182
979 178
1002 176
996 172
987 168
1001 165
944 162
992 158
958 156
934 154
904 151
859 148
849 146
817 144
852 143
855 142
817 140
749 140
785 133
796 137
747 132
791 133
752 132
788 131
760 130
755 128
759 124
728 124
729 124
745 123
714 121
719 120
744 119
747 118
704 117
704 117
699 116
691 115
674 115
690 115
660 115
643 114
644 116
663 114
629 115
649 114
604 114
622 114
602 117
626 115
590 112
607 115
562 115
561 116
535 118
519 120
516 123
515 127
515 128
514 129
514 132
514 133
514 135
513 136
514 138
514 139
514 141
514 143
514 146
514 149
513 150
515 153
515 156
515 159
514 162
514 164
513 167
514 169
515 173
514 176
514 179
514 182
514 186
513 202
514 204
514 208
514 212
514 218
514 223
513 228
514 233
514 238
514 244
513 248
512 254
511 257
514 262
514 266
514 271
515 278
514 282
514 286
514 291
513 298
514 304
513 308
514 312
513 317
514 325
513 329
514 333
514 340
514 346
514 350
514 356
513 362
515 365
514 370
515 376
513 379
513 386
513 391
514 397
514 405
514 409
514 418
513 424
514 428
513 438
514 441
514 450
514 453
513 459
514 463
513 467
513 473
514 476
514 481
514 486
513 491
514 514
515 519
514 523
514 526
514 534
514 542
514 547
515 552
514 559
515 563
514 567
514 573
513 578
513 583
514 589
513 594
513 598
513 605
513 611
513 616
514 624
513 628
514 634
513 640
514 648
512 653
514 657
514 664
514 670
513 675
513 679
513 683
514 690
513 696
513 699
515 705
514 708
513 712
514 719
513 723
513 725
513 732
515 737
513 742
514 746
513 751
513 755
513 760
514 764
514 769
513 775
510 778
460 782
296 782
106 785
61 789
60 794
0 808
0 812
0 814
0 817
0 823
0 825
0 829
0 833
0 835
32 839
20 844
18 847
17 850
3 852
55 857
12 860
0 863
13 868
59 870
60 875
56 877
0 880
78 882
140 886
95 888
123 889
158 891
208 892
252 895
210 896
227 898
186 899
262 901
223 901
233 903
266 905
272 905
325 908
244 908
302 910
291 911
276 911
303 913
293 914
276 915
268 916
273 917
304 918
335 919
296 919
313 919
322 921
365 921
330 922
340 924
383 923
359 923
386 923
385 922
402 924
392 924
414 923
423 923
422 923
438 922
427 922
459 923
477 919
499 922
506 920
513 915
511 912
512 908
512 907
514 905
512 904
513 903
513 901
513 898
513 898
512 896
513 893
513 891
513 888
513 886
513 883
513 881
512 878
514 875
512 872
513 870
513 867
513 863
513 860
512 858
513 854
513 850
512 846
513 843
512 836
513 833
513 828
513 823
513 819
514 812
514 808
513 804
513 800
515 793
512 789
515 783
513 779
513 773
513 767
513 761
513 759
514 754
516 740
513 731
513 727
515 724
513 720
513 713
514 706
512 703
513 698
513 690
512 685
512 680
513 675
513 669
513 665
513 661
513 655
513 650
513 644
513 637
513 630
514 624
513 616
513 610
513 608
513 596
512 593
513 587
514 583
510 576
506 573
512 567
514 563
513 558
513 553
514 548
513 543
513 539
513 530
513 527
513 519
513 513
512 505
511 499
513 495
513 487
513 483
514 477
513 473
513 468
513 462
512 459
513 453
513 448
514 442
513 436
513 432
513 425
512 399
516 400
515 393
515 390
513 385
513 376
513 371
510 366
513 361
513 356
513 350
513 345
515 340
513 336
513 332
512 328
513 323
513 318
513 314
513 309
513 303
513 298
512 294
513 291
513 284
513 279
513 275
515 270
513 266
515 260
520 256
620 251
688 252
878 251
990 246
983 239
971 239
1023 236
1023 234
1023 229
1023 224
1023 220
1023 215
1023 211
1023 209
1023 204
1016 200
1017 197
984 193
1022 190
1023 186
959 183
1008 179
1011 177
1006 173
992 160
984 158
944 158
923 152
891 152
903 149
877 147
875 146
790 144
740 142
862 140
817 139
833 137
764 135
707 134
806 134
743 132
780 131
782 130
767 129
729 127
740 127
755 126
752 125
754 123
710 121
767 121
736 120
716 120
731 118
718 117
712 117
674 116
707 115
676 115
631 114
696 114
674 114
643 116
656 114
623 114
632 114
614 114
643 114
623 115
619 115
567 115
615 114
614 115
559 115
533 117
521 119
518 121
516 124
514 126
515 129
516 129
515 136
514 137
516 139
514 141
514 140
514 144
514 147
514 150
514 152
514 155
513 156
514 160
513 160
513 165
513 168
514 170
514 174
514 177
514 181
513 185
514 188
514 191
513 196
515 199
514 204
513 212
514 216
514 220
514 225
514 232
514 238
514 243
513 245
514 249
514 254
514 260
514 266
514 271
514 275
514 281
513 285
513 290
514 295
513 301
514 306
514 312
514 316
514 321
514 325
514 334
513 340
514 342
513 350
514 353
514 357
513 366
513 384
513 388
514 391
513 396
514 401
513 408
514 414
514 422
514 428
514 433
513 443
514 445
513 453
513 457
514 460
513 467
514 470
514 476
514 479
513 483
514 490
513 494
514 502
514 506
513 515
513 520
514 526
514 534
515 539
513 545
515 550
513 556
513 560
515 567
514 571
515 574
513 580
514 586
514 592
513 596
514 602
514 607
515 613
513 619
514 625
514 632
513 636
513 644
514 650
513 656
514 661
514 667
513 673
513 678
513 683
514 687
514 693
513 712
513 714
513 718
514 721
514 726
513 731
513 735
517 740
513 745
513 749
514 754
513 759
513 763
514 768
513 770
511 776
508 781
325 780
211 784
80 787
27 792
69 797
0 799
0 801
0 807
0 811
0 815
0 820
0 823
0 828
0 830
0 835
0 838
19 841
47 846
17 849
0 853
65 855
58 859
31 862
0 867
33 869
69 870
23 876
86 879
78 881
75 883
130 886
105 889
164 891
213 893
176 895
223 893
245 898
223 898
232 900
213 901
305 903
245 904
277 904
226 907
261 908
245 912
315 912
309 914
231 914
278 916
274 917
259 918
349 919
296 920
291 920
352 914
324 921
351 922
334 922
352 924
390 923
372 923
371 923
386 924
410 923
400 923
397 923
400 924
416 923
421 923
433 922
423 922
449 922
476 922
498 919
508 917
511 914
512 912
512 910
512 909
512 906
512 905
512 903
513 902
514 900
513 897
514 893
513 895
513 891
513 892
511 886
513 884
513 881
514 878
513 875
514 873
513 871
513 869
512 865
513 862
513 858
514 856
513 840
512 837
513 833
513 830
513 826
513 820
512 816
513 810
512 804
514 800
514 794
513 789
513 784
514 779
513 775
512 771
513 768
513 761
513 753
511 745
514 747
512 739
514 735
513 729
513 726
513 718
513 714
513 708
513 704
513 696
513 694
513 690
513 681
514 677
513 674
513 666
513 663
513 657
513 652
512 647
512 640
513 635
513 628
513 620
514 616
513 607
513 600
513 595
513 588
516 584
513 577
513 577
512 567
513 565
512 560
513 555
513 552
513 528
514 524
514 519
514 515
513 509
513 500
513 496
513 491
512 483
512 479
514 474
513 468
516 466
513 459
513 455
513 450
513 444
513 440
513 432
513 428
513 422
513 415
513 410
513 403
512 401
514 386
513 391
516 380
514 374
513 368
513 364
514 357
513 351
514 347
513 342
513 339
513 334
513 329
513 326
514 321
514 315
513 310
513 305
513 300
513 294
513 290
513 286
513 281
512 276
513 271
515 267
515 263
516 260
526 255
651 253
756 252
983 242
1023 243
1023 231
1023 229
1023 225
1023 221
1023 217
1023 212
1023 209
1023 205
1021 201
1005 198
1023 195
1007 191
1005 188
1023 184
982 181
997 178
1023 174
995 171
966 167
1021 165
950 161
977 158
939 154
946 153
964 150
833 147
826 146
818 144
813 143
832 141
760 140
805 143
794 140
800 133
790 135
752 133
806 131
772 130
753 129
731 128
752 127
733 126
775 125
774 124
732 122
752 122
701 121
746 118
744 119
736 118
709 117
673 116
678 115
729 115
666 113
635 114
633 112
646 114
620 113
623 114
609 111
637 114
622 115
610 111
601 113
594 115
553 116
557 117
529 119
516 120
515 123
515 126
514 129
514 130
514 131
514 132
514 135
514 136
514 138
514 140
512 142
514 143
514 145
513 148
515 152
514 151
514 156
513 159
514 162
514 164
514 167
515 171
514 173
514 176
515 179
514 182
514 186
514 190
514 195
513 199
514 204
514 208
515 214
513 220
514 227
513 230
513 234
513 239
514 243
513 249
514 271
514 273
514 273
514 278
514 281
514 288
513 297
513 298
514 303
514 307
513 316
513 320
514 324
513 331
513 337
513 341
513 347
514 350
513 356
514 361
514 366
514 373
514 377
513 381
513 389
514 392
514 401
513 405
514 412
513 419
514 425
513 434
514 436
513 446
513 450
514 454
512 461
514 462
513 470
514 473
513 479
513 483
513 486
514 494
513 499
514 504
514 510
513 517
513 524
513 530
514 537
513 540
514 549
513 554
513 556
512 563
513 569
514 590
514 593
513 598
514 600
514 605
514 611
514 617
514 623
514 629
513 635
514 641
515 648
515 655
514 658
514 665
514 670
514 676
514 681
514 686
515 691
514 696
514 701
514 704
515 709
514 714
513 719
511 723
514 728
514 734
513 739
505 743
514 748
513 753
514 757
514 762
513 766
514 770
512 775
509 779
441 781
212 782
105 785
91 790
12 797
0 796
0 802
0 803
0 810
0 814
0 818
0 823
0 827
0 830
0 833
3 837
0 841
3 840
10 847
25 850
51 854
28 859
36 874
32 874
80 875
27 878
101 881
119 884
92 886
109 888
126 890
238 893
231 894
174 896
216 897
202 899
273 900
256 900
226 903
286 904
250 905
250 905
288 907
269 909
295 909
289 911
274 912
294 914
256 915
286 915
257 915
319 916
309 919
278 919
332 921
304 921
299 915
353 921
353 922
327 922
376 918
359 923
392 923
392 923
387 923
387 924
382 923
422 922
406 923
439 924
392 922
451 923
464 922
465 922
481 921
509 918
512 916
512 913
511 910
513 903
512 901
513 900
512 899
513 899
513 897
513 895
512 893
512 890
513 890
512 887
513 882
513 879
513 876
513 875
513 872
513 869
514 865
513 863
513 861
514 857
513 852
514 848
513 845
513 840
512 837
513 833
513 827
513 822
513 819
513 814
513 808
513 802
513 796
513 791
513 786
513 782
513 777
513 770
512 766
513 762
513 757
513 752
513 747
516 741
513 736
513 732
513 729
513 722
513 715
513 710
513 706
509 697
513 695
513 688
512 682
513 678
513 658
513 656
514 654
513 647
513 642
513 637
513 626
514 624
513 615
514 608
513 604
514 596
513 591
513 586
513 580
513 580
512 571
517 568
513 561
514 557
513 554
513 548
513 541
514 536
513 531
513 522
513 517
513 511
513 503
513 498
513 490
513 487
513 481
513 476
513 471
513 466
512 461
513 457
513 451
513 446
513 441
513 436
514 428
513 423
513 418
514 410
514 404
514 387
512 393
510 386
513 382
512 376
513 369
513 364
512 359
510 354
513 349
513 331
513 329
513 325
513 322
513 317
513 311
513 306
513 302
511 297
513 292
514 287
513 283
513 278
514 273
514 269
513 263
517 261
521 256
627 254
725 251
962 252
995 246
1006 240
1023 235
1023 225
1023 231
1023 227
1023 222
1023 219
1023 213
1023 209
1019 206
1023 202
1011 199
986 195
1005 192
1023 188
993 185
1022 182
963 178
1013 175
1023 173
997 169
975 165
960 161
963 159
982 155
920 153
905 151
899 149
845 146
814 144
842 142
779 141
822 140
784 138
780 133
757 133
798 132
723 131
736 129
760 128
738 127
738 126
811 125
747 123
772 122
749 122
721 120
704 122
738 118
755 117
678 117
704 115
731 116
656 115
675 114
681 114
650 112
646 114
638 113
639 114
653 112
643 113
632 114
611 113
616 114
622 114
609 118
595 113
579 115
546 117
537 116
518 119
513 121
515 122
514 127
515 129
515 131
514 133
514 134
514 136
514 138
514 138
514 140
514 143
514 146
514 148
514 150
514 153
514 154
514 158
514 168
514 169
514 173
515 176
514 178
514 181
515 185
514 190
514 193
514 198
514 202
514 206
514 212
513 218
514 224
513 230
513 232
514 238
516 241
513 246
514 250
514 256
513 262
514 267
514 270
514 276
513 284
513 290
514 293
514 296
514 303
513 309
513 314
514 315
514 322
513 330
513 333
514 339
513 347
514 349
514 356
514 361
513 364
513 372
514 377
514 379
513 385
514 392
514 397
514 404
513 412
512 416
513 424
513 430
513 438
513 444
514 447
513 468
514 471
513 473
513 476
514 481
513 486
513 491
513 498
514 504
513 510
514 517
513 522
513 530
514 535
514 544
514 547
514 553
513 558
514 561
512 570
514 574
512 579
513 582
515 587
514 593
512 601
512 605
511 611
513 616
512 623
513 628
515 635
513 641
514 647
512 651
514 657
513 664
514 669
514 674
512 679
513 685
514 690
513 695
513 700
514 704
514 708
514 712
513 718
514 724
513 728
515 732
514 736
514 742
513 746
513 751
514 756
514 761
511 777
507 781
465 782
300 781
158 785
90 788
61 793
68 800
0 801
0 804
0 808
0 813
0 816
0 821
0 826
0 829
17 833
12 836
14 839
40 841
0 846
11 849
42 854
30 856
41 862
51 864
0 867
34 871
38 873
73 877
60 881
35 883
123 886
122 889
157 889
189 892
173 894
215 895
256 897
191 898
259 899
226 901
247 902
228 904
311 904
252 906
299 907
312 908
254 909
291 912
225 911
288 913
260 914
287 915
318 917
254 917
285 918
290 919
315 920
337 921
297 921
370 923
363 923
357 923
365 923
386 924
406 923
378 924
397 923
379 924
436 923
396 924
417 924
429 923
446 922
456 922
468 919
506 920
507 916
512 914
512 912
513 908
512 906
513 904
513 904
513 902
513 901
513 899
513 897
514 895
513 894
513 893
513 889
513 885
517 879
513 881
511 878
513 875
513 874
513 871
512 868
512 864
513 862
513 859
513 855
513 850
513 846
513 842
513 838
513 834
513 830
511 825
510 818
514 813
513 809
512 804
514 799
513 779
513 773
514 769
513 769
513 765
513 758
513 753
513 749
511 747
509 743
512 734
513 730
513 721
513 718
513 714
513 707
514 699
513 697
513 690
513 683
512 681
513 674
513 669
513 665
512 661
513 654
515 650
513 645
513 638
513 632
513 623
513 620
513 608
513 603
514 599
513 590
513 587
513 583
513 577
515 572
516 564
512 565
513 559
512 554
513 551
513 543
513 538
513 533
513 525
513 520
513 512
513 506
513 501
513 494
513 489
513 483
513 478
513 459
513 454
513 450
513 446
513 443
513 437
512 432
513 425
512 417
513 414
514 408
513 401
513 394
512 384
508 381
512 373
513 372
513 367
513 361
513 356
513 350
513 347
514 340
511 335
513 332
513 328
514 323
514 318
513 313
513 307
513 302
513 298
513 294
513 288
514 283
513 278
512 274
513 268
512 265
518 260
520 256
594 254
669 252
908 253
977 249
969 240
1023 237
1023 237
1023 234
1023 228
1023 223
1023 219
1023 215
1023 210
1023 207
1006 203
1020 189
1017 187
975 184
983 182
983 179
1006 177
992 174
1017 169
1011 166
965 163
982 159
965 157
928 154
922 153
891 149
869 147
823 146
776 144
826 142
813 141
815 139
774 146
771 133
805 135
764 132
757 128
731 132
761 130
783 128
743 126
724 128
761 126
737 124
737 123
758 124
741 122
748 119
734 119
732 117
690 118
709 117
730 116
675 113
672 115
693 115
637 114
666 114
640 114
639 114
643 113
627 114
605 114
619 114
638 114
612 114
600 115
599 117
527 119
514 120
515 121
517 124
515 127
515 129
515 132
514 133
514 136
514 135
514 136
514 138
514 140
515 142
515 144
514 147
514 150
514 152
514 154
514 158
514 160
515 163
513 165
515 168
513 171
514 174
514 177
514 181
513 184
514 188
514 192
514 196
511 200
514 205
514 211
514 215
513 220
514 225
514 230
514 236
514 241
514 245
512 251
514 255
512 260
514 265
513 271
514 274
514 281
514 288
514 292
514 295
514 300
514 306
513 312
514 316
514 339
513 342
514 346
514 351
514 356
513 358
514 363
513 371
514 373
513 379
513 384
514 388
513 397
514 401
514 409
514 415
514 419
514 429
514 433
514 441
513 447
512 452
514 458
514 461
514 467
513 470
513 475
514 480
514 484
514 489
513 496
513 500
514 507
514 513
514 520
514 526
513 532
514 539
514 546
513 551
514 555
513 562
513 567
514 571
513 576
512 580
513 587
514 591
514 597
513 602
514 608
513 614
513 620
514 624
514 633
514 637
514 643
514 668
513 672
513 675
514 678
514 683
514 688
513 692
513 698
514 702
510 706
514 711
514 715
514 720
514 725
514 730
513 735
514 739
514 745
514 749
513 754
513 759
515 765
513 769
512 773
511 777
508 781
363 781
187 784
128 788
74 791
84 797
3 799
0 803
0 808
0 812
0 816
0 819
0 824
0 827
0 832
0 834
11 839
0 842
55 845
3 850
10 853
43 855
26 859
47 862
45 866
0 870
48 872
67 876
75 879
90 882
40 885
121 887
190 890
163 891
178 894
166 894
219 897
264 900
262 903
274 904
247 901
234 905
268 907
290 910
285 909
281 910
296 912
276 913
270 914
288 915
274 916
284 918
251 918
318 919
341 919
284 920
343 921
347 921
348 919
364 923
332 923
380 924
398 923
350 923
402 924
372 923
434 925
390 923
396 923
417 922
436 925
420 925
443 923
435 922
469 923
496 920
507 918
511 914
511 912
512 910
512 909
512 906
513 903
513 904
512 901
513 899
513 898
513 896
513 895
514 893
513 890
512 887
513 883
513 873
513 872
515 869
513 868
514 865
514 861
513 859
512 855
513 852
511 847
513 844
511 840
513 836
513 831
513 826
513 821
515 816
513 813
513 806
513 801
514 794
514 789
513 784
512 781
513 774
513 768
513 766
512 761
513 756
513 750
513 745
515 744
515 735
513 731
513 726
513 720
513 713
512 707
513 704
513 699
515 692
513 688
513 681
513 676
512 673
514 667
512 662
513 660
512 649
514 648
514 640
513 633
513 628
513 618
513 615
513 608
513 601
513 579
513 576
513 574
513 542
518 566
514 567
512 557
513 550
513 547
513 540
513 535
513 529
513 521
513 515
514 508
513 504
512 496
512 490
513 485
514 479
513 474
513 469
513 466
513 459
513 455
513 450
513 445
513 440
514 433
513 427
513 422
514 416
513 409
513 404
513 398
509 390
514 383
517 377
514 375
513 369
512 363
513 358
513 353
511 347
513 342
513 338
514 333
513 329
513 325
513 320
513 314
513 309
513 305
513 301
513 295
513 290
513 284
513 265
515 262
514 260
516 258
521 254
665 252
766 251
985 250
993 246
1023 241
991 227
1023 234
1023 225
1023 225
1023 220
1023 216
1023 212
1023 208
1013 205
1023 200
961 197
958 194
1023 190
1008 187
1002 183
978 178
1004 178
1023 174
979 170
1011 167
1001 163
958 161
971 158
939 155
910 152
900 150
885 148
876 146
800 144
790 142
787 141
792 139
762 138
788 141
811 137
812 136
752 135
736 132
746 130
731 129
767 128
765 127
786 126
756 124
733 124
758 122
710 119
700 117
704 118
689 117
691 116
695 115
683 116
692 115
645 114
654 114
655 114
628 114
659 114
632 114
616 114
615 114
620 114
607 114
606 115
603 114
571 116
558 116
547 117
526 118
514 121
515 123
514 127
514 128
514 130
515 132
514 134
515 135
514 137
513 138
514 141
514 142
514 144
514 146
513 149
514 152
513 154
513 156
513 160
514 162
514 165
514 167
514 171
513 173
513 177
514 180
513 182
515 187
513 191
513 195
512 200
515 204
514 225
514 229
514 234
514 235
513 238
514 243
513 249
513 253
514 258
514 263
514 268
513 274
513 280
514 284
514 288
513 296
513 300
513 303
514 306
513 314
513 321
514 326
514 329
514 335
513 342
514 349
513 352
513 357
514 361
514 368
515 373
514 377
514 380
514 387
513 392
514 399
514 406
513 411
513 421
514 423
513 434
514 439
514 443
513 453
515 452
513 461
513 467
514 469
514 473
514 476
513 483
514 486
513 493
514 497
514 505
514 511
514 516
514 542
514 546
514 550
513 555
517 558
514 563
513 569
513 575
