515 711
513 709
512 705
513 702
513 697
513 690
514 685
512 681
512 676
515 670
514 665
511 664
514 655
512 651
513 645
515 637
513 633
513 624
513 618
513 612
514 605
513 599
513 593
516 586
513 584
514 577
514 574
515 569
513 564
514 559
513 555
512 551
513 544
513 539
513 534
514 526
513 520
515 513
514 508
513 499
512 496
515 489
514 487
516 477
507 476
513 470
513 464
513 460
513 455
513 449
513 444
514 439
512 432
513 427
514 420
513 415
514 409
512 271
515 272
513 279
513 286
513 292
513 298
513 300
514 303
513 308
513 316
512 322
513 325
514 336
513 338
512 341
513 348
513 356
513 358
515 366
513 371
514 372
513 379
513 384
513 386
516 396
514 400
514 410
513 417
514 419
513 428
514 434
514 440
512 448
514 450
513 456
513 460
514 465
512 470
514 473
513 479
513 483
513 489
513 494
512 500
512 499
515 513
512 519
514 524
513 533
514 537
515 543
513 549
513 554
512 560
513 564
515 568
513 574
514 325
514 322
513 320
513 315
514 309
516 306
512 300
512 294
512 301
518 285
513 290
513 276
514 271
515 267
513 262
514 258
534 255
638 252
760 249
776 246
776 241
832 237
950 236
997 231
972 228
940 223
941 219
954 215
931 211
926 207
890 203
910 200
868 196
861 194
892 190
889 187
849 184
864 180
876 177
895 170
900 172
851 162
874 163
850 160
846 157
859 153
772 151
804 149
773 147
797 146
758 144
688 142
735 141
693 139
765 137
707 136
736 136
639 118
664 117
642 116
645 114
676 115
620 116
628 114
617 114
625 114
622 113
603 114
602 114
612 114
612 113
590 113
580 114
596 114
592 114
578 114
564 115
572 115
535 116
531 117
518 119
515 122
515 124
513 127
514 130
513 131
514 133
515 134
514 136
514 134
514 139
513 141
514 143
516 146
514 147
513 150
513 153
514 156
514 159
514 161
514 164
514 167
513 169
513 173
514 176
514 179
513 183
514 187
514 191
513 195
514 200
514 204
514 209
514 212
514 233
513 236
514 239
514 242
514 247
512 253
514 258
513 264
514 268
513 273
514 277
514 282
514 288
514 296
514 299
514 304
513 306
515 314
515 320
514 326
514 334
514 336
514 340
513 347
514 353
513 358
514 362
513 367
513 373
513 376
514 381
512 388
514 392
513 400
513 406
513 411
513 420
514 425
513 443
514 438
514 444
513 451
514 454
514 457
513 464
513 466
513 473
513 476
513 482
514 486
514 492
513 498
513 502
513 511
511 516
513 523
515 548
514 550
514 555
513 558
512 563
513 567
513 572
513 577
514 580
514 588
514 594
514 599
514 604
513 611
512 617
512 622
513 628
513 634
514 641
515 646
512 653
511 659
513 661
512 669
512 674
513 681
513 702
514 691
513 696
513 701
513 704
513 710
513 714
514 719
513 724
513 729
513 734
514 738
513 743
514 748
513 752
512 757
514 763
513 766
513 772
514 776
511 781
416 783
309 786
249 789
260 794
221 798
33 800
45 803
81 809
73 814
103 816
126 824
149 835
134 837
141 840
141 842
131 846
145 849
155 852
133 856
162 859
139 862
179 866
167 869
108 872
182 877
180 879
149 882
211 883
214 886
268 887
260 891
261 892
278 894
302 895
300 898
302 898
282 900
334 901
334 904
291 905
319 905
315 906
361 909
316 913
341 910
333 909
328 912
374 912
331 917
344 916
327 913
342 918
298 920
363 918
424 920
330 922
342 922
415 924
383 923
377 922
412 924
406 923
415 923
423 924
429 923
407 924
433 924
433 924
442 922
442 923
471 922
480 922
483 921
511 918
503 922
513 918
513 911
513 908
513 907
513 905
513 903
512 902
513 901
513 899
513 895
513 895
513 893
514 891
513 884
513 885
513 883
512 880
513 877
513 875
513 872
513 869
513 867
513 864
513 859
512 856
514 853
514 848
513 845
514 841
513 837
518 829
514 829
512 821
513 818
513 814
513 808
513 804
513 796
514 791
513 787
513 782
513 777
513 771
513 765
513 760
513 756
513 752
513 749
513 742
514 737
513 716
513 713
513 710
513 705
514 699
513 695
513 689
514 683
512 680
513 674
515 670
525 663
510 662
518 662
513 647
513 641
513 636
514 627
512 623
513 616
514 608
512 604
513 597
513 589
514 585
514 580
513 577
513 570
512 567
513 562
514 558
513 556
515 547
513 543
513 536
513 532
513 524
513 517
513 512
514 504
513 500
514 494
513 488
511 486
514 477
513 474
517 469
512 464
514 459
514 453
513 447
513 443
514 436
514 430
513 424
513 419
513 393
513 389
513 386
513 381
512 380
513 375
513 365
514 360
512 354
512 349
514 344
512 339
513 334
514 330
514 326
513 321
512 316
513 311
513 306
510 302
516 293
513 292
515 286
511 281
516 291
513 273
513 268
513 263
514 259
520 255
639 252
752 250
763 246
763 243
827 238
847 236
987 232
1022 228
963 224
917 220
937 216
918 212
941 208
906 204
865 200
881 197
874 194
844 190
895 187
866 184
870 181
889 177
870 173
891 171
866 167
875 164
869 161
853 119
664 119
658 117
669 118
658 116
692 116
636 115
618 114
661 115
611 113
606 114
630 113
609 114
594 112
609 113
609 113
600 112
575 114
597 114
610 113
569 114
566 114
567 118
548 116
525 116
519 119
515 124
515 125
514 125
514 129
514 127
514 132
514 134
514 135
514 137
514 138
514 140
514 143
514 145
515 147
513 149
514 152
513 154
513 158
514 161
513 163
514 165
514 168
514 172
514 175
514 179
514 182
513 184
513 189
514 192
514 197
514 203
515 223
512 227
511 231
514 234
514 238
514 241
513 247
513 250
513 257
514 262
514 267
514 271
514 273
514 281
514 289
514 294
513 297
515 303
514 309
514 312
514 317
513 324
514 330
513 335
515 340
514 345
514 350
512 356
513 363
513 366
513 373
514 375
513 380
512 387
514 391
513 397
513 404
513 411
514 416
513 425
514 429
513 440
513 444
514 447
513 455
515 457
514 463
514 467
514 470
513 477
513 479
513 485
513 491
513 496
514 504
514 508
513 515
515 539
514 544
512 547
513 551
514 557
514 562
514 566
513 572
513 576
513 580
512 585
513 592
516 596
514 602
513 609
514 615
514 621
515 627
513 635
514 639
513 642
512 651
513 657
513 662
513 676
514 674
513 679
513 684
513 691
512 694
513 699
514 703
513 707
513 713
513 718
514 721
513 727
513 733
513 738
514 742
514 747
513 752
513 757
513 761
513 766
514 773
513 775
514 779
449 783
339 787
268 788
262 794
228 795
129 799
50 803
17 807
54 812
102 828
99 831
108 833
146 835
122 838
157 842
134 846
120 848
181 852
158 856
129 858
139 862
159 865
164 869
158 872
151 875
148 878
167 881
203 884
254 886
250 888
230 891
280 893
254 896
293 895
307 899
306 899
370 900
301 901
331 903
287 903
319 905
371 906
316 907
305 904
340 911
313 912
311 911
358 913
345 914
319 915
352 916
381 918
301 919
339 919
375 920
391 922
346 918
367 922
416 923
377 922
416 923
395 923
418 923
428 925
402 923
431 925
430 924
441 924
431 923
455 922
460 923
463 920
484 920
509 917
512 917
513 917
510 910
512 909
512 907
513 905
512 903
513 902
513 901
513 899
513 898
513 895
512 893
513 891
513 889
513 886
513 878
512 881
513 880
513 876
513 873
513 870
513 867
513 863
513 861
513 858
513 857
513 850
513 846
512 844
513 837
513 829
510 828
517 824
509 821
513 814
512 809
513 804
513 799
513 794
513 787
513 782
512 778
513 777
512 769
513 765
513 757
513 753
513 750
513 727
513 725
514 721
513 718
513 712
513 706
513 702
513 695
513 687
512 685
513 682
514 675
513 674
513 663
523 669
511 654
512 648
513 644
516 636
512 632
513 623
513 616
513 611
514 604
513 598
514 592
514 586
513 581
513 577
513 572
513 568
514 564
513 559
513 555
513 551
514 544
512 540
513 532
514 526
513 520
514 515
512 511
512 499
513 497
514 490
514 483
512 471
515 471
513 465
512 463
514 459
512 454
512 449
513 444
514 438
513 432
511 427
514 404
513 399
514 395
514 389
514 384
513 380
513 373
514 367
513 362
514 357
513 350
513 345
513 341
513 336
514 332
514 327
513 323
513 318
514 313
513 307
513 302
510 298
515 295
513 287
514 288
512 279
511 275
513 271
514 265
513 260
516 256
619 253
712 251
790 246
777 242
805 239
799 235
958 235
981 230
991 226
968 221
925 217
948 213
955 209
931 205
898 202
854 198
891 194
886 192
836 188
835 185
882 183
875 178
878 175
869 175
879 163
873 161
800 154
821 152
781 150
799 149
747 147
740 145
745 144
721 142
757 141
730 139
721 137
731 136
727 134
717 133
675 131
679 132
678 130
726 128
700 127
710 126
715 125
679 123
671 122
650 122
698 121
690 119
708 121
679 118
620 116
682 116
634 115
635 115
644 114
604 114
624 113
609 114
615 114
585 113
606 115
609 113
617 112
566 113
602 114
595 114
586 116
560 114
576 113
562 116
531 116
516 119
514 121
515 123
514 126
515 129
514 131
514 132
514 133
514 139
513 141
513 142
514 142
514 146
514 149
514 150
514 154
514 159
513 160
513 162
513 164
514 167
512 171
514 173
514 178
514 181
513 185
514 189
514 192
514 196
514 198
514 206
513 210
514 215
514 219
514 223
514 228
514 237
513 244
513 248
514 251
515 256
513 260
514 265
513 271
513 276
513 284
515 287
515 294
514 296
513 305
514 304
514 311
513 317
514 324
514 327
515 332
513 340
514 342
514 348
513 355
514 358
515 365
513 369
514 375
513 378
514 402
513 406
510 411
514 416
514 422
513 430
514 434
514 444
514 447
514 452
514 458
513 461
513 467
514 470
514 475
513 479
514 483
513 490
514 494
514 500
513 506
514 512
513 520
513 526
513 532
513 537
513 546
513 551
512 554
514 559
513 566
515 569
515 575
514 578
513 584
512 591
514 596
513 600
513 607
512 613
515 617
513 625
513 631
514 638
513 644
514 649
514 655
513 659
513 666
513 673
513 677
513 683
514 688
512 693
513 697
512 702
515 706
513 725
512 728
513 731
513 736
514 740
513 745
514 750
513 756
514 759
514 764
514 769
513 774
513 779
509 783
379 786
313 789
281 791
234 795
238 800
61 801
39 806
22 810
98 814
162 818
71 824
87 826
124 833
120 833
145 837
158 840
139 845
157 847
153 851
131 853
162 857
153 861
168 864
163 867
123 871
140 875
163 877
218 877
236 883
152 885
231 887
261 890
252 891
298 894
297 895
304 895
265 896
340 899
363 900
277 902
345 902
283 905
337 905
303 911
334 911
342 912
335 913
363 914
324 914
348 916
374 917
315 918
347 920
382 920
366 920
365 920
362 922
404 921
417 923
371 923
400 923
423 919
428 923
439 924
405 923
440 924
450 924
420 923
431 924
452 923
462 923
442 923
460 922
497 921
498 919
509 918
512 910
505 912
513 911
512 908
513 906
513 905
513 903
513 902
512 899
512 898
513 895
514 894
513 892
513 889
513 887
512 885
513 882
513 879
513 875
513 873
512 871
513 868
513 866
513 862
514 848
513 847
512 843
514 839
512 834
513 840
518 830
516 825
519 815
513 812
513 806
513 801
513 795
513 789
513 785
513 779
512 773
513 767
511 765
513 762
514 755
514 748
514 746
513 742
513 735
514 731
513 727
514 719
513 711
513 708
513 705
513 695
514 691
513 689
514 681
514 676
514 673
513 668
512 667
515 658
513 650
513 645
513 639
513 632
514 626
514 618
513 615
512 606
514 600
513 595
514 587
513 584
514 580
513 574
513 570
513 565
514 561
514 541
513 536
513 533
513 528
513 522
513 515
514 509
513 503
514 496
513 491
514 486
515 488
516 473
511 470
513 467
514 460
516 456
514 452
513 445
512 440
514 432
513 428
517 424
514 417
515 410
513 404
513 398
514 391
514 385
513 380
513 374
513 368
513 363
512 358
514 353
514 346
513 343
514 338
514 332
513 328
513 324
514 320
514 314
513 312
513 304
514 302
512 294
511 291
510 289
512 277
512 279
510 268
513 265
514 263
514 258
522 254
637 251
806 238
822 235
995 236
1023 231
1012 226
964 222
912 218
938 214
959 210
889 206
863 203
876 201
886 196
875 193
836 190
870 186
911 182
866 181
850 177
890 174
865 170
864 172
887 161
819 163
850 157
840 155
811 151
812 151
767 148
768 146
717 144
766 141
743 141
721 138
731 138
692 137
738 135
658 134
754 133
733 132
697 130
692 129
688 128
694 126
637 125
707 124
701 123
687 122
684 121
705 120
708 119
641 118
661 117
685 116
657 115
640 115
637 114
625 113
587 116
624 113
595 113
618 113
586 113
600 113
580 113
609 113
570 113
580 114
562 114
566 115
539 115
520 118
517 121
516 123
514 125
514 128
514 133
514 131
513 133
513 135
514 136
514 137
514 140
514 142
514 144
514 145
514 149
514 151
514 153
514 155
513 159
516 164
515 164
514 167
514 170
514 173
513 176
514 179
514 183
513 186
514 191
514 195
514 199
514 204
514 208
513 217
514 219
514 227
514 229
513 235
513 235
513 243
514 248
513 270
515 272
515 276
513 280
514 284
515 288
514 294
514 300
514 303
513 309
514 313
514 319
514 325
515 331
513 336
514 346
513 349
514 350
514 358
513 363
512 367
513 375
513 377
513 382
512 387
513 393
513 401
514 406
513 414
513 420
515 427
513 434
514 438
514 446
514 451
517 456
513 461
515 463
514 470
514 473
514 474
512 482
514 487
513 494
515 498
513 505
513 511
514 517
513 525
514 529
514 537
513 541
514 549
512 553
514 559
512 564
515 567
513 591
515 593
514 597
513 599
513 605
513 611
513 616
514 622
513 629
514 635
513 641
511 650
514 653
513 661
514 664
515 670
513 675
513 681
514 686
512 691
513 696
514 700
514 705
515 709
512 714
514 718
514 724
513 729
514 734
513 739
513 743
514 749
513 754
513 757
513 765
515 768
514 774
511 777
510 781
436 783
356 785
257 789
233 794
235 798
77 800
26 804
58 809
103 813
127 817
90 821
85 825
125 826
136 833
121 836
123 839
149 843
157 846
149 848
200 861
195 864
172 867
190 870
169 873
129 876
151 879
190 882
205 884
221 887
272 888
219 890
259 893
301 894
263 895
293 898
321 899
305 900
319 902
292 904
341 904
307 907
302 907
347 908
312 909
372 911
326 912
338 912
308 913
326 914
345 915
348 917
356 918
348 918
353 920
358 920
368 921
404 921
362 922
399 923
404 922
396 923
414 924
429 924
411 924
397 923
447 926
429 924
418 924
438 923
449 924
472 923
425 922
479 923
471 921
495 921
507 918
513 908
512 907
513 906
513 904
512 903
513 902
513 900
513 898
513 897
513 895
513 893
513 890
513 888
513 885
513 882
513 880
513 877
513 875
513 872
513 869
513 866
513 863
513 859
513 856
513 853
513 849
514 844
513 841
515 837
513 831
513 827
511 823
513 820
512 812
513 808
513 802
513 797
514 792
514 786
513 781
513 777
513 771
513 765
513 761
513 757
513 752
513 747
513 743
513 736
513 733
513 729
513 721
513 714
513 709
513 704
513 698
513 676
513 673
513 673
513 671
512 663
517 665
513 651
512 647
521 642
513 635
514 626
512 622
513 615
513 608
514 604
514 595
515 589
514 585
514 579
513 575
513 571
513 566
514 561
513 559
513 552
512 548
513 543
514 535
513 530
514 523
516 517
513 510
513 505
513 498
514 492
513 488
514 482
514 477
514 478
513 468
514 463
511 454
514 452
513 447
513 440
513 436
513 432
515 423
513 420
515 416
514 406
513 399
514 393
514 388
513 383
514 376
514 370
513 348
513 345
514 341
514 337
514 334
514 330
513 326
514 321
513 317
513 311
513 307
514 300
502 291
512 289
512 291
514 282
516 275
514 270
512 268
513 263
514 258
522 254
631 252
737 250
791 245
785 242
744 238
825 235
1008 234
974 229
979 224
973 220
938 217
939 212
931 208
904 204
888 200
871 197
884 192
872 191
876 187
884 186
868 181
868 178
885 174
889 171
830 167
865 161
883 161
865 158
853 155
819 153
758 150
806 148
781 147
720 145
787 143
716 137
750 136
752 135
757 134
739 133
720 132
696 130
696 129
714 128
668 128
687 126
706 125
694 123
686 122
674 121
693 120
687 119
693 120
712 118
646 116
651 116
658 115
624 114
636 114
625 114
614 114
610 114
616 114
606 114
576 114
614 114
595 114
601 113
572 114
599 114
577 114
574 114
557 115
548 117
527 116
518 119
515 122
514 125
514 127
514 129
514 130
514 133
514 136
514 136
514 137
513 139
514 141
514 143
514 145
514 148
513 150
514 153
513 163
513 165
514 168
513 169
513 172
514 175
513 179
514 183
514 188
515 190
514 198
515 199
514 203
513 208
514 212
513 218
514 223
513 227
514 233
513 238
514 243
514 246
513 251
514 258
512 261
513 267
514 272
514 278
512 288
513 289
514 291
513 297
513 304
515 309
514 311
515 317
513 324
514 328
514 334
513 341
515 348
516 349
513 356
514 359
513 367
515 371
514 376
514 381
515 385
513 392
511 398
514 404
513 411
514 417
512 425
514 428
514 437
513 458
513 461
514 464
514 467
513 474
514 476
513 481
514 486
514 485
512 498
514 503
514 510
513 516
514 521
513 528
515 533
513 541
514 546
514 551
514 557
514 561
513 567
513 571
514 575
515 582
514 587
514 591
514 597
513 603
513 609
513 615
514 619
513 628
514 634
513 640
514 647
513 652
514 657
514 663
513 670
513 674
513 680
514 684
513 691
514 696
514 699
514 704
513 710
514 714
514 717
513 723
513 729
513 733
514 737
514 742
514 747
513 752
513 771
513 772
513 776
514 779
468 782
386 785
251 788
216 794
222 797
115 799
38 803
78 807
131 812
65 816
101 817
117 824
89 828
124 832
132 836
104 838
184 842
179 845
130 849
165 851
184 855
154 858
123 861
152 867
139 868
145 872
167 875
171 879
189 881
206 883
236 886
208 888
239 890
307 891
283 894
314 896
316 897
295 898
285 899
333 901
318 902
289 904
331 904
315 907
343 906
333 909
344 910
346 908
335 912
368 913
320 914
313 915
343 918
341 920
388 920
349 921
362 921
370 922
419 923
385 922
392 924
442 924
424 923
395 925
421 923
433 924
426 925
421 924
435 923
444 924
442 923
447 923
455 923
481 923
496 921
505 918
513 917
512 914
512 912
514 911
511 907
512 905
513 904
513 903
513 901
514 899
513 898
513 897
514 893
513 892
514 888
513 886
514 884
513 880
513 878
513 875
513 873
513 870
513 868
514 864
513 861
512 857
514 854
513 850
513 846
514 842
513 839
513 834
513 829
513 824
513 803
513 802
513 798
514 792
513 787
512 783
513 779
513 774
513 769
513 762
513 759
513 752
513 747
514 744
513 741
513 734
514 726
513 721
513 719
513 711
513 705
513 701
514 695
513 688
513 685
513 680
513 675
513 669
513 664
513 660
517 635
513 650
514 641
514 635
513 631
514 622
514 618
513 610
513 605
513 597
514 591
512 587
513 581
514 576
513 572
514 568
513 564
513 558
514 553
513 549
513 544
513 539
514 530
512 526
513 519
514 513
513 505
514 484
512 481
514 477
512 474
509 464
513 463
509 463
513 454
509 449
513 443
513 437
513 432
513 426
514 420
514 413
513 408
513 401
513 395
514 390
513 384
514 376
513 370
514 367
513 361
514 355
514 351
513 345
514 340
513 336
514 331
513 327
514 322
514 317
516 312
514 308
513 302
513 298
495 292
511 290
511 285
513 289
509 275
514 276
510 264
513 260
519 254
612 252
731 251
769 247
781 243
775 239
811 236
959 235
996 230
1000 225
968 221
943 217
905 202
905 200
877 198
894 195
848 191
891 189
863 185
862 182
890 179
845 176
872 172
906 168
875 165
845 163
864 163
825 155
827 154
807 151
781 149
744 146
740 145
746 144
732 142
728 141
731 139
708 138
676 136
715 135
716 133
733 132
703 131
702 129
714 129
640 127
703 127
657 125
682 124
696 123
721 121
724 121
653 120
643 118
667 117
691 117
660 116
629 116
666 115
642 114
613 114
631 115
608 114
630 113
591 113
587 113
609 113
601 113
584 113
574 114
560 115
562 115
544 115
526 117
516 119
515 121
514 124
514 127
514 129
514 131
514 133
512 136
513 135
515 136
514 139
514 141
514 141
514 144
514 148
515 150
513 151
514 155
513 158
513 160
513 163
514 165
513 169
513 171
513 174
514 178
513 182
513 185
513 188
514 192
514 196
513 200
513 206
514 210
514 216
513 220
514 227
513 232
512 238
513 241
513 247
514 250
513 255
514 261
514 265
514 271
513 276
514 280
514 287
512 291
513 296
513 317
514 321
513 327
514 331
513 337
511 339
514 344
512 350
513 355
514 360
512 367
513 368
514 372
514 379
513 384
514 390
513 397
514 402
513 409
513 417
514 423
514 428
514 435
513 442
514 447
514 453
513 457
514 460
513 468
514 470
513 476
514 479
514 484
513 489
514 494
512 502
514 507
513 513
513 520
513 526
513 533
512 539
513 545
514 550
514 555
515 563
514 565
514 571
514 574
513 579
513 585
514 590
513 596
513 602
514 607
513 613
513 619
513 646
513 648
515 652
513 654
515 661
512 669
513 673
513 678
513 683
513 689
513 694
513 699
519 702
513 707
513 711
514 715
513 721
513 727
514 731
514 736
513 742
513 747
513 751
514 755
513 761
513 765
512 771
513 776
512 779
471 783
391 784
280 787
250 792
254 797
162 798
93 801
67 805
61 810
91 814
83 818
70 823
125 826
70 828
104 834
156 838
154 842
164 845
150 848
173 851
168 855
159 854
146 860
160 864
125 867
181 871
181 874
138 877
198 880
270 889
267 890
290 891
257 893
293 895
302 896
292 898
299 899
288 900
316 901
318 904
331 904
351 907
275 906
379 908
320 909
316 910
333 908
353 912
344 914
307 915
354 916
326 917
361 918
348 919
364 921
359 921
369 921
378 922
381 922
371 922
421 923
413 924
405 923
435 926
402 923
442 923
411 923
434 924
427 924
457 923
430 925
445 924
453 923
478 922
476 922
498 920
511 918
512 913
512 912
512 916
512 907
514 905
513 904
513 903
513 903
513 898
513 893
513 890
513 890
513 888
513 884
513 881
513 879
515 875
513 873
515 871
512 869
513 865
514 861
513 859
512 854
513 852
513 846
513 843
514 839
514 835
513 831
514 824
513 814
512 816
515 807
513 804
513 798
514 793
513 789
513 785
513 779
513 775
513 771
513 764
513 757
514 753
513 751
513 746
513 739
512 735
513 730
512 723
513 718
513 714
512 709
513 701
513 697
513 691
513 686
514 681
513 678
514 670
513 667
513 661
514 656
513 651
513 646
513 620
513 615
513 613
513 606
513 600
513 593
513 588
513 583
513 578
513 573
514 569
514 565
513 560
513 556
514 551
513 545
513 540
513 534
514 528
513 522
513 515
513 508
513 501
512 496
513 491
514 484
512 481
513 475
513 469
511 462
511 461
512 456
512 447
513 445
513 439
514 434
513 428
514 421
513 416
513 411
512 403
512 396
514 391
513 387
514 378
513 373
514 368
513 363
514 358
514 352
513 347
513 341
513 336
513 333
512 328
514 323
513 318
514 300
514 296
513 294
513 289
513 284
505 279
513 264
516 268
513 265
509 261
515 258
600 254
695 251
754 249
771 244
792 240
785 236
931 236
1009 232
999 226
966 222
931 218
933 213
941 210
897 206
932 202
864 199
883 195
898 193
863 189
876 185
873 182
846 180
878 175
881 172
859 169
884 166
865 163
881 159
847 149
825 154
822 151
782 148
775 147
746 145
734 144
750 142
701 142
733 139
711 138
747 136
701 134
726 133
707 132
690 133
690 129
688 125
706 125
688 123
712 122
700 122
691 121
678 120
647 120
709 118
657 117
652 119
679 116
619 115
676 115
626 116
606 114
637 115
600 114
577 114
632 114
605 114
604 114
578 114
607 114
587 114
577 115
572 114
574 115
555 115
535 117
518 118
514 121
515 123
515 127
514 128
515 131
514 133
514 134
514 135
515 137
514 138
514 140
514 142
514 144
514 147
514 149
515 151
514 153
513 155
514 159
513 162
514 164
513 169
513 170
514 174
514 177
513 179
514 195
513 199
513 203
512 206
514 210
513 214
513 219
514 223
514 229
514 234
514 241
514 246
514 249
514 254
514 259
513 265
513 270
514 273
514 278
514 285
513 291
513 295
514 298
514 304
515 310
515 316
515 322
513 326
514 330
514 337
513 343
515 346
514 353
513 358
514 362
513 370
513 371
514 378
513 383
513 389
511 397
514 400
522 407
513 417
514 420
514 429
514 433
514 440
512 446
513 450
511 456
516 461
513 465
513 470
513 473
513 478
514 483
513 505
513 509
513 514
514 519
514 523
514 532
513 537
513 542
511 550
514 553
512 558
514 563
514 568
514 573
513 578
512 583
514 586
513 593
513 600
515 605
514 610
514 618
513 624
513 630
513 635
512 642
513 647
515 651
513 660
513 666
514 670
514 677
513 682
512 688
513 693
513 697
513 702
514 706
514 710
515 714
513 721
513 725
513 730
513 734
513 740
513 745
513 749
513 753
514 761
513 764
514 767
513 773
514 777
509 781
412 783
291 786
243 791
226 804
64 808
40 810
90 812
87 818
92 821
87 826
98 829
125 832
148 837
140 840
148 843
148 846
161 850
158 852
163 857
106 860
147 862
199 866
124 870
137 872
169 877
172 879
196 882
193 885
242 886
240 890
261 891
321 892
254 894
280 897
319 896
293 898
359 899
311 903
279 903
292 904
313 905
353 907
319 907
354 909
314 910
333 910
303 912
314 913
365 914
329 914
386 917
328 918
336 919
360 920
356 920
390 921
368 922
372 922
424 923
392 923
393 923
423 923
421 923
420 923
424 923
423 924
441 924
439 923
449 922
467 923
467 922
479 922
501 920
507 918
512 916
512 913
512 910
511 907
510 907
485 905
513 905
514 902
513 900
513 900
510 898
513 895
512 892
513 891
514 887
513 884
513 882
513 880
513 876
513 874
513 872
513 869
513 866
514 863
513 860
513 857
513 853
513 849
513 846
514 840
513 835
512 831
513 827
513 821
513 816
514 812
511 812
514 802
513 796
514 791
514 785
514 781
514 775
513 770
513 751
513 749
513 746
512 742
513 737
513 730
513 724
