512 472
512 475
510 477
510 480
512 484
508 497
512 490
513 492
512 497
513 501
514 505
514 509
514 514
515 518
513 523
516 527
514 532
512 537
513 541
513 545
514 550
513 553
513 556
514 560
512 563
510 568
514 570
514 573
514 574
513 579
515 583
512 586
512 591
514 592
514 598
513 602
512 604
512 611
511 613
513 618
513 623
513 625
514 631
513 635
513 639
512 645
512 649
511 652
513 656
513 660
514 664
515 667
514 672
515 679
512 672
503 681
512 686
513 257
513 254
516 252
514 250
513 247
513 245
515 241
514 239
514 236
513 234
514 230
515 228
516 225
515 222
514 220
514 216
514 214
514 211
513 210
513 207
514 204
515 201
514 201
515 197
513 195
514 192
514 191
512 189
513 186
515 180
515 182
513 180
515 178
513 175
513 175
512 173
514 175
513 165
515 165
517 162
513 159
515 155
514 157
514 154
513 149
514 153
514 148
514 148
515 148
514 145
515 144
516 142
515 142
514 137
513 138
513 144
513 140
515 772
517 771
513 768
516 764
514 760
513 758
514 754
513 751
515 747
515 743
515 740
514 737
514 733
513 732
513 727
515 722
513 721
513 714
514 710
515 708
517 703
514 699
513 698
514 692
514 690
513 688
514 681
513 679
512 675
513 673
513 667
517 663
518 660
518 656
515 653
517 647
507 644
518 644
513 639
514 635
515 630
517 625
517 621
518 616
517 610
518 604
514 600
514 597
514 593
514 588
515 584
514 582
512 578
514 574
514 572
514 569
515 566
513 280
514 276
515 272
515 270
514 268
514 265
514 261
516 259
514 257
514 253
515 250
514 246
513 244
514 242
515 239
514 236
513 233
513 232
512 230
515 226
515 222
516 220
515 218
514 215
513 213
514 209
514 207
513 205
514 203
515 200
515 199
513 196
514 196
513 192
514 189
515 190
514 187
515 183
514 182
514 178
513 179
515 174
515 170
516 171
514 168
515 163
515 165
513 161
513 158
513 159
510 154
512 154
513 152
512 149
512 151
513 147
515 146
514 114
514 114
514 115
514 115
514 113
514 114
513 115
517 114
513 114
513 114
514 117
514 115
512 116
513 116
513 118
514 119
514 121
514 124
513 126
513 129
512 131
513 132
511 134
512 135
513 135
513 137
514 138
514 140
514 138
514 140
514 140
512 141
514 143
515 143
512 145
514 146
514 148
513 150
515 151
514 151
514 154
515 157
509 159
511 161
513 162
513 164
514 165
510 167
514 170
513 172
514 172
514 176
513 178
514 182
515 182
514 186
514 337
514 342
512 347
508 352
514 353
514 355
514 358
515 359
515 364
511 370
510 374
510 377
512 380
512 383
514 387
513 390
512 394
511 398
514 404
513 406
513 410
512 415
512 419
513 422
513 429
513 433
511 438
513 442
513 446
514 452
514 455
513 459
515 462
514 466
513 466
514 470
514 473
513 475
514 479
514 481
514 484
515 483
513 489
515 494
511 498
511 502
511 506
514 511
513 515
512 520
513 525
513 532
512 534
514 538
514 541
513 547
514 550
513 726
512 729
515 732
513 735
513 738
512 741
512 744
513 747
514 750
513 753
512 756
513 759
514 762
513 765
514 768
512 771
514 774
514 777
513 782
512 784
512 786
512 789
514 792
514 795
514 799
514 801
514 803
515 805
513 808
513 811
512 814
514 815
513 821
527 817
512 825
512 828
512 830
515 832
514 835
508 836
513 838
513 841
514 844
512 848
513 848
514 849
513 851
514 854
514 857
514 859
513 861
513 864
512 866
513 868
513 870
512 873
512 875
514 916
514 918
514 919
514 919
513 920
515 921
515 920
514 920
516 920
513 921
514 922
514 922
513 922
514 922
513 923
514 922
513 922
514 923
514 923
515 923
513 923
514 927
515 923
515 923
516 923
515 923
515 923
513 923
513 922
513 923
514 922
513 923
514 924
510 912
518 920
518 917
529 899
513 912
510 914
516 910
515 908
514 907
513 904
514 905
514 902
514 901
513 903
514 899
513 898
513 899
514 895
513 895
513 894
513 894
513 893
513 891
514 890
513 746
513 745
514 740
513 736
515 733
516 729
513 726
514 725
513 721
516 716
517 711
517 708
517 704
514 700
514 696
513 694
513 690
514 687
513 684
512 680
513 675
515 672
513 669
513 666
513 663
514 660
515 655
517 651
518 648
508 657
518 640
516 636
518 632
516 626
516 622
513 617
519 612
518 607
517 603
514 597
513 594
515 590
513 585
514 581
514 580
513 576
514 570
514 570
510 567
514 564
514 561
514 558
513 555
515 553
513 550
514 547
515 543
515 349
514 346
514 343
513 339
516 336
513 334
512 331
513 328
513 325
514 321
515 317
515 314
515 311
514 309
513 305
514 302
514 298
514 294
514 292
515 289
513 285
515 282
515 279
514 274
514 272
515 269
514 266
514 263
514 260
515 257
512 254
513 251
513 249
514 246
514 243
515 241
514 235
514 234
515 231
514 229
515 226
513 225
514 221
514 218
515 215
514 213
513 209
513 208
512 206
516 202
515 201
515 199
515 197
515 193
514 193
513 190
513 188
514 114
514 114
514 113
508 114
515 111
515 113
515 114
514 114
511 114
513 114
514 115
514 117
514 116
513 119
513 116
514 116
513 119
514 119
513 120
513 121
513 123
515 127
514 130
514 130
514 132
514 133
514 135
513 136
514 136
515 137
513 137
513 140
514 140
514 142
514 141
513 143
513 145
513 146
513 146
514 149
514 151
514 151
514 156
514 156
514 158
514 160
513 161
514 164
514 165
513 167
524 169
514 172
513 173
513 176
512 179
513 179
516 184
513 248
514 249
514 253
512 258
513 261
513 264
514 266
515 270
512 277
510 280
514 283
513 282
514 289
514 293
516 297
512 302
509 305
511 308
508 313
514 312
513 315
514 319
517 323
516 329
513 332
512 337
514 342
513 344
514 346
514 348
515 353
513 356
513 360
514 362
515 365
517 369
516 374
515 377
514 382
512 386
511 389
508 392
507 398
508 403
515 408
514 410
514 414
514 420
513 424
514 427
515 431
514 436
513 442
514 444
515 450
513 454
513 457
514 585
514 589
511 590
514 594
513 598
512 600
513 604
514 608
515 613
513 617
513 622
512 624
512 631
513 635
513 642
513 644
514 647
513 652
514 657
511 660
512 663
515 668
514 670
515 675
513 679
515 686
511 686
510 692
515 693
515 696
511 698
515 702
515 705
511 708
514 712
513 715
512 718
514 721
515 725
516 730
514 731
513 735
513 739
514 742
513 747
513 748
513 751
512 755
512 757
512 760
514 763
514 766
513 771
513 774
512 777
512 779
514 783
514 866
514 868
515 869
512 870
514 873
514 876
511 879
511 881
514 882
514 883
513 885
513 887
513 888
514 888
514 891
514 891
514 893
514 893
514 894
513 895
514 897
513 897
514 898
514 899
514 901
513 902
513 903
514 904
512 897
521 899
516 903
505 906
516 911
512 906
517 910
514 911
513 912
514 913
514 913
514 914
513 915
513 915
514 916
516 917
511 916
514 918
514 918
514 919
513 920
514 919
514 922
514 921
514 921
513 922
513 922
514 922
515 904
514 901
513 899
513 898
514 898
514 898
514 896
514 895
514 894
513 892
514 891
514 890
513 887
515 888
513 885
513 884
514 879
514 879
514 876
514 875
513 874
513 873
514 871
512 868
516 866
513 864
514 861
511 859
517 857
514 854
512 854
514 851
513 847
513 845
512 843
514 842
513 837
514 834
514 831
514 830
507 820
512 823
516 819
520 811
512 811
511 812
514 799
530 798
514 790
514 794
514 791
513 786
514 781
515 780
514 770
513 774
513 771
514 652
519 650
503 640
512 647
513 639
514 636
514 632
515 626
513 622
516 618
515 613
514 610
513 606
512 601
513 596
518 592
517 587
515 582
520 578
520 575
519 572
519 568
514 566
513 564
518 561
514 558
514 555
513 553
514 549
514 547
514 542
513 540
513 535
514 531
513 529
515 524
514 519
514 514
514 510
514 506
513 501
513 497
513 494
513 489
514 485
518 481
514 478
515 474
514 471
514 469
514 465
514 462
515 459
516 455
516 452
514 449
514 445
515 286
514 282
515 279
514 276
514 274
514 272
514 267
514 264
514 261
514 258
515 255
513 252
515 249
513 248
513 243
513 242
513 238
514 236
514 233
514 230
512 227
513 225
513 222
515 219
516 216
516 213
516 211
514 208
514 207
513 205
512 205
514 201
514 198
514 196
514 193
514 191
515 189
513 186
514 184
514 182
515 180
514 178
514 176
514 174
516 171
513 169
513 167
512 164
512 162
513 161
512 159
514 156
515 154
514 154
514 152
514 149
513 149
514 115
513 114
514 114
514 115
514 114
511 114
515 114
512 114
513 113
513 114
513 113
514 116
514 114
513 113
515 114
514 113
513 114
514 114
513 115
513 115
514 115
512 116
513 117
511 118
514 119
514 122
514 122
514 125
516 127
508 129
512 131
515 133
514 133
511 135
513 137
514 137
512 138
514 136
514 140
514 141
514 141
512 143
515 144
511 146
516 144
515 148
513 149
516 150
511 153
514 156
515 159
513 161
513 160
513 162
513 164
514 166
514 167
515 303
514 305
498 310
513 314
512 318
514 319
513 323
515 327
512 330
512 333
512 339
513 343
512 349
512 350
514 352
514 357
513 359
513 362
513 363
514 368
516 371
516 376
514 379
515 383
516 387
514 390
511 395
510 400
508 404
511 408
509 413
508 418
508 423
514 426
515 432
514 435
514 441
515 445
514 449
511 454
513 457
513 461
514 461
514 466
512 469
513 470
514 476
514 476
513 478
514 481
514 485
513 487
498 484
514 494
520 498
513 501
515 507
512 652
515 655
513 659
513 662
511 666
512 669
511 674
513 677
514 680
514 692
516 686
522 693
513 697
512 699
512 699
513 703
513 708
513 710
514 713
513 717
513 720
512 723
511 727
514 731
513 734
513 737
515 741
513 744
511 747
515 750
514 753
513 756
514 759
514 763
512 767
515 770
513 772
512 776
511 779
513 780
513 784
512 786
514 790
514 792
512 795
509 798
514 802
514 804
514 807
511 810
512 812
513 814
512 817
514 821
512 820
479 821
517 832
516 909
512 914
507 917
521 895
514 912
513 911
513 912
514 913
513 913
513 914
514 914
515 915
513 916
511 916
514 918
514 917
514 918
514 919
515 919
514 920
514 921
514 921
513 921
513 922
513 923
513 924
515 923
513 922
512 922
513 923
513 923
514 923
514 923
513 923
514 924
514 923
514 924
514 924
513 923
514 923
513 923
514 922
514 922
514 923
514 922
514 921
514 916
512 916
520 916
506 911
518 920
514 914
518 910
512 911
517 905
514 904
514 903
515 812
515 805
522 799
516 793
513 793
513 790
514 786
514 783
513 781
515 778
513 774
513 772
514 769
513 764
518 760
517 755
514 755
514 754
512 750
514 744
518 738
516 735
514 733
513 731
514 727
513 722
513 719
515 715
513 710
517 706
517 702
517 699
514 695
514 691
514 690
514 686
514 683
513 678
513 677
512 670
516 669
516 664
514 662
514 656
515 654
515 650
516 646
516 644
513 635
518 635
517 630
514 625
515 620
515 616
515 612
513 608
513 603
513 427
512 422
515 419
514 414
513 411
515 408
518 400
516 397
514 393
514 391
514 388
514 382
515 378
516 376
516 371
515 368
514 364
514 360
514 356
514 353
514 349
515 342
514 342
513 340
513 337
515 333
514 330
515 326
514 323
517 320
515 317
514 314
514 309
514 307
514 303
514 300
515 297
514 294
513 290
513 288
514 284
515 280
515 278
515 274
514 271
513 268
513 266
514 262
514 259
514 256
513 254
514 251
511 247
516 244
514 242
513 240
516 148
513 146
512 144
513 145
516 142
515 141
513 141
515 141
515 137
512 136
515 138
516 133
514 133
513 132
517 129
512 130
514 129
514 129
512 127
516 127
513 127
514 126
513 126
515 125
514 125
513 123
515 123
514 121
515 121
515 120
515 120
515 118
514 118
513 117
514 117
513 117
516 117
513 116
515 116
514 116
513 115
513 116
514 114
513 114
514 115
514 114
514 114
514 114
513 114
513 114
512 114
513 115
512 115
514 114
514 116
514 114
514 114
514 189
512 190
513 191
514 196
513 199
513 201
513 202
513 207
514 210
514 212
514 216
513 220
513 223
515 228
513 233
512 235
511 238
514 244
514 239
514 245
514 250
511 256
511 261
514 260
514 263
515 267
513 274
511 278
514 281
513 284
513 285
515 289
513 294
514 297
513 300
513 304
513 308
508 313
521 313
514 318
516 321
515 325
512 331
511 334
512 338
512 342
511 345
514 351
514 350
512 354
514 354
514 359
515 365
515 366
513 370
514 375
513 377
513 573
512 575
513 578
515 581
513 584
511 588
514 591
514 593
514 599
514 602
514 606
514 611
514 615
512 619
514 623
514 627
513 631
514 636
513 641
513 645
510 649
507 653
515 657
514 659
513 664
513 668
512 673
512 676
512 681
512 684
514 675
521 690
506 687
513 697
513 701
512 704
512 706
513 709
514 712
514 715
514 719
512 722
513 726
513 730
512 731
513 737
514 739
514 742
514 742
512 750
513 752
514 756
514 758
515 761
512 765
514 769
512 771
513 890
514 892
513 892
513 895
513 896
512 896
514 897
514 899
513 899
514 900
514 900
513 901
511 903
514 903
514 904
513 911
523 910
524 906
520 889
516 911
514 909
515 912
515 911
514 913
514 913
513 914
514 915
514 916
514 916
514 916
513 915
514 918
513 915
513 918
514 920
513 919
513 920
513 921
514 922
515 922
514 922
513 922
513 923
513 923
514 924
513 923
513 921
514 923
514 923
514 923
514 924
513 923
514 924
513 923
513 924
514 923
514 922
512 898
513 898
514 898
513 897
514 895
514 895
514 894
514 891
513 891
514 890
514 889
513 885
513 885
514 883
513 878
514 880
513 877
514 873
513 873
513 871
514 870
514 867
514 866
514 864
513 861
513 859
514 858
514 855
514 851
514 849
514 848
514 845
514 842
513 839
514 836
513 833
515 829
514 827
524 824
514 802
513 820
511 815
510 815
512 804
514 806
511 802
518 798
514 776
516 788
516 785
513 782
513 780
514 778
512 774
515 767
517 764
514 761
516 644
515 641
512 639
515 642
514 630
511 626
512 622
513 618
513 613
517 607
517 602
515 599
514 594
515 590
516 585
515 582
515 579
514 575
514 573
513 570
514 568
514 564
514 561
513 560
514 557
514 553
513 550
514 546
513 543
513 539
513 535
514 531
512 527
514 522
513 518
513 513
514 508
513 503
513 500
515 496
514 492
513 488
515 484
513 480
514 478
514 474
513 470
513 467
515 463
515 461
513 455
515 455
516 451
515 448
515 443
514 439
514 436
513 305
513 302
515 299
515 296
513 293
514 290
514 287
515 284
514 282
512 279
515 276
515 273
515 269
513 266
514 264
513 261
513 257
513 255
514 252
513 250
515 246
514 243
515 241
513 234
514 235
514 231
512 228
516 225
515 223
514 220
511 217
513 216
514 213
513 212
513 207
514 205
515 202
513 202
514 198
517 197
516 195
514 192
514 191
513 188
513 185
514 184
513 182
514 180
514 177
516 175
513 173
515 170
514 167
515 165
514 163
514 162
515 155
514 122
513 121
514 122
515 122
513 121
514 120
514 119
514 118
515 118
513 117
513 116
513 120
513 116
514 116
514 115
511 115
514 115
514 112
513 114
514 114
515 116
514 114
514 114
513 113
514 115
514 113
513 115
514 114
514 114
512 114
514 115
514 114
511 114
514 114
513 115
514 115
514 115
513 117
514 117
514 119
513 119
515 122
513 123
513 126
513 129
513 132
513 133
516 134
513 134
513 136
513 137
514 137
514 139
509 140
514 141
514 141
513 141
514 214
513 218
515 219
514 223
512 227
515 229
513 235
514 238
513 243
515 244
514 248
514 249
514 254
512 257
511 263
514 264
512 267
514 270
514 275
513 278
513 281
512 285
514 287
514 293
513 295
511 299
513 303
512 307
512 311
509 312
507 316
514 320
513 324
513 328
513 333
509 336
513 345
514 343
513 346
515 349
515 351
513 355
515 360
513 364
514 367
514 370
514 373
515 377
514 380
513 385
512 388
511 392
511 396
512 400
508 404
508 409
508 571
514 574
511 578
512 581
515 584
513 587
512 590
512 594
512 597
513 597
514 604
514 609
513 609
513 615
513 621
509 623
515 631
514 635
515 638
513 642
512 648
510 651
510 656
512 660
513 664
514 666
513 670
516 674
514 679
513 682
512 686
512 684
508 691
508 692
514 698
514 702
513 705
512 708
513 711
512 709
512 718
514 721
517 724
514 728
513 731
514 735
512 738
511 741
513 747
514 747
513 751
513 754
513 758
513 761
514 764
515 766
512 770
514 881
514 883
514 885
514 885
511 887
513 889
514 889
513 891
511 892
513 893
513 893
513 895
513 896
513 897
514 897
512 899
513 901
513 902
514 902
513 903
513 905
516 906
514 907
514 897
509 908
503 902
514 914
513 907
510 910
502 913
514 912
514 913
514 914
511 914
514 915
513 916
512 917
515 917
514 917
514 918
514 919
514 918
516 920
515 920
514 921
514 922
512 921
513 922
513 921
513 922
514 922
513 923
513 923
514 923
514 923
514 923
514 923
514 875
514 873
514 871
513 870
514 868
514 865
514 863
514 861
514 859
514 858
514 856
514 853
514 850
515 847
514 845
514 843
514 840
514 838
514 833
514 831
514 827
514 826
518 823
518 825
514 814
523 814
510 811
516 810
509 799
520 798
517 794
515 793
513 787
514 782
515 780
513 777
512 776
513 771
515 766
517 762
513 758
514 757
513 754
514 750
513 747
515 742
515 738
513 736
513 733
513 730
513 727
512 723
512 717
517 713
519 708
515 705
514 701
514 564
514 562
515 560
513 557
511 553
515 550
515 546
520 543
518 540
514 536
514 532
513 529
514 524
514 519
514 514
514 511
512 505
513 502
514 498
514 493
514 489
513 485
514 482
514 478
513 475
514 472
514 469
514 466
514 462
515 459
514 455
513 452
514 449
511 446
514 441
513 437
515 433
515 429
515 425
514 420
514 416
514 412
513 407
513 404
514 398
515 395
516 389
514 386
514 382
514 378
515 375
513 371
514 365
515 363
515 360
514 354
513 351
514 210
514 208
514 205
514 204
514 202
514 200
513 200
514 197
514 193
514 192
513 189
514 186
515 184
517 181
514 180
513 177
512 175
513 173
513 172
514 170
514 167
514 163
513 160
514 162
512 158
512 155
514 154
512 154
513 149
511 150
514 149
515 145
513 147
515 146
513 146
515 143
512 143
514 142
513 137
515 138
515 137
514 136
515 135
516 135
517 131
517 127
513 129
515 130
517 127
513 128
513 129
515 125
513 126
515 125
513 125
512 124
514 124
514 131
512 134
515 134
513 136
512 135
513 138
514 138
513 138
513 141
513 140
512 142
514 143
514 144
514 144
513 146
513 148
515 149
514 151
514 152
513 154
514 156
513 159
514 160
516 165
513 164
513 166
514 169
514 170
513 171
513 174
514 177
513 177
514 181
514 185
513 185
513 189
513 191
514 194
514 197
514 199
513 201
514 205
514 209
514 213
512 215
514 219
515 221
514 226
513 232
513 234
514 235
512 239
515 243
514 246
514 248
514 250
514 255
510 426
514 429
514 435
519 437
514 441
513 445
517 449
514 452
514 457
510 461
512 464
512 466
514 468
514 472
514 474
514 478
513 480
514 482
514 485
513 488
513 493
513 495
515 494
513 497
520 508
513 513
514 515
514 521
514 524
514 529
515 528
517 538
517 543
516 547
512 551
512 555
513 559
512 562
512 565
510 568
511 572
511 575
514 576
510 580
511 583
515 588
515 591
516 595
513 599
514 603
514 607
514 611
513 615
513 619
513 624
512 628
512 633
515 774
513 776
515 779
514 781
513 785
513 788
514 789
514 792
513 795
512 798
514 801
514 805
512 807
512 810
515 812
513 814
511 817
513 821
514 822
514 825
511 834
510 836
514 838
519 835
515 831
513 840
513 840
513 844
514 846
513 849
512 851
514 852
513 853
514 856
513 858
513 861
514 862
514 865
513 868
513 871
514 872
515 875
513 877
512 879
511 881
514 883
512 885
512 886
513 888
514 889
514 893
513 891
515 892
513 893
514 894
513 896
514 897
514 923
514 923
514 923
514 922
514 923
513 922
513 922
513 922
513 921
514 921
514 918
514 919
513 915
514 910
513 914
513 907
510 905
505 910
508 903
513 903
514 902
514 900
514 899
513 897
514 899
514 897
514 896
513 895
513 894
514 892
513 891
514 889
514 888
513 886
515 885
513 883
514 880
514 878
513 876
514 875
513 873
513 871
514 870
514 867
514 865
514 863
514 861
514 859
513 856
514 854
514 851
514 849
513 848
513 844
514 842
513 839
513 665
515 662
516 657
517 653
514 649
513 647
514 643
513 639
513 627
513 634
516 627
514 624
514 619
514 613
513 608
511 604
515 599
513 595
511 590
514 586
514 582
513 579
514 576
516 574
513 570
514 567
515 562
516 559
515 558
516 557
517 553
514 550
514 546
514 542
517 539
516 534
516 530
515 526
516 521
517 516
515 512
517 506
518 502
513 498
514 493
513 490
513 487
514 483
514 479
513 475
513 473
513 470
514 466
514 463
513 461
513 457
513 453
514 261
514 257
516 254
515 251
513 249
514 246
514 243
514 241
514 239
516 236
514 234
514 232
514 229
514 226
513 224
515 222
513 219
514 215
513 213
515 209
514 207
513 205
515 202
515 200
517 198
514 195
513 194
514 191
515 190
513 188
514 186
513 184
513 181
514 179
515 176
515 173
515 171
516 170
513 168
514 166
514 162
513 163
513 159
513 158
513 155
511 154
514 152
511 151
514 152
514 149
513 147
512 146
514 146
514 142
515 141
516 141
514 139
517 121
514 121
513 120
514 120
515 118
515 118
514 117
514 117
514 118
514 116
513 116
514 115
513 115
513 116
514 115
514 115
514 115
513 114
514 114
514 138
514 114
514 114
514 113
512 113
514 114
514 115
513 114
515 113
515 114
514 114
514 114
514 115
514 115
513 114
514 115
513 116
513 118
514 119
514 119
514 123
514 123
514 126
513 128
514 131
514 132
514 130
513 135
514 136
514 137
514 137
514 138
514 138
514 140
514 142
513 143
515 143
515 145
515 220
513 225
513 227
513 225
513 238
512 241
512 245
514 246
514 246
514 250
516 254
513 259
513 262
514 266
514 267
514 271
512 275
514 278
514 280
513 284
514 290
510 295
510 299
513 300
514 303
514 306
514 311
515 313
511 324
522 324
514 325
512 329
512 333
513 334
513 340
514 344
514 348
512 351
511 355
514 358
514 360
513 363
514 367
509 371
514 374
514 378
514 382
514 385
514 389
513 393
512 396
512 400
513 408
513 411
511 414
513 420
513 425
513 550
514 553
514 557
513 559
512 563
511 565
511 569
511 573
513 575
514 581
513 580
512 584
514 586
513 589
514 592
514 598
513 601
512 606
513 611
514 614
515 618
513 622
513 626
513 631
511 636
513 641
512 645
515 651
515 652
514 657
512 660
511 664
512 668
512 673
513 676
513 679
514 683
514 687
513 690
519 696
498 697
505 694
512 703
514 705
514 709
514 711
513 715
513 721
513 723
513 729
514 729
514 732
514 736
514 739
512 743
512 746
512 749
513 843
513 844
512 847
512 849
513 851
514 851
514 855
512 857
514 857
515 861
513 863
512 865
514 867
514 869
513 871
513 874
514 875
515 877
515 879
515 882
515 882
514 885
514 887
513 889
512 890
511 891
511 893
513 894
513 896
513 895
512 897
511 898
514 900
514 900
515 901
514 903
512 904
513 905
512 903
514 906
512 907
511 907
513 908
515 904
514 918
513 912
512 908
518 911
508 915
514 913
514 914
514 915
514 915
513 916
514 920
513 918
514 921
512 914
513 916
514 912
516 902
509 909
519 906
508 893
514 903
514 901
513 901
513 899
513 899
509 897
513 897
514 897
513 895
514 895
514 893
513 892
513 890
513 888
514 887
515 885
513 882
514 881
515 879
514 878
514 875
514 874
513 871
514 870
514 869
514 865
515 864
514 861
512 859
515 857
515 855
513 852
515 850
514 848
513 845
515 842
515 839
513 836
515 834
515 831
509 827
514 824
514 839
513 821
511 818
518 812
524 808
512 798
511 802
500 799
514 643
511 640
514 636
514 635
516 630
519 622
515 617
513 613
513 609
514 603
514 600
517 597
517 591
516 587
514 585
513 581
514 577
515 574
515 571
514 568
514 564
515 561
516 559
516 556
515 552
514 551
515 547
516 544
514 540
514 536
515 532
513 528
513 522
513 519
514 515
513 509
514 504
512 501
513 495
514 490
514 488
513 484
515 481
517 478
516 475
516 470
514 467
514 463
513 461
512 458
513 454
513 448
514 447
515 443
513 440
513 436
513 433
513 155
513 154
512 153
512 152
514 151
513 148
514 150
515 145
515 145
513 143
515 146
514 142
515 140
516 140
514 139
516 134
515 135
515 135
513 132
512 133
512 132
513 132
513 130
513 130
516 137
513 127
514 127
514 127
512 124
513 126
513 125
514 124
513 123
513 123
515 122
513 120
513 120
514 120
515 119
516 118
514 118
514 117
514 116
512 116
513 116
513 115
514 115
514 115
514 115
521 115
514 115
514 114
515 115
513 114
515 146
513 114
513 246
513 249
511 254
513 255
513 258
516 264
508 267
513 270
513 272
515 274
516 280
512 284
511 288
514 291
513 294
513 295
513 300
513 304
512 308
512 310
512 314
513 318
512 323
500 325
514 328
515 333
512 336
511 341
509 345
510 350
514 352
513 355
514 358
513 361
515 368
514 368
514 372
514 375
514 378
515 381
514 386
513 389
513 397
513 397
513 401
511 406
512 410
512 415
512 420
512 424
512 428
512 433
514 437
513 442
515 446
515 451
513 455
513 697
498 693
513 700
513 707
512 710
512 713
513 716
514 719
514 723
513 726
513 729
514 734
512 737
512 740
513 742
513 744
513 749
513 752
512 755
511 759
513 762
512 765
513 767
513 771
513 774
513 775
514 779
512 783
513 787
513 790
512 793
514 795
513 798
512 799
511 803
514 805
514 807
515 811
514 813
512 817
515 818
514 821
513 825
513 828
513 830
505 834
514 830
510 837
513 841
529 844
514 844
514 845
515 851
512 854
512 851
512 858
512 857
514 918
513 919
513 920
513 920
508 922
