512 682
513 686
512 689
512 691
514 695
514 698
513 701
512 704
513 706
513 709
513 712
514 714
513 718
514 722
511 726
512 728
514 732
513 735
514 738
513 743
513 745
513 748
512 751
513 754
514 757
513 761
514 764
513 767
513 770
511 772
511 776
509 778
296 777
297 781
309 787
338 788
339 791
365 794
351 797
347 801
352 803
388 807
384 809
382 811
373 814
373 816
377 819
367 824
382 846
386 815
404 830
376 832
357 835
364 837
399 839
417 841
405 845
522 257
518 253
687 258
792 254
763 250
724 246
712 243
688 241
678 238
672 233
669 231
659 228
654 226
649 223
633 221
636 217
641 215
674 213
656 210
643 208
615 206
648 203
652 200
636 199
646 196
642 193
665 192
628 189
606 187
592 184
635 183
644 180
630 178
597 176
617 174
642 171
650 167
624 168
616 166
620 163
628 159
621 159
630 156
633 155
640 153
639 151
631 149
630 149
625 147
644 147
614 146
597 142
624 142
616 141
605 141
588 139
571 139
411 852
383 854
408 857
401 859
404 861
373 864
373 866
358 867
384 871
379 874
415 875
387 877
411 879
407 881
405 883
395 884
389 885
421 885
418 890
424 890
402 891
418 893
437 895
455 895
438 897
483 896
438 897
456 899
457 900
496 900
455 903
431 903
462 904
446 905
481 910
421 908
431 912
448 934
467 907
467 911
455 911
439 912
455 911
470 913
455 914
438 914
444 915
445 915
493 916
479 917
457 918
484 918
478 919
504 918
501 920
465 920
453 921
514 817
513 810
513 808
513 806
513 803
513 799
511 795
514 791
513 785
513 787
513 785
513 780
514 775
514 772
513 771
513 769
513 765
514 760
513 755
513 751
513 750
513 745
513 742
513 738
513 734
514 734
515 729
513 725
514 720
514 717
513 715
513 711
515 707
514 703
513 699
513 695
513 693
514 687
513 685
514 682
514 678
513 674
514 670
514 667
513 664
511 663
520 657
508 649
514 655
512 646
511 643
510 630
513 635
520 634
517 627
513 621
515 615
514 330
514 328
513 324
515 320
514 316
513 314
513 312
514 309
514 305
515 302
513 299
516 297
514 293
518 290
515 286
514 283
513 281
513 277
514 275
514 271
515 267
515 265
515 261
517 258
521 255
524 255
784 256
761 251
721 248
710 244
711 241
654 238
636 235
669 232
688 230
682 226
635 224
642 220
652 219
669 216
646 215
643 210
651 207
660 205
654 204
627 200
626 199
640 196
632 194
642 192
620 190
639 187
603 186
627 183
603 181
614 179
623 118
551 118
529 116
548 117
539 117
546 115
554 115
562 117
543 116
546 113
565 116
548 115
551 112
552 114
562 112
555 113
559 113
539 112
535 114
536 113
558 115
545 114
524 114
540 114
538 114
544 115
526 113
542 115
526 115
530 114
542 116
525 117
514 118
516 120
514 122
514 123
515 125
514 127
514 130
514 132
514 133
513 135
514 135
513 136
514 133
514 138
514 138
512 140
518 140
511 141
518 143
513 144
514 145
513 146
513 147
514 150
513 152
514 288
513 292
513 295
514 296
512 299
512 306
514 309
513 312
514 315
514 318
514 322
514 327
514 330
514 335
514 340
513 343
514 347
515 349
514 353
513 356
514 358
514 361
514 364
514 368
514 372
514 376
514 380
513 383
514 386
515 394
512 394
511 398
508 402
510 408
514 413
512 418
512 420
512 426
514 430
514 434
513 440
512 444
514 449
513 452
513 456
514 459
514 463
514 465
513 470
514 472
514 473
515 476
514 479
514 482
515 516
513 489
513 492
512 661
514 663
514 668
515 672
512 676
511 682
517 688
516 685
513 688
512 693
512 697
513 698
513 700
514 704
513 707
513 709
512 712
512 717
513 720
514 723
514 726
513 730
513 734
514 737
513 740
513 744
513 747
514 749
514 752
513 756
518 759
514 763
513 765
513 768
511 771
513 775
510 778
510 778
267 778
276 783
307 787
341 791
341 794
380 796
362 797
382 801
374 805
388 807
381 808
382 811
391 814
366 818
369 820
358 822
364 813
367 814
364 829
391 913
473 913
429 915
439 915
445 916
468 916
453 917
458 917
450 919
448 919
460 918
463 920
459 921
463 920
474 921
507 920
490 922
467 922
442 921
457 921
479 922
482 923
466 922
467 923
473 923
493 923
495 922
475 923
472 923
481 923
490 923
488 924
494 923
480 923
493 922
501 923
501 922
491 922
497 921
495 925
505 920
517 918
492 914
511 923
515 918
511 910
513 907
513 905
513 903
513 903
512 902
514 902
513 899
514 898
513 897
513 897
513 896
511 766
513 760
514 756
514 755
513 752
514 749
514 743
513 741
514 739
513 736
513 733
514 728
513 725
513 723
513 720
513 717
513 712
513 706
513 702
514 699
513 696
513 693
513 689
513 687
513 682
513 680
514 677
516 673
513 670
514 666
513 660
521 657
516 656
517 643
513 650
516 641
515 635
516 636
514 628
526 625
515 622
515 616
515 611
514 607
514 603
513 597
514 593
514 588
516 583
515 581
515 577
515 575
514 571
514 569
515 566
513 562
514 559
514 338
513 336
513 332
514 329
514 326
514 323
513 321
514 316
513 314
514 310
513 307
513 304
513 300
513 297
513 295
514 291
513 288
514 285
515 282
513 278
514 276
514 271
513 268
516 264
516 262
516 259
518 257
522 255
671 256
835 254
763 249
741 245
716 242
683 239
643 236
649 234
683 230
672 227
651 225
638 223
675 219
682 216
647 214
639 211
616 208
650 206
627 205
614 202
620 199
647 198
656 194
620 192
621 191
614 188
646 185
641 184
637 181
581 141
596 140
575 138
578 137
577 135
587 135
570 134
558 133
558 132
566 131
585 131
556 130
553 128
547 128
571 127
580 127
558 125
556 126
529 125
575 124
577 123
557 122
542 122
524 121
547 120
575 120
571 119
569 116
564 123
572 118
593 117
563 117
558 118
543 116
562 115
580 115
585 114
558 115
533 113
529 115
556 114
557 114
530 114
542 114
544 113
562 114
545 110
547 114
537 114
533 110
552 115
547 114
538 115
531 117
526 114
532 116
535 118
513 164
513 166
513 168
513 171
515 172
515 173
514 177
514 178
513 180
514 182
514 187
513 188
514 191
512 192
513 195
515 200
513 202
514 204
513 208
514 212
514 217
514 218
514 220
514 224
514 231
512 232
515 236
514 239
514 242
512 246
514 250
513 251
512 255
514 260
514 260
513 265
514 269
513 271
513 277
515 280
513 283
513 285
515 284
513 293
513 298
514 301
519 311
515 308
513 308
517 312
514 317
512 322
518 327
513 330
512 333
517 336
513 342
511 479
514 480
515 482
518 485
512 489
514 491
513 496
513 498
514 503
513 507
515 511
514 517
514 521
513 527
514 531
514 533
513 539
513 543
513 548
514 551
513 554
513 558
515 561
514 564
513 568
513 568
514 575
513 579
513 581
514 585
514 588
514 591
515 594
514 599
513 603
513 606
512 612
512 616
512 621
512 625
512 630
511 634
513 638
513 642
515 646
514 649
515 653
513 656
513 661
516 665
513 670
512 673
516 676
517 680
507 683
516 685
511 795
388 798
374 801
356 804
352 805
375 808
389 811
381 815
352 817
345 819
377 823
384 826
365 832
375 840
398 826
430 838
393 838
373 840
360 842
404 843
418 846
425 849
392 851
418 853
382 856
398 857
367 859
359 863
362 864
366 866
372 869
337 871
379 874
391 876
417 878
434 881
424 883
405 884
430 886
437 887
470 888
449 889
444 893
458 891
462 893
481 895
442 895
450 896
467 898
473 898
441 899
437 901
463 902
468 902
453 904
440 905
419 906
455 923
473 922
502 923
493 923
453 923
481 922
464 922
469 922
473 922
468 922
496 923
500 922
487 921
491 921
491 921
510 920
510 929
511 916
510 917
513 901
515 901
513 914
516 908
513 906
514 904
515 903
513 902
513 901
516 900
514 899
513 898
513 898
513 897
512 896
511 894
513 894
513 892
514 888
512 889
513 888
514 884
513 884
513 882
513 881
513 879
514 876
513 874
512 872
513 872
513 869
513 868
513 865
514 863
514 861
513 859
513 857
515 854
513 709
514 706
513 706
514 702
513 696
514 691
514 688
513 686
513 684
514 680
512 677
513 675
514 673
512 668
513 664
514 661
504 652
519 657
519 654
517 642
513 639
513 634
511 631
515 629
507 620
516 618
514 614
515 608
516 604
516 598
513 595
513 589
512 585
513 582
513 579
513 576
513 573
514 570
513 566
512 565
512 562
511 559
512 557
514 554
513 549
514 546
514 543
515 539
514 535
516 531
511 526
515 522
514 517
513 512
514 508
516 502
515 498
515 326
513 323
514 319
514 316
514 313
513 310
513 307
514 305
513 301
515 288
514 295
513 293
514 289
514 285
513 283
515 280
514 276
513 273
514 270
514 266
516 262
517 261
518 258
520 253
522 258
822 255
795 250
744 246
718 243
667 240
661 236
650 234
665 234
670 229
642 227
645 223
646 221
647 217
659 215
649 212
672 209
644 207
644 205
612 202
637 200
633 198
648 195
611 194
611 190
612 189
644 187
630 185
610 181
637 179
657 177
676 175
647 173
559 120
555 119
561 118
577 118
578 118
581 118
562 117
557 117
559 115
564 117
577 116
558 115
537 115
539 115
557 115
542 115
550 115
533 114
531 108
562 115
576 114
536 114
522 114
547 114
550 116
540 115
525 115
539 116
527 115
533 116
547 117
533 116
517 118
518 119
515 119
515 118
513 121
514 123
514 126
517 129
514 130
514 131
514 133
514 135
514 136
514 137
514 138
513 137
511 139
514 140
516 141
513 143
514 143
515 145
514 143
514 148
514 150
513 248
513 251
514 256
514 258
513 261
514 262
513 267
513 272
514 276
513 280
519 281
514 283
514 290
511 293
514 296
511 300
513 303
514 296
514 310
514 313
513 315
513 319
513 325
513 330
513 333
514 336
514 339
515 342
515 346
514 349
515 352
516 355
513 359
515 362
515 366
513 370
512 375
513 378
512 381
513 385
515 388
515 391
514 396
513 400
516 403
513 408
514 412
513 417
514 420
516 426
513 431
513 436
514 441
515 446
513 449
513 453
511 458
513 630
515 634
514 636
510 642
512 645
513 650
512 653
514 656
513 662
513 664
512 670
512 672
512 677
514 679
514 682
500 678
516 683
513 692
512 696
507 699
513 702
513 705
513 707
515 712
513 714
513 718
514 720
513 725
512 728
514 730
514 734
512 738
513 741
516 744
512 746
513 750
514 753
514 755
513 760
513 765
512 768
512 769
513 774
512 776
507 777
507 779
275 779
295 783
293 788
326 790
350 794
400 796
387 799
353 802
348 804
353 808
370 813
453 904
456 906
447 906
427 906
456 906
443 904
444 907
428 906
462 911
457 911
469 911
434 912
442 913
435 914
457 914
472 915
444 916
439 917
452 917
450 917
474 917
457 918
453 919
456 920
481 920
482 920
444 922
444 921
457 921
472 921
483 922
500 922
477 922
490 925
488 922
483 919
487 922
469 923
464 922
478 922
484 922
472 923
490 923
476 924
491 923
500 923
497 922
476 922
488 922
496 920
507 920
509 920
507 909
509 923
514 919
513 914
523 912
512 813
508 808
510 803
514 799
507 796
511 793
513 789
511 785
514 783
513 781
513 777
513 773
513 768
514 769
514 763
514 760
513 757
514 753
514 749
515 746
514 743
513 739
514 736
513 732
513 729
513 725
514 721
513 717
514 716
514 710
514 709
513 702
514 698
513 693
513 693
514 689
513 686
513 682
513 679
514 678
513 672
513 667
514 663
514 660
514 655
517 651
510 646
517 649
516 639
518 635
511 643
517 632
514 626
515 617
507 614
514 608
513 451
514 446
514 443
513 440
514 436
513 433
513 428
513 424
513 418
513 414
513 410
513 406
514 402
513 398
515 392
514 390
515 385
515 382
516 377
514 374
513 370
514 367
515 363
514 359
515 356
514 351
516 348
513 344
513 341
513 338
513 336
514 332
513 329
514 326
515 323
514 319
514 317
512 313
514 309
513 305
514 303
509 300
515 297
507 294
513 291
513 287
514 284
514 281
514 277
513 274
513 272
515 269
516 263
517 262
517 259
519 256
521 254
751 141
574 138
592 139
571 138
570 136
572 136
573 135
590 135
581 135
601 132
553 131
562 133
590 129
581 129
574 130
543 127
572 127
557 125
566 125
556 125
577 124
577 123
557 122
582 122
598 121
572 120
579 120
571 119
592 118
580 118
554 115
575 117
567 116
586 117
567 116
543 115
537 114
551 115
572 114
552 115
534 115
532 115
558 115
559 113
561 113
528 114
553 114
551 117
546 114
534 115
550 117
537 115
526 115
528 115
553 113
531 114
522 113
521 207
514 212
513 215
514 218
506 219
517 222
515 227
514 230
514 234
514 238
514 241
513 245
514 247
513 250
512 255
514 257
516 261
514 263
514 266
516 271
511 277
514 277
515 280
512 282
514 287
512 291
515 295
513 299
513 303
513 305
514 309
513 310
513 314
513 319
514 324
513 330
513 334
514 336
514 338
514 341
513 343
513 347
513 351
513 354
513 358
514 362
513 367
512 370
512 373
512 377
514 381
512 385
514 387
513 392
514 395
513 399
514 402
517 597
514 600
513 604
512 608
513 612
511 615
513 620
514 624
513 628
513 630
514 635
514 641
505 643
513 648
509 651
516 655
506 659
512 663
513 667
514 672
513 673
513 677
513 680
514 686
506 701
504 687
513 695
509 698
513 701
513 704
514 706
514 709
514 712
514 717
513 719
512 724
513 727
513 730
514 733
513 736
513 741
514 743
512 747
513 751
514 753
514 756
513 758
513 762
514 764
513 769
512 771
512 774
511 776
510 780
306 779
298 782
276 787
372 845
383 847
417 849
434 850
425 851
412 856
401 856
396 859
363 861
348 863
341 866
395 868
420 870
428 872
443 874
423 877
400 878
429 881
439 882
434 884
411 886
400 887
428 888
424 890
423 891
411 892
409 893
444 895
444 896
434 898
433 898
400 898
430 900
415 901
438 902
419 903
425 904
452 905
419 906
439 907
410 908
431 909
432 907
427 904
435 916
463 913
446 912
423 912
455 913
463 915
459 915
448 917
441 917
469 917
462 917
451 918
461 918
513 906
524 905
513 903
512 902
513 902
513 902
513 900
513 901
514 898
513 897
513 896
513 896
513 894
513 893
511 892
515 891
513 888
513 886
513 885
513 883
514 881
514 881
513 879
504 876
513 875
514 872
515 871
514 869
513 867
514 865
513 862
513 861
513 858
512 855
514 851
516 851
514 848
515 845
514 844
516 840
514 837
514 835
513 833
513 838
515 830
513 819
518 813
513 814
515 814
511 811
515 802
518 800
513 797
513 795
513 791
512 786
514 783
514 658
484 655
515 655
514 651
513 643
510 642
503 638
510 628
514 628
510 622
512 616
510 613
513 608
514 604
514 599
514 594
514 589
514 585
506 582
515 579
513 575
514 573
506 570
513 566
514 563
513 561
513 558
514 555
514 553
513 549
514 545
514 541
513 539
513 535
513 530
513 526
514 521
513 518
512 513
513 508
513 503
514 499
514 494
513 490
513 486
512 482
512 478
512 474
513 471
513 468
513 464
513 462
513 459
512 455
512 450
511 452
515 445
513 314
513 312
514 308
514 304
513 303
515 296
514 295
514 291
513 289
514 285
513 282
514 279
514 275
513 273
514 269
516 265
516 262
518 259
517 256
519 261
722 258
844 254
775 250
702 245
711 241
710 238
654 236
660 233
633 230
657 228
652 225
635 222
638 220
646 216
666 215
630 211
643 209
626 207
646 204
637 201
647 199
644 197
662 195
647 193
623 191
615 188
617 186
631 183
647 181
624 181
627 177
617 175
641 174
636 170
644 168
625 166
648 164
532 123
556 122
567 120
567 121
561 122
597 121
572 118
582 120
558 117
562 117
594 118
600 116
572 114
557 118
520 115
531 115
546 115
534 115
547 114
545 115
560 116
543 115
554 117
554 115
557 106
523 114
535 113
533 115
536 113
532 113
542 114
558 114
547 113
519 114
519 115
537 115
528 117
520 118
515 117
514 120
513 122
515 125
513 126
515 129
514 129
514 136
514 135
513 136
514 135
514 137
513 139
513 139
513 140
514 141
515 140
515 142
514 253
514 258
513 263
513 267
514 269
514 273
514 276
513 279
513 282
515 286
513 289
513 295
513 297
514 300
513 302
514 306
514 330
513 314
514 318
513 322
515 326
513 330
514 333
516 334
507 339
514 342
514 348
513 349
514 352
513 356
514 360
513 366
512 369
513 373
514 375
512 379
513 383
514 391
513 389
513 393
514 396
512 401
514 403
514 407
514 413
513 416
513 422
512 426
513 430
513 436
514 443
516 446
516 451
515 454
514 457
515 459
514 464
514 637
513 642
505 648
513 651
513 654
514 657
514 662
514 664
514 668
512 673
512 677
511 681
514 682
514 687
510 684
506 685
514 697
513 701
513 703
513 706
513 709
511 712
514 718
514 718
505 722
513 726
513 729
505 732
514 736
514 738
514 742
513 745
513 749
513 751
513 755
513 758
519 762
513 764
506 768
512 771
513 773
512 776
510 778
361 777
247 781
301 785
325 788
332 793
339 795
346 797
383 801
387 803
358 807
369 808
387 812
404 814
385 817
359 904
479 906
472 905
484 906
438 908
429 911
414 906
415 914
375 915
432 914
458 910
450 912
443 913
427 914
424 912
455 915
457 915
442 917
464 919
429 917
466 918
485 919
469 920
463 920
459 921
448 920
474 919
483 921
469 921
482 921
477 921
489 922
490 922
471 922
455 923
486 923
483 922
486 923
471 923
464 923
481 923
487 923
482 923
473 923
495 923
480 922
494 922
497 922
510 921
483 921
497 920
503 919
512 917
512 904
512 914
506 910
510 910
513 845
513 843
513 840
513 837
514 835
515 832
514 829
506 821
513 825
515 820
505 821
513 818
513 811
517 803
530 795
513 797
513 794
513 793
513 790
513 785
513 783
513 781
513 777
514 773
513 768
510 765
510 762
513 759
513 755
513 752
513 748
514 744
514 742
514 737
513 735
513 731
513 728
513 724
513 721
513 716
513 714
514 710
513 706
513 702
514 695
513 696
513 692
513 688
513 683
513 679
513 675
514 673
513 669
514 666
514 662
513 659
513 657
513 466
514 464
513 461
515 458
514 455
513 455
514 444
531 445
518 442
515 438
515 434
514 431
514 426
514 422
515 418
515 413
515 408
515 404
516 400
515 396
515 393
514 388
513 385
514 381
514 376
514 373
514 369
513 367
513 362
513 359
513 354
510 350
515 346
509 343
515 340
513 337
507 334
512 331
514 328
507 326
514 322
515 318
506 316
513 311
513 309
513 306
514 302
513 299
514 295
515 292
514 289
513 287
513 283
514 280
514 276
514 274
514 271
619 150
610 148
599 147
598 146
589 145
569 144
613 143
605 142
603 141
590 139
594 139
608 137
632 136
593 135
578 134
586 135
595 132
618 131
574 130
581 129
580 128
580 128
602 127
571 126
585 125
532 125
568 125
587 124
561 123
576 122
564 121
589 121
586 120
587 120
578 119
566 118
569 117
580 113
559 117
566 116
555 113
544 116
556 116
522 115
543 116
551 115
563 114
555 115
560 116
534 113
543 114
553 116
551 115
547 114
534 115
527 113
525 115
514 181
513 182
513 185
515 188
513 190
513 192
514 195
514 197
514 201
513 203
514 206
512 209
514 213
515 218
514 222
514 225
516 227
510 232
514 234
510 235
514 240
514 244
513 248
513 250
513 251
514 254
513 259
515 263
513 269
515 272
513 272
513 276
514 280
513 286
514 290
513 295
513 298
514 299
513 295
513 305
514 309
514 301
513 317
513 321
514 325
514 327
513 330
514 332
514 338
514 341
514 345
514 350
513 354
513 358
513 362
514 363
513 368
512 518
513 523
513 527
512 532
512 536
512 540
514 543
512 548
512 552
513 553
514 557
514 560
512 562
511 567
510 571
510 573
512 577
513 580
515 583
512 586
512 590
508 594
513 597
512 602
507 605
514 609
513 614
512 618
512 622
512 628
515 631
513 635
513 640
514 645
512 649
513 653
513 656
514 660
514 663
514 667
512 671
512 675
512 678
513 681
514 685
514 689
517 692
519 708
513 699
513 702
512 706
513 708
513 711
514 714
514 717
513 721
512 724
403 865
425 869
371 871
382 872
408 875
391 878
379 878
385 880
441 882
424 883
401 885
396 886
399 888
418 889
444 889
473 891
429 892
419 895
418 895
404 895
430 895
425 899
416 900
403 896
409 901
412 902
422 904
430 905
413 906
424 906
435 907
448 908
424 909
415 907
414 910
451 903
465 911
438 914
443 912
424 914
446 915
454 917
477 916
452 916
448 917
463 919
465 918
465 919
449 919
436 920
468 920
482 921
462 921
498 921
481 921
489 921
471 877
514 875
513 872
513 870
513 868
512 867
513 864
513 862
514 859
514 857
513 855
513 851
514 851
513 847
513 845
514 843
513 840
514 837
513 836
513 832
513 828
514 826
508 822
512 822
513 817
513 814
513 808
512 804
511 785
514 796
512 793
514 789
513 787
514 784
514 781
512 777
513 773
513 770
514 767
513 765
517 762
513 756
513 751
513 749
513 747
514 744
513 742
514 735
514 732
514 729
513 725
513 720
513 718
512 714
514 711
513 708
513 703
513 485
513 483
512 479
511 475
512 472
513 471
514 466
514 463
513 460
511 452
513 454
513 452
515 446
515 445
511 440
515 436
514 432
514 429
507 426
514 420
514 415
507 411
513 406
516 401
515 398
514 394
514 391
514 387
513 382
514 379
514 374
515 370
515 366
514 363
513 359
513 356
513 352
513 349
514 344
515 341
515 338
514 335
514 332
513 330
514 327
513 324
513 320
514 317
515 314
514 310
514 307
513 304
514 301
514 296
515 292
513 291
513 287
514 219
653 217
679 217
660 211
644 208
678 207
650 205
636 202
615 200
643 199
622 196
620 197
618 192
648 190
640 187
634 185
613 183
644 181
648 179
641 177
634 174
629 172
653 170
648 167
637 165
607 163
615 161
615 155
598 157
594 154
599 152
592 151
619 150
614 149
579 148
583 146
579 146
610 144
595 144
593 142
616 142
610 140
615 139
607 138
624 135
612 135
616 134
586 134
610 133
585 131
584 131
560 129
609 130
608 129
562 126
579 127
565 126
603 115
533 113
528 115
547 116
532 114
521 117
526 125
521 115
520 118
518 120
515 120
514 123
513 127
515 128
514 132
513 132
511 134
514 134
515 135
514 137
514 137
513 138
514 139
514 140
514 141
514 143
514 143
514 144
513 145
513 147
508 148
514 150
514 153
514 153
514 155
514 157
515 159
514 160
514 163
514 165
514 166
514 168
513 170
514 173
513 175
515 177
512 180
514 183
512 184
514 186
514 189
514 191
514 194
515 197
514 199
513 203
515 206
513 321
512 329
514 326
513 331
513 336
514 342
509 343
514 344
514 347
513 351
514 357
513 361
514 362
516 367
513 371
514 373
513 376
514 381
513 380
514 385
514 389
513 392
514 394
514 398
514 404
513 408
514 413
515 419
516 423
515 428
516 433
516 437
512 442
512 447
514 450
513 455
515 459
513 461
507 466
513 468
513 472
514 473
515 477
513 480
514 484
514 486
512 490
513 492
514 497
514 497
513 504
515 509
514 512
514 517
511 521
513 525
512 530
514 675
514 677
513 681
512 685
512 689
513 691
510 703
513 697
513 700
513 703
512 707
513 708
513 713
513 717
514 719
514 722
513 725
512 730
513 734
513 737
512 739
514 743
513 745
513 749
513 752
513 755
513 759
513 761
515 765
513 769
512 772
509 774
510 777
510 780
290 779
297 782
293 785
324 790
369 792
382 795
351 798
338 802
355 804
398 807
380 810
382 813
361 814
387 818
380 820
359 823
371 826
391 828
410 831
386 833
370 831
376 840
393 843
427 902
459 902
433 903
432 904
431 904
455 905
465 907
412 908
448 909
432 908
462 908
437 908
440 927
463 909
459 911
474 913
459 913
447 915
456 914
445 916
472 916
463 916
442 919
450 917
459 919
476 919
464 919
469 920
463 921
476 920
482 921
488 921
455 922
445 923
464 921
482 923
495 922
480 922
459 922
470 923
490 922
485 923
490 923
476 923
493 923
478 922
495 923
497 922
470 922
474 921
501 922
510 921
508 920
502 919
509 917
512 917
514 915
513 830
514 829
514 827
513 822
516 809
523 813
521 806
518 811
513 803
522 803
516 799
514 794
513 790
513 786
513 784
513 780
514 779
515 776
513 772
513 767
514 764
512 762
512 758
512 754
515 750
513 746
510 744
513 742
512 739
511 735
512 731
513 727
511 722
511 718
513 714
514 712
512 710
513 707
514 703
513 698
513 692
514 688
514 685
514 681
514 677
513 673
514 671
514 669
513 666
513 664
513 660
513 656
513 652
513 648
514 643
517 635
518 632
514 462
514 459
513 455
513 450
515 449
515 437
510 424
509 435
515 434
516 430
515 427
515 421
512 417
514 409
514 409
515 403
515 398
516 394
514 391
514 386
514 383
513 380
515 376
512 372
515 368
517 365
519 361
512 357
512 353
515 351
513 342
514 343
514 341
514 336
515 334
514 330
513 328
514 326
514 321
514 318
514 315
513 310
515 308
513 302
513 301
514 298
514 293
514 290
514 289
514 285
513 283
513 280
514 275
514 272
515 268
515 267
514 153
614 150
625 150
587 149
602 148
571 147
578 145
592 145
614 143
624 142
553 141
559 140
548 142
559 135
558 137
595 136
605 134
588 134
558 134
599 133
586 132
581 131
572 130
558 129
585 129
585 128
606 128
584 127
575 126
607 126
596 125
622 124
587 122
588 122
579 122
582 122
588 117
560 120
545 120
550 119
565 117
597 115
574 116
544 114
550 116
545 117
564 114
556 116
541 115
542 116
554 114
562 115
571 115
561 112
542 115
548 113
551 114
549 155
513 156
514 158
513 160
513 159
514 163
514 163
513 167
513 169
514 170
513 173
514 174
512 176
512 178
510 180
513 184
511 186
514 189
514 192
514 193
513 196
515 198
514 202
513 205
514 208
513 210
514 213
513 216
515 220
514 225
513 230
513 232
514 236
514 239
514 242
513 245
513 249
513 253
513 257
513 258
513 262
514 265
513 269
514 272
513 277
514 281
514 282
514 286
513 291
513 294
514 296
513 300
514 302
513 306
514 311
514 316
513 320
514 246
514 251
513 253
515 254
514 260
514 263
514 264
514 263
514 271
513 276
514 279
513 279
515 283
514 288
514 291
514 297
514 298
513 301
513 305
516 305
513 310
514 315
513 320
513 326
515 328
513 331
513 334
513 336
514 340
514 344
513 348
514 351
513 358
514 360
513 361
512 367
512 372
513 379
514 378
514 382
513 384
514 387
513 391
513 395
514 397
513 402
513 404
514 411
514 415
513 420
512 425
513 429
513 435
514 436
514 437
514 447
514 452
513 732
512 735
514 738
513 739
513 743
513 746
512 750
514 754
514 755
513 759
513 763
514 767
513 769
513 771
512 774
511 777
510 778
289 779
301 782
321 786
312 789
351 792
362 793
375 799
315 802
342 805
375 809
391 811
378 813
380 813
399 819
393 822
372 824
368 826
379 829
384 832
386 834
384 836
385 841
394 841
399 838
365 855
372 848
388 851
416 852
396 854
398 857
362 859
394 861
393 862
417 866
373 868
385 872
410 872
427 875
424 877
399 878
514 906
512 909
520 906
512 897
516 908
518 905
513 901
513 899
514 899
512 899
511 899
518 897
512 896
512 895
518 894
512 893
512 890
517 890
512 887
511 886
514 885
518 883
513 881
512 880
511 878
512 879
513 874
513 872
514 869
514 868
515 867
514 864
513 862
513 861
513 859
514 855
513 852
513 850
513 848
512 846
513 843
514 841
515 836
513 836
513 833
513 827
514 827
513 823
513 819
501 814
