451 922
459 921
473 922
477 920
479 921
484 922
495 918
499 912
513 916
513 914
513 911
512 910
511 908
513 906
512 904
513 903
513 902
514 899
513 900
513 899
513 899
513 898
511 895
513 895
514 894
511 892
512 892
513 890
512 889
513 887
513 885
513 884
513 882
513 879
514 877
513 876
512 875
512 872
513 871
513 868
513 866
513 864
513 862
514 860
513 858
513 855
513 850
513 850
513 847
514 846
513 842
515 845
513 840
515 835
508 817
517 829
513 825
514 155
514 157
521 158
512 160
512 164
514 164
514 166
512 168
514 170
514 172
512 174
514 177
514 179
513 182
513 185
514 187
514 189
513 191
514 193
514 196
514 199
514 202
513 205
515 209
514 212
513 214
514 218
514 221
514 226
513 229
514 232
513 236
513 240
514 243
514 245
513 250
514 255
513 257
514 258
514 262
513 264
515 270
514 273
514 277
515 280
514 282
513 285
513 290
512 295
513 299
514 301
511 305
513 307
515 310
514 315
512 319
515 322
512 747
514 744
512 740
513 739
513 735
513 729
514 726
513 723
514 720
513 716
512 713
514 709
514 704
513 701
514 696
514 693
514 689
513 687
513 684
512 680
514 675
516 667
509 668
507 671
510 657
510 667
514 656
513 652
514 648
513 644
513 640
514 636
514 631
513 626
514 621
513 617
514 611
513 608
513 604
514 597
513 595
514 590
514 586
514 583
513 584
513 575
513 572
513 573
513 566
513 563
513 560
513 558
513 556
513 553
513 549
514 546
513 543
898 255
956 251
884 247
900 244
884 241
816 238
821 235
815 233
788 229
798 227
801 224
800 222
789 218
783 216
820 213
784 211
794 208
755 206
780 204
747 202
753 199
730 198
760 194
752 194
762 191
738 188
712 187
733 184
750 181
748 179
734 177
762 174
783 173
787 173
771 169
763 166
761 164
770 161
763 159
749 158
739 157
723 154
746 153
719 151
701 149
685 149
648 148
642 146
638 144
627 143
635 142
635 142
605 141
638 139
598 139
624 138
619 135
514 148
513 149
514 150
514 152
514 154
514 156
514 157
513 159
514 161
513 166
514 165
513 166
514 170
514 172
514 173
513 176
514 178
513 180
514 182
515 185
515 188
514 190
514 195
514 195
514 197
515 199
514 204
514 208
513 209
514 211
513 216
515 220
514 223
514 228
514 230
514 236
512 239
514 242
514 244
514 245
514 250
514 255
513 259
514 259
515 262
514 268
513 272
513 277
514 281
514 283
513 284
514 290
514 293
514 294
515 302
514 304
513 488
513 492
514 495
514 499
514 502
515 506
512 511
514 515
514 519
514 523
514 527
513 533
515 536
513 540
514 546
514 550
512 552
513 557
513 560
515 563
515 567
514 568
513 573
513 576
516 579
514 583
514 586
514 589
514 594
513 596
513 600
513 606
513 610
513 613
512 618
514 623
513 626
512 631
511 636
511 640
514 643
515 648
513 651
513 656
512 667
513 664
513 666
513 671
515 675
514 677
513 681
515 686
513 689
513 692
513 696
513 700
515 702
514 842
290 842
322 845
276 847
288 849
295 851
272 853
244 856
260 857
287 860
286 862
245 865
220 866
230 869
282 871
276 874
255 875
271 877
328 879
334 881
316 883
341 886
354 886
379 887
373 889
365 890
348 890
405 891
384 892
382 895
351 895
360 896
413 898
377 900
385 900
363 901
387 902
352 903
364 904
372 903
402 912
388 906
380 909
390 908
412 910
444 910
411 911
420 911
401 911
418 912
457 913
409 913
398 915
423 916
412 915
396 916
373 917
375 900
513 900
513 902
511 898
510 898
514 897
513 896
514 892
513 894
513 893
513 892
513 890
513 888
514 886
513 884
513 884
513 882
513 881
514 877
513 875
514 875
513 872
513 870
513 868
513 866
513 863
514 862
514 860
515 857
513 855
513 853
513 850
512 848
513 846
513 843
513 839
513 837
516 838
512 831
514 827
517 824
513 821
513 818
513 814
513 812
514 809
514 803
514 798
514 796
515 793
515 790
510 787
515 784
514 782
514 777
514 774
514 770
514 574
513 573
514 570
513 568
515 565
513 562
515 559
514 556
514 553
513 550
514 545
514 542
513 539
513 536
513 531
514 528
513 525
513 521
513 515
513 511
514 507
513 501
513 498
514 493
533 487
509 489
511 480
509 477
516 456
512 476
510 472
510 467
513 463
514 458
513 456
514 451
514 447
514 445
513 441
513 437
513 433
513 428
514 424
513 420
513 416
513 412
513 407
513 403
512 401
514 393
514 389
514 386
514 382
514 379
513 376
513 371
513 368
761 206
743 203
775 201
763 200
744 197
754 195
729 194
743 191
754 188
769 188
754 186
766 183
731 181
746 179
748 176
773 174
758 171
752 170
762 165
769 165
775 163
744 160
738 158
755 155
786 155
765 153
738 152
673 151
677 148
694 148
701 147
687 145
639 144
684 143
655 142
686 140
653 140
658 138
631 137
676 136
654 135
623 134
623 133
636 132
655 131
618 131
607 130
587 129
620 129
629 128
592 128
604 127
585 125
616 125
640 125
611 122
599 123
514 149
513 151
514 153
513 155
514 156
514 157
514 159
514 162
514 163
513 165
513 166
515 170
514 171
513 172
513 174
513 177
514 179
514 182
514 184
512 187
513 189
513 192
513 194
514 197
514 197
513 201
514 206
513 212
513 212
514 215
513 219
514 223
514 227
514 230
514 233
513 236
514 240
514 242
513 246
514 249
514 251
513 255
513 260
514 264
514 265
515 269
513 272
516 278
516 281
513 285
515 288
514 289
513 293
514 298
513 303
511 306
511 310
512 393
514 394
514 398
514 401
514 406
514 412
513 418
516 422
514 427
514 430
515 435
513 439
516 444
513 447
514 452
514 456
514 460
514 462
513 464
514 468
514 471
514 474
514 477
515 480
514 482
514 485
513 488
514 493
514 496
513 500
513 503
513 507
514 512
514 516
513 521
513 527
513 531
513 536
513 539
513 543
513 549
513 551
513 556
512 558
512 562
513 565
513 569
513 572
513 575
512 578
513 581
515 585
514 588
515 593
514 594
513 599
513 602
513 737
514 739
514 743
513 746
513 750
515 753
514 756
512 759
513 761
514 766
513 767
513 771
511 774
508 778
427 780
357 778
197 779
184 783
165 787
203 791
176 795
212 796
190 800
210 803
222 806
248 808
273 810
243 817
233 821
233 819
222 822
216 826
194 827
224 830
254 832
285 834
273 837
274 839
267 842
295 843
300 846
277 848
278 849
262 852
298 855
284 857
300 859
277 861
294 863
262 865
271 867
281 869
283 872
223 874
205 877
226 879
263 881
411 917
389 918
403 918
438 921
421 919
424 919
425 921
415 921
438 922
440 921
452 921
433 921
438 923
436 922
423 922
421 921
435 922
477 922
475 922
428 923
420 922
469 922
475 922
461 923
451 923
460 923
464 921
480 922
470 923
448 921
475 921
501 920
501 918
498 907
506 916
513 916
526 914
513 910
511 908
513 908
514 904
512 903
512 902
513 901
513 900
513 898
513 899
513 897
513 896
513 896
513 896
513 894
513 893
513 891
513 889
514 888
513 791
513 786
514 784
514 783
514 779
513 775
513 771
513 769
515 765
515 761
513 758
514 753
514 749
514 748
514 746
512 740
515 736
514 732
513 730
514 728
512 726
513 721
513 716
513 711
513 707
513 704
513 699
514 695
514 691
513 689
513 687
513 683
514 681
513 677
513 667
512 666
514 664
516 656
513 660
520 658
513 651
513 647
513 644
513 640
513 636
513 631
513 627
513 623
513 619
513 615
512 610
512 604
513 601
513 595
513 591
512 586
513 583
512 456
513 453
514 449
514 446
514 442
514 438
514 435
514 431
515 427
513 422
516 418
517 413
514 410
513 405
515 401
513 397
513 392
513 388
514 387
514 379
514 376
513 373
513 369
514 365
514 361
514 356
514 354
513 349
514 346
514 343
514 341
514 337
513 334
514 331
514 327
514 324
514 321
513 318
513 315
513 312
514 307
514 306
513 301
528 311
515 290
516 293
518 283
516 294
510 288
515 281
516 277
513 272
514 270
513 266
515 267
518 260
523 258
627 152
718 150
714 148
719 147
690 145
669 145
653 144
666 143
660 141
682 140
686 139
691 139
671 137
687 136
701 136
690 133
696 132
644 132
640 132
653 130
642 129
671 129
630 127
645 127
633 127
648 126
674 125
652 124
649 124
633 123
627 122
645 121
620 120
625 120
562 120
598 120
601 119
564 119
586 118
585 117
594 117
601 117
622 112
599 116
610 116
589 115
593 115
593 116
592 115
573 115
571 115
580 115
578 116
585 115
574 114
562 115
574 115
578 174
513 176
513 178
513 180
514 182
513 184
513 186
514 189
514 192
514 194
513 195
513 199
514 202
514 204
514 206
514 210
513 214
514 219
514 223
514 226
513 228
513 231
513 235
513 238
513 242
513 244
513 247
514 251
514 254
514 258
513 262
514 265
514 267
514 270
512 273
512 281
513 284
513 286
512 289
513 293
514 295
513 298
513 303
515 306
515 309
513 315
515 319
515 316
514 322
514 327
516 332
513 335
513 342
515 345
513 347
513 352
514 356
516 531
514 533
514 537
515 542
513 544
513 550
513 553
513 557
513 560
514 564
512 568
514 571
513 574
515 575
514 580
513 583
512 587
514 590
512 594
514 597
514 603
513 605
513 610
511 613
513 617
515 622
514 626
513 630
514 635
513 640
512 645
513 649
512 652
514 656
514 659
499 652
514 668
512 672
513 675
513 678
515 684
515 685
514 689
514 692
513 696
513 699
512 703
514 706
513 709
514 711
514 714
513 718
513 721
513 724
514 728
513 732
514 735
322 842
281 843
259 845
294 846
281 850
266 852
305 854
295 855
274 859
264 859
292 862
291 865
295 867
262 869
295 872
301 873
292 875
261 878
286 878
319 881
309 883
294 884
308 886
343 888
340 889
330 890
291 892
292 890
324 893
352 894
305 895
309 897
287 897
345 899
312 902
352 902
365 903
346 903
406 904
377 905
377 907
369 902
416 907
398 908
386 909
411 910
400 911
410 911
376 912
398 913
407 913
404 913
414 915
384 915
415 916
433 916
404 917
513 894
513 892
513 892
513 890
513 889
513 888
514 887
513 885
513 883
513 881
513 879
513 878
514 875
513 875
513 873
513 870
513 868
513 867
514 864
514 861
514 859
515 856
514 855
514 852
512 849
515 848
514 845
512 842
513 839
514 842
515 832
506 829
512 835
517 824
514 821
513 818
513 815
513 812
513 806
514 802
513 799
514 797
513 793
513 790
514 787
513 784
513 780
515 777
513 772
514 769
513 767
514 762
513 759
513 757
513 752
514 748
513 745
513 558
513 556
513 553
513 550
514 546
513 545
513 541
513 538
514 532
513 529
513 524
515 519
515 514
513 510
515 505
515 500
513 495
516 492
515 487
491 491
511 498
513 477
506 471
513 472
514 475
513 461
510 462
514 458
514 455
513 452
514 447
514 444
514 440
515 436
514 432
513 428
513 425
514 420
514 414
514 410
515 406
514 401
512 398
513 393
513 391
513 386
513 382
513 378
514 374
515 370
513 366
513 363
514 359
514 356
514 352
515 348
516 344
757 203
748 201
718 199
754 198
768 197
723 192
759 191
775 189
781 186
734 184
748 184
738 180
728 178
719 175
754 174
758 171
779 168
764 169
795 167
778 163
754 160
714 158
699 156
710 154
713 153
714 151
672 150
695 149
667 147
695 146
649 145
702 144
668 141
695 142
699 141
656 140
659 139
640 136
679 137
684 135
662 135
644 133
663 132
673 132
683 131
669 130
652 129
682 128
668 128
664 127
616 127
627 126
641 124
621 124
653 123
636 124
626 130
515 132
514 134
514 135
514 135
514 136
514 138
515 138
514 140
513 141
514 140
513 141
513 142
514 144
513 145
513 149
514 147
513 150
514 152
513 153
513 155
513 157
514 160
514 162
513 163
513 165
513 169
513 168
514 170
513 172
514 176
513 177
513 179
514 182
513 183
513 187
514 188
514 191
513 194
514 198
513 200
514 203
513 206
514 207
513 212
514 216
513 220
513 224
514 229
513 232
513 233
513 234
515 241
513 244
513 247
513 249
510 251
514 449
514 453
513 456
513 460
513 462
514 464
513 466
513 470
513 472
513 474
513 476
513 480
514 483
513 485
515 489
513 493
513 496
513 499
514 504
512 509
514 513
513 517
513 522
513 527
513 531
514 536
513 539
513 545
513 550
512 552
512 557
513 559
512 564
513 566
514 570
513 573
513 576
514 577
513 582
513 586
514 589
513 592
513 596
515 599
513 603
514 608
513 612
512 617
513 621
513 626
515 630
514 634
514 639
514 642
513 647
514 649
513 656
513 823
230 825
225 827
258 829
259 832
283 833
247 835
302 837
286 840
244 842
288 844
292 846
300 848
273 850
276 852
287 854
297 857
274 859
264 861
251 864
259 866
249 868
267 871
294 872
303 875
324 877
297 878
327 880
319 882
332 884
324 885
355 888
353 888
335 889
330 890
320 892
369 892
314 893
347 895
312 896
306 895
333 898
344 899
326 900
302 903
327 903
328 903
338 903
321 905
349 907
363 901
403 909
370 909
336 910
398 911
398 910
425 912
385 899
513 899
513 898
515 897
513 895
513 893
511 894
513 893
514 891
514 889
513 887
513 885
513 885
514 882
513 879
513 879
513 877
514 874
514 872
513 872
513 868
514 867
513 868
513 862
513 860
514 859
513 856
514 853
513 851
513 848
513 844
512 842
514 840
513 838
513 851
511 837
515 828
511 816
514 822
515 820
512 816
513 811
513 809
513 806
513 802
512 796
513 793
514 791
513 787
513 785
513 782
513 778
513 774
513 771
513 770
513 766
513 761
513 680
513 677
513 674
515 670
522 667
513 651
512 660
507 657
512 659
521 652
514 648
513 645
513 641
513 636
513 633
513 628
514 623
513 618
513 613
513 607
513 603
514 598
513 593
513 589
513 585
513 582
514 579
514 576
513 574
513 570
513 567
513 565
513 562
513 558
513 556
512 553
513 549
513 546
513 542
514 538
513 535
513 529
513 526
513 520
513 516
513 511
513 507
513 503
513 497
514 492
514 489
514 486
514 480
516 478
516 477
516 465
514 468
514 332
514 329
513 327
512 324
513 321
514 317
513 313
514 311
514 307
513 304
513 303
511 291
514 274
513 290
507 289
514 289
508 286
514 279
511 277
504 265
514 269
514 265
516 263
520 261
524 257
644 256
655 254
802 255
884 253
885 248
872 245
837 242
836 238
845 236
848 231
832 228
791 225
800 223
792 220
810 218
767 215
763 213
794 210
795 207
768 206
735 203
766 201
777 199
769 196
737 194
734 192
764 190
778 188
762 186
742 183
760 181
783 179
645 129
684 128
657 128
626 127
643 126
649 125
648 124
630 124
608 123
627 123
626 122
644 120
605 120
609 119
656 119
654 119
642 117
613 117
610 117
615 117
612 115
578 116
575 116
569 115
591 116
596 116
593 115
591 115
592 115
570 115
600 115
613 115
578 115
551 116
575 115
578 115
568 115
571 115
574 115
552 115
555 113
567 116
559 117
524 117
525 118
520 119
517 120
514 121
514 125
514 127
514 129
514 131
514 133
514 135
514 135
514 135
514 137
515 203
514 209
514 213
514 216
513 218
513 223
513 226
513 230
513 233
513 236
513 238
514 241
513 246
513 249
514 252
513 257
513 256
513 261
512 265
514 270
511 274
514 275
514 278
513 280
513 285
514 291
513 295
513 300
513 299
515 302
514 306
515 310
515 316
515 318
515 322
513 326
514 331
514 333
513 336
514 339
514 343
515 348
514 351
513 356
515 359
514 362
511 367
513 368
514 373
513 376
514 377
515 382
514 385
513 389
513 391
514 396
514 400
514 549
515 553
514 555
513 560
513 565
515 565
514 569
513 573
513 575
513 577
514 580
514 584
512 587
514 591
513 595
513 598
513 603
513 606
513 610
512 615
512 620
511 625
511 629
513 633
513 636
515 641
513 645
514 649
514 653
513 657
513 661
513 665
512 672
513 672
513 675
514 679
513 683
514 686
512 691
513 693
513 697
513 700
515 703
514 706
513 709
513 712
513 716
513 719
514 722
513 725
513 729
514 732
513 737
513 739
513 742
512 745
514 868
227 868
247 871
254 873
291 875
312 876
290 879
335 879
327 882
341 884
294 886
278 886
272 888
328 889
348 891
359 891
338 893
352 894
376 895
396 896
377 897
381 897
377 899
384 900
378 902
348 903
360 903
373 904
399 905
346 907
354 908
384 908
351 909
400 909
379 910
367 911
385 911
388 911
391 913
399 914
412 914
383 914
383 916
408 917
378 916
390 917
362 918
372 918
412 918
422 919
422 920
423 920
402 922
444 921
455 921
461 921
431 921
431 881
514 879
513 877
513 876
513 873
514 873
514 869
514 869
514 866
513 865
513 865
514 861
514 858
513 857
513 854
513 852
514 849
513 846
513 843
513 841
513 839
513 836
513 837
512 832
496 828
512 821
514 822
510 817
513 813
513 810
513 808
513 804
513 801
513 797
513 792
514 788
513 786
513 783
513 780
513 777
513 775
514 767
513 764
513 762
514 760
514 755
514 750
514 746
514 743
513 742
513 741
513 735
513 731
513 727
513 723
514 720
513 715
513 543
514 540
513 536
513 532
513 530
513 526
514 521
513 518
513 514
513 509
513 506
513 501
513 497
512 493
513 488
512 485
512 484
517 476
515 471
517 483
513 470
513 463
515 461
505 448
514 454
513 450
513 447
513 444
512 440
514 435
514 431
515 428
515 424
514 419
514 415
513 411
513 407
514 402
514 396
513 392
515 389
514 385
512 382
513 378
513 374
512 370
510 366
514 363
515 358
514 355
513 352
513 348
513 345
513 341
513 337
514 335
515 331
514 217
773 214
777 213
792 209
755 209
741 205
742 201
764 201
743 200
755 197
757 195
771 193
764 191
768 189
749 186
748 184
756 181
773 179
776 177
751 174
732 173
738 170
763 169
742 164
742 166
738 172
746 160
722 158
729 156
700 154
706 153
720 151
688 150
668 149
666 147
682 146
662 144
633 144
607 143
661 142
669 141
652 140
632 139
641 137
659 137
656 136
667 135
643 134
686 130
677 132
678 130
630 129
619 130
665 128
657 127
646 126
583 126
514 131
514 134
514 135
514 136
514 137
514 138
514 139
512 139
514 140
513 140
514 143
514 144
514 145
514 145
513 147
513 148
513 150
513 152
514 154
514 156
514 157
513 161
512 161
514 163
514 165
512 167
509 169
512 170
514 173
513 175
514 177
515 180
512 180
514 184
512 187
512 191
513 193
514 194
514 197
514 200
513 205
513 207
513 210
514 213
514 216
512 219
513 223
513 227
514 231
514 236
514 239
513 240
514 243
513 246
513 252
513 255
514 256
514 444
513 448
514 452
514 455
514 457
513 459
514 462
514 465
514 468
514 471
514 474
513 476
514 478
513 482
514 485
514 489
513 493
514 497
511 501
512 505
514 511
514 514
512 519
514 523
515 527
512 531
514 536
514 540
514 545
513 549
513 553
513 557
513 560
513 563
513 566
515 569
514 572
513 576
513 578
514 582
513 586
514 588
512 593
513 597
512 601
513 604
513 609
513 614
514 616
513 621
514 625
514 629
513 635
513 639
513 643
512 645
514 650
241 806
240 809
244 812
256 814
262 817
234 819
215 830
189 820
235 826
238 828
214 832
270 833
290 835
289 837
267 839
254 842
289 844
287 846
268 849
233 849
259 852
260 854
279 858
260 859
267 862
283 864
292 866
277 869
261 871
288 872
283 875
319 877
309 879
327 881
294 883
319 883
327 886
349 887
352 889
369 890
378 892
366 892
379 892
365 894
374 895
359 896
368 898
355 899
348 899
313 900
358 902
373 902
352 904
350 904
303 905
367 905
354 907
452 922
460 921
467 921
496 920
504 918
502 918
508 916
510 912
507 912
510 910
520 907
515 905
514 904
513 903
513 902
513 903
513 900
513 899
512 897
513 898
513 896
513 896
513 895
513 893
513 892
513 890
514 889
513 888
512 886
513 884
513 883
513 880
513 879
513 874
513 873
513 872
513 870
513 869
513 867
512 864
513 862
513 860
512 857
513 855
513 853
514 850
513 848
513 846
514 843
514 840
512 837
514 834
513 832
500 831
518 821
513 828
511 820
513 632
513 630
513 625
515 621
514 614
514 610
512 606
510 602
514 597
513 592
511 589
514 585
513 577
514 577
513 574
513 571
513 569
513 564
513 562
513 559
513 557
513 554
514 551
514 549
513 545
512 542
513 538
514 533
513 528
513 525
513 520
513 516
513 511
513 506
512 501
513 497
508 494
514 489
513 486
514 482
515 478
508 473
511 475
518 471
512 466
513 467
508 461
512 461
515 453
514 448
513 445
513 442
513 438
513 434
513 430
513 426
512 248
844 244
835 242
801 239
831 237
785 234
794 231
830 229
797 225
827 223
827 221
801 218
779 215
765 213
786 209
779 208
766 205
747 203
746 199
741 199
730 197
744 194
742 192
756 190
783 188
781 185
769 182
798 181
755 178
767 176
744 174
761 172
736 170
768 167
746 166
730 163
740 158
745 158
741 158
702 156
680 154
679 153
690 149
678 148
655 147
625 146
700 146
707 144
697 143
676 143
691 141
678 141
674 139
672 138
639 137
697 136
670 136
672 133
515 134
515 135
515 135
514 137
514 138
513 138
514 139
514 140
514 141
514 141
514 143
514 143
514 145
514 147
515 148
513 149
514 150
513 153
514 155
513 157
512 160
514 160
513 161
514 164
514 166
514 169
515 170
513 172
514 175
514 177
514 179
514 182
514 185
514 186
514 188
514 191
514 194
514 196
514 199
514 202
512 205
513 208
514 212
514 216
514 218
513 220
514 224
514 228
514 232
514 236
514 240
513 244
514 246
513 250
513 254
514 257
513 342
514 345
513 347
513 351
513 355
514 358
513 360
514 367
514 369
513 369
513 374
513 379
514 383
515 387
511 390
508 394
513 398
511 404
509 409
514 413
512 418
510 422
514 426
514 431
513 435
514 439
513 444
513 449
513 451
513 455
513 459
513 462
513 463
514 467
515 470
514 473
514 475
514 479
514 481
514 483
514 487
514 491
513 494
514 499
514 503
514 507
514 512
513 514
514 520
513 526
514 528
513 534
514 537
514 543
514 545
513 551
513 553
513 693
512 695
514 698
513 701
512 704
512 707
513 710
514 713
514 716
513 719
514 723
513 727
513 730
513 735
513 736
514 740
511 742
509 746
514 749
513 753
509 756
514 758
513 761
514 766
514 770
511 770
511 774
510 777
486 779
361 774
210 781
197 783
197 787
193 790
196 793
177 797
193 800
191 803
212 807
229 811
238 810
247 814
249 816
256 820
248 839
252 823
232 827
253 830
282 832
276 834
249 836
239 838
255 840
293 843
294 845
284 848
282 849
391 908
363 916
419 908
415 909
442 910
437 910
387 911
404 912
363 913
366 913
389 914
378 915
367 915
375 916
370 916
374 917
398 917
390 918
419 918
410 919
409 920
405 920
425 921
440 921
456 921
430 921
441 921
440 921
443 919
440 921
425 922
416 922
444 923
462 926
467 922
445 921
446 923
460 922
480 922
476 924
443 923
451 921
481 922
480 920
472 921
484 920
496 919
509 919
508 917
511 915
512 913
510 911
521 911
509 907
512 904
513 901
513 900
513 839
513 837
513 835
509 832
514 829
514 841
516 830
506 791
517 814
506 812
513 810
513 806
513 804
513 798
513 795
512 792
514 788
513 784
513 782
512 781
513 777
514 772
513 767
513 764
513 761
513 758
513 757
513 752
514 748
514 743
513 741
514 736
513 733
513 731
513 729
513 724
513 720
514 716
514 712
513 708
513 703
514 700
513 696
513 694
513 690
512 688
513 684
513 680
513 676
513 673
513 669
513 666
523 659
514 658
521 659
513 642
513 650
514 505
514 500
513 497
513 494
513 491
513 487
513 484
514 480
513 467
512 472
508 471
512 472
515 464
518 463
512 462
510 443
512 450
513 446
515 442
515 438
514 436
514 431
513 427
513 423
513 418
513 413
513 409
513 405
514 400
513 397
513 392
514 389
513 385
513 382
514 376
514 372
513 369
514 365
513 364
514 358
513 354
513 350
513 347
514 343
513 340
514 336
513 334
513 331
513 328
514 324
514 320
514 318
514 314
514 311
513 308
516 304
514 302
766 178
780 177
761 174
762 171
746 170
724 167
753 165
753 162
764 166
730 157
724 158
753 156
763 154
717 153
714 152
686 150
633 148
642 147
641 146
615 145
637 144
619 142
664 142
615 141
663 140
651 139
659 138
673 136
665 135
661 134
624 133
631 132
639 132
638 131
638 130
613 128
628 128
617 127
658 126
586 125
626 125
637 124
634 124
646 123
614 124
632 122
632 121
615 121
604 120
613 121
628 118
634 120
614 118
599 118
598 117
589 116
595 117
515 150
514 151
514 152
513 156
513 157
513 159
515 162
514 162
514 164
514 166
514 167
513 170
514 171
514 173
514 176
514 178
513 180
513 183
514 185
513 188
514 190
514 192
514 196
514 198
514 202
514 203
513 206
512 210
514 213
513 217
514 223
514 226
513 228
514 231
514 233
513 238
513 239
514 244
513 247
514 250
514 253
514 257
511 261
513 265
514 268
510 271
514 275
513 280
510 284
515 284
514 288
509 289
514 294
514 297
514 303
514 306
512 479
513 482
513 485
509 485
514 487
513 491
514 495
513 499
514 503
513 508
515 512
514 516
513 520
513 523
513 528
514 533
513 537
512 541
514 546
514 549
514 553
514 557
514 560
513 563
514 567
513 572
514 572
513 577
514 578
513 582
513 585
514 590
513 594
513 597
514 598
515 604
513 609
514 614
514 618
513 622
513 627
512 632
515 635
514 640
513 643
513 649
513 653
512 657
513 661
514 664
514 667
514 670
513 675
513 678
513 683
513 686
513 693
514 811
235 814
236 816
217 818
218 821
201 820
205 822
219 829
269 831
291 834
303 835
291 838
267 840
275 842
286 845
263 847
253 849
265 850
292 853
302 856
285 858
268 860
252 862
265 865
271 866
249 869
250 871
277 873
275 875
278 878
249 879
267 881
300 883
354 885
341 887
338 888
341 888
384 890
372 892
360 891
388 894
370 895
403 896
359 897
387 897
388 900
395 900
382 900
379 902
410 904
378 904
392 904
393 906
414 907
423 908
422 910
380 912
376 904
513 905
513 903
511 903
512 901
513 901
513 899
513 899
513 898
513 897
514 896
512 895
513 892
513 892
514 892
513 890
514 887
513 886
513 885
513 883
513 881
514 880
513 877
514 876
513 874
513 871
513 869
514 868
512 866
514 863
513 861
513 859
513 857
514 855
514 852
513 850
514 847
511 845
514 843
514 840
510 837
514 836
513 831
509 828
496 823
516 833
520 819
513 815
515 812
513 808
513 802
514 798
513 795
513 794
513 790
513 787
513 783
512 600
514 595
513 591
513 588
514 585
513 580
513 576
513 572
514 569
513 565
516 563
515 561
513 558
513 556
513 553
513 549
513 547
513 544
513 540
513 535
513 533
513 528
513 523
513 518
513 514
512 509
513 505
513 500
513 496
513 492
513 488
513 484
513 480
513 477
513 469
522 474
506 466
515 472
513 467
510 457
503 455
515 464
513 449
513 446
513 442
513 437
513 433
513 429
514 425
514 424
514 416
514 411
514 407
514 402
515 397
515 393
513 390
514 455
520 457
510 456
516 448
515 444
516 441
513 438
514 434
514 431
514 426
514 421
