436 902
460 903
409 904
423 905
401 906
427 905
436 906
461 908
474 912
462 906
457 914
436 910
435 911
451 911
450 912
466 913
440 914
432 914
441 915
462 916
466 917
431 917
456 918
466 918
468 919
466 923
465 920
467 918
481 920
473 922
475 923
461 921
490 924
497 922
474 922
457 922
475 922
484 922
488 925
477 923
469 919
472 924
500 920
500 920
469 924
472 923
495 922
497 922
479 923
474 923
499 922
509 926
503 921
500 920
526 923
507 910
514 918
555 118
551 116
564 115
577 115
571 115
554 115
543 115
546 115
569 115
558 113
532 114
524 115
551 114
572 114
545 115
530 114
541 116
565 113
547 114
530 114
533 114
528 115
537 115
533 116
528 115
517 117
520 118
517 119
519 120
514 122
516 125
514 126
514 129
514 131
513 132
514 133
514 134
513 136
514 137
523 138
516 139
513 140
513 140
514 143
512 142
514 143
513 145
513 145
514 146
513 148
513 150
514 150
514 152
514 153
515 158
513 162
513 160
513 891
516 891
520 888
513 886
514 886
513 884
513 882
513 881
513 878
513 876
514 876
515 874
513 873
512 869
514 868
513 865
513 863
513 861
513 860
513 858
514 851
514 852
513 850
514 847
513 845
513 842
513 840
514 853
505 832
506 828
519 831
517 838
510 819
515 819
513 814
513 811
514 808
513 804
514 800
514 796
513 791
513 790
513 787
514 784
513 779
509 776
513 773
513 769
514 764
513 764
513 759
514 756
513 752
514 748
514 746
514 742
514 740
516 436
513 431
513 429
513 425
515 422
515 418
515 414
513 409
514 406
514 401
514 397
513 392
515 389
514 385
514 381
514 377
513 375
514 370
515 365
515 363
515 359
515 354
513 352
512 349
512 345
513 341
514 338
512 334
514 331
514 329
515 326
510 323
513 320
514 316
514 312
514 309
515 306
514 302
513 300
513 297
514 294
514 289
514 288
513 278
514 280
510 278
513 274
514 272
512 268
514 265
514 261
518 258
600 257
651 255
635 253
626 249
649 248
573 118
580 117
585 117
597 117
579 117
573 116
552 116
535 116
542 117
549 115
551 115
541 115
540 114
537 113
551 114
542 113
554 115
539 114
539 115
560 115
566 114
531 115
527 108
539 114
550 115
529 114
520 116
531 116
535 115
524 116
521 120
517 119
517 119
514 122
513 124
513 125
514 131
514 130
514 132
515 133
514 134
516 136
514 138
514 137
516 138
514 138
514 140
516 140
522 141
513 142
516 144
521 144
513 146
512 149
515 150
521 151
512 292
514 294
513 299
513 305
514 309
513 308
514 311
514 315
514 320
514 325
513 329
512 333
514 337
514 338
513 341
514 344
513 349
514 352
514 357
513 361
514 364
514 368
512 370
510 374
513 377
512 380
513 384
512 389
513 393
513 395
513 399
514 403
513 408
513 412
513 418
514 422
511 427
513 431
514 437
513 440
514 445
514 450
513 454
514 456
514 461
514 464
522 467
515 469
514 471
513 475
514 477
513 480
512 483
513 486
516 489
523 493
512 497
515 685
513 688
513 692
513 718
512 699
519 701
513 703
514 706
512 710
512 712
512 714
513 718
513 722
513 725
512 728
512 732
515 734
513 738
513 741
513 744
513 747
513 750
513 753
514 756
513 759
513 762
516 766
513 770
513 774
520 775
509 778
468 782
415 782
387 785
405 788
382 790
374 793
339 796
369 800
371 804
364 806
361 808
346 811
389 813
372 815
358 820
382 822
395 824
394 823
353 830
378 833
390 834
411 837
390 838
389 841
383 844
399 845
391 918
444 910
417 908
441 912
438 911
434 914
437 914
422 916
451 915
458 915
439 918
422 918
425 917
457 918
466 919
441 918
450 919
457 920
474 920
482 922
457 921
457 921
474 921
489 922
500 921
484 922
488 924
470 922
482 922
472 923
474 923
478 922
481 923
476 923
486 923
475 922
487 923
500 923
486 922
469 923
508 922
496 922
500 921
492 921
512 920
512 915
521 920
517 918
512 914
520 910
513 909
513 907
513 905
510 904
513 902
513 902
513 902
513 773
513 769
513 765
514 765
514 761
514 756
513 754
513 753
513 751
516 744
514 740
513 739
513 737
513 734
513 730
514 726
513 721
513 718
514 714
513 711
513 708
514 704
514 700
513 695
513 691
513 687
513 685
513 681
513 678
513 676
513 672
513 669
512 667
525 659
513 638
510 655
512 653
511 646
522 645
513 639
513 634
515 632
515 626
514 620
514 616
513 611
513 607
513 602
514 597
514 594
518 589
513 585
513 582
514 578
520 575
514 573
514 569
515 372
514 369
515 366
513 364
513 359
513 356
513 352
514 348
515 344
515 341
513 338
513 336
512 333
513 330
512 327
514 322
515 320
515 316
513 313
513 310
515 307
513 304
514 301
515 297
514 294
514 292
513 287
514 284
515 283
514 278
514 275
514 272
513 269
515 265
515 262
516 259
569 257
617 255
684 250
660 248
665 246
640 244
648 241
653 239
655 235
669 232
663 230
671 227
671 224
644 222
650 220
663 217
664 213
641 211
639 208
634 206
659 204
600 120
587 119
557 119
554 118
583 117
571 117
557 117
533 116
559 116
569 116
590 115
568 117
545 115
529 115
543 115
557 115
571 115
540 114
528 117
556 115
570 115
549 114
548 114
553 114
543 114
548 114
535 115
523 115
549 115
555 114
521 117
519 115
525 116
536 117
517 118
515 119
519 121
516 123
514 125
514 127
514 129
514 131
514 133
513 134
514 134
513 134
513 138
514 139
514 139
514 140
514 140
515 141
514 142
514 143
513 145
514 145
514 148
513 197
514 199
514 201
513 208
519 207
514 210
513 214
514 216
513 220
513 224
513 227
513 229
514 233
514 239
514 239
514 242
516 245
514 249
513 254
514 257
518 259
514 260
514 266
514 270
513 274
515 278
513 280
514 282
513 287
513 290
513 294
513 299
514 302
514 304
513 307
513 312
513 315
514 319
513 323
512 326
513 331
513 336
513 337
514 340
513 342
513 348
514 350
513 355
515 356
514 361
513 367
511 371
513 376
514 378
514 381
513 384
514 387
512 521
512 525
514 530
518 534
512 536
511 545
513 545
512 550
512 553
513 556
514 559
514 563
512 566
514 567
514 572
514 574
511 577
513 582
512 585
513 589
512 592
513 596
514 600
514 603
514 606
514 612
508 616
512 620
514 625
514 628
512 634
513 638
512 643
512 648
511 651
511 655
512 658
513 662
514 664
514 668
513 673
505 680
513 681
512 684
512 688
513 691
514 694
513 697
513 700
512 704
513 707
512 710
514 713
515 716
514 719
513 723
513 726
397 833
373 835
414 838
411 840
394 842
377 844
382 846
387 848
374 852
357 854
368 855
400 858
410 861
390 863
403 865
394 868
415 868
394 872
419 874
406 876
438 878
425 880
414 882
384 883
419 885
434 887
431 888
421 889
424 889
452 892
428 892
414 895
407 895
417 896
418 898
424 899
385 899
424 900
427 902
428 903
414 904
406 905
433 906
413 907
470 908
439 908
449 910
471 913
448 910
471 903
464 912
483 913
471 913
480 915
455 915
463 915
462 920
504 919
487 912
510 925
513 914
511 911
513 911
514 908
513 906
513 905
512 904
512 903
513 901
513 900
513 900
513 899
510 898
514 897
513 896
513 895
514 894
513 893
513 893
513 891
513 889
513 888
513 886
514 885
514 882
513 880
514 878
513 876
514 874
514 873
514 871
513 869
514 867
515 864
514 863
512 859
515 858
515 855
514 853
513 846
515 849
514 846
513 844
513 842
513 839
514 835
510 829
514 830
506 828
515 823
516 817
513 818
505 813
513 686
512 680
513 678
513 675
518 672
514 670
513 669
515 667
517 660
512 662
515 654
513 648
510 646
515 646
516 636
515 632
514 626
516 621
514 617
513 613
513 608
513 605
514 601
513 596
513 592
509 587
513 584
513 579
513 578
514 574
513 570
514 568
515 562
513 562
514 559
513 556
514 554
513 550
512 547
513 544
513 540
511 536
512 532
512 526
511 522
511 516
511 514
511 508
511 504
511 499
512 494
511 490
514 486
515 483
513 479
513 476
514 473
514 311
513 309
513 306
514 302
512 299
512 296
513 293
512 290
513 287
515 283
512 285
506 279
511 276
513 272
515 267
514 266
514 263
514 259
516 258
580 259
624 254
650 253
660 247
638 247
665 242
653 241
697 235
686 233
678 230
659 227
656 224
660 222
630 219
635 218
653 214
674 213
656 209
626 207
640 204
650 202
665 201
644 198
624 196
624 193
649 189
640 189
633 186
637 184
642 182
654 180
625 177
622 175
625 173
631 170
619 168
614 166
629 164
653 117
589 116
566 115
580 115
566 116
567 116
525 115
537 115
554 115
578 114
555 115
537 115
534 115
557 114
557 114
542 113
534 114
544 114
543 113
548 114
533 114
535 114
525 114
553 115
534 116
516 115
528 117
521 118
514 120
513 120
517 122
515 124
513 127
514 129
514 131
514 132
515 134
514 134
513 135
510 137
514 137
512 138
512 139
513 140
514 141
513 142
513 143
513 144
513 145
513 150
512 150
512 152
513 154
512 154
512 157
512 157
515 160
513 294
514 300
513 301
514 303
514 305
514 310
513 314
513 318
513 321
514 325
515 328
513 333
513 336
514 339
514 343
514 346
513 350
514 354
513 356
514 361
514 365
514 369
513 372
508 375
514 380
513 381
513 385
513 389
513 392
513 396
513 398
514 401
513 407
514 412
513 415
514 421
515 426
513 431
514 435
514 439
514 445
514 448
514 452
514 456
515 457
514 463
515 466
514 469
515 471
514 474
515 478
512 480
512 481
511 487
512 491
512 494
512 498
513 646
512 652
513 657
512 661
513 664
514 667
514 673
513 675
522 679
513 683
512 686
512 690
513 693
514 697
511 699
513 702
513 706
513 709
512 714
513 715
513 718
514 721
510 725
511 728
512 732
513 735
513 738
513 741
515 744
514 748
513 751
513 754
512 759
512 761
515 764
512 767
513 770
514 773
514 775
510 778
442 779
407 782
381 786
354 788
365 791
387 794
380 794
354 802
339 803
360 807
382 809
392 812
391 812
360 817
382 818
362 820
357 826
412 909
411 910
447 906
434 913
449 905
414 912
442 913
424 913
435 914
439 915
431 916
454 916
449 917
445 918
442 919
446 921
487 919
495 920
469 920
455 921
475 920
491 921
503 921
465 922
458 921
473 922
484 922
482 922
472 923
458 922
483 921
490 923
468 923
469 920
485 923
499 923
485 920
470 925
484 921
502 921
490 922
497 922
481 922
502 920
513 919
506 920
507 916
512 914
512 925
512 915
515 908
501 907
513 907
513 903
512 904
513 903
514 901
513 799
513 796
513 791
513 785
513 785
514 782
514 778
513 774
514 771
513 768
514 767
514 763
513 761
514 756
514 748
514 747
514 745
513 743
514 740
513 737
514 732
514 729
514 724
513 720
513 716
515 711
514 707
513 708
513 705
513 697
514 693
513 691
514 686
514 683
514 681
514 677
514 673
514 670
514 666
513 663
519 659
512 653
518 638
515 648
511 648
511 636
514 642
510 635
511 630
512 626
511 621
513 616
514 611
513 606
513 601
507 597
512 592
514 417
515 412
514 408
513 404
513 400
513 396
514 392
515 386
513 385
513 381
514 378
513 374
513 370
515 366
515 363
515 360
513 355
513 352
511 349
513 345
515 339
514 338
515 333
514 332
514 329
513 327
513 323
514 321
514 316
515 313
514 309
513 305
513 302
513 299
514 296
515 293
515 289
516 286
513 283
511 278
514 280
517 273
507 271
515 267
512 265
513 262
519 259
522 258
625 256
629 253
647 250
677 247
648 244
660 242
657 238
696 234
685 144
645 143
594 141
601 141
592 140
573 138
572 138
608 136
599 135
592 134
558 133
592 132
606 131
571 131
570 129
563 128
597 129
575 127
554 126
556 125
540 126
597 125
557 124
578 124
564 123
588 122
577 122
588 120
595 120
591 119
586 119
582 118
560 117
569 117
570 116
570 116
551 116
540 115
532 115
564 115
542 115
541 114
549 115
571 114
559 114
547 113
538 114
553 114
564 114
539 114
525 114
533 111
558 114
553 114
534 113
528 114
524 115
539 199
512 203
515 207
514 207
513 212
515 214
514 218
514 222
513 222
514 227
514 231
511 235
514 238
514 239
514 243
514 247
513 251
515 254
513 256
514 259
513 263
514 268
514 271
513 273
514 276
507 277
514 285
513 288
514 293
513 296
513 298
514 300
513 303
510 308
512 313
514 317
514 320
513 323
514 326
513 329
514 334
515 339
513 341
514 345
513 348
514 352
513 357
513 359
513 362
514 366
512 369
512 371
514 377
514 380
515 381
513 387
513 391
513 596
513 599
513 602
515 607
511 608
509 615
514 620
515 624
514 626
512 632
513 635
513 638
514 642
514 646
515 651
514 655
513 658
513 663
513 665
513 671
514 674
514 677
513 683
513 685
513 688
512 692
512 695
513 698
517 701
514 704
513 708
513 710
512 714
514 715
512 720
513 723
513 726
513 730
514 733
513 735
514 740
512 743
513 747
514 749
514 753
513 756
513 758
512 762
513 765
514 768
512 771
507 774
512 778
461 778
412 780
402 783
389 787
356 899
457 898
439 900
442 901
438 901
436 904
430 904
406 906
406 907
425 908
422 909
426 908
400 907
439 912
443 906
474 924
443 913
435 913
456 914
452 915
442 913
434 916
426 916
446 919
436 917
415 919
449 918
475 920
492 920
474 920
479 921
496 921
496 921
485 921
464 922
452 922
485 922
482 922
471 923
455 923
484 922
486 919
495 922
477 923
481 922
488 923
501 923
476 923
475 922
494 922
506 921
492 921
498 921
492 921
509 921
507 920
508 919
508 888
512 887
513 885
514 884
513 884
514 880
514 878
514 876
513 874
514 872
513 870
513 868
514 866
513 864
508 862
513 859
507 857
513 855
514 854
513 851
513 849
513 846
514 843
514 841
513 838
514 835
513 831
512 832
502 829
517 819
515 818
511 810
518 816
511 808
513 804
514 801
513 796
514 794
513 790
513 790
513 788
513 782
514 778
514 775
514 772
513 768
513 766
513 762
513 759
513 754
513 749
512 745
514 742
514 742
510 741
510 733
514 728
513 590
514 587
515 582
515 578
514 575
514 572
513 571
514 569
513 565
513 564
511 561
512 558
514 555
508 552
514 548
507 545
511 542
507 538
514 534
512 530
515 525
515 520
514 516
514 511
516 506
515 502
515 497
513 493
515 490
514 487
513 482
515 479
515 475
515 472
516 467
513 463
516 465
508 460
512 459
512 455
515 449
517 445
514 443
511 436
514 434
513 431
514 425
514 420
514 417
514 413
514 407
514 404
515 400
514 393
515 392
516 387
515 383
514 264
514 262
518 259
523 258
638 256
656 253
660 251
678 248
667 245
659 242
663 240
666 237
672 233
651 231
634 228
626 225
653 222
649 220
671 217
647 214
651 212
649 209
652 207
640 205
631 202
655 200
660 198
654 200
632 193
623 191
645 190
650 187
639 184
614 181
620 180
615 177
609 176
618 174
626 170
620 170
646 166
622 164
634 163
641 160
664 158
638 156
631 155
645 153
623 152
596 150
578 148
570 147
593 146
614 145
579 144
600 143
583 141
538 115
556 115
556 115
528 115
533 115
573 116
567 116
544 114
534 114
547 115
557 114
551 114
530 114
524 114
560 115
549 115
529 114
535 115
545 115
536 115
520 117
512 117
518 118
516 119
507 121
514 123
514 125
514 128
514 128
513 130
514 132
514 133
513 135
514 137
514 137
513 138
514 139
514 140
513 141
514 141
514 143
513 144
513 145
513 147
514 148
514 148
511 151
513 153
513 153
510 158
513 159
514 159
513 162
512 164
513 166
514 168
514 170
513 279
513 286
513 287
514 291
513 293
514 296
514 302
513 304
513 306
514 309
514 314
513 318
514 323
513 325
507 328
513 332
511 337
509 340
513 344
512 347
507 350
514 354
515 358
508 362
514 366
514 368
513 371
513 376
514 377
513 381
514 383
513 388
514 391
513 396
513 401
514 404
513 409
514 413
514 417
514 422
514 428
514 431
513 437
514 443
514 447
513 450
514 455
514 459
513 461
512 463
514 467
514 471
514 471
512 476
511 479
512 481
511 660
512 662
512 667
512 669
514 673
515 678
513 681
498 686
514 687
517 690
513 693
513 696
507 700
521 702
513 705
513 708
514 711
513 714
513 717
515 722
513 725
512 728
513 732
514 735
514 738
514 742
514 745
513 748
512 752
513 754
514 757
513 762
513 764
514 767
514 770
513 771
514 775
504 779
416 779
388 782
396 786
353 789
337 793
353 795
372 798
404 801
384 803
383 806
397 808
387 811
386 814
357 816
374 818
363 822
379 824
361 827
354 830
375 906
430 909
441 908
466 909
461 910
441 909
448 910
444 907
420 913
433 913
425 914
470 915
441 916
430 918
466 917
466 923
480 919
451 918
453 919
492 920
494 920
475 921
464 922
473 920
480 922
470 922
475 921
472 922
483 923
476 924
476 922
465 923
489 923
490 922
486 922
469 923
496 922
477 922
482 923
484 923
484 922
483 921
503 923
497 921
493 922
484 922
506 920
506 919
510 918
512 916
501 938
527 907
513 904
520 910
525 900
513 904
513 903
513 814
514 806
518 811
511 805
513 801
514 800
513 796
514 792
514 790
513 791
514 785
513 781
514 774
513 772
514 770
512 768
513 764
513 758
514 754
510 750
514 749
513 747
513 742
512 739
513 736
513 731
513 727
513 725
513 721
513 718
512 715
513 710
514 707
514 702
513 697
514 693
514 690
514 686
512 683
510 680
513 677
513 674
513 671
513 667
513 664
513 661
516 659
506 646
512 652
515 646
509 646
508 655
515 637
515 629
513 625
513 619
514 615
513 469
513 465
523 463
515 447
515 455
512 455
514 442
512 444
520 445
515 438
515 447
515 431
515 428
513 423
513 419
513 413
513 410
514 405
514 400
513 399
514 393
514 389
514 386
514 382
514 377
515 373
515 370
514 366
514 363
514 359
513 355
514 352
513 348
514 343
514 340
514 338
513 334
513 332
512 329
515 326
514 322
514 318
514 315
514 312
513 309
513 306
513 303
514 299
514 296
514 293
514 290
514 287
514 284
515 281
513 278
514 275
529 271
616 153
620 153
604 151
621 151
581 148
567 148
601 146
576 142
576 144
607 143
625 141
630 141
625 139
589 138
588 134
589 137
605 136
570 134
589 133
572 132
613 131
592 130
579 131
592 128
588 128
611 127
592 126
580 126
571 125
577 124
597 124
560 123
566 123
569 121
601 121
600 121
543 120
538 120
551 119
544 118
556 117
537 117
552 118
579 116
568 117
546 116
546 116
560 115
574 116
559 115
540 115
539 115
564 114
552 115
537 115
530 115
554 113
512 177
513 179
506 183
512 184
515 186
513 188
513 190
513 192
513 194
513 198
514 200
513 203
512 207
514 210
513 213
513 216
514 221
514 227
513 229
514 231
514 232
517 236
512 242
513 244
513 247
512 250
516 253
514 256
514 258
513 263
513 267
514 271
513 275
514 278
514 283
514 285
513 289
514 290
513 296
513 300
513 303
513 306
514 308
514 312
514 315
514 320
513 323
513 327
514 330
514 334
514 339
514 343
513 345
514 350
514 354
512 358
514 361
513 545
510 549
514 553
508 555
513 559
514 562
507 568
513 569
514 573
507 576
514 579
514 581
513 587
512 590
513 593
513 596
513 601
513 605
513 609
514 613
513 618
513 623
512 626
512 632
514 635
514 639
514 643
515 650
513 654
513 656
512 660
516 664
513 667
515 671
514 674
513 678
514 682
513 686
512 689
513 692
513 695
514 697
513 700
514 703
513 707
514 710
512 714
512 717
513 720
511 724
513 727
514 730
514 735
508 737
513 741
513 744
508 747
404 858
376 860
398 861
410 863
399 867
389 869
400 871
379 873
384 875
406 875
387 878
407 881
394 882
413 884
390 885
410 887
379 888
409 889
397 890
388 891
392 894
423 894
430 895
463 896
436 897
420 898
455 900
455 902
454 898
451 904
444 904
462 905
445 905
446 904
465 906
488 908
470 910
448 910
435 892
463 911
469 908
438 916
468 913
453 914
464 914
481 915
445 915
462 917
477 917
492 918
495 919
460 919
495 919
488 919
483 919
463 920
471 921
513 879
512 879
513 877
513 875
514 873
513 872
514 870
513 868
513 866
514 864
513 862
513 860
513 858
513 855
514 853
513 852
514 849
513 846
513 842
514 839
514 837
514 835
514 830
514 828
513 822
516 828
518 812
512 813
504 809
517 810
516 806
514 801
513 797
514 793
513 791
513 787
513 785
513 782
514 777
513 773
515 771
511 767
514 764
513 759
513 755
513 753
512 750
513 747
513 743
514 740
512 737
514 733
514 728
514 724
513 720
513 719
512 529
514 524
514 520
514 515
514 509
514 506
513 502
513 498
513 493
514 489
514 484
514 481
516 477
516 473
515 471
514 468
516 453
516 475
519 455
495 457
514 454
512 463
521 444
506 438
512 444
516 440
519 429
515 424
516 420
513 415
513 412
512 408
514 403
513 398
513 394
514 390
515 387
514 381
513 379
514 376
513 371
514 368
515 363
516 361
515 354
514 352
514 349
514 346
513 342
514 339
514 335
514 332
514 330
515 326
514 324
513 320
513 317
514 164
633 163
609 159
618 157
649 156
645 155
616 152
647 151
619 152
602 148
585 147
599 147
600 145
568 144
558 142
572 142
592 141
590 140
588 139
571 137
585 136
589 135
560 135
567 133
561 133
611 131
574 131
586 129
566 129
596 128
611 127
573 126
585 127
599 125
584 125
590 124
567 123
563 124
537 122
578 121
555 120
546 119
541 121
546 118
546 118
550 117
563 117
584 117
577 116
554 117
549 117
547 116
565 116
562 114
535 115
541 117
576 114
557 129
514 130
514 132
509 134
514 134
514 136
514 136
514 138
514 139
514 140
513 140
514 141
514 140
514 143
514 145
513 145
514 147
514 148
514 148
513 151
513 152
512 155
514 157
513 159
513 162
514 162
515 165
512 166
514 169
515 171
516 172
514 175
514 179
515 179
515 183
515 185
516 183
514 189
514 193
514 194
514 196
512 199
514 201
514 206
513 210
515 212
515 214
513 219
514 222
513 228
513 230
514 232
514 235
514 241
513 245
513 246
513 248
513 375
513 379
515 382
513 382
514 386
513 392
513 396
512 400
513 405
513 408
514 413
513 417
514 419
513 424
513 428
514 434
514 438
514 442
514 446
513 451
513 455
513 458
513 462
513 465
514 463
513 471
513 474
515 477
515 479
512 482
515 483
512 489
514 493
511 496
511 500
510 503
511 508
511 513
511 516
511 522
511 526
510 530
511 536
513 539
512 543
512 547
513 551
512 556
512 559
512 561
513 566
513 569
513 570
511 575
513 578
514 582
513 585
515 718
513 724
512 726
513 730
514 734
515 735
515 739
513 742
513 746
513 749
512 753
512 756
513 758
513 762
513 766
515 769
513 771
514 773
511 776
466 777
393 781
367 783
367 787
367 791
360 793
376 795
396 798
420 800
388 803
352 807
353 809
373 811
384 814
358 817
351 820
362 822
368 826
363 828
351 831
396 835
416 840
423 838
379 840
405 842
397 844
423 847
386 848
392 850
391 853
414 855
384 857
359 861
357 863
386 864
399 866
381 869
370 872
469 912
430 913
437 915
415 915
440 915
462 916
487 917
488 917
490 917
476 918
466 918
503 918
470 920
470 919
438 920
446 922
470 920
478 922
468 922
487 921
467 922
475 921
473 922
483 917
481 922
490 922
483 924
496 922
469 922
475 923
483 922
507 922
482 922
492 922
501 921
505 921
484 922
488 920
504 919
511 916
513 917
512 916
513 914
514 909
514 910
511 905
515 911
511 919
513 903
512 901
513 901
513 900
513 899
513 899
514 897
513 900
514 895
508 811
514 821
516 811
514 803
517 806
510 802
513 797
514 794
513 791
513 786
514 785
513 781
513 778
514 774
513 771
513 769
512 765
513 761
516 757
513 754
514 752
514 749
514 746
513 742
513 737
514 734
515 729
514 726
513 723
513 720
513 719
514 714
514 709
514 704
516 700
512 696
513 693
516 688
511 686
513 682
515 680
513 676
513 673
513 670
513 666
513 664
514 661
513 657
513 653
512 651
514 648
520 641
515 638
513 627
514 628
532 623
514 618
513 449
531 446
510 438
522 438
519 444
511 429
507 427
513 423
514 419
513 414
513 408
513 405
514 400
514 396
514 395
513 388
514 385
514 380
513 376
513 372
514 369
516 365
512 362
513 360
515 355
512 351
514 347
514 343
513 339
514 337
512 334
513 331
513 329
515 325
514 322
514 318
515 314
514 311
514 308
513 305
513 302
514 298
515 295
514 292
514 289
514 286
513 283
513 279
514 276
515 272
513 267
516 267
513 263
517 259
522 258
651 256
636 253
641 148
638 146
628 145
586 144
610 143
593 142
612 141
591 139
582 139
597 138
602 136
589 136
565 134
577 134
582 132
548 131
572 130
543 129
538 129
541 128
577 127
553 126
564 127
535 125
549 124
569 124
551 124
558 123
573 122
570 121
574 120
536 120
539 119
550 119
568 118
557 118
545 117
552 116
584 117
583 115
569 116
543 116
547 116
559 115
563 115
546 115
538 115
565 115
563 115
537 115
534 114
556 115
555 115
539 114
530 114
541 115
544 175
513 179
516 181
513 183
512 187
513 189
513 191
513 194
517 196
515 200
512 201
514 205
514 208
514 211
515 214
513 218
515 221
512 224
514 228
514 232
513 234
514 237
513 241
514 246
514 249
513 252
514 255
514 259
513 261
514 264
513 268
512 272
514 275
513 278
513 281
513 286
513 288
514 292
514 295
513 300
514 302
514 307
513 310
513 314
514 317
513 321
514 325
513 328
514 332
513 334
514 339
513 342
514 347
513 350
516 353
510 357
513 359
513 508
512 512
513 517
514 521
513 525
513 530
512 534
511 539
512 541
514 547
514 546
513 554
514 557
513 560
513 564
513 567
512 569
513 571
512 576
512 580
513 583
513 587
512 591
512 594
512 598
512 602
513 605
513 609
514 614
513 617
514 623
511 627
511 631
512 636
511 641
513 644
513 648
511 652
513 656
512 660
514 663
512 668
513 671
514 675
512 678
516 682
512 686
510 689
514 693
510 696
512 699
514 701
513 704
515 708
513 711
513 715
513 718
512 854
382 856
400 858
401 860
390 862
390 865
397 867
377 870
402 870
384 873
375 877
382 877
378 879
413 883
379 882
399 884
410 885
391 887
415 888
420 889
449 890
428 891
433 892
446 894
463 895
436 896
436 897
447 898
474 899
468 901
458 902
440 902
456 904
460 904
458 905
473 907
460 907
464 907
465 909
451 909
456 910
456 913
483 913
453 902
440 916
466 914
470 916
480 915
437 916
455 915
467 916
476 913
472 919
448 918
467 919
483 920
461 919
477 907
457 909
446 908
446 909
456 909
473 911
493 912
480 906
454 921
468 912
467 915
494 914
484 915
445 916
478 916
481 917
481 917
465 918
440 918
467 919
483 919
472 920
473 920
467 921
468 920
462 921
464 921
468 922
500 922
503 922
468 923
449 922
484 922
497 922
493 922
467 923
476 922
488 923
492 922
480 922
473 922
484 922
503 921
506 919
502 921
485 920
506 920
510 915
513 917
512 916
513 916
512 911
513 903
516 905
511 906
510 913
517 904
514 701
513 696
514 693
513 693
515 688
512 685
513 681
513 678
515 673
513 671
513 669
513 666
514 663
512 659
514 657
