513 873
513 872
513 869
512 870
513 866
513 863
513 859
512 877
511 851
514 857
511 853
513 853
513 847
513 847
513 845
513 840
513 838
513 836
514 832
513 829
511 826
513 823
512 818
512 814
513 812
514 810
513 806
513 800
512 797
513 793
513 791
513 788
514 784
513 780
515 776
513 773
513 770
513 768
513 764
513 759
514 755
513 752
514 749
514 748
514 745
515 741
513 737
514 734
513 730
516 726
513 723
513 719
513 716
517 714
514 708
514 701
513 703
514 205
515 207
516 211
514 215
513 218
514 221
514 225
513 230
514 233
514 237
514 241
514 243
514 248
513 248
513 253
514 256
513 259
514 264
514 265
514 268
514 273
514 277
513 281
514 285
513 289
514 291
514 295
513 297
514 301
514 305
514 306
513 311
514 314
514 317
514 321
515 326
513 330
513 333
513 336
511 341
513 344
513 348
514 350
513 355
514 357
514 362
513 366
513 369
514 372
514 375
514 379
514 382
513 386
513 389
514 395
514 397
514 398
513 714
510 695
516 692
516 688
514 687
514 682
511 681
513 678
514 674
513 671
513 667
515 663
514 660
513 656
514 652
515 646
514 643
514 639
515 635
514 630
513 627
513 622
513 618
513 613
513 609
514 605
514 600
513 595
513 591
513 586
513 580
513 579
514 575
514 573
513 569
513 565
514 564
513 561
513 559
513 555
513 553
514 550
514 546
513 541
514 539
514 535
512 532
513 528
526 522
476 515
511 512
513 506
514 503
514 498
514 493
514 490
513 486
763 207
753 205
776 194
752 204
738 198
737 201
758 200
739 190
746 187
737 188
764 186
770 183
767 181
753 179
760 176
771 174
790 172
781 169
739 166
755 166
766 163
777 160
736 158
747 157
742 155
675 153
678 152
667 150
679 149
625 147
640 146
644 145
702 144
639 142
643 142
656 141
649 140
663 140
645 138
658 137
643 136
656 135
655 134
662 134
612 132
627 129
664 131
642 130
620 129
597 129
640 126
641 116
607 127
645 127
608 124
641 116
636 128
513 193
513 195
514 199
515 200
513 205
514 206
515 210
514 213
513 217
514 220
513 224
513 229
513 232
514 236
512 239
514 241
514 245
513 248
514 251
515 255
513 256
514 258
514 263
513 269
513 272
513 276
515 279
514 281
514 286
515 293
514 289
513 295
513 301
514 298
514 306
514 310
514 307
513 316
514 323
513 322
514 329
514 332
514 331
516 338
514 341
514 345
514 349
512 353
513 357
513 361
513 367
513 368
513 372
513 374
513 378
514 381
514 581
514 585
513 588
515 589
515 595
513 598
514 603
510 606
514 611
514 615
515 617
514 623
515 627
516 631
514 636
514 641
514 646
513 644
512 653
515 656
514 656
511 664
514 669
513 673
508 677
513 679
515 683
513 684
514 690
512 692
513 695
513 699
513 702
515 705
514 708
514 710
514 714
515 718
514 721
513 724
513 728
509 731
514 734
514 737
514 741
513 744
514 748
512 751
513 754
514 757
513 759
514 764
513 767
510 770
511 773
512 775
501 777
418 891
370 896
351 897
403 898
338 898
361 899
390 901
397 901
410 902
396 903
385 903
360 903
380 905
374 907
401 907
414 904
426 908
381 909
425 909
437 909
407 910
392 911
345 913
367 912
385 913
363 914
365 913
368 915
397 917
364 917
399 918
444 919
421 919
428 918
454 919
469 920
463 922
484 921
471 921
480 921
469 922
479 922
468 924
416 922
380 924
409 924
439 923
449 924
473 923
484 918
498 923
450 923
483 924
496 918
472 922
435 918
496 921
490 846
513 843
516 841
512 839
514 836
514 834
514 831
514 828
513 828
515 821
514 818
513 814
515 812
513 808
514 804
514 802
513 797
513 792
513 790
513 788
513 778
513 780
513 778
515 775
513 771
513 768
513 763
513 759
514 757
513 753
513 751
513 747
513 742
514 740
512 736
513 733
513 727
513 727
513 726
514 715
513 715
513 707
513 707
513 704
514 704
511 689
513 695
512 688
513 686
514 682
513 679
514 675
513 671
513 668
514 664
514 660
515 657
514 443
514 441
513 438
515 434
515 429
513 425
514 422
514 417
514 413
514 409
513 400
513 402
514 397
513 393
513 388
513 386
514 382
514 378
514 374
513 371
513 366
513 364
514 360
514 357
514 353
514 351
521 354
512 341
515 345
517 338
517 333
511 328
513 326
512 323
514 320
513 317
514 313
514 310
513 305
513 303
515 300
514 297
514 294
511 291
514 288
514 285
513 281
514 279
516 276
513 271
515 269
515 265
516 262
520 259
588 259
654 256
665 254
680 137
647 136
585 133
614 133
636 132
674 131
649 131
631 130
630 129
622 129
690 129
652 127
608 122
644 126
655 124
666 123
614 117
597 122
668 119
644 128
618 118
587 117
613 120
683 119
649 118
634 114
661 117
592 117
581 117
557 116
564 116
646 116
619 115
584 117
537 115
556 115
591 114
569 116
572 115
614 115
580 114
550 115
562 115
567 115
538 115
566 116
605 116
527 111
552 116
567 117
535 117
543 118
534 119
517 118
519 120
513 127
516 125
514 267
514 271
514 273
514 277
514 281
514 285
514 288
515 291
513 296
513 299
513 301
513 304
514 307
514 310
514 314
513 318
513 322
513 327
513 329
514 334
514 337
513 340
514 344
512 348
513 353
514 355
513 358
513 362
513 365
513 369
513 374
512 376
513 380
513 383
513 386
515 390
514 393
513 397
513 401
513 405
514 410
514 415
514 419
515 423
514 429
514 433
514 437
514 443
514 447
514 452
514 456
513 460
514 462
514 466
514 469
513 472
514 475
514 576
513 579
514 582
513 585
513 589
514 592
511 596
514 600
515 604
514 607
513 612
513 616
514 619
513 625
512 629
515 633
514 638
513 643
514 645
515 650
513 654
512 658
513 662
513 666
513 671
512 673
512 678
511 680
514 684
518 685
512 691
513 694
514 696
512 693
512 703
513 708
513 703
513 712
513 718
513 714
513 723
514 725
513 726
513 731
514 735
513 739
513 744
514 744
513 748
513 751
512 754
514 758
514 761
513 764
513 768
512 770
511 773
242 870
244 871
318 874
318 877
293 877
284 880
327 882
301 883
296 886
315 888
361 888
352 889
344 890
340 896
354 893
366 894
365 894
384 896
378 892
371 898
340 897
362 900
396 902
359 903
345 903
345 906
382 906
384 901
360 904
370 909
390 903
393 909
396 912
463 905
359 910
386 912
399 912
396 913
386 915
370 914
412 915
359 916
397 916
398 917
371 918
396 918
443 919
434 919
418 919
428 920
454 920
450 921
414 921
449 921
432 920
424 920
457 921
514 888
513 887
512 879
513 885
513 882
511 880
513 878
513 876
515 875
512 875
513 871
513 871
513 869
514 866
513 864
513 862
514 860
514 840
516 861
506 853
514 851
514 848
513 845
514 843
514 840
514 839
514 836
513 833
514 829
513 826
512 823
514 821
513 816
513 811
513 809
514 804
514 801
513 799
513 795
514 797
513 789
516 786
513 784
514 778
513 775
513 771
514 768
512 765
513 761
513 757
513 755
513 751
513 745
513 743
513 740
513 737
513 581
514 578
513 576
513 574
513 571
512 568
512 565
512 563
511 558
511 556
507 553
514 549
513 545
514 542
515 537
515 533
515 528
514 519
525 519
515 528
515 490
515 507
514 502
514 498
515 493
516 489
515 485
514 482
514 478
516 472
513 472
514 469
513 465
514 461
515 455
513 456
514 454
515 450
514 446
514 443
516 437
513 434
514 430
514 425
514 422
514 418
514 413
515 408
513 404
514 400
514 396
515 392
514 387
514 383
514 380
514 375
515 373
513 249
880 245
863 243
850 240
795 237
782 235
825 232
792 225
774 226
805 225
783 221
775 219
799 216
805 215
784 211
783 209
773 206
761 201
727 193
738 200
760 196
774 200
739 205
739 192
728 191
745 187
735 184
776 183
766 180
774 177
749 175
758 173
747 171
717 168
737 166
744 164
721 163
684 159
709 158
722 158
720 154
692 153
734 152
713 150
705 148
683 148
689 146
679 145
649 144
645 143
656 142
673 142
645 139
678 139
666 137
645 136
686 136
652 118
526 119
518 120
515 121
515 122
514 125
514 127
514 130
513 131
514 133
513 128
513 133
514 135
515 137
517 138
521 137
517 138
514 140
514 142
513 142
514 143
513 145
513 146
514 148
513 149
513 150
513 153
513 155
514 156
513 159
514 160
513 161
514 164
514 164
514 167
514 169
513 171
514 174
514 177
514 180
513 181
514 182
514 185
514 187
514 191
513 192
513 195
514 197
515 201
514 204
513 206
514 209
514 213
514 220
513 223
514 223
514 227
514 399
513 404
513 407
514 412
514 418
513 423
512 428
513 433
513 437
513 442
513 447
514 451
512 455
513 458
513 463
513 465
512 469
513 471
511 473
512 476
513 479
513 480
514 485
514 487
513 489
513 495
512 499
513 502
512 505
512 511
512 516
513 520
513 524
513 529
514 533
513 538
513 542
514 546
515 551
514 554
515 556
515 561
514 565
512 568
513 571
513 575
514 578
512 581
513 585
512 589
512 592
512 588
512 597
512 603
512 608
511 611
512 615
167 779
177 785
130 788
166 791
171 794
255 798
230 799
240 801
252 804
249 805
218 811
250 812
241 813
251 818
254 820
237 824
215 824
206 829
245 830
272 833
291 834
260 838
237 841
242 841
281 846
249 848
286 850
346 851
342 853
195 856
257 859
282 860
283 861
301 865
276 868
295 870
283 872
279 875
289 877
291 879
266 880
223 882
250 885
289 885
312 887
291 888
348 888
251 891
359 892
398 884
340 895
351 895
389 896
383 898
419 894
414 899
450 899
472 924
449 923
483 922
495 920
507 921
442 923
476 923
487 922
504 921
512 917
513 917
510 921
511 919
513 916
513 913
513 909
513 907
513 907
513 904
515 904
513 902
513 901
513 901
513 901
513 899
514 898
513 897
514 897
513 897
512 897
513 892
515 892
514 890
513 888
514 886
513 884
514 883
514 881
512 880
513 878
514 875
513 875
513 873
515 871
512 867
517 866
512 861
513 863
512 862
514 875
504 844
505 852
513 851
513 848
511 845
512 842
513 839
513 658
514 653
513 650
514 646
513 643
512 640
513 636
514 630
513 632
514 622
513 617
513 612
514 607
513 601
515 596
514 591
514 588
514 584
514 579
514 577
514 572
515 569
514 566
514 565
515 561
515 558
515 556
515 552
515 549
514 546
514 543
515 539
514 534
513 532
514 527
525 524
535 516
507 518
512 515
512 505
516 499
515 494
515 490
514 486
513 484
514 479
514 477
513 473
514 469
513 466
512 463
513 460
513 457
513 454
512 451
515 447
513 443
527 258
631 257
761 258
904 256
908 253
913 248
846 243
832 242
792 240
820 238
804 234
784 231
782 228
777 226
816 221
783 220
802 219
783 215
810 213
783 209
784 207
763 205
749 194
757 201
738 193
750 196
737 204
757 190
754 186
738 185
736 184
757 182
784 180
745 178
752 175
756 173
768 170
760 169
759 166
746 163
727 162
732 161
749 158
759 156
713 154
710 150
702 151
725 150
660 148
665 149
688 146
708 145
674 145
685 143
666 141
689 140
665 139
540 112
526 116
533 117
526 118
512 119
516 121
514 123
512 124
514 126
514 129
514 131
514 132
514 134
513 134
514 134
514 137
514 139
517 135
509 138
514 140
514 141
514 139
516 140
514 144
514 143
513 148
515 147
514 149
513 152
514 152
513 153
514 157
514 159
513 158
513 163
513 165
514 168
514 169
513 172
513 172
513 176
514 176
515 178
514 181
514 184
513 187
514 189
511 193
514 193
513 198
513 200
514 202
514 205
513 210
513 212
513 216
514 379
513 382
514 387
514 390
512 394
513 400
512 403
513 408
513 413
512 417
512 422
513 426
513 431
513 436
513 441
514 446
513 449
514 453
516 458
513 461
514 463
513 465
513 469
514 472
513 474
514 477
514 483
513 482
513 486
514 489
513 493
514 495
513 500
513 505
513 509
513 513
514 517
513 523
514 527
513 531
514 536
513 540
513 542
514 548
513 552
513 556
513 560
513 563
514 566
514 569
513 572
512 575
514 579
514 582
514 585
513 588
514 593
515 784
172 787
194 791
214 793
187 796
232 799
235 801
223 804
233 806
246 809
211 812
242 815
232 817
224 819
232 822
248 825
288 829
274 831
274 832
248 835
254 837
278 839
280 842
277 843
261 845
271 847
313 850
301 851
288 855
280 856
266 859
244 862
233 864
245 866
276 869
272 871
267 872
276 875
299 876
293 879
292 880
324 883
299 885
323 886
331 888
365 889
349 890
354 891
381 893
414 893
387 895
381 897
371 898
389 898
387 898
378 897
408 902
391 911
511 909
512 907
513 905
514 905
513 904
512 902
513 901
512 900
513 899
514 899
513 898
513 898
513 897
513 897
516 894
513 894
513 891
513 891
514 889
513 887
514 885
513 884
513 882
514 881
511 878
513 876
514 874
513 874
512 871
513 869
513 867
513 865
513 864
513 861
513 858
514 848
516 856
515 852
513 849
513 846
513 844
513 842
512 838
513 837
514 833
513 830
513 826
513 823
513 820
513 816
513 812
513 809
515 806
512 803
514 798
513 794
514 585
512 582
513 580
513 576
513 574
514 570
513 567
513 564
514 562
515 560
514 557
514 554
513 551
513 547
513 547
513 541
514 536
513 535
513 530
513 529
512 524
507 516
527 502
515 500
518 501
514 498
513 493
514 490
515 485
513 482
514 479
515 475
513 471
513 468
513 465
514 463
512 459
514 456
515 451
515 448
515 445
514 442
514 438
514 434
513 429
514 425
513 421
514 417
513 412
514 414
514 404
514 399
513 391
513 391
513 387
515 383
514 378
512 286
513 283
513 280
514 277
512 273
514 270
515 268
516 263
516 260
520 258
598 257
653 256
634 253
842 255
899 252
883 249
864 244
814 241
812 239
802 236
821 233
805 230
804 226
817 224
784 221
797 219
774 216
762 213
791 211
812 208
792 206
741 202
732 199
738 195
724 199
729 189
746 201
770 195
761 188
774 186
741 183
740 181
744 179
757 176
764 174
766 172
764 170
795 167
766 163
727 162
710 160
730 159
752 158
698 155
697 153
684 152
679 150
638 116
613 115
606 111
588 114
595 114
596 114
573 114
566 115
576 114
571 114
567 114
572 114
587 113
584 114
557 114
558 114
573 114
562 114
551 115
564 116
553 115
545 115
549 115
551 116
539 117
522 118
523 119
514 120
514 123
514 123
514 127
514 126
514 131
514 130
514 136
514 135
514 136
514 137
514 134
500 141
516 140
514 138
513 142
514 141
514 141
514 145
513 146
514 147
514 148
514 150
514 152
514 154
514 156
514 158
513 157
513 162
513 165
514 275
514 277
515 280
514 285
514 289
513 288
514 290
514 297
513 302
512 305
514 306
514 309
514 313
514 317
514 321
514 326
514 330
513 335
514 336
514 340
513 343
514 346
514 349
514 354
513 357
514 360
516 364
515 368
513 369
513 374
513 377
513 382
513 386
512 389
513 393
513 397
514 403
513 406
514 410
513 415
513 417
512 423
513 427
514 432
514 436
513 442
514 446
514 450
514 454
514 457
515 460
512 463
513 467
514 470
513 472
513 475
514 478
511 626
509 631
512 634
513 640
512 644
513 647
513 649
513 653
512 656
513 661
515 664
513 668
513 672
514 675
514 678
513 683
512 687
514 690
514 693
513 698
513 700
514 702
513 705
514 712
513 710
514 715
514 718
513 722
513 725
514 729
514 732
513 734
514 739
514 742
513 745
513 748
514 751
514 754
513 758
514 760
513 764
514 767
513 771
511 772
509 775
506 777
389 779
286 779
153 782
139 786
159 789
187 792
249 796
214 798
210 799
223 803
232 808
324 891
360 893
360 893
354 895
351 895
397 896
404 899
372 898
381 899
405 901
388 901
390 901
359 904
387 905
387 905
396 906
406 908
364 908
361 909
357 910
407 911
383 911
353 910
392 912
393 917
396 913
361 915
358 916
383 915
395 915
402 919
396 917
402 917
383 922
385 920
419 921
433 921
410 919
434 922
465 923
478 922
454 923
416 923
429 924
459 923
449 922
451 924
445 923
438 923
457 923
482 922
470 923
461 923
454 925
473 922
468 922
473 870
514 850
517 847
513 845
513 844
513 845
513 837
514 834
513 833
513 830
513 827
514 824
513 821
514 820
513 813
513 809
513 811
513 804
513 798
512 798
514 791
513 787
514 789
513 784
513 781
514 781
514 770
513 769
512 767
513 765
512 761
512 756
513 751
514 747
514 744
513 742
513 741
512 735
513 733
513 728
512 724
512 719
514 716
511 713
512 711
513 707
512 704
513 701
513 696
513 691
510 700
515 682
518 674
514 677
514 674
513 669
513 670
516 476
513 473
513 470
512 468
514 466
514 463
513 461
513 456
514 453
516 449
514 444
514 446
515 442
514 435
515 435
514 428
514 423
514 419
514 414
513 410
513 405
512 402
513 396
514 392
512 389
513 384
513 381
512 377
512 374
514 370
512 366
513 362
514 359
514 354
514 350
513 347
513 344
513 338
515 336
513 333
518 340
510 327
514 336
515 319
512 319
512 315
513 312
513 309
514 306
514 302
514 299
513 297
514 293
513 289
514 286
514 283
513 280
513 156
710 156
702 152
670 145
705 153
715 147
717 147
655 147
634 145
676 144
668 143
676 142
688 141
659 140
671 138
645 137
643 137
698 135
686 134
678 134
636 131
661 131
659 131
663 129
666 130
640 128
663 127
637 127
639 125
624 125
619 124
614 126
654 125
665 120
623 122
621 119
625 120
627 121
645 119
625 120
627 119
624 115
601 117
611 116
616 115
589 115
592 114
606 115
594 114
596 114
583 114
563 118
584 114
581 114
569 114
589 114
577 114
555 162
514 164
514 165
514 166
514 170
514 173
513 171
513 175
512 177
514 179
513 182
513 184
514 186
514 189
515 192
514 194
514 197
514 199
513 204
513 207
514 209
514 213
514 217
514 219
513 223
514 226
513 230
514 233
513 237
514 241
512 243
513 247
514 250
513 254
513 257
514 259
514 263
514 267
514 270
516 273
514 277
514 280
514 283
514 289
513 295
514 296
514 298
514 301
514 305
515 309
513 313
513 315
513 322
513 326
513 327
514 330
513 332
514 536
514 541
513 544
514 548
514 550
513 555
513 558
513 562
513 566
513 568
514 571
513 574
513 576
513 579
514 582
514 586
514 590
513 593
513 597
512 607
513 605
513 613
513 613
513 619
514 626
515 627
514 631
513 640
514 640
513 644
514 647
515 652
514 656
512 661
511 665
512 669
513 673
512 674
514 677
514 681
514 683
514 687
514 692
514 695
511 698
514 701
513 703
515 707
513 711
513 715
513 717
512 721
515 725
513 727
513 730
513 734
514 738
279 877
266 878
261 881
329 880
337 883
319 884
279 886
319 891
265 890
324 890
330 892
334 892
308 887
374 895
373 897
382 900
382 898
368 899
372 900
336 902
364 903
374 905
384 906
340 907
365 906
365 907
361 908
389 909
370 909
400 911
387 911
403 912
400 913
381 913
370 914
360 914
401 914
393 916
350 918
395 919
413 918
427 919
409 920
444 920
459 921
442 920
437 921
425 921
417 922
420 922
421 922
435 923
451 921
426 923
409 922
447 922
465 923
514 864
514 861
514 860
512 857
512 856
514 850
517 861
512 843
514 845
513 844
513 840
513 838
513 835
514 832
513 826
513 826
513 822
513 818
513 815
514 808
513 808
513 805
514 801
513 797
514 793
513 790
514 787
513 785
513 782
513 777
512 773
513 771
514 769
513 766
512 762
513 756
513 749
514 750
514 750
513 746
514 742
513 737
513 732
510 727
513 727
513 722
513 720
513 717
513 712
513 707
513 704
513 699
513 694
514 691
513 686
517 685
507 684
521 509
519 497
513 496
515 493
514 488
515 485
516 480
516 477
515 473
514 469
514 466
515 463
513 460
514 458
513 454
513 447
514 448
515 444
515 441
513 437
512 432
513 429
516 425
514 421
513 417
514 413
513 406
514 403
514 399
514 393
515 388
515 389
513 383
512 378
513 376
513 371
514 370
514 365
514 359
514 357
514 353
514 349
514 345
514 342
512 337
511 334
514 336
528 319
518 330
518 322
515 320
509 318
513 313
514 310
512 307
514 303
514 300
737 157
731 154
736 153
678 152
718 151
687 148
687 147
657 146
651 145
650 145
644 143
669 143
659 142
681 140
643 139
646 138
666 137
671 137
639 135
642 134
664 132
701 132
648 131
662 131
665 130
657 129
650 128
616 126
638 126
629 126
633 125
632 124
629 119
634 120
602 102
636 121
642 120
612 114
596 119
599 118
615 110
581 113
582 116
610 116
625 116
636 115
632 115
602 114
573 110
578 114
589 115
601 115
583 114
558 113
559 117
575 115
596 187
513 190
514 192
513 194
514 197
514 200
514 202
514 206
513 209
513 211
512 214
512 218
514 222
514 227
514 230
513 233
514 237
513 239
514 242
513 245
513 248
513 251
513 256
514 259
514 263
514 264
514 268
514 272
513 276
514 279
513 283
514 286
514 290
513 299
513 299
514 301
514 303
513 306
511 310
513 315
514 318
513 322
514 325
513 330
513 333
513 336
514 341
514 343
511 347
513 351
513 354
514 357
513 362
513 367
513 368
514 370
514 374
515 619
513 621
512 625
513 631
511 634
513 638
512 642
512 648
514 650
511 654
513 658
513 662
512 665
515 668
513 672
513 675
512 679
514 684
512 684
512 690
513 695
512 695
513 699
512 704
513 705
513 708
511 712
514 716
513 719
513 721
513 727
514 729
514 733
513 735
514 739
513 742
514 745
513 748
513 752
513 755
513 756
511 761
514 764
513 766
512 770
511 774
510 776
468 779
391 779
218 779
169 783
191 786
225 790
191 793
178 796
205 800
201 803
228 870
287 872
250 875
270 879
281 878
308 879
307 881
306 882
295 884
293 886
347 887
353 888
382 890
331 891
362 893
357 893
404 894
380 896
358 896
354 901
374 898
390 899
410 901
408 902
385 902
386 905
381 909
421 906
387 907
380 906
400 908
418 908
419 910
364 911
426 913
421 913
431 912
417 914
408 915
421 915
404 916
417 918
421 917
390 920
387 918
394 919
417 919
413 920
378 920
392 921
424 921
440 921
433 923
425 921
428 922
439 922
435 922
456 891
513 894
514 889
513 889
513 888
513 885
512 883
513 882
514 881
513 878
513 877
514 875
513 874
512 871
513 870
513 867
513 865
513 864
515 861
514 858
513 857
513 856
511 856
503 834
511 852
513 844
513 842
513 842
513 836
513 835
513 831
513 827
513 823
513 821
513 818
513 814
513 810
513 806
513 802
513 798
514 797
513 791
513 789
514 786
513 782
514 779
513 777
514 772
514 769
513 767
514 763
514 761
515 756
513 752
516 749
514 746
514 742
511 584
513 582
513 579
513 577
514 573
513 569
512 567
514 565
513 561
513 559
513 556
513 553
512 550
512 547
515 543
513 538
514 534
515 530
515 526
514 521
514 520
509 512
510 519
514 503
513 499
517 495
513 490
513 487
514 483
513 481
513 478
513 476
514 469
514 466
515 466
514 459
513 456
513 454
513 451
514 447
514 444
513 439
513 436
514 430
514 427
514 423
514 419
513 414
514 410
513 406
513 401
513 396
513 393
513 388
513 385
514 381
514 376
633 254
759 256
900 254
892 251
902 247
871 243
842 240
848 237
827 233
822 230
799 227
786 224
782 222
768 219
786 216
800 214
796 211
795 208
795 206
742 205
728 202
741 199
735 198
738 197
737 194
769 194
749 205
754 188
717 186
731 196
753 180
762 178
784 175
760 173
791 170
758 168
810 166
765 166
758 161
734 159
763 157
708 156
705 154
671 152
655 150
670 150
673 149
689 145
648 146
643 145
632 144
652 143
667 141
649 137
636 140
674 139
657 137
590 113
593 114
565 114
561 116
553 115
558 115
546 115
556 115
553 115
536 115
550 116
552 116
535 117
521 118
519 119
520 121
516 122
514 124
516 126
515 128
515 130
514 132
514 133
515 135
511 136
514 136
514 138
514 138
515 139
512 140
514 141
514 142
514 143
514 144
514 146
514 147
514 150
515 150
514 152
515 154
513 156
514 158
514 160
513 161
512 164
513 165
514 167
513 169
514 171
514 174
514 176
513 178
513 181
514 181
514 184
514 187
514 190
515 357
514 359
513 363
513 368
514 371
511 376
513 377
514 380
513 383
513 387
514 391
514 395
514 398
514 402
514 407
513 411
513 417
513 420
513 426
512 431
512 434
513 441
512 445
513 449
514 453
514 457
515 461
514 463
513 467
515 470
513 473
513 475
513 478
514 481
513 483
513 487
513 490
514 493
513 496
512 500
514 504
514 509
514 513
514 517
514 522
515 526
515 531
512 536
513 540
514 545
514 549
513 553
513 558
515 559
515 564
513 569
513 570
513 750
513 755
515 755
514 758
513 761
514 764
513 768
513 770
512 773
509 776
500 777
412 779
288 778
200 781
184 784
177 787
205 791
230 793
209 797
174 800
205 804
207 807
222 809
247 812
251 814
270 817
250 820
274 823
222 825
243 821
258 830
273 832
288 834
255 836
287 839
250 844
259 845
213 846
249 849
272 853
282 853
283 855
274 860
314 859
293 863
309 866
267 867
273 868
266 871
319 873
312 875
305 877
276 879
312 881
289 883
297 884
309 923
445 923
461 922
450 922
437 924
466 922
463 923
490 922
489 922
467 926
469 922
457 922
476 922
484 921
483 921
496 921
504 919
500 916
510 917
514 914
513 912
512 913
512 909
513 906
512 905
514 904
513 903
513 902
513 900
513 899
513 900
513 897
513 897
513 896
514 894
513 894
513 892
514 892
514 890
513 888
516 887
515 885
513 884
514 882
515 879
514 876
514 876
514 874
513 872
514 871
514 868
513 866
512 864
514 862
512 860
513 857
513 855
513 713
513 709
513 707
513 702
514 700
513 695
513 692
513 689
513 676
512 673
500 681
516 671
513 673
515 667
514 664
514 660
513 662
513 654
513 650
513 647
509 643
514 638
513 635
513 632
514 627
514 623
513 620
513 616
513 609
512 605
513 599
512 594
512 590
512 586
512 580
512 579
512 576
512 573
512 569
513 567
513 564
513 561
513 558
512 555
512 552
512 548
505 545
513 539
514 539
514 532
514 527
514 523
514 519
514 524
520 508
522 503
516 500
515 308
514 302
513 300
514 296
513 294
513 291
514 288
513 285
514 282
514 279
514 274
514 272
513 268
514 264
515 264
518 265
526 259
632 257
648 255
829 255
924 253
880 250
913 245
847 242
819 239
828 238
838 232
848 229
782 225
785 222
780 220
806 218
788 215
803 212
777 210
746 207
755 204
750 203
764 200
717 199
744 197
759 192
779 189
752 188
754 190
738 184
760 181
763 150
748 178
780 175
764 174
767 172
740 170
727 167
708 166
724 159
725 160
714 114
566 114
601 115
580 113
564 114
563 114
579 113
581 114
561 114
548 114
538 115
576 115
559 114
536 115
539 116
551 116
549 117
529 118
520 119
517 119
515 121
515 124
514 125
515 128
514 130
513 132
514 133
514 134
514 135
514 136
514 136
514 138
514 141
514 140
514 147
514 142
514 143
514 146
514 147
514 146
513 148
514 152
514 151
513 153
514 153
513 157
513 161
513 162
513 163
513 167
514 166
514 168
514 170
514 172
514 174
514 177
513 179
513 357
514 358
514 361
514 364
