514 472
513 474
513 477
514 479
514 482
514 484
513 487
514 490
513 490
513 499
513 500
513 507
514 511
514 515
514 519
514 525
514 529
514 533
514 538
514 541
514 545
514 549
513 553
514 558
513 561
512 564
513 567
517 571
513 571
513 576
515 580
512 584
514 586
514 590
513 593
514 599
513 601
514 605
514 609
513 612
514 617
514 622
514 626
514 631
513 635
513 640
513 644
513 648
513 652
514 656
514 660
513 664
513 667
514 671
513 675
513 677
513 680
513 455
512 449
513 447
514 445
513 440
513 437
513 433
513 428
512 424
513 420
512 415
513 411
513 407
513 402
513 399
511 394
512 390
514 385
514 382
513 378
513 375
513 372
513 368
510 361
514 362
513 356
514 352
509 350
509 346
513 343
513 340
513 337
514 333
513 330
513 326
514 324
514 321
512 318
513 314
513 310
513 307
513 303
513 300
514 297
512 294
513 291
513 288
513 284
514 281
513 278
513 275
513 273
514 269
516 265
518 262
523 259
599 260
515 594
513 599
513 603
513 608
514 612
513 617
513 620
514 624
514 629
514 633
514 638
513 643
513 646
514 651
514 654
514 658
513 661
514 666
513 671
514 673
513 677
513 679
514 684
513 687
513 689
514 693
513 697
514 700
513 703
513 706
514 709
514 712
514 715
513 719
514 722
513 725
513 729
513 732
513 736
514 739
513 742
513 745
514 749
513 752
513 755
513 758
514 760
513 764
513 768
512 771
514 773
507 775
440 776
334 779
207 779
94 781
39 785
391 920
390 920
380 920
373 920
389 921
418 920
399 921
395 921
405 922
419 921
410 923
427 921
418 922
415 922
415 922
425 921
424 922
420 922
432 921
422 922
454 921
455 922
450 920
451 920
490 920
500 919
506 917
509 915
513 915
512 912
512 911
513 908
512 906
513 905
512 903
512 902
511 901
513 899
513 899
512 899
513 897
512 896
513 894
513 894
513 893
513 892
513 891
514 889
513 888
513 886
513 884
511 881
514 880
514 878
512 877
513 874
512 873
513 605
514 600
513 596
514 591
513 586
514 581
513 579
513 575
514 573
513 570
513 566
513 564
513 561
512 558
514 554
514 556
513 548
513 546
513 542
514 539
514 534
513 530
513 523
513 521
514 517
513 514
513 508
513 503
513 498
514 495
513 490
514 486
513 483
514 479
514 476
513 472
513 470
514 466
513 458
512 460
513 456
513 453
514 449
514 446
514 442
514 439
514 435
514 428
514 426
513 422
513 418
512 413
513 409
514 404
513 400
513 396
513 392
959 222
953 225
969 224
957 221
941 217
918 216
949 213
910 210
888 207
903 205
945 203
935 201
879 198
859 197
892 194
866 192
844 190
830 188
854 185
893 183
896 181
881 178
872 176
861 172
859 171
872 170
857 167
856 164
857 163
871 161
862 159
830 157
822 155
821 153
819 152
813 151
816 149
798 148
769 146
749 145
768 144
770 144
754 142
727 141
761 139
761 138
776 138
738 137
748 133
781 138
743 128
773 131
722 129
727 131
749 132
750 129
727 128
515 134
515 133
514 134
515 136
514 136
514 138
514 140
514 140
514 140
513 141
514 142
514 143
513 145
514 146
514 146
513 150
514 151
513 152
514 154
514 158
514 157
514 160
514 162
514 163
514 166
514 167
513 168
514 172
514 174
514 176
513 178
513 182
513 184
514 185
513 188
514 190
514 192
514 196
514 198
518 199
511 202
513 196
513 209
512 211
510 214
513 220
513 221
519 225
514 230
513 234
514 238
514 244
514 246
514 249
514 249
514 254
512 421
514 426
513 429
514 433
517 438
514 443
513 448
514 451
514 454
514 457
514 460
513 463
514 466
514 469
514 469
513 473
514 477
514 480
514 483
514 486
513 489
514 493
515 497
513 502
514 507
513 511
514 515
515 521
514 524
513 529
513 534
513 539
513 542
513 547
514 550
513 555
513 557
514 562
513 565
513 569
513 572
514 575
516 577
513 580
512 583
514 587
514 591
513 593
515 597
514 601
514 605
513 609
513 614
513 619
514 623
514 627
514 631
514 806
66 809
95 811
103 815
77 818
109 821
87 822
100 825
89 828
75 830
99 832
137 835
156 836
166 839
163 841
150 843
155 845
178 849
179 850
169 852
113 854
140 856
133 858
135 862
151 864
164 866
160 867
149 870
151 872
125 874
163 876
113 878
154 880
133 882
165 884
189 885
243 888
235 888
245 889
277 890
298 894
331 892
300 895
317 895
308 896
317 899
329 897
337 898
306 905
318 901
298 901
314 903
322 904
276 906
344 907
339 907
374 908
340 909
512 900
513 898
513 898
512 898
513 897
512 896
512 895
512 893
512 893
513 892
513 891
513 889
512 887
514 885
513 883
513 882
513 879
513 877
512 876
513 873
512 870
513 871
513 867
513 865
513 864
513 860
513 859
513 857
513 855
513 852
514 850
514 847
513 846
513 843
514 841
513 838
514 833
514 830
510 828
513 825
514 821
513 818
513 814
514 812
514 808
513 804
514 801
512 796
513 794
514 791
513 786
513 784
513 780
514 777
513 774
513 769
513 766
513 530
514 525
514 524
513 518
513 512
513 511
513 506
513 501
513 498
513 492
514 488
512 484
512 480
512 477
513 474
513 471
512 468
513 464
514 461
513 457
513 455
513 452
513 448
513 444
514 440
514 436
513 432
513 428
513 424
513 420
513 415
513 411
513 407
513 402
513 398
512 394
513 390
513 384
513 382
513 378
513 372
514 370
514 366
504 364
513 359
516 356
514 353
513 349
513 345
513 341
513 337
513 335
513 332
513 330
512 327
514 323
513 319
1009 242
973 239
971 235
930 235
941 231
932 228
991 222
957 226
957 222
936 215
930 214
924 212
913 208
906 205
871 202
895 201
887 199
882 197
851 194
868 193
884 190
885 188
868 186
863 184
872 181
863 179
873 177
855 174
870 172
842 170
871 168
894 166
916 163
881 160
898 160
900 157
889 157
847 154
824 152
771 151
777 150
792 148
759 146
746 145
694 144
730 143
730 142
715 141
721 140
728 139
741 139
692 137
699 137
705 135
740 137
716 137
677 131
616 116
575 115
594 116
568 116
573 116
574 116
569 115
574 118
556 117
528 117
521 116
520 122
513 121
517 123
515 125
515 129
514 129
514 133
514 134
514 133
514 135
514 137
513 138
513 139
513 140
513 142
514 142
514 143
513 143
514 146
515 146
514 147
514 150
514 152
515 153
514 155
514 157
513 159
514 161
515 163
514 165
514 167
513 169
514 171
514 173
514 175
513 176
514 180
514 182
514 184
514 186
514 189
513 192
513 194
513 197
513 198
515 329
514 331
514 338
513 343
513 346
513 349
514 352
510 355
514 356
514 360
514 363
513 365
514 372
514 376
514 378
512 383
511 379
515 390
512 394
514 399
514 403
513 409
514 413
514 416
514 421
513 426
514 431
513 433
513 439
514 444
513 448
514 452
514 456
514 460
514 462
515 466
514 469
513 472
515 473
514 476
513 479
514 480
515 486
514 488
514 493
514 495
514 499
513 504
514 509
514 513
514 517
514 522
514 527
514 530
514 535
513 540
513 545
512 690
513 692
512 695
515 697
514 698
514 702
513 704
513 710
513 710
514 715
513 719
513 720
514 726
514 730
514 733
513 737
513 740
513 743
514 745
514 748
513 752
513 754
513 758
513 761
514 765
514 768
512 772
510 775
507 777
456 777
341 779
225 779
119 781
61 784
43 788
33 791
44 794
80 797
70 800
92 803
78 806
77 809
52 812
47 814
73 817
58 821
105 823
110 826
133 828
143 831
126 834
132 835
123 838
164 840
164 842
181 844
169 846
161 849
159 852
345 908
331 907
306 908
327 910
339 911
357 910
356 910
362 911
396 913
349 912
336 914
314 914
319 914
329 915
334 914
381 917
351 917
369 918
388 918
329 919
335 919
349 919
380 919
389 921
402 921
388 921
387 923
377 921
423 922
446 922
416 922
362 921
392 920
433 922
435 923
413 922
417 922
425 922
439 923
447 921
435 922
439 922
452 922
474 922
470 921
481 919
495 919
507 917
510 916
511 912
514 911
513 910
512 905
514 905
512 904
513 901
513 901
513 796
513 793
514 788
514 787
513 785
513 781
513 777
514 773
515 773
512 768
513 763
513 758
512 756
513 757
514 752
514 747
514 745
513 740
513 741
519 734
513 732
513 728
514 724
513 720
513 715
514 710
513 706
513 705
512 702
513 699
513 695
513 692
514 687
513 684
513 680
514 676
513 672
513 669
513 666
513 663
514 660
514 655
513 652
514 648
509 644
513 640
513 636
513 631
513 627
512 623
513 619
513 613
514 609
514 603
514 598
513 593
514 409
512 404
514 399
515 395
514 391
513 387
514 383
513 379
513 375
514 372
513 368
515 364
516 360
518 358
503 353
511 351
513 346
513 343
513 339
513 336
514 333
514 330
513 328
513 325
513 323
513 318
512 315
513 311
514 308
514 306
513 299
513 298
513 295
513 293
514 289
514 286
514 282
514 280
513 276
513 273
514 269
515 267
517 261
520 260
530 258
698 258
771 254
773 253
921 255
990 251
1023 247
1023 244
988 241
966 237
1002 234
975 232
949 229
738 134
737 133
710 120
694 133
676 131
669 129
647 129
679 129
696 131
688 128
708 127
637 126
683 126
671 125
682 125
659 124
646 123
703 122
705 123
704 122
703 121
689 121
695 119
672 119
676 118
687 118
660 117
651 117
643 117
622 116
619 116
616 116
630 111
635 115
632 116
624 115
648 119
629 115
601 114
595 115
642 114
609 115
558 115
578 115
622 115
603 114
561 116
575 115
577 116
558 115
561 117
524 118
520 120
519 124
504 119
517 130
517 125
514 200
514 205
512 206
515 208
515 212
512 213
511 217
503 222
512 221
515 232
513 238
514 236
514 238
514 241
514 244
514 249
514 253
514 256
514 256
513 260
514 265
514 269
513 272
514 276
514 279
515 281
514 285
513 290
514 293
513 296
513 299
514 303
513 307
514 309
514 313
514 316
514 320
514 324
514 328
513 333
513 336
514 341
514 346
513 346
513 348
513 352
514 356
513 360
514 364
514 367
513 371
513 375
514 379
515 383
505 387
513 398
513 393
513 591
513 593
513 597
514 600
513 603
515 608
513 612
513 616
513 620
514 624
514 629
513 633
513 637
513 642
514 645
515 649
514 653
513 657
513 661
514 665
513 669
514 672
513 675
514 678
513 684
514 686
513 691
513 693
513 697
514 699
513 702
514 705
514 708
513 712
514 715
513 718
513 722
513 725
514 728
514 732
513 735
514 739
513 741
513 744
514 748
514 750
513 753
513 756
513 760
514 762
513 766
514 769
513 770
508 775
486 777
379 778
316 778
298 897
300 897
265 901
297 901
235 902
311 903
305 905
259 905
247 907
297 906
332 906
294 908
319 908
300 909
332 909
332 910
355 911
333 911
325 911
349 912
343 912
353 914
336 924
298 915
356 915
351 916
357 917
344 917
346 918
358 918
366 919
371 920
406 920
401 920
387 920
386 919
396 921
385 921
380 921
396 920
419 922
413 923
398 924
408 922
424 922
417 922
433 922
438 922
414 922
415 922
441 922
462 921
466 921
438 921
477 921
505 919
496 918
513 824
513 820
513 817
514 814
513 811
513 808
514 804
514 801
513 796
513 792
514 789
514 787
513 783
513 780
512 776
514 772
514 767
514 766
513 763
513 760
512 756
512 752
512 746
513 742
513 742
513 738
513 737
512 733
513 729
513 726
513 721
514 716
513 713
513 710
513 707
513 704
513 700
513 696
513 693
514 687
512 684
512 678
513 674
514 674
513 671
513 667
514 664
514 661
513 658
513 654
513 651
513 648
513 644
513 640
514 635
514 631
513 456
513 453
514 450
514 446
513 443
513 440
514 436
513 428
513 427
513 423
514 418
514 414
514 410
513 405
513 401
514 396
513 392
514 388
514 384
513 380
512 377
513 375
513 371
515 365
512 363
517 358
514 352
505 350
513 348
513 342
514 342
513 338
513 335
513 332
513 329
514 325
513 323
513 319
513 316
514 313
513 309
513 306
514 303
514 300
513 297
516 293
515 290
513 287
513 284
514 281
513 278
513 275
512 271
513 268
516 266
520 261
522 261
641 142
742 142
789 139
773 138
765 137
716 135
708 135
708 132
743 139
701 132
712 133
698 140
734 130
712 129
711 128
719 128
715 127
704 128
692 126
659 126
697 124
698 125
712 124
690 123
701 123
687 121
695 121
708 120
657 120
646 119
643 118
655 118
668 117
637 117
631 117
637 117
643 116
640 115
648 116
628 115
619 115
614 115
618 115
643 115
623 115
584 114
589 116
614 114
599 116
591 116
605 115
603 115
580 115
569 116
580 115
565 115
552 114
554 230
521 226
510 228
514 234
516 237
512 242
514 241
514 245
514 249
514 252
514 253
515 256
514 261
514 264
514 267
514 270
514 273
514 277
514 282
513 284
513 289
514 292
513 295
514 298
514 301
514 304
510 308
514 315
514 317
514 320
514 323
514 327
514 330
513 334
513 339
514 342
513 346
514 350
512 351
513 355
514 359
514 362
514 366
514 369
514 373
513 377
513 380
514 384
505 387
514 386
514 393
513 397
514 402
514 405
517 410
513 414
514 418
515 640
513 646
513 648
513 652
513 656
514 659
514 663
513 668
513 671
517 674
514 679
514 680
514 685
514 688
513 691
514 694
513 698
513 701
514 704
514 706
514 709
513 712
513 716
514 720
513 724
513 727
513 730
514 733
514 736
515 739
515 742
514 747
515 750
514 752
514 755
515 758
513 761
513 765
513 768
513 772
511 774
499 777
387 778
332 780
200 779
78 782
105 785
122 788
82 792
67 794
30 799
51 801
74 804
83 807
99 809
75 812
76 815
70 819
56 878
218 880
227 882
196 884
199 885
244 887
217 887
238 888
295 889
215 891
240 893
239 893
281 895
307 896
339 898
312 900
315 900
280 902
294 901
279 902
316 903
313 901
277 904
339 906
333 907
352 908
333 908
373 909
354 909
351 911
368 911
381 912
417 912
361 913
397 914
394 914
403 915
401 928
371 916
394 917
417 917
390 918
360 918
341 919
355 919
362 920
370 920
369 921
349 921
380 921
409 919
412 921
376 922
401 921
422 922
446 921
423 922
398 886
513 885
514 882
513 882
513 881
513 878
513 876
513 874
513 872
513 870
512 867
512 867
513 861
513 863
513 860
514 858
513 856
513 853
513 851
513 848
513 846
514 843
514 842
513 838
512 836
512 833
513 829
513 826
514 822
514 819
513 816
513 814
513 810
514 805
513 800
513 798
513 796
513 792
513 788
513 783
513 779
513 777
514 774
513 772
514 769
513 764
513 760
513 757
513 752
513 751
515 748
512 745
513 740
513 737
513 733
511 729
514 727
513 577
513 574
513 572
513 568
513 566
513 563
513 560
514 558
513 555
514 552
513 548
511 550
515 542
513 537
513 532
513 529
513 524
513 520
513 515
513 510
513 505
513 501
516 497
512 493
513 488
513 484
513 482
514 477
513 474
513 471
513 468
513 464
512 463
514 459
513 456
513 452
513 448
514 445
514 441
513 438
513 432
514 430
515 425
514 421
513 416
513 412
514 408
513 403
512 400
513 395
513 390
513 386
514 383
515 378
514 375
514 371
515 368
973 254
1020 251
1000 249
977 245
1002 242
982 239
1023 236
984 232
993 231
967 226
932 223
912 218
946 220
939 217
949 218
955 214
910 209
907 207
894 205
869 203
863 200
846 198
877 196
859 193
856 192
863 190
897 186
906 183
875 182
873 179
869 177
917 175
888 172
911 170
896 169
904 165
870 165
894 161
868 160
852 158
835 156
807 154
796 153
779 151
793 149
728 148
728 146
708 145
763 144
714 143
713 142
666 141
697 140
697 139
712 137
689 137
707 115
614 117
592 114
620 115
622 115
596 114
572 114
607 115
590 115
576 115
576 115
576 116
567 117
551 118
538 118
525 120
515 116
515 124
514 125
523 129
515 128
515 130
514 132
514 136
514 135
514 136
514 137
514 138
513 138
514 139
514 141
517 140
513 142
514 143
514 145
514 146
514 147
514 149
515 151
514 152
514 154
513 156
514 159
514 160
514 162
514 164
514 165
514 167
512 171
514 173
513 174
513 177
514 179
514 182
514 184
514 185
514 189
514 348
514 354
514 356
514 362
513 367
516 368
514 371
514 376
514 380
514 383
513 387
513 390
514 393
513 398
514 396
514 406
513 410
514 413
514 418
514 423
513 426
514 431
513 437
514 442
514 446
514 450
514 454
513 458
514 462
514 465
514 468
513 471
514 474
513 476
514 479
514 481
514 484
514 488
514 492
514 494
514 499
513 504
514 507
513 511
514 516
513 522
513 525
514 529
514 535
515 540
514 542
514 548
514 551
514 554
514 559
514 563
514 566
513 738
513 741
513 744
513 747
513 750
509 752
513 757
514 760
513 762
514 764
514 768
514 771
511 773
509 776
467 778
355 779
295 780
134 781
112 783
80 786
90 790
41 792
44 796
49 800
48 802
46 806
43 809
111 811
100 813
95 818
82 819
105 824
131 825
109 827
121 831
120 833
166 834
164 838
143 840
118 842
129 845
153 847
117 846
126 853
110 853
163 855
149 858
143 861
155 862
201 864
187 866
178 869
190 871
163 874
155 875
173 878
187 880
203 881
217 921
397 921
404 923
402 921
425 918
416 922
408 922
400 922
413 922
397 923
402 922
422 922
446 922
447 922
412 923
439 923
440 922
447 921
452 921
465 922
458 919
496 919
505 917
507 913
512 915
512 913
512 910
510 909
512 907
513 905
513 903
513 902
513 902
513 901
513 900
513 899
512 899
510 896
513 896
513 893
514 894
513 892
514 892
513 889
514 888
512 887
513 884
513 884
513 881
512 879
514 878
512 876
513 873
514 871
512 869
514 867
513 866
514 736
515 726
515 732
514 725
513 721
513 722
514 715
513 712
513 707
513 703
513 702
513 699
512 696
513 692
514 688
513 684
513 681
513 678
510 674
513 671
514 667
512 663
514 660
513 656
513 653
513 648
513 645
513 641
513 639
514 634
512 628
512 625
513 621
513 616
513 611
513 608
513 603
513 598
513 594
514 588
514 585
513 582
513 578
513 573
513 571
513 569
513 565
513 562
514 560
512 557
513 554
513 550
513 547
515 544
513 538
513 536
513 531
515 328
513 323
513 321
513 317
514 314
513 310
513 306
514 305
514 302
513 299
514 295
514 292
514 290
513 287
513 284
514 281
514 277
514 274
513 270
513 268
514 265
516 261
527 259
636 259
749 257
791 252
910 254
1019 251
1012 249
992 245
985 242
936 239
949 236
958 233
962 229
943 227
936 224
959 221
914 218
934 216
915 213
936 210
891 207
921 205
903 203
907 201
891 198
840 196
843 193
850 191
908 190
902 188
892 185
882 183
867 180
892 179
871 176
633 119
647 116
654 116
615 116
620 116
613 115
621 116
618 115
637 114
640 115
609 115
635 115
598 115
590 114
608 114
598 114
593 117
597 116
589 115
582 115
568 116
584 115
561 116
559 117
533 114
532 120
521 118
517 112
515 122
514 128
517 118
515 130
514 132
514 133
514 134
514 135
514 136
514 137
514 138
513 139
514 141
514 140
517 141
514 143
514 144
515 145
514 149
513 150
514 151
514 152
514 149
514 156
514 158
512 160
513 162
515 163
514 165
514 333
514 336
514 340
517 343
514 347
512 350
514 352
513 358
515 360
516 363
514 366
514 370
515 372
513 376
514 379
513 382
514 382
502 388
513 393
514 397
513 401
514 405
513 410
514 414
514 420
513 425
513 430
514 436
514 441
513 446
514 449
515 453
513 456
513 460
513 463
513 466
515 469
514 471
514 475
514 477
514 481
513 484
513 487
513 491
514 494
513 498
513 501
514 506
514 510
513 515
513 518
513 523
515 528
512 533
513 537
513 542
513 708
513 711
514 714
513 717
516 722
514 724
514 728
513 731
513 734
513 737
513 740
514 743
513 747
513 751
513 754
513 757
513 760
514 762
514 766
513 770
512 773
511 776
506 778
387 779
330 780
208 780
87 783
72 786
78 788
83 792
31 795
47 798
32 802
39 805
67 808
63 810
111 813
82 816
101 819
93 822
78 825
72 827
96 829
105 832
129 834
129 836
135 838
181 841
166 844
163 846
185 848
152 851
157 853
124 855
167 857
157 860
196 861
172 864
168 867
407 921
412 922
400 922
409 922
378 922
395 923
423 922
415 922
419 922
423 922
429 923
420 922
434 923
405 922
425 922
448 922
449 922
438 921
456 922
465 922
473 920
483 920
495 919
511 916
514 915
510 913
512 911
512 910
513 907
513 906
512 904
513 901
514 901
513 900
513 900
512 899
513 898
513 898
512 896
513 895
512 893
514 893
513 892
513 890
515 887
513 887
513 885
513 883
513 881
513 880
513 878
513 875
513 874
513 872
513 870
513 868
513 864
513 690
513 684
512 680
513 677
514 674
513 670
512 666
513 664
513 661
513 659
513 655
512 651
513 648
514 644
512 640
514 635
512 631
513 626
513 622
513 617
513 612
513 606
514 603
513 598
513 593
513 588
514 584
513 580
513 577
513 575
513 571
513 567
513 565
513 562
513 560
513 557
513 554
513 550
513 547
513 543
512 543
511 538
513 531
513 527
513 523
513 517
512 513
513 509
513 504
513 500
513 496
514 491
514 488
514 484
513 480
514 477
514 473
741 255
850 254
1023 253
991 249
1012 246
1023 243
1023 239
982 237
997 234
973 230
969 228
945 225
961 222
955 218
941 217
945 213
913 210
918 207
873 206
894 204
867 201
856 200
853 197
905 195
903 192
884 190
892 188
862 185
872 183
850 181
879 178
882 176
906 174
897 172
895 169
896 167
889 165
880 162
835 161
820 159
824 157
831 155
838 153
809 152
770 150
807 150
802 147
768 146
736 145
747 144
776 143
761 139
761 141
729 140
763 139
724 137
744 118
660 117
658 116
616 117
601 116
637 116
639 117
607 117
648 115
671 115
628 115
582 115
616 112
624 114
634 115
601 114
618 114
616 115
609 114
592 114
579 115
588 114
586 114
590 115
560 116
566 115
564 117
534 116
529 118
522 120
520 125
516 117
518 122
513 127
513 130
512 132
514 133
514 133
514 135
515 135
514 138
514 139
514 139
514 140
514 141
515 142
514 142
514 143
512 145
514 147
513 148
513 149
514 151
513 152
514 155
514 157
513 159
513 276
513 280
514 287
513 289
514 291
513 294
514 298
513 301
512 304
514 308
513 311
513 314
514 318
514 320
510 325
513 331
513 334
514 338
513 340
513 344
514 348
514 350
514 354
514 357
514 360
513 364
513 368
513 372
514 375
513 379
513 383
514 387
513 390
516 396
515 397
513 402
513 406
514 411
513 416
514 420
514 425
514 430
514 435
514 439
514 444
514 448
514 452
513 456
514 460
512 464
514 466
514 469
512 472
514 475
514 477
514 480
514 482
513 634
514 639
513 642
513 647
514 650
514 653
514 657
514 661
513 665
513 668
513 671
513 674
513 677
513 681
513 683
513 688
514 690
514 694
514 697
513 701
513 704
513 706
513 710
513 712
513 715
514 719
514 723
514 726
513 730
514 734
513 736
514 739
514 742
514 746
514 749
514 753
513 755
514 759
514 761
513 765
513 769
512 771
511 773
509 777
467 777
368 779
290 780
153 781
86 784
59 787
42 791
17 794
22 798
56 800
43 804
71 806
69 809
93 812
297 895
279 895
308 900
270 899
333 898
313 901
344 901
280 903
307 904
299 903
325 904
285 906
328 906
316 904
324 909
305 910
322 909
337 911
371 911
352 911
364 912
363 913
327 914
341 915
366 915
324 916
336 917
351 919
349 918
358 918
320 918
337 919
369 919
394 920
390 921
391 921
394 920
396 921
398 921
388 922
417 922
420 922
417 922
394 922
400 922
409 922
454 922
448 920
411 923
403 923
448 922
460 922
434 923
436 922
462 922
428 921
454 921
513 864
513 861
513 859
513 857
513 856
515 853
513 850
513 849
512 847
514 844
513 841
513 838
513 835
513 831
513 829
513 827
514 821
514 820
513 816
513 813
513 809
513 805
514 803
514 798
513 794
514 792
513 791
514 784
514 781
513 779
513 776
513 773
513 768
513 765
513 764
514 759
513 754
513 751
513 747
514 745
512 741
514 737
513 735
513 731
513 730
513 714
513 720
513 715
513 712
513 709
513 705
512 701
513 697
513 694
513 692
513 688
513 684
513 488
513 485
513 481
513 477
513 474
514 471
513 468
514 465
513 461
513 459
514 456
512 453
514 449
513 446
512 441
514 438
513 434
512 430
514 427
513 422
513 417
513 412
514 408
513 402
514 399
513 395
513 391
513 387
514 383
514 378
513 375
513 371
513 368
513 365
513 361
513 358
513 353
512 352
507 347
509 351
513 340
513 336
513 334
513 330
513 328
514 324
514 321
514 318
513 314
513 312
513 309
513 305
513 301
514 301
514 295
513 292
514 289
868 163
876 162
853 160
839 158
839 157
864 155
825 153
790 152
748 150
777 149
822 146
786 147
747 146
718 145
727 141
725 142
715 141
708 140
780 139
718 138
741 138
748 135
779 135
737 134
702 132
683 130
689 128
713 127
692 139
691 128
692 128
679 126
673 126
671 124
677 125
674 125
695 123
715 123
671 122
697 120
653 121
684 120
679 120
676 118
696 120
670 118
663 118
672 117
652 117
648 115
640 116
626 116
652 116
644 116
610 116
601 115
633 115
514 165
513 166
513 169
514 171
514 173
514 175
514 177
514 179
515 181
514 184
514 185
514 188
513 190
514 192
514 194
513 197
513 200
514 203
513 207
512 209
514 209
514 219
510 224
514 227
512 228
515 232
511 237
501 241
513 236
511 244
513 249
513 253
513 255
514 257
514 259
514 264
513 269
512 273
514 276
514 278
514 279
513 284
514 288
513 293
513 297
514 299
513 301
513 306
513 309
514 313
513 316
513 321
513 325
513 328
513 331
514 335
514 503
514 505
514 509
515 511
514 516
513 519
514 524
514 529
513 534
513 538
514 542
513 546
513 550
514 554
515 558
512 562
513 565
510 568
515 571
513 573
513 577
513 580
513 581
513 588
513 590
513 595
514 598
513 602
514 606
513 610
513 615
513 619
513 624
514 628
514 633
513 637
513 641
513 647
513 650
513 653
513 657
514 661
514 664
513 668
514 673
513 676
513 679
513 683
513 687
514 689
514 693
514 695
513 699
513 703
513 705
513 708
514 711
514 858
169 860
141 863
164 865
167 868
153 870
145 872
111 875
147 876
170 877
195 879
188 882
216 883
213 885
237 887
254 887
243 889
253 891
255 893
255 893
241 895
261 896
265 896
275 898
258 900
286 899
274 901
258 903
275 902
327 904
312 904
255 907
292 906
289 907
316 910
315 909
314 910
349 910
339 911
337 911
307 912
319 913
327 913
335 915
347 913
309 916
320 915
344 917
382 916
368 917
351 918
391 919
409 918
374 920
380 920
377 921
390 921
401 877
515 875
512 873
512 871
509 869
513 868
513 866
513 865
514 861
514 860
513 856
514 854
514 853
513 852
513 847
513 844
512 845
512 840
510 837
513 834
513 831
514 830
514 826
514 821
513 818
513 813
513 811
514 808
512 802
513 800
513 794
513 792
