514 401
515 398
514 393
514 389
514 387
513 383
513 380
514 376
514 372
513 369
510 369
513 356
518 360
512 354
509 346
514 346
514 344
515 340
513 337
513 334
513 332
513 328
513 322
514 320
515 318
514 315
513 312
513 309
513 305
515 302
514 299
514 295
513 293
513 291
515 285
514 283
513 281
513 277
514 273
513 273
514 273
514 265
516 265
522 258
658 258
748 256
794 253
781 249
794 246
784 244
826 241
807 238
772 235
768 231
780 230
818 227
785 225
513 746
513 749
512 753
514 756
514 758
513 761
514 762
513 770
513 771
515 772
513 779
506 780
410 778
320 780
278 783
257 785
230 787
230 791
214 796
216 798
218 800
227 805
235 806
239 810
246 812
230 815
203 817
218 820
228 819
249 825
214 828
258 831
264 833
282 835
262 838
267 839
286 842
281 844
291 847
288 849
290 850
283 852
291 855
292 857
281 859
257 862
222 864
220 867
205 869
230 871
259 874
292 876
259 878
281 880
273 881
315 883
296 885
754 251
792 249
809 246
827 241
796 239
803 236
819 233
796 231
794 229
779 226
787 223
792 223
799 221
811 199
785 210
771 208
757 206
779 204
745 202
738 200
752 198
764 195
757 193
756 191
749 189
741 187
737 185
736 182
777 180
747 178
762 175
764 173
773 171
771 170
782 167
754 165
721 163
720 161
742 159
779 157
739 154
727 155
701 151
755 149
699 148
678 148
625 146
635 145
647 144
620 143
643 142
625 140
647 140
638 139
641 138
618 138
626 136
514 197
513 199
513 203
514 205
513 207
513 211
514 215
513 219
514 225
512 222
513 230
513 235
514 238
514 238
514 241
514 244
513 248
513 254
515 256
513 258
514 261
514 265
513 270
513 274
513 277
514 280
514 282
513 286
514 290
514 294
513 298
513 302
513 306
513 307
513 310
514 312
514 316
514 321
513 326
513 332
513 334
515 338
514 343
512 343
513 354
514 351
514 355
513 363
514 361
514 365
512 368
512 373
513 376
513 379
512 383
513 386
513 391
514 587
513 596
512 595
512 598
514 607
514 605
513 608
513 612
513 616
513 621
513 624
513 629
513 634
513 638
513 643
513 647
513 651
513 654
513 657
514 661
513 664
513 669
514 674
513 676
513 679
514 683
513 687
513 690
513 694
514 697
514 701
512 704
513 707
514 709
514 712
513 715
513 720
514 723
513 727
513 730
513 733
515 735
514 739
512 742
513 746
513 750
513 752
514 755
515 758
512 762
512 766
512 769
512 772
512 774
511 777
470 778
353 896
338 898
323 898
358 900
372 901
401 901
378 903
397 904
398 903
406 907
370 913
357 905
397 908
391 908
369 909
379 910
339 910
425 911
402 911
404 913
369 913
389 914
420 913
383 916
358 916
392 916
393 918
407 917
394 919
395 919
413 919
412 918
434 921
429 920
413 922
418 921
432 922
437 919
463 925
434 923
436 922
448 923
433 923
435 923
465 923
461 924
442 923
437 923
467 924
476 922
463 923
449 923
461 923
488 922
464 921
464 922
492 921
489 821
514 823
514 814
514 811
514 807
513 804
513 801
514 798
513 794
513 790
513 786
513 784
514 782
512 777
513 774
513 770
515 768
513 766
513 762
513 759
514 754
513 752
513 749
513 744
514 741
514 737
513 731
513 732
513 729
513 725
513 721
506 714
514 711
514 708
513 706
513 701
513 698
513 700
513 691
513 689
513 689
513 679
514 677
514 677
514 668
514 668
514 667
513 658
515 654
514 655
514 646
513 643
513 640
514 636
513 632
513 628
513 623
513 445
514 441
514 437
513 434
514 431
513 428
514 422
513 417
512 413
514 409
515 404
513 400
513 396
514 392
514 387
514 383
514 379
514 375
514 372
513 368
513 365
512 358
513 355
522 356
515 349
519 356
513 343
513 340
513 337
514 334
513 332
514 327
514 324
515 325
514 318
513 315
513 316
513 308
513 304
513 301
514 298
514 295
513 292
513 289
513 285
514 282
514 279
514 276
513 272
513 270
513 266
521 262
517 259
521 257
672 258
757 255
771 252
773 141
679 134
634 134
604 132
604 130
608 131
658 130
682 128
672 129
646 128
675 136
652 125
624 126
656 125
638 124
643 123
610 123
642 122
660 125
625 121
622 121
598 125
626 118
619 119
592 123
625 116
630 119
623 117
615 117
580 122
579 115
576 116
593 120
602 115
589 116
578 120
571 115
597 114
587 114
582 114
573 114
583 114
540 114
566 117
559 114
576 114
566 114
556 115
541 115
557 115
541 116
529 116
530 117
521 118
515 118
514 122
510 123
514 247
514 250
513 252
514 255
514 260
514 264
513 264
515 267
513 272
513 277
513 280
515 279
514 284
513 289
514 295
513 297
513 299
513 302
514 305
513 309
513 313
514 317
511 321
513 325
513 328
516 332
514 334
514 339
513 341
513 345
513 349
513 353
513 357
513 362
513 365
512 369
513 372
513 375
513 379
513 382
513 385
514 388
514 391
514 400
513 398
514 403
513 407
513 412
514 415
513 421
514 425
514 430
514 436
514 441
514 445
513 450
518 454
514 694
514 697
513 700
513 703
513 706
513 708
514 711
514 714
513 718
513 721
512 731
513 729
513 732
514 735
513 738
513 741
513 745
514 748
514 750
513 755
515 757
514 761
513 764
513 769
515 770
513 772
512 776
488 778
412 779
309 781
285 785
252 787
238 790
239 794
209 795
217 798
188 804
200 805
224 806
259 809
269 814
244 815
245 819
245 822
221 823
229 826
244 829
294 830
270 835
257 836
228 838
259 840
225 842
260 845
249 847
262 849
303 855
349 899
376 902
378 901
390 899
368 902
331 904
322 906
363 907
368 907
360 908
336 909
357 910
364 911
380 911
373 912
365 912
387 913
364 914
411 914
393 916
387 916
398 916
413 917
417 918
394 918
377 919
412 919
402 920
438 920
433 920
449 921
447 920
436 921
438 923
461 921
426 922
411 923
428 923
447 922
440 923
433 923
453 923
475 923
452 923
448 923
449 923
483 925
455 922
453 923
479 923
483 922
456 921
478 921
493 921
504 921
505 918
511 917
513 849
513 848
512 845
514 843
513 839
513 837
513 835
513 832
514 827
513 825
513 822
513 819
513 815
513 811
512 808
513 805
514 802
514 803
515 793
512 790
513 792
513 784
513 782
513 780
513 770
514 767
513 774
513 765
514 759
513 755
514 752
512 749
513 748
514 746
513 740
513 737
513 732
513 729
512 725
513 721
513 719
522 712
514 710
513 707
513 702
513 698
513 695
513 691
513 688
511 684
513 680
513 676
514 674
513 671
513 667
513 663
513 661
514 510
513 507
512 505
512 499
513 496
513 491
514 490
514 485
514 483
515 476
514 473
514 470
518 466
514 463
514 461
514 458
514 455
514 451
515 447
514 445
514 446
514 437
514 433
512 428
512 424
513 419
513 414
513 413
513 406
513 402
514 398
513 394
514 389
514 385
513 381
514 377
514 374
513 371
513 367
513 361
517 360
514 356
515 349
516 348
513 325
514 341
513 338
513 335
513 332
513 329
520 326
514 322
513 320
513 316
511 313
513 310
513 195
762 197
759 196
764 193
737 192
727 189
735 187
775 185
768 182
766 180
741 178
747 175
751 173
760 171
746 169
738 166
734 166
765 163
766 160
725 160
735 157
737 154
721 153
680 152
688 150
694 148
696 148
664 146
696 145
678 145
691 143
680 142
664 140
673 143
641 137
686 138
691 136
710 135
668 134
691 133
678 132
662 131
679 131
677 136
666 128
646 128
646 125
613 123
636 126
647 125
616 125
644 124
621 123
628 122
646 122
608 121
620 120
623 127
515 130
515 131
516 133
514 137
515 136
516 136
515 137
514 139
514 140
513 140
514 141
513 141
514 143
514 144
514 145
514 146
514 147
514 150
513 151
514 153
514 151
513 158
514 159
513 161
514 163
513 164
514 166
514 168
514 170
514 172
514 175
514 177
514 179
514 180
514 184
514 187
513 190
513 192
511 194
515 196
514 200
514 203
515 206
514 208
515 212
514 215
513 219
510 223
500 227
512 230
511 233
513 239
514 241
513 244
514 246
513 248
513 438
514 443
512 447
514 453
513 456
513 460
510 463
511 466
510 470
511 472
511 475
511 478
512 481
513 483
511 487
511 490
511 495
512 497
511 501
512 505
512 509
513 512
513 517
512 521
513 526
514 531
513 535
514 539
514 544
513 547
513 551
513 555
513 559
513 562
514 565
514 568
514 572
514 575
513 578
513 582
514 586
513 588
514 591
514 596
513 600
512 604
512 609
512 614
513 616
513 622
514 625
513 629
515 636
515 639
512 643
512 650
514 650
513 810
252 812
234 814
240 817
241 821
236 822
230 824
214 828
259 832
242 832
244 835
270 837
306 839
288 840
256 845
252 846
286 848
285 851
276 853
273 854
276 857
275 859
280 862
298 864
289 866
292 868
283 871
292 873
277 875
274 877
276 879
289 881
267 883
243 884
282 887
290 887
292 889
303 893
354 891
336 893
318 897
330 894
339 895
350 901
388 897
391 899
347 899
361 901
370 902
409 904
390 904
355 905
396 906
406 906
381 907
373 909
394 910
514 911
512 908
512 907
513 906
513 905
513 904
512 902
512 902
513 899
515 900
513 898
513 896
512 896
512 896
513 895
513 895
514 893
513 891
513 889
515 887
515 886
514 883
514 883
513 881
513 879
513 877
513 874
513 872
514 864
512 868
513 868
513 866
513 863
514 861
513 858
513 856
515 855
515 851
513 849
514 848
514 844
514 840
513 839
513 836
513 834
514 829
514 825
512 823
513 820
514 817
513 814
512 809
513 806
517 803
513 800
513 795
514 789
513 636
513 631
514 627
514 621
515 616
514 612
514 607
515 603
513 598
514 594
514 589
513 586
514 582
513 579
514 576
514 572
514 569
514 566
513 563
513 561
512 560
513 555
513 552
513 550
513 544
512 539
513 538
517 531
514 528
517 525
515 520
516 515
516 511
515 506
515 501
516 496
516 492
513 487
513 485
513 481
513 477
513 474
512 472
514 468
514 464
513 461
513 459
513 456
513 453
512 449
514 445
513 443
514 438
513 435
513 430
514 426
514 421
809 247
791 245
773 243
794 239
838 236
814 233
834 230
833 227
799 224
774 223
790 220
767 218
803 216
801 212
799 212
785 206
802 205
781 196
744 200
697 199
718 196
750 194
764 194
729 190
738 186
770 186
759 183
738 181
737 179
768 177
792 175
775 172
775 170
751 167
776 163
774 163
773 161
727 159
719 157
723 154
697 153
703 152
696 151
710 149
690 148
690 146
687 146
726 144
679 144
644 144
625 142
668 138
640 138
669 138
621 136
644 135
641 134
515 119
514 119
515 122
515 126
512 125
513 128
523 132
513 131
517 132
525 130
512 133
513 141
520 137
514 137
513 139
512 140
514 141
514 141
514 143
514 144
513 146
514 148
513 149
514 150
514 153
513 153
514 156
514 159
513 159
513 162
514 164
514 164
514 168
515 170
513 171
513 174
513 176
514 178
513 181
514 183
514 183
513 187
513 189
514 192
513 195
514 198
513 202
514 205
513 207
515 211
512 213
514 217
514 222
512 225
504 228
513 232
512 236
514 423
514 429
514 432
513 438
514 442
512 449
512 452
513 455
512 459
513 462
514 465
514 468
514 472
514 472
514 473
514 477
514 482
513 485
513 489
513 492
512 496
513 499
513 504
513 507
513 511
514 516
513 521
514 524
513 529
514 533
513 536
514 541
514 546
514 550
513 553
515 558
515 560
514 564
515 567
514 570
513 573
513 577
513 580
512 584
514 587
512 589
514 593
513 598
515 602
513 606
513 610
513 614
514 618
513 624
513 627
514 631
513 783
292 785
258 790
227 791
201 796
207 796
189 799
221 802
180 805
214 807
247 810
239 810
219 815
219 816
239 820
264 823
246 825
280 829
256 831
286 833
283 836
288 838
265 841
246 837
274 844
267 845
275 850
228 852
273 854
295 856
307 858
277 861
243 863
259 865
242 867
241 869
278 872
291 874
278 876
293 878
308 880
314 883
293 883
324 886
326 887
341 889
356 890
351 891
368 892
354 898
370 892
373 895
417 896
363 898
409 899
367 900
397 900
380 916
512 913
513 911
512 911
516 909
515 906
513 905
513 903
512 901
513 901
512 900
513 899
514 898
514 898
511 896
513 897
514 896
512 895
512 893
514 891
512 890
513 888
514 887
512 884
512 883
513 881
513 879
512 878
513 876
513 873
512 872
513 876
513 869
514 866
513 865
514 862
514 859
513 857
513 857
513 853
513 850
512 847
513 845
513 842
513 839
512 836
513 833
513 832
513 828
514 826
514 822
513 818
514 815
513 812
513 807
513 802
513 801
513 589
513 586
513 584
513 580
513 578
514 573
514 570
513 567
517 564
514 562
514 559
513 557
513 554
513 550
513 547
513 544
513 540
513 537
508 532
513 536
513 525
514 518
513 514
513 507
514 505
515 499
515 495
514 492
514 485
513 484
514 478
514 473
513 472
518 466
513 467
510 463
513 461
513 455
514 455
514 451
513 447
513 445
513 442
513 437
511 433
512 429
512 424
515 419
514 415
515 411
514 406
513 401
514 395
514 393
515 388
514 384
514 381
513 208
726 198
750 202
777 203
739 198
781 197
761 193
756 192
736 190
717 187
724 186
743 184
730 182
753 179
798 178
783 175
787 172
777 170
802 168
792 166
750 163
733 161
724 159
716 157
678 155
693 155
679 152
679 151
666 150
655 148
621 148
675 146
687 145
674 144
651 143
637 142
695 141
656 139
677 135
628 138
675 136
668 135
664 133
643 133
649 132
669 131
650 130
642 129
627 131
634 125
654 121
641 127
584 122
621 121
653 125
658 120
632 123
551 114
571 111
606 114
578 114
589 114
563 115
557 114
554 115
557 116
562 115
551 116
524 117
523 118
515 119
514 122
514 126
516 122
515 125
517 120
511 127
512 132
511 134
515 140
513 140
518 134
515 138
513 139
513 139
513 140
514 141
514 143
514 144
513 145
514 146
514 148
514 147
514 151
514 153
514 156
515 158
513 160
513 160
514 162
514 165
514 167
514 169
515 171
514 173
513 176
513 177
513 179
513 182
513 184
514 186
513 188
513 191
514 193
514 333
514 335
514 338
513 341
514 344
514 349
513 352
514 356
515 361
513 364
513 367
513 369
513 373
513 376
513 380
513 383
513 387
513 391
514 395
513 398
513 403
513 408
514 411
516 416
514 421
514 425
513 430
513 434
513 439
513 444
513 449
513 453
513 458
514 460
514 462
514 465
513 469
513 471
514 474
514 477
513 479
514 481
514 486
512 489
515 493
514 496
514 500
514 503
513 507
514 512
514 518
514 522
514 526
514 531
514 535
514 541
514 544
513 696
513 700
513 702
514 704
514 707
514 710
514 713
513 717
513 720
513 724
514 728
514 730
513 733
513 739
513 740
513 744
513 747
514 749
513 752
515 757
514 759
514 761
514 764
514 768
512 765
514 777
508 777
425 777
347 781
307 783
275 784
267 789
234 791
219 794
204 796
200 801
210 804
173 804
221 809
224 813
277 814
254 817
264 821
257 822
233 825
237 828
255 830
283 832
263 835
259 837
271 839
268 843
259 844
254 847
237 849
233 851
265 852
401 908
419 912
415 908
406 913
398 914
407 914
400 915
413 915
373 916
406 917
407 917
393 919
383 919
418 918
418 920
411 920
376 921
409 921
429 920
436 921
439 923
443 922
458 922
443 922
427 922
446 919
459 923
446 923
440 923
452 924
445 923
448 923
481 923
472 923
435 923
454 923
465 924
470 923
461 923
482 922
485 922
498 920
503 919
507 918
512 916
512 915
513 912
513 910
513 908
513 906
513 905
513 903
514 903
513 902
513 900
513 900
513 899
513 816
514 813
513 810
513 808
513 804
513 799
512 794
513 794
513 792
513 787
513 781
513 783
514 781
514 771
512 770
513 767
514 764
513 761
512 758
513 754
513 750
513 746
513 743
514 741
514 738
513 734
514 729
513 725
513 721
514 720
513 716
514 716
512 704
513 705
514 701
514 697
513 692
513 689
513 686
513 681
513 679
513 675
514 671
514 667
514 663
514 660
514 657
513 654
513 652
514 648
513 644
513 640
514 637
513 632
513 627
513 623
513 430
513 429
513 423
513 420
513 414
513 410
513 406
513 402
513 398
514 394
514 390
514 381
513 382
513 380
513 376
514 372
514 368
514 364
515 360
514 357
514 353
516 349
515 346
513 317
515 341
514 336
514 333
515 329
513 327
513 324
514 320
512 318
513 314
514 310
514 306
514 303
514 300
514 297
513 294
514 291
514 287
514 284
514 281
513 277
513 274
513 272
513 269
513 266
514 263
518 260
532 258
681 258
726 255
771 252
782 250
795 246
793 243
814 141
661 140
626 138
605 138
616 137
628 136
673 135
675 134
697 133
687 132
702 131
669 130
641 129
640 121
648 129
635 125
630 130
656 124
629 126
646 125
643 123
651 123
654 121
638 121
663 120
632 120
635 120
611 119
596 119
584 118
591 117
605 121
630 116
590 116
580 111
584 115
602 110
584 115
585 115
584 115
598 115
592 115
575 114
585 114
586 115
571 114
567 114
586 114
560 113
572 116
584 114
558 115
540 114
553 114
557 116
548 115
535 116
531 206
513 210
514 212
514 213
514 219
513 222
513 226
513 230
512 236
512 235
511 238
514 243
513 245
513 248
514 252
514 254
513 258
514 262
514 266
514 268
514 271
514 275
513 278
514 284
513 287
513 291
513 292
513 296
514 301
513 304
514 306
513 311
513 314
514 318
513 322
513 325
513 328
514 330
513 335
513 340
514 344
513 348
514 352
513 356
514 360
513 363
514 367
514 369
513 372
513 374
514 377
514 380
513 383
514 387
514 391
514 395
513 400
514 566
514 569
514 572
513 575
512 578
513 581
515 584
514 588
513 591
513 595
513 599
512 603
513 607
513 610
514 614
514 619
514 624
513 628
513 633
511 638
514 639
514 645
514 649
513 651
513 652
513 662
513 666
513 665
513 673
514 676
513 679
513 683
513 687
513 691
512 694
513 697
513 700
513 702
513 706
513 709
513 712
513 715
514 719
513 722
513 725
514 729
513 732
513 736
516 739
512 742
513 745
513 748
514 752
513 755
513 758
512 761
513 764
368 891
366 891
387 892
372 894
374 895
363 896
360 897
321 897
354 898
309 901
354 902
388 902
387 898
351 903
377 905
393 906
412 907
359 906
373 910
393 910
414 910
388 911
356 911
377 912
387 913
416 913
381 913
384 914
417 916
380 916
400 917
385 917
364 917
408 918
426 919
441 920
435 920
409 920
433 921
429 921
419 921
420 921
458 922
461 922
429 922
403 923
435 922
455 929
446 923
430 923
445 923
462 922
446 923
455 923
462 923
447 923
450 923
514 840
513 838
513 836
513 833
513 830
512 827
513 824
514 821
513 818
514 815
513 809
513 805
513 804
512 801
513 797
514 791
514 789
514 787
514 786
514 780
512 776
513 771
514 767
513 764
513 762
512 761
513 756
513 752
513 748
513 745
513 742
513 740
513 736
514 732
514 728
514 723
513 717
513 719
513 710
513 713
515 710
513 702
513 697
514 694
514 689
513 686
513 683
513 680
513 677
513 674
514 672
513 667
513 664
514 660
513 657
514 652
513 650
513 445
514 441
514 437
513 434
513 430
513 426
514 421
516 415
513 413
513 409
514 405
515 400
513 396
513 394
514 388
513 385
513 378
513 379
513 373
513 369
515 365
514 362
516 358
514 354
513 347
519 348
507 343
514 338
514 337
514 334
515 331
513 328
513 325
514 322
513 319
514 313
514 311
514 308
514 305
514 302
513 299
514 296
513 293
514 286
514 286
514 282
513 280
513 277
514 274
514 270
515 267
514 265
512 261
523 258
611 258
740 257
797 254
696 147
673 146
666 145
675 144
656 143
657 142
633 141
667 140
665 139
677 134
687 136
674 136
672 131
696 134
680 134
683 127
637 131
679 129
646 127
636 133
643 126
663 127
643 130
603 124
616 119
637 123
632 123
616 122
593 122
635 121
602 120
602 120
596 119
568 118
577 118
594 118
597 117
628 117
596 117
603 116
636 116
607 115
577 115
578 115
597 115
620 115
595 114
581 114
563 114
589 114
575 114
573 114
566 114
573 114
577 114
590 114
556 111
513 210
514 211
514 216
513 221
513 225
513 228
513 231
506 233
514 238
511 240
514 243
514 246
513 249
514 253
513 257
513 261
513 263
514 266
513 269
514 274
513 278
514 283
513 285
514 287
513 289
513 294
513 299
513 303
512 307
514 309
513 311
514 313
513 319
513 323
513 328
513 332
513 335
513 340
513 344
514 347
514 350
514 354
514 357
514 360
513 361
514 364
513 369
514 372
513 376
514 379
513 383
513 386
513 390
514 394
513 399
514 403
514 613
515 617
513 622
516 626
513 631
513 635
513 640
513 643
513 647
513 652
513 656
513 660
513 663
513 667
513 671
513 674
514 678
514 682
513 685
512 690
513 692
513 695
514 699
514 701
513 704
513 708
513 711
514 714
512 716
513 721
514 724
514 727
513 730
513 734
514 738
513 741
512 745
513 747
514 750
514 753
513 757
513 760
514 763
514 766
513 770
513 773
513 775
510 777
450 777
343 781
269 782
257 787
250 789
241 792
251 794
234 798
239 802
199 912
395 914
368 915
381 915
362 916
404 916
426 917
412 917
410 920
399 918
402 919
397 919
393 920
426 920
425 921
423 922
449 921
457 921
441 923
410 922
416 922
463 923
461 921
439 915
424 923
447 923
440 923
438 924
455 924
449 922
438 923
476 923
456 923
458 925
462 923
478 923
480 923
474 921
496 920
504 920
505 918
510 916
513 913
512 912
512 909
514 908
513 905
513 900
512 904
513 901
512 900
513 901
513 900
514 898
513 898
514 898
513 896
513 838
514 835
513 832
513 830
513 827
514 824
513 820
513 818
513 814
514 812
513 808
513 805
513 801
512 797
514 793
514 791
513 788
513 785
513 781
513 777
513 773
513 769
513 766
514 765
513 761
513 758
513 755
513 755
513 747
514 743
514 740
513 736
513 733
514 730
514 727
513 723
513 719
513 715
514 710
510 707
515 694
513 699
513 695
513 692
514 688
513 687
513 683
513 680
514 676
513 672
513 668
514 666
513 662
514 659
513 654
515 650
515 643
514 485
513 481
514 477
515 473
514 471
515 467
513 465
514 461
515 458
515 455
513 453
513 449
513 446
513 441
513 437
514 434
514 429
514 425
513 421
513 417
513 412
513 407
513 404
513 398
513 394
514 390
513 386
513 383
513 378
513 375
514 371
514 368
515 363
510 359
514 356
513 353
513 345
513 345
512 342
516 336
514 335
514 332
514 330
512 325
513 325
513 320
514 316
514 313
514 310
514 306
514 303
513 301
514 298
514 294
513 290
515 287
514 285
739 182
748 181
764 178
769 177
740 174
747 172
764 170
736 169
766 167
724 164
759 162
783 159
766 158
717 157
681 154
679 153
725 151
713 150
673 148
667 147
672 146
675 145
658 144
645 144
670 142
670 141
647 139
619 139
652 138
656 136
637 135
637 134
622 133
646 132
617 132
648 130
635 129
623 128
629 120
632 126
619 125
595 127
596 121
623 126
605 125
616 123
598 124
640 119
611 121
629 121
622 117
621 119
621 120
615 115
600 117
605 118
601 113
512 141
516 140
513 140
514 140
514 141
513 142
514 144
512 145
513 146
513 147
513 149
514 151
514 153
514 155
514 156
515 157
514 160
514 162
514 165
513 166
514 168
514 170
514 171
515 174
514 177
514 179
515 184
514 184
514 187
513 188
513 192
514 194
514 196
514 197
513 201
514 205
514 208
513 211
513 214
514 218
514 222
513 225
514 228
513 232
513 239
512 240
513 241
514 245
514 248
514 253
513 257
513 260
514 261
513 264
512 268
513 273
513 279
514 430
513 433
514 438
514 442
514 446
514 451
514 454
513 457
515 460
514 464
513 468
514 470
513 473
514 476
514 478
513 479
513 484
514 488
513 490
513 494
514 498
513 502
515 506
514 511
512 517
512 520
511 525
512 530
513 535
513 539
513 544
513 550
514 553
514 555
514 558
514 562
513 565
514 568
513 571
514 574
514 577
514 580
514 585
514 588
514 591
513 596
509 599
513 603
513 607
514 611
513 615
513 620
512 624
512 630
513 634
513 638
513 642
244 798
245 805
229 804
270 807
235 810
208 812
222 815
236 818
195 819
243 822
258 824
241 826
242 830
225 833
243 834
265 837
288 838
285 841
293 841
265 844
245 847
259 850
266 851
235 854
262 858
266 858
289 861
265 863
261 866
269 867
318 870
290 872
288 877
290 878
303 878
328 881
330 882
337 884
337 885
313 887
323 889
343 890
310 891
322 892
321 894
324 894
366 897
373 897
383 897
391 899
384 900
379 900
408 902
388 902
406 904
381 905
409 905
513 915
511 913
512 911
513 909
513 907
513 907
513 905
513 902
514 902
513 901
514 900
513 899
514 899
511 899
513 896
513 895
513 894
513 893
513 893
514 890
513 888
514 887
513 885
514 883
513 880
514 879
514 877
514 876
514 874
513 871
513 870
514 867
512 863
513 864
513 861
514 858
513 857
513 854
512 852
514 850
510 847
514 844
513 843
513 840
513 836
514 834
514 831
513 826
514 824
513 821
515 817
514 813
513 811
513 807
513 804
513 799
513 627
514 626
513 622
514 617
514 614
513 611
513 606
513 600
513 596
513 591
514 587
513 584
514 580
513 578
514 575
513 571
513 568
513 565
513 565
512 560
512 555
513 554
513 550
513 547
513 543
514 539
512 536
513 531
513 527
515 520
502 516
504 511
513 508
512 505
511 500
512 496
512 492
512 488
513 483
513 480
514 475
514 473
514 469
513 466
513 462
514 459
514 456
514 453
512 450
512 446
513 443
513 439
514 435
515 431
515 427
514 423
514 419
513 268
514 264
514 262
519 260
523 257
633 257
759 256
767 253
804 250
820 247
788 243
774 242
795 239
820 236
791 233
779 230
816 227
807 224
789 222
764 219
800 216
794 213
800 211
792 206
767 209
744 205
730 198
755 199
785 197
774 195
759 192
751 190
741 188
734 186
758 184
769 181
758 180
737 177
788 174
756 172
767 170
729 167
767 165
735 163
734 161
720 159
723 157
735 155
724 154
719 152
702 150
683 150
654 148
680 146
670 147
660 145
654 145
665 114
564 115
531 114
542 115
536 115
530 118
518 118
514 119
516 122
514 124
514 126
514 129
515 133
521 127
513 133
513 134
517 133
511 133
513 137
514 138
517 143
514 140
515 141
513 142
514 143
513 143
513 145
514 146
514 148
513 150
514 154
514 153
513 156
513 159
513 160
514 162
513 164
514 163
513 166
514 170
513 172
513 174
514 176
514 176
512 180
514 182
513 184
514 188
513 189
514 192
514 194
513 196
514 199
514 204
513 206
514 210
514 213
511 394
514 397
514 402
514 406
513 412
512 417
512 419
512 425
512 430
513 434
513 438
513 442
514 445
514 449
513 452
514 456
515 459
514 463
514 466
514 468
514 473
514 476
514 478
514 480
514 483
515 486
514 490
514 493
515 496
515 500
514 505
513 509
512 514
512 519
512 524
513 529
513 533
514 539
514 543
512 541
513 550
513 553
513 556
513 559
513 564
513 566
513 570
512 571
513 577
513 579
513 582
514 587
513 592
513 593
512 597
513 601
513 604
235 786
212 790
219 792
209 796
218 798
227 801
267 802
253 806
217 810
243 811
251 816
265 817
212 822
224 822
236 827
245 831
232 830
230 832
271 835
271 837
284 840
241 843
250 845
242 846
281 849
290 851
276 853
316 855
301 859
310 861
244 862
263 865
272 867
298 869
261 872
262 874
277 876
301 878
292 880
309 882
337 883
334 885
359 887
311 888
344 890
347 891
354 891
320 893
315 894
316 895
346 896
355 899
341 898
342 899
333 901
378 902
345 903
465 923
453 923
451 922
459 923
489 922
497 921
502 920
506 919
507 918
513 916
512 914
513 912
512 910
513 908
513 905
513 904
513 904
513 901
514 900
513 899
513 899
514 899
512 899
512 897
514 896
512 894
513 891
514 891
513 891
513 890
513 889
513 887
514 885
517 883
514 880
513 878
514 876
514 875
513 873
513 870
513 869
513 867
512 864
514 862
513 862
513 858
513 855
513 854
512 850
513 848
514 845
513 844
511 840
514 837
513 835
513 832
514 828
514 630
514 627
514 623
514 620
514 615
514 609
514 606
513 601
513 596
512 592
513 588
512 585
513 581
514 578
