514 357
513 353
515 348
513 346
514 343
513 340
513 337
514 334
514 330
514 327
507 325
513 323
513 319
509 315
513 312
513 309
515 305
514 301
513 299
513 295
514 293
514 289
514 287
514 284
513 280
513 277
513 275
513 271
516 266
516 265
515 261
518 260
522 255
525 254
811 256
749 252
761 246
741 242
847 244
892 241
868 246
880 231
829 232
804 228
805 227
811 222
820 219
780 216
792 214
757 212
790 208
781 206
799 204
799 202
736 199
727 198
713 195
514 771
511 773
512 775
511 777
506 779
273 779
318 783
302 787
301 790
221 790
156 793
167 796
169 800
197 803
235 807
241 808
233 811
215 814
241 817
244 820
259 823
229 826
247 828
224 830
241 833
241 835
268 837
296 840
294 842
287 845
271 847
290 848
293 851
290 853
272 855
263 857
256 859
255 862
276 864
282 865
293 868
286 871
306 873
306 875
298 877
300 879
324 880
336 882
303 884
301 886
336 891
354 888
345 887
339 891
330 891
371 893
350 894
777 180
733 178
729 177
722 174
779 172
753 170
765 168
748 166
734 163
718 161
730 159
734 157
730 157
721 154
696 153
732 151
695 150
712 149
654 148
680 146
672 146
670 144
650 143
667 142
665 140
620 140
620 139
622 138
635 136
638 134
607 134
632 132
626 131
634 131
617 131
635 129
596 128
601 128
616 129
600 124
577 125
565 125
603 125
618 123
631 124
617 124
594 123
648 121
660 121
616 122
611 118
624 119
620 118
621 118
596 117
598 117
593 117
592 117
591 117
570 116
567 117
599 111
620 115
591 116
581 117
564 115
594 114
577 115
558 116
580 114
580 115
564 114
560 114
572 114
562 112
543 119
555 113
576 115
562 114
526 116
535 116
540 117
528 118
515 119
515 122
515 123
514 126
514 128
514 132
514 131
513 136
513 135
514 135
514 137
514 138
515 137
515 140
514 140
513 140
514 141
514 142
514 144
514 146
513 147
513 148
514 150
513 152
514 153
512 155
514 158
513 160
513 161
513 164
514 166
514 447
513 452
514 455
513 458
513 461
515 463
513 466
514 470
514 471
514 474
514 477
515 480
514 483
514 486
515 490
514 493
513 497
513 500
513 505
513 508
515 513
514 518
514 523
514 523
514 532
511 539
514 538
513 547
515 550
514 558
511 559
510 564
514 562
518 563
514 570
513 573
514 575
513 578
514 582
513 585
513 590
514 593
514 595
514 600
513 605
515 608
514 612
514 617
513 621
513 626
514 630
513 634
514 639
514 644
513 647
512 651
512 886
324 884
316 884
320 885
343 887
306 888
328 889
314 891
338 892
359 893
353 895
338 896
326 896
334 897
356 899
362 900
341 901
353 902
369 898
363 904
401 905
374 906
407 905
411 907
422 909
386 909
368 909
410 911
410 911
411 911
392 911
405 913
388 914
417 915
446 915
437 916
418 917
417 918
412 917
445 917
408 919
393 920
408 919
428 920
447 920
447 920
419 922
419 921
412 920
443 921
469 922
448 922
421 922
447 921
457 922
451 922
430 923
437 850
513 848
514 846
515 842
513 840
515 837
513 834
514 831
513 827
513 824
513 821
514 819
513 816
513 812
513 808
517 805
514 801
513 799
514 794
513 790
513 786
513 782
512 779
513 777
513 773
514 770
514 765
514 761
513 760
513 756
513 753
513 750
513 746
513 744
516 740
511 735
513 730
513 729
513 724
514 721
514 717
515 713
513 710
514 705
513 703
513 699
515 695
513 690
512 687
515 684
513 679
512 677
514 675
513 673
513 669
511 664
514 660
514 476
514 474
514 472
514 468
512 464
515 462
514 459
513 455
514 453
513 448
512 446
511 441
513 438
514 433
513 430
514 424
513 422
515 416
514 413
515 408
515 403
513 399
513 394
513 392
512 389
513 384
512 379
513 376
513 371
515 366
514 364
514 361
512 356
514 353
513 348
515 345
513 341
515 339
517 336
515 333
513 330
513 327
513 323
513 320
514 316
514 313
514 309
513 306
513 303
513 300
514 296
513 293
513 289
514 287
514 284
513 281
513 278
513 145
674 144
665 144
657 143
619 141
636 140
631 138
682 138
670 137
705 128
655 130
694 135
671 133
687 132
643 131
646 130
682 129
662 129
649 128
649 127
651 127
653 126
632 125
644 124
631 123
664 123
655 122
653 122
648 121
623 120
623 119
630 119
639 119
633 117
590 117
567 117
598 118
605 117
603 116
572 111
572 116
613 116
616 116
575 115
563 115
587 115
581 114
581 115
580 115
571 114
572 114
572 114
577 114
592 115
583 115
542 111
552 120
516 216
513 219
514 223
515 226
514 231
514 233
513 236
514 240
513 245
513 248
513 251
514 252
513 253
513 260
513 264
513 267
514 270
514 272
513 276
513 281
513 285
514 288
514 291
514 294
513 298
514 301
514 304
513 308
513 312
513 315
513 320
513 322
514 326
513 331
513 334
514 338
514 339
514 358
514 348
511 352
511 357
513 359
512 368
512 367
511 372
513 374
514 377
513 382
513 383
514 387
513 388
513 393
514 398
514 402
514 404
514 408
514 416
514 720
514 724
512 724
517 730
513 734
513 737
514 740
514 743
513 746
515 749
516 757
513 756
513 760
513 763
515 765
514 768
513 772
511 774
512 777
511 779
345 778
247 781
272 786
308 789
350 791
181 791
180 794
157 798
127 802
178 806
206 809
235 812
226 814
223 818
252 820
236 822
244 826
241 828
283 830
278 831
274 834
255 836
290 839
293 841
256 843
255 845
263 847
305 850
285 852
249 854
239 856
258 859
312 861
299 865
303 865
311 868
303 870
397 906
400 905
357 908
360 909
368 909
366 911
393 911
354 911
427 913
413 913
416 914
394 914
399 916
426 916
393 917
371 917
393 917
400 918
434 918
432 919
430 919
447 920
433 920
423 921
439 921
435 920
426 921
435 922
468 921
444 922
444 924
420 922
431 921
461 921
467 922
438 922
434 922
456 921
474 922
457 922
454 922
469 922
473 921
459 922
469 921
500 921
483 921
489 919
506 918
513 917
512 914
512 913
514 910
513 908
513 906
513 909
512 904
513 825
514 821
513 819
513 816
513 814
515 809
513 805
515 802
514 799
513 795
513 791
515 788
513 785
515 782
513 780
517 773
513 770
515 768
513 766
513 762
513 760
513 754
513 750
513 746
514 742
513 739
512 738
513 735
513 730
513 726
514 722
513 716
513 713
514 711
513 708
513 704
514 701
513 696
513 694
513 686
514 684
513 681
513 678
513 674
514 671
513 668
513 664
513 662
513 654
513 655
514 652
514 648
513 644
513 641
513 636
513 633
512 629
512 475
514 472
514 468
510 464
513 462
513 460
517 458
514 453
511 450
513 444
515 444
513 439
516 435
515 430
515 427
516 421
514 419
514 412
516 410
514 404
513 400
514 396
514 392
505 387
513 385
514 380
513 376
514 372
514 369
514 364
514 361
513 357
514 355
513 350
514 345
513 343
514 335
513 336
514 333
514 329
513 327
513 324
514 321
515 318
513 314
514 310
514 307
514 304
514 301
514 297
513 295
513 291
514 288
514 285
514 282
513 278
513 171
714 167
748 166
734 164
764 162
740 161
717 158
749 157
773 156
713 153
673 152
653 151
683 150
665 149
673 148
658 146
682 145
655 144
676 144
678 142
650 141
637 139
635 138
687 137
645 136
657 146
617 135
652 131
669 134
633 131
612 131
634 130
661 129
644 128
639 128
614 126
606 130
637 125
617 125
637 123
632 123
626 123
638 122
645 121
664 120
616 120
607 119
627 118
642 118
635 118
607 118
570 119
588 117
590 116
570 116
590 115
593 115
590 146
514 147
516 148
513 150
513 152
514 155
513 156
513 157
514 160
514 161
513 163
513 165
513 168
514 170
513 172
515 173
513 175
514 178
513 179
514 183
513 196
516 187
515 189
512 194
513 194
525 196
513 200
514 204
513 207
514 212
513 212
514 217
514 219
513 223
514 228
513 232
514 236
513 239
513 242
513 245
514 249
513 251
514 254
513 258
513 262
512 263
511 268
514 272
513 276
514 279
514 282
514 286
514 290
513 293
514 298
514 301
514 304
513 490
513 493
513 497
516 501
513 505
513 508
513 511
513 515
514 520
515 524
513 529
512 534
511 540
516 544
509 537
513 552
515 554
512 552
513 555
509 566
515 567
518 564
513 572
514 576
513 579
513 583
514 586
514 589
513 593
512 599
513 602
514 606
515 610
514 613
515 618
516 622
514 627
512 631
514 635
512 640
513 643
513 648
514 651
514 656
513 659
513 664
512 669
514 672
513 675
514 679
514 681
514 686
513 690
513 693
507 696
514 699
514 702
513 845
276 846
254 850
266 851
291 853
309 855
282 857
269 859
309 861
258 863
246 867
249 867
297 869
309 872
309 873
306 876
272 877
302 879
310 881
350 882
336 884
358 886
330 886
354 888
381 890
330 891
345 893
329 893
353 894
337 896
357 898
336 897
380 899
389 899
381 901
395 902
354 903
356 904
368 905
393 905
380 906
369 907
382 910
371 909
411 911
365 911
382 909
388 912
415 912
423 912
391 913
411 914
399 915
395 916
395 915
389 917
402 918
515 891
512 890
516 888
514 887
513 886
514 883
512 882
513 881
514 881
513 877
515 876
511 872
508 870
513 870
513 867
513 866
513 863
513 861
513 857
511 858
512 855
513 851
511 846
511 847
512 843
514 842
513 840
513 837
513 834
514 830
513 828
513 824
513 821
514 817
513 813
513 811
513 807
513 803
513 799
513 797
514 793
513 788
513 783
513 783
513 781
514 777
513 773
514 767
513 763
514 761
513 760
513 763
513 754
513 747
511 744
517 740
514 737
515 571
513 569
513 566
514 563
514 560
515 560
514 554
514 552
513 549
513 547
513 545
512 540
512 537
512 532
513 529
512 524
512 520
513 515
513 510
515 507
513 500
511 497
512 493
517 489
513 485
514 481
512 478
514 475
514 472
513 467
514 464
512 460
513 459
513 454
513 451
514 447
515 444
514 441
514 436
513 432
514 431
513 424
514 419
514 416
513 412
513 407
511 403
511 398
513 394
513 392
506 385
504 382
517 378
513 374
512 371
517 367
510 363
735 200
736 198
708 195
756 194
743 192
715 190
719 186
724 186
745 184
756 181
776 180
749 178
776 175
783 173
749 169
753 169
764 170
747 165
727 162
715 161
730 158
678 157
683 154
649 154
675 152
640 151
644 149
641 149
712 147
700 146
672 144
677 144
659 142
692 142
634 140
652 140
659 138
699 137
683 136
667 134
641 134
665 137
692 132
686 131
695 130
643 129
639 129
665 128
674 126
658 126
622 126
656 126
678 124
667 124
646 123
609 124
632 122
514 148
513 150
514 151
514 153
512 154
514 155
514 158
513 159
512 162
517 163
513 164
512 166
516 169
513 172
512 172
517 175
513 178
513 181
517 184
513 184
515 199
510 189
511 192
513 197
517 193
515 200
513 203
514 206
514 209
514 215
514 216
512 220
513 224
513 226
514 231
513 235
514 238
514 240
514 242
514 245
514 249
515 253
514 256
514 260
514 263
514 267
514 271
513 276
513 280
514 279
514 283
514 288
514 292
514 296
514 299
514 302
514 306
514 508
513 511
513 516
513 521
514 525
512 527
512 534
512 537
515 542
516 542
513 544
513 553
523 555
511 559
513 562
512 565
514 569
515 570
514 575
512 579
513 582
512 585
512 589
513 592
513 596
512 600
514 604
513 608
513 613
510 617
514 621
514 625
514 629
514 633
514 639
514 642
514 648
513 651
513 655
513 658
513 663
513 666
513 671
513 673
514 677
513 681
514 684
513 687
513 693
517 695
513 698
513 702
513 704
514 708
514 709
513 713
513 847
296 849
305 851
284 854
293 856
290 858
272 860
257 862
249 869
293 870
267 869
252 871
294 872
305 875
326 877
310 878
311 881
338 881
336 884
348 885
280 887
310 887
298 889
315 890
351 891
385 892
370 893
348 895
410 895
408 897
394 897
366 899
374 901
392 901
406 902
353 904
368 904
407 905
413 906
421 906
365 908
408 909
423 909
425 911
436 910
393 911
407 912
390 913
405 913
416 914
388 914
380 915
381 916
421 916
415 916
391 918
392 918
387 877
514 875
515 873
516 872
518 872
513 870
512 867
513 867
512 865
512 862
513 860
512 859
513 853
513 853
513 851
513 848
514 846
514 843
518 840
511 836
513 835
513 833
513 828
513 823
514 821
514 819
513 816
513 811
513 808
513 805
513 801
513 798
513 794
512 791
513 786
514 782
513 781
513 779
513 775
514 771
513 766
514 763
513 758
513 757
514 746
508 751
513 747
514 743
513 741
513 735
513 730
513 729
514 727
513 723
513 720
513 715
513 710
514 492
512 488
513 484
513 481
515 477
515 473
518 469
514 468
514 466
513 464
515 460
514 457
512 454
512 450
515 446
511 443
513 439
514 435
514 430
514 427
514 422
516 416
517 411
514 409
514 403
513 399
513 395
513 391
515 385
513 381
518 377
514 375
513 372
513 369
513 365
514 362
514 357
515 353
514 349
515 345
514 342
512 341
513 336
514 334
513 331
514 327
514 323
515 320
514 317
513 314
513 311
512 307
512 303
514 300
515 296
514 294
514 291
514 151
676 149
652 149
646 147
663 146
664 145
683 144
653 144
663 142
653 142
653 143
665 141
640 138
644 138
629 137
645 137
616 136
664 135
597 124
627 132
638 130
652 130
627 129
608 129
661 127
645 127
595 126
615 125
620 124
642 124
613 123
616 122
593 121
606 121
616 120
618 121
638 119
637 119
610 118
621 118
626 117
608 117
587 116
576 116
599 115
620 116
602 115
575 116
577 115
587 115
593 115
579 115
571 114
589 115
572 115
566 115
574 114
515 144
513 144
514 145
514 147
513 148
514 149
514 150
514 153
515 155
511 157
515 158
514 161
513 163
513 162
514 167
514 168
514 171
514 173
513 174
514 177
514 179
515 182
513 184
513 186
516 193
525 193
520 190
516 195
510 198
519 202
514 206
511 208
518 211
516 213
511 219
517 222
513 225
512 228
517 232
514 237
516 241
514 244
515 245
516 248
513 252
514 257
514 259
513 262
513 264
514 269
513 273
514 278
513 281
514 282
513 285
513 285
513 294
514 447
514 449
517 455
514 457
513 460
513 463
513 465
514 468
514 471
514 472
513 476
512 481
513 483
513 485
513 488
513 491
516 495
514 498
513 503
513 507
513 513
514 515
513 521
513 525
514 530
513 533
513 539
514 541
513 536
517 548
512 555
506 554
514 564
513 562
516 567
516 568
513 564
515 577
513 580
513 584
513 587
514 591
514 595
513 598
513 603
512 606
513 611
512 615
512 614
514 624
513 628
513 632
513 636
514 641
512 644
512 649
513 655
297 785
340 790
251 790
160 792
176 796
187 798
194 802
200 804
247 807
238 811
232 814
208 816
200 819
215 822
214 824
273 828
259 828
286 833
296 834
293 837
277 839
267 842
267 842
290 845
307 845
275 850
273 851
270 854
288 856
240 858
249 860
270 863
279 865
284 868
250 870
272 872
281 874
300 875
272 878
291 880
299 882
327 883
310 885
335 886
330 888
354 889
358 890
378 891
411 893
401 893
384 895
395 896
419 899
407 899
424 899
429 899
400 901
463 922
446 922
437 922
460 922
451 922
457 923
472 922
469 923
468 923
475 922
462 922
480 921
483 920
501 919
506 918
505 917
511 915
513 913
513 911
513 909
513 907
514 906
512 903
513 901
513 901
512 899
513 898
513 898
513 899
512 896
513 894
513 893
514 893
513 892
513 891
518 890
513 887
512 887
513 884
513 883
513 881
513 880
514 878
513 875
513 870
513 872
513 869
513 867
514 866
513 863
509 861
513 859
514 856
513 853
513 850
513 851
514 847
513 712
513 710
514 705
513 699
513 695
514 692
514 686
513 686
514 683
513 680
513 676
514 674
513 670
513 665
513 662
514 659
514 655
514 651
513 648
514 643
515 640
515 636
514 631
514 626
517 622
514 616
515 612
512 608
513 604
513 600
513 594
513 591
513 587
514 582
513 578
514 576
513 575
513 567
514 567
513 563
513 562
513 558
514 556
513 552
514 549
513 547
512 543
514 538
514 535
514 531
515 525
515 521
513 516
515 512
513 507
514 504
513 318
515 314
513 312
513 309
513 305
513 302
514 297
513 296
513 294
515 290
513 287
514 284
513 282
511 278
514 275
513 274
514 269
514 265
515 263
516 259
520 257
521 253
522 252
827 255
817 250
751 247
703 243
802 243
933 241
892 238
862 233
846 230
825 227
811 228
782 221
815 218
803 216
809 214
795 210
793 208
798 205
759 203
750 201
711 198
749 197
736 195
749 192
729 191
727 188
717 186
719 184
743 181
751 179
750 178
739 175
750 173
769 171
750 116
584 116
604 116
603 115
587 115
573 116
596 116
584 116
594 115
580 115
583 116
580 114
583 114
585 114
588 114
568 112
542 115
563 115
562 115
562 115
551 118
541 117
542 123
545 115
543 118
525 119
520 120
513 122
514 123
515 125
515 128
514 131
514 132
514 133
514 134
512 136
514 137
515 137
514 139
514 141
514 142
513 142
514 142
514 144
510 144
512 146
514 147
514 148
514 150
514 152
514 154
515 156
513 158
516 159
514 162
514 164
513 165
513 324
513 328
513 331
513 336
514 338
515 340
513 344
513 349
513 353
511 352
515 358
511 361
516 366
515 364
511 372
515 373
510 384
514 380
514 384
514 388
514 392
514 395
514 399
514 404
513 409
514 413
514 417
513 422
514 427
515 431
514 436
513 442
513 446
513 450
513 454
512 458
514 462
513 464
513 468
512 470
514 472
514 475
514 478
514 481
512 483
512 487
512 490
513 494
512 497
512 502
511 505
512 511
512 515
511 519
514 523
512 527
513 533
513 698
514 701
513 703
515 706
515 710
513 711
513 715
513 719
513 723
514 726
514 728
513 732
513 734
513 727
513 741
513 744
513 748
513 751
513 755
513 758
513 762
514 764
514 766
512 769
512 773
510 775
511 778
511 782
262 779
262 784
307 789
343 791
194 791
173 794
195 797
185 800
189 804
208 807
226 809
240 813
237 815
241 818
225 820
241 819
242 826
241 828
209 830
218 834
267 835
282 839
286 841
277 843
307 844
313 847
308 848
297 853
312 853
413 918
409 919
409 920
431 920
414 919
422 920
427 919
442 921
465 921
445 922
425 921
415 921
439 922
453 923
445 922
438 922
469 922
481 922
441 922
449 921
459 922
459 922
442 922
471 920
494 915
480 922
458 921
486 922
499 920
506 920
499 917
513 915
513 913
512 911
511 910
512 909
514 905
512 904
512 904
513 901
513 900
515 897
514 899
513 898
513 897
515 896
513 896
514 893
513 892
514 890
514 889
514 888
514 887
513 886
514 882
513 879
514 879
513 719
513 715
513 712
513 708
513 705
513 702
514 698
515 694
514 692
514 688
513 684
514 680
514 675
515 672
514 670
513 667
514 663
514 660
514 658
514 655
514 649
515 647
513 643
513 639
513 635
514 631
513 627
513 623
513 616
513 611
514 606
513 602
513 597
514 593
514 587
513 585
515 581
514 578
513 575
514 573
514 561
511 566
515 563
515 560
514 557
513 554
515 550
516 547
515 543
514 539
518 536
515 532
515 528
514 523
515 519
515 515
515 510
514 307
514 303
514 300
514 297
514 294
513 292
514 288
513 286
514 283
513 279
514 277
513 272
513 270
513 265
515 263
516 262
517 260
521 255
523 252
759 255
794 250
775 249
697 243
674 243
879 244
918 240
895 235
869 233
843 228
795 225
800 230
816 218
823 217
797 214
773 211
777 209
777 207
758 204
745 202
742 200
766 197
743 196
754 193
750 192
748 189
718 187
742 185
748 182
814 179
771 178
761 177
724 173
750 171
731 169
689 166
696 169
706 162
607 117
588 116
610 116
597 116
583 117
608 116
606 116
559 115
606 115
614 116
561 114
569 115
567 115
554 115
582 115
592 114
580 116
562 114
564 115
563 114
563 116
565 116
548 112
550 117
547 117
543 114
542 116
521 119
511 122
514 121
515 125
514 126
514 129
514 131
514 135
514 133
513 136
514 136
514 137
513 136
514 139
513 140
513 142
513 143
514 144
513 145
514 145
514 147
513 148
513 152
513 151
514 154
514 157
509 157
514 159
514 161
514 163
513 343
514 346
514 348
514 350
513 352
514 353
514 372
513 366
506 370
514 369
513 371
515 378
516 387
513 380
513 384
514 388
514 392
514 396
514 400
514 405
514 411
514 416
513 421
513 426
514 431
514 434
514 440
514 445
514 448
514 453
514 457
514 457
514 461
514 464
515 468
514 470
514 473
514 476
514 478
516 481
515 484
513 488
511 491
513 496
513 498
514 503
514 507
514 511
514 516
515 522
511 526
513 530
514 536
513 539
514 543
515 545
513 752
513 755
510 759
515 761
513 764
514 767
513 769
513 772
512 775
510 779
509 779
314 781
271 784
323 787
358 791
326 791
170 792
157 795
169 799
180 803
181 806
244 807
237 812
252 815
215 817
239 820
237 822
242 827
220 828
216 830
269 832
278 834
272 838
264 839
249 841
260 843
247 845
308 848
308 851
322 852
280 853
305 856
297 857
309 861
299 863
284 867
297 867
288 870
277 872
276 873
320 877
305 878
290 879
257 882
322 884
304 884
352 888
311 915
513 912
513 911
513 909
512 907
512 906
513 903
513 903
513 902
513 902
513 901
513 894
513 896
513 897
513 897
512 894
513 895
514 895
514 894
512 891
514 891
514 886
513 883
512 885
514 884
513 880
512 879
514 879
512 874
513 869
512 872
515 871
513 866
512 864
514 863
514 860
515 858
514 855
515 853
513 851
513 848
515 848
513 843
514 842
514 839
513 837
514 832
515 830
513 826
514 822
513 819
514 816
514 813
508 809
513 804
514 804
513 800
513 694
513 689
514 687
512 683
514 678
513 675
514 674
513 671
513 669
513 664
513 661
513 657
512 652
513 649
509 646
515 641
510 640
513 635
509 631
512 626
515 623
515 619
513 614
513 609
517 605
512 601
513 596
514 592
512 588
514 585
513 580
514 576
513 573
512 568
512 568
516 565
513 557
513 559
513 556
513 552
516 549
512 547
512 543
514 538
514 535
514 534
513 525
515 521
513 517
512 512
514 507
519 502
513 498
514 494
515 491
512 487
513 483
513 329
515 326
514 324
514 320
513 317
513 315
513 310
513 306
513 304
514 300
513 297
513 294
513 291
514 288
513 285
513 281
514 278
513 275
514 272
514 266
515 264
515 262
517 259
516 257
522 252
525 256
843 254
797 250
711 244
706 242
851 245
920 240
865 237
870 234
832 229
793 227
819 224
818 222
820 216
797 217
799 212
780 210
759 208
756 204
748 202
767 201
720 199
749 197
732 193
759 193
734 190
761 188
769 186
766 184
767 181
744 179
764 177
641 127
644 125
656 123
642 123
622 122
634 121
616 120
621 120
608 119
602 119
617 118
622 118
625 118
636 112
593 117
581 117
571 119
593 117
618 116
594 116
558 116
580 115
614 116
606 116
567 115
566 115
587 115
580 115
566 115
568 115
573 115
562 114
568 115
568 115
568 116
537 115
524 108
530 121
548 117
524 111
510 120
515 122
515 123
515 126
513 130
514 130
515 132
515 128
515 135
516 134
509 137
514 133
515 139
510 141
514 140
515 141
511 142
513 241
513 244
513 245
513 249
514 254
510 257
514 258
513 260
514 264
514 270
513 275
513 276
513 276
514 281
513 286
514 291
513 294
513 297
514 300
513 304
514 307
514 309
514 313
514 317
513 324
513 329
513 331
513 333
514 337
513 339
514 343
513 346
514 349
514 353
514 358
509 365
524 365
514 366
514 372
517 381
519 382
513 385
514 385
514 387
514 392
514 396
517 401
513 405
513 410
514 414
513 417
514 422
513 427
515 431
514 437
513 442
514 447
513 605
513 609
513 611
514 616
514 621
513 624
514 628
513 633
513 636
513 641
513 645
513 649
513 652
513 656
514 661
513 664
513 668
513 671
513 675
513 679
513 682
513 685
513 689
513 692
513 696
513 699
513 702
514 705
514 708
514 712
513 714
514 718
513 723
515 725
514 730
515 732
509 735
514 735
516 740
509 746
513 749
513 753
510 755
514 758
514 761
510 765
513 768
512 770
513 769
511 776
510 779
507 779
248 780
268 785
317 788
321 791
163 791
409 898
391 900
393 901
364 902
383 903
308 907
349 904
354 905
361 907
372 907
353 908
367 910
380 911
395 911
398 911
378 911
392 912
374 912
406 913
395 914
402 916
361 917
378 917
422 917
412 918
391 918
400 919
401 918
439 919
436 920
426 920
433 920
425 921
422 921
450 921
475 922
448 921
413 921
416 922
464 921
480 923
432 922
418 922
455 922
479 922
452 922
439 922
448 922
473 922
465 922
469 922
463 921
473 921
497 921
482 920
509 918
504 918
514 822
514 817
513 812
513 810
514 808
513 804
516 800
513 797
513 793
513 788
514 785
514 782
513 780
513 775
514 770
513 769
514 766
514 763
513 758
508 755
513 752
508 749
514 745
513 741
513 737
514 734
514 729
513 729
514 726
513 720
508 716
514 711
515 708
510 704
513 700
513 697
509 694
514 691
512 689
514 684
513 680
513 676
513 672
514 670
513 666
514 664
512 658
514 655
513 652
514 648
515 643
513 638
514 635
513 632
513 627
512 624
515 432
513 426
513 423
513 420
513 414
514 411
514 406
515 402
514 397
513 394
514 389
515 385
515 382
515 376
514 374
511 369
513 366
513 364
513 358
513 356
512 350
513 347
514 344
513 341
513 338
514 334
513 331
513 328
513 326
514 323
514 318
514 315
514 312
513 308
514 305
513 302
514 298
513 295
514 292
512 289
514 286
513 283
513 279
514 276
514 274
513 269
515 265
516 262
519 258
520 257
519 254
520 252
707 255
827 251
760 247
691 243
824 244
923 146
679 144
669 143
665 143
650 143
681 139
671 140
689 139
626 137
657 136
683 135
625 134
615 133
576 134
636 129
604 133
585 129
573 127
612 128
627 127
575 127
587 124
582 125
612 125
605 124
591 118
614 122
586 122
580 121
604 119
633 120
656 120
628 119
617 111
622 118
641 117
602 117
587 115
586 116
609 116
609 116
572 119
551 116
560 115
564 115
605 116
587 115
568 115
559 115
584 115
583 116
576 114
544 116
542 113
565 114
590 115
581 117
545 209
514 211
515 214
513 218
515 222
513 223
513 227
514 231
514 234
514 240
515 240
513 245
513 249
515 254
513 255
514 257
513 261
513 264
514 266
512 271
514 276
513 280
513 282
514 283
514 287
513 292
513 297
514 300
513 303
514 306
514 309
514 313
513 315
514 320
514 324
514 328
513 333
513 336
513 339
513 343
514 347
514 350
513 354
514 357
514 361
512 362
510 366
514 370
515 374
516 375
517 377
518 383
513 389
513 394
514 397
513 402
513 408
513 606
514 610
514 613
513 617
512 621
509 626
515 630
513 633
514 638
513 642
513 646
513 652
512 656
513 658
513 662
514 665
513 669
513 673
508 677
513 681
512 685
513 688
512 692
514 694
513 698
513 701
513 704
513 708
514 712
513 713
512 717
514 721
513 724
512 728
514 732
513 734
512 737
513 749
516 742
513 747
513 750
513 754
513 757
513 760
513 763
514 766
512 769
511 773
510 775
511 778
511 782
334 779
274 783
313 787
345 792
220 790
124 793
306 903
332 904
356 904
401 905
421 907
438 907
414 912
403 909
375 909
424 909
429 911
413 910
363 912
408 912
404 913
414 913
422 915
381 915
402 917
407 917
383 917
399 917
394 919
388 918
397 920
422 920
451 921
