446 905
476 908
463 908
494 909
468 909
481 910
469 911
436 910
427 912
431 911
453 913
462 913
463 912
455 915
424 918
470 916
468 917
439 919
431 920
454 919
465 918
479 922
453 921
485 919
488 920
490 921
467 919
480 921
470 922
474 921
455 922
486 925
493 923
473 922
443 925
483 923
499 923
489 926
463 924
479 922
500 924
498 927
464 922
481 923
506 923
503 920
503 921
493 921
508 920
508 919
513 917
513 915
513 914
513 911
517 909
514 901
513 906
516 449
514 446
513 442
511 439
516 434
514 430
514 426
514 423
513 419
513 415
514 408
514 404
515 398
514 395
514 392
511 388
512 384
512 380
520 387
514 372
512 367
518 364
513 361
513 357
517 354
513 350
514 346
516 342
514 340
515 336
514 333
513 332
513 327
513 325
514 330
519 317
515 315
515 311
514 308
512 305
513 301
514 297
514 295
514 291
515 288
514 285
512 282
514 279
514 273
515 272
514 268
512 264
514 262
514 260
513 256
516 255
516 252
325 800
315 802
364 806
406 809
403 810
394 813
368 816
351 818
363 820
345 824
374 825
389 828
417 829
384 833
411 836
395 837
411 840
376 842
390 844
397 847
415 849
389 851
391 853
392 855
397 858
382 860
338 862
364 865
384 866
375 869
387 873
393 874
415 875
383 876
413 876
428 881
433 883
409 885
424 886
427 888
452 890
433 891
424 892
438 893
451 894
457 895
438 896
451 897
466 899
469 900
424 900
465 901
440 902
476 903
452 904
467 906
476 906
514 861
512 860
513 857
514 854
512 853
513 849
512 848
515 845
514 842
513 839
514 838
514 834
514 831
514 830
513 824
513 821
513 817
513 815
514 810
514 810
514 804
514 799
513 796
514 794
512 790
513 782
514 782
514 779
514 776
514 773
512 770
513 765
513 763
513 760
507 753
513 751
514 748
513 746
512 744
514 739
513 732
513 729
513 726
513 723
514 721
513 717
517 711
509 709
513 705
513 704
515 697
514 693
513 690
513 686
513 685
511 680
513 678
511 377
515 372
515 369
513 365
514 362
517 358
513 355
513 352
514 348
514 344
515 341
514 337
508 335
513 332
511 328
514 326
514 321
512 318
515 315
515 311
512 309
512 305
514 302
513 298
512 295
520 292
513 289
518 286
514 284
515 280
513 277
514 273
513 271
513 267
514 264
515 262
515 256
515 255
512 252
515 250
521 246
521 243
521 241
799 244
806 239
750 233
719 232
670 228
645 233
664 221
669 220
652 217
633 214
657 212
648 209
641 207
616 123
554 124
538 125
559 122
553 123
542 123
585 121
590 122
587 120
581 119
560 118
583 118
550 117
547 117
568 116
585 116
562 115
551 116
521 115
551 115
536 114
551 114
555 114
575 114
534 114
547 114
549 113
566 113
545 113
530 116
520 113
546 113
535 112
534 114
528 113
549 115
546 123
518 113
521 110
527 118
522 118
513 119
514 121
514 123
514 125
513 127
514 130
514 132
513 133
514 136
512 136
514 136
513 138
514 139
514 139
519 140
514 140
514 283
513 287
513 293
519 295
513 295
514 299
514 303
514 308
513 312
513 312
514 316
513 321
513 323
513 327
513 332
514 334
514 338
512 341
514 343
514 348
516 353
513 356
500 363
511 360
512 370
513 366
523 374
512 375
510 380
511 386
512 386
514 393
513 395
513 401
514 403
513 407
513 412
512 417
513 421
516 425
514 429
519 436
513 440
513 444
507 448
512 452
513 459
518 459
513 462
512 465
518 468
514 470
513 473
515 476
514 479
514 479
516 486
515 667
511 669
512 674
508 677
514 680
516 684
514 687
517 690
511 694
514 696
513 699
513 701
513 706
513 708
513 711
513 714
514 717
513 721
513 724
513 727
513 731
512 734
514 738
514 741
513 744
513 747
514 753
513 753
512 757
513 760
513 763
518 767
513 771
512 773
519 776
514 778
512 781
517 784
512 787
509 790
512 790
241 792
285 796
329 800
355 802
345 805
360 807
387 810
390 814
375 816
360 822
379 822
386 825
372 828
377 830
393 832
415 835
397 916
471 916
469 916
446 917
464 917
471 918
472 919
457 919
435 918
450 920
465 921
504 920
466 920
482 922
472 926
472 923
458 922
482 923
487 921
505 924
480 923
480 923
482 922
500 925
477 923
486 925
490 924
498 923
479 921
475 924
492 923
501 921
484 923
483 921
504 922
508 920
505 919
511 918
513 916
513 914
513 913
513 911
513 907
513 906
513 905
513 903
513 901
513 901
513 900
513 899
513 899
513 897
514 897
514 895
513 894
513 893
514 893
513 734
513 729
513 726
513 723
512 721
517 716
514 714
514 707
514 704
514 701
514 699
513 696
512 691
515 687
513 685
514 682
514 678
513 677
513 672
513 669
513 665
515 660
514 657
513 656
513 650
514 646
514 642
514 638
513 633
512 629
513 625
513 622
513 616
514 611
514 609
514 603
513 598
513 595
513 585
512 585
513 582
513 579
513 575
513 574
513 569
519 565
512 564
518 561
514 557
512 555
513 552
511 550
512 546
512 543
511 539
511 534
512 529
810 243
744 239
746 236
697 233
667 230
650 227
674 217
653 229
673 221
635 215
649 214
636 209
670 208
664 205
648 202
644 200
654 198
637 196
612 195
606 193
632 191
646 187
627 186
607 184
643 182
629 180
631 177
604 175
643 172
663 170
652 168
622 165
634 163
645 162
623 159
605 158
578 155
611 154
568 152
562 151
567 149
624 148
600 145
604 146
574 144
614 145
582 142
588 142
580 140
609 139
602 138
593 138
589 133
611 136
615 140
584 125
592 132
554 116
579 116
569 114
555 114
569 115
547 114
563 114
556 114
527 114
545 114
544 114
513 110
546 114
567 113
539 115
516 121
549 117
559 115
521 116
512 110
542 112
534 116
508 115
516 110
516 119
516 121
514 123
514 124
514 127
516 131
513 131
514 132
516 133
514 130
513 136
514 138
514 137
514 139
514 140
514 141
514 143
513 142
514 143
514 144
514 147
513 149
517 149
514 151
514 152
514 154
514 155
513 160
513 161
518 162
515 164
514 166
513 168
513 287
512 291
514 294
513 298
514 300
514 302
514 306
514 310
518 315
513 318
513 324
518 326
515 328
514 332
511 335
514 340
513 343
514 348
518 350
511 356
510 360
509 369
515 367
511 376
516 374
517 374
512 387
512 379
512 383
511 391
514 392
514 392
514 399
516 404
516 408
519 415
515 419
514 423
514 430
515 435
513 438
511 444
512 449
513 452
511 455
513 458
513 461
515 464
514 468
514 471
514 474
517 476
512 479
513 482
517 486
512 488
512 492
512 651
512 654
513 657
515 661
513 664
514 669
513 673
513 677
513 681
512 683
514 687
513 691
513 694
513 697
512 701
513 703
513 707
514 709
513 713
516 716
513 719
513 724
513 727
515 730
512 732
514 735
516 739
513 742
513 746
513 749
512 752
513 755
514 758
514 762
512 766
513 768
513 772
513 774
513 777
513 780
512 783
511 788
509 789
510 792
364 789
272 794
283 797
337 800
327 803
376 806
376 809
386 813
363 815
361 818
360 821
384 823
391 899
494 898
474 900
467 900
464 902
435 904
441 904
434 905
447 908
446 906
451 906
423 907
464 908
450 910
432 910
432 911
480 911
464 910
463 912
448 913
463 913
478 915
463 915
443 916
473 916
457 916
482 913
453 919
457 917
474 921
471 920
461 921
501 923
486 923
470 921
438 922
457 922
487 924
486 921
461 923
484 923
479 920
472 921
475 924
485 922
491 923
489 924
469 922
469 921
500 922
501 923
470 922
487 923
509 924
496 923
496 922
497 921
514 851
513 848
512 844
512 842
513 839
513 837
513 831
512 831
513 829
514 827
513 825
514 820
513 817
513 813
512 810
513 808
514 802
513 798
513 795
513 791
514 789
515 785
512 781
513 779
513 775
514 771
512 770
513 766
513 765
513 758
514 756
508 748
513 748
513 747
513 743
513 735
513 734
513 729
513 727
513 723
513 720
514 717
514 714
513 709
513 708
514 701
514 697
514 693
513 690
514 687
514 683
513 679
513 676
513 673
514 669
514 666
514 662
514 466
513 463
513 461
516 458
513 456
515 452
514 446
512 445
515 441
516 438
514 433
513 431
513 429
513 423
515 418
515 413
516 409
516 404
514 400
513 396
513 392
513 389
515 383
514 380
514 377
513 366
513 370
513 366
513 362
513 357
515 353
514 350
515 347
514 344
514 341
513 338
514 334
512 331
512 328
513 324
515 321
512 318
513 316
512 311
513 308
514 303
513 301
513 297
514 289
513 292
515 289
514 284
513 283
513 280
514 276
514 273
518 268
514 147
574 150
592 147
581 146
606 144
609 143
596 142
600 141
590 139
577 140
570 138
586 137
593 134
565 137
583 133
585 133
605 134
576 132
568 130
590 129
569 129
571 129
556 128
588 127
587 127
539 126
572 125
565 124
575 124
556 122
566 123
583 120
584 121
577 120
552 120
570 118
580 118
543 122
552 118
567 116
567 115
549 115
547 115
557 115
567 115
537 114
555 114
575 112
564 114
545 114
544 114
547 114
549 114
553 114
528 114
536 114
553 114
514 189
513 188
517 193
514 196
509 200
517 198
516 202
499 201
516 210
516 214
513 216
513 220
514 223
514 227
513 229
513 233
514 237
513 242
513 247
514 249
513 250
513 253
514 259
514 263
514 267
514 265
514 269
514 274
514 278
513 281
514 285
512 285
514 290
513 295
513 299
513 302
513 308
514 311
513 314
513 318
508 321
514 324
513 327
513 331
513 335
513 340
513 344
512 348
513 350
514 354
513 356
514 359
518 363
513 367
517 368
516 371
515 370
514 549
513 552
513 557
514 573
516 563
511 566
510 569
511 572
513 576
513 577
514 580
513 583
512 587
513 590
513 593
513 596
513 601
513 605
513 612
513 614
513 617
514 623
514 627
513 630
513 637
512 641
512 644
512 649
512 653
514 654
513 661
514 665
512 668
512 671
511 676
512 679
512 682
513 687
513 689
513 693
513 696
513 699
513 702
513 705
514 708
513 711
514 713
513 717
512 722
515 720
513 728
513 732
516 737
514 738
513 741
512 744
513 748
389 882
430 884
425 885
444 887
400 888
410 889
393 892
424 891
407 893
433 896
446 895
423 896
413 899
458 897
474 898
468 900
442 901
483 902
471 903
458 904
450 906
487 907
496 907
460 908
483 909
461 909
493 911
482 911
474 911
497 912
484 912
473 914
477 915
496 914
492 915
485 915
476 917
475 917
497 916
467 918
437 919
451 919
454 918
483 921
475 921
467 919
471 924
466 925
451 925
478 924
484 924
486 923
471 922
484 924
488 921
503 921
475 923
514 852
515 848
515 849
513 844
513 842
514 840
513 836
513 834
514 831
514 828
513 824
514 821
513 819
514 816
514 812
512 807
513 804
512 800
513 797
514 793
512 790
513 786
514 783
514 781
514 779
513 775
514 770
514 765
513 762
514 759
513 755
514 753
518 749
513 746
513 743
513 740
513 735
514 730
513 729
513 724
513 721
513 719
513 715
513 711
515 706
515 700
516 697
514 694
513 689
513 688
513 686
514 682
513 680
513 677
513 673
511 669
512 665
515 463
514 459
511 458
513 456
513 453
514 448
515 444
515 440
513 438
513 434
515 429
514 425
515 419
515 415
513 412
513 407
514 403
512 399
512 394
514 389
514 385
515 381
516 378
515 374
513 373
512 366
514 364
514 360
513 355
515 351
516 349
514 345
513 341
513 338
514 336
513 331
514 328
515 326
515 322
515 319
510 316
514 313
513 310
514 306
514 302
514 300
515 297
514 294
513 290
514 287
513 284
514 280
515 277
513 273
513 272
513 268
514 153
625 151
615 150
612 148
589 148
579 144
583 145
550 144
578 142
588 142
595 141
574 140
590 140
575 138
614 137
600 136
607 133
597 121
628 136
584 128
583 130
574 129
580 128
598 128
559 126
564 126
611 125
556 126
557 124
538 123
561 123
578 123
548 121
552 121
532 120
567 120
548 118
536 119
555 119
578 118
563 117
556 117
538 116
580 116
553 116
558 116
560 115
575 115
549 114
528 115
515 114
554 115
561 115
533 115
519 114
557 113
568 115
534 197
514 200
507 200
512 203
510 207
514 211
508 217
513 212
515 215
513 220
514 223
514 226
513 228
513 233
513 238
515 241
513 244
515 247
516 251
513 254
516 257
515 260
513 263
516 267
514 270
514 274
513 277
514 281
516 283
514 286
514 290
511 294
513 297
513 301
512 305
513 308
514 311
514 315
514 320
514 325
513 327
513 330
513 333
513 336
514 341
514 345
513 350
514 352
513 356
513 361
513 363
510 369
517 374
507 372
513 375
512 381
518 394
512 597
514 600
514 604
513 610
512 611
513 616
513 620
513 624
513 629
513 634
515 639
512 643
512 647
513 651
514 654
514 657
513 663
513 667
512 670
512 674
511 677
513 681
514 684
513 687
513 691
513 694
513 698
512 702
512 703
513 706
514 710
514 713
513 717
512 720
513 724
512 727
512 730
514 734
514 737
513 740
514 743
513 747
511 750
513 753
514 756
515 760
513 763
514 766
512 769
512 772
515 774
516 777
513 780
512 784
511 786
511 789
372 789
261 904
428 905
424 905
456 907
455 910
466 910
451 909
476 910
439 910
460 912
451 911
486 911
431 912
479 912
463 913
450 914
448 914
456 916
458 917
441 917
440 917
461 919
447 918
458 919
447 920
480 921
486 921
454 922
443 921
471 921
482 923
485 921
481 923
498 923
483 923
470 923
462 922
492 923
490 923
463 923
458 922
482 924
495 923
484 925
490 924
482 922
499 923
493 924
485 921
494 921
504 922
506 920
505 919
511 918
513 916
513 914
513 912
513 872
512 869
513 867
513 865
513 862
514 860
514 858
513 855
513 854
515 852
514 849
511 847
514 843
514 841
513 838
513 836
513 831
513 829
514 826
513 824
513 818
514 816
513 812
513 810
512 806
513 801
513 799
514 795
513 791
513 790
512 785
512 781
513 780
513 778
513 774
513 767
514 764
513 760
514 758
513 757
514 753
512 758
515 742
514 738
513 736
512 734
512 732
513 728
513 723
513 719
513 715
514 711
514 707
513 703
512 701
513 698
513 695
513 541
513 538
514 535
513 530
513 525
514 520
512 517
513 512
512 508
512 504
511 499
513 494
513 490
513 486
512 483
512 479
511 476
511 471
513 469
513 466
512 464
512 460
513 457
511 454
511 450
513 445
512 442
514 439
515 436
515 429
515 425
517 421
515 417
514 413
515 408
513 404
513 400
514 396
513 392
515 387
514 384
514 379
513 376
513 373
521 386
514 366
514 360
515 357
515 354
516 349
515 346
513 342
513 340
513 336
513 333
513 329
514 328
642 215
670 209
655 207
645 205
641 203
639 201
606 198
622 194
640 194
663 193
646 190
608 187
589 186
625 184
637 180
638 179
612 182
645 174
653 173
654 165
626 167
642 166
633 164
636 161
622 160
618 157
632 155
604 153
596 151
565 151
597 149
578 146
556 147
553 145
591 145
587 143
559 143
582 141
567 141
582 139
603 137
605 136
611 136
598 135
597 134
590 133
603 136
583 133
610 130
572 130
600 129
599 127
599 127
586 126
592 126
615 125
582 124
520 116
514 116
513 120
513 122
514 124
514 126
514 130
515 130
514 132
513 133
514 134
513 136
513 135
514 138
514 139
514 139
514 139
513 141
513 142
514 143
514 144
514 146
515 148
514 150
513 150
513 152
513 154
513 156
516 160
513 160
511 162
515 163
514 166
513 167
515 170
514 172
512 175
513 177
515 178
512 181
513 184
513 185
511 188
514 190
512 193
512 197
499 198
522 196
515 201
508 208
516 211
511 213
514 217
513 221
515 224
513 227
514 231
510 375
511 385
514 380
516 384
511 390
515 386
511 391
518 404
513 398
514 403
514 406
516 412
514 417
513 423
513 429
513 431
513 438
513 442
513 447
513 451
514 456
513 457
512 461
514 463
514 466
514 469
513 471
515 475
514 478
513 480
514 483
515 487
515 491
516 493
514 498
515 502
515 506
515 510
513 515
514 519
514 524
514 529
513 534
513 538
513 542
514 546
512 549
513 554
514 558
512 546
510 565
507 574
512 570
511 573
511 576
511 580
511 762
513 765
513 768
513 770
513 772
513 776
512 783
512 782
511 785
513 788
511 791
353 789
236 794
300 796
352 801
343 805
355 806
360 810
363 812
390 815
376 818
397 820
387 822
408 826
373 828
378 830
362 832
388 835
384 838
387 840
385 843
386 844
378 846
381 848
413 850
423 853
416 855
394 857
416 860
409 862
389 864
379 866
407 866
428 871
394 873
392 874
401 877
432 880
404 881
394 883
394 885
405 886
396 888
405 890
423 891
411 891
435 893
404 924
472 923
492 924
489 921
496 922
499 924
495 924
496 921
487 922
489 919
508 921
501 920
509 919
513 917
513 916
513 914
513 911
513 909
514 907
513 903
513 903
513 903
513 902
513 901
513 899
513 899
513 898
513 897
513 896
514 896
513 893
513 893
513 890
513 889
513 889
513 886
514 885
513 884
513 882
513 880
514 878
515 875
513 875
513 872
513 870
513 869
513 866
514 863
514 862
514 859
514 857
513 855
513 853
513 850
514 846
508 845
515 843
514 670
513 669
513 665
513 662
514 657
515 655
516 650
516 646
517 642
512 639
514 638
514 634
513 632
512 626
513 622
513 617
513 612
513 608
513 603
511 596
510 592
511 588
511 584
512 580
511 577
511 573
514 571
513 569
513 565
513 562
510 556
517 555
517 552
515 549
514 545
515 543
514 539
515 535
515 530
517 527
513 523
515 517
511 513
513 510
512 505
511 500
514 496
513 492
513 488
514 485
514 482
513 478
516 473
516 471
515 469
515 463
513 461
513 298
513 295
511 293
514 290
514 286
513 282
515 279
514 277
513 273
513 271
513 266
514 263
516 260
511 257
515 256
516 251
517 248
519 247
519 243
523 246
844 243
769 238
706 235
677 230
688 226
656 227
655 222
659 221
673 219
647 216
636 213
640 210
648 207
627 204
625 202
623 200
640 198
633 196
623 193
624 192
645 189
647 187
649 184
646 183
657 181
622 178
627 176
635 174
635 172
596 168
587 167
618 164
644 162
645 160
618 158
640 156
640 154
518 114
544 114
549 114
553 113
559 114
543 113
534 111
540 114
529 114
551 114
544 114
531 113
516 132
545 113
524 116
513 120
521 121
520 117
518 117
513 121
512 124
514 125
513 128
514 126
516 131
514 134
513 134
515 135
511 137
515 138
511 139
513 139
514 140
513 141
514 141
514 142
514 143
515 145
514 146
513 147
513 149
514 152
515 153
513 155
514 157
513 160
514 161
514 163
512 164
514 166
514 168
513 170
514 173
513 174
514 177
514 180
514 182
513 360
515 366
511 369
513 374
515 375
518 376
512 381
513 385
512 386
509 393
516 397
515 398
514 403
512 407
513 412
513 416
513 423
510 427
511 434
511 436
512 440
514 443
512 448
513 452
511 456
510 459
511 462
512 465
513 469
513 472
512 475
511 477
513 480
513 482
512 483
514 489
513 493
513 497
513 500
513 503
512 509
513 513
513 518
512 523
511 527
510 533
512 537
510 542
511 545
511 549
512 554
513 557
515 561
511 561
515 566
511 559
511 573
512 762
514 765
513 767
514 770
513 773
513 776
514 777
512 781
510 784
512 787
512 788
507 792
250 791
279 795
311 800
337 803
370 806
363 807
389 810
393 813
374 816
349 819
366 821
390 824
387 827
360 830
378 832
408 835
416 837
376 839
391 840
404 843
429 845
391 848
413 849
409 852
436 854
387 856
373 859
387 857
395 863
372 865
371 868
399 870
412 872
392 874
376 876
402 878
416 881
391 882
364 884
409 885
419 887
458 889
421 890
425 891
438 893
479 924
477 920
481 923
504 924
485 923
483 921
489 922
507 922
495 922
492 921
490 922
499 918
506 921
502 919
513 918
513 916
513 915
513 912
515 910
513 907
513 905
513 904
514 903
515 902
514 902
513 900
513 900
513 898
512 897
514 897
513 896
514 895
513 894
513 892
514 891
514 889
513 888
513 886
513 884
514 883
513 880
514 878
513 876
514 878
514 872
513 871
513 869
512 869
513 862
513 861
513 860
514 855
513 853
510 855
512 848
513 847
513 847
514 660
515 655
514 651
513 649
516 647
514 639
514 636
514 629
513 629
513 625
515 619
513 616
512 613
513 608
512 601
514 596
516 592
514 588
515 585
515 581
513 577
515 574
515 571
514 569
514 566
514 563
514 561
502 557
515 554
514 551
513 548
515 544
515 541
513 537
516 532
515 531
515 524
514 520
513 515
513 511
514 507
515 503
515 496
515 492
515 489
514 485
514 481
514 478
515 474
516 471
514 468
514 466
513 463
512 459
514 456
513 452
520 253
516 249
518 247
516 245
519 243
525 245
858 242
787 237
720 232
719 229
676 226
638 225
655 220
682 218
685 217
648 213
624 212
635 214
649 206
626 202
628 201
634 198
634 196
636 193
611 191
631 189
615 188
614 186
615 183
640 182
643 179
662 176
640 175
632 171
634 170
631 167
631 166
641 163
631 161
603 159
604 157
614 156
613 153
583 153
586 150
598 149
620 148
597 146
570 146
600 144
620 143
615 142
572 141
617 140
617 141
622 138
600 136
587 139
514 140
513 142
514 141
514 142
511 143
513 146
513 145
514 147
514 149
513 151
513 152
513 155
512 157
513 157
512 160
514 162
513 164
513 165
514 168
514 164
514 172
514 174
513 176
515 178
514 180
514 182
513 186
515 189
514 191
514 193
515 197
518 198
512 200
512 207
513 204
512 210
515 216
515 218
514 221
513 224
514 229
513 233
514 237
515 238
514 241
514 244
513 248
514 252
508 256
514 258
513 261
514 266
514 270
513 269
513 277
513 282
513 377
514 383
518 387
514 393
505 403
509 405
509 411
513 413
513 417
512 421
513 425
514 429
513 435
513 438
514 443
513 448
513 451
513 455
513 459
513 462
514 465
513 467
512 471
513 473
515 474
513 478
513 481
514 486
513 486
514 490
514 494
514 498
514 502
514 507
514 511
513 515
514 520
512 525
513 530
513 534
513 538
513 542
515 547
514 550
514 554
513 558
512 562
512 565
515 568
512 569
513 574
512 577
514 580
513 582
513 587
514 590
514 589
513 744
513 747
513 749
513 753
513 755
513 759
513 763
512 765
513 769
514 771
513 774
512 778
514 781
513 783
513 786
509 788
509 792
353 789
250 793
252 797
277 800
329 805
345 808
394 810
392 813
389 815
392 818
362 821
385 823
379 826
388 829
364 831
396 833
404 832
404 838
393 840
415 843
435 845
395 847
378 849
398 851
412 853
399 857
369 859
403 860
411 862
406 865
364 867
392 870
392 872
398 874
357 876
365 879
393 879
413 881
391 884
434 885
482 922
471 922
468 919
482 920
475 920
464 920
474 922
492 920
475 921
460 922
470 923
489 922
482 922
480 923
472 922
480 924
476 924
478 925
475 923
489 922
507 924
487 921
477 924
499 925
502 920
491 920
502 923
508 919
508 919
505 916
512 917
512 915
513 913
513 911
513 907
513 906
513 905
513 902
517 902
513 899
513 898
513 898
513 899
513 898
514 895
513 898
513 896
513 894
513 892
513 891
513 891
514 887
517 887
514 885
513 883
514 882
513 879
513 770
512 766
513 761
513 757
512 755
513 754
514 748
513 744
514 742
516 738
512 735
513 733
515 727
512 724
514 719
514 714
512 711
512 706
513 705
512 702
508 699
513 694
513 691
513 688
513 683
514 681
514 676
515 671
514 669
513 667
513 663
514 659
516 656
514 652
513 648
514 645
514 640
513 637
514 633
514 628
514 622
514 619
515 613
516 609
514 604
514 598
515 595
515 590
514 586
515 583
515 578
514 575
514 572
514 569
511 565
513 562
513 560
512 413
513 410
514 406
515 401
515 396
515 390
515 389
516 383
513 380
514 377
513 374
513 367
511 365
515 362
509 358
514 354
513 350
514 347
513 343
513 340
512 337
514 334
513 332
514 328
514 324
513 319
514 318
514 315
514 311
513 309
514 304
513 301
513 298
513 295
513 291
514 293
514 284
515 281
513 280
513 275
514 272
513 270
513 267
515 263
514 260
513 258
515 255
516 252
517 249
516 246
519 243
524 243
832 244
801 238
733 234
729 230
695 227
567 133
590 133
585 133
593 132
580 129
567 131
578 129
543 128
582 128
553 126
558 126
531 125
573 125
546 124
546 124
554 123
561 122
551 121
554 121
545 120
584 120
561 119
573 119
565 113
575 118
551 117
536 117
534 113
588 116
584 114
546 115
540 115
562 114
554 114
542 115
549 119
572 115
559 113
536 113
534 116
539 113
557 113
527 114
522 117
535 114
555 114
520 114
520 118
530 115
521 115
515 116
522 122
515 126
512 118
514 123
513 125
514 125
513 228
514 231
514 235
514 237
513 240
514 242
515 247
514 249
513 252
513 255
513 259
514 262
514 264
514 267
513 270
514 276
514 278
513 282
514 285
513 288
514 292
514 297
513 300
513 305
514 307
514 310
513 312
513 315
514 319
513 325
507 329
514 333
513 336
513 338
514 341
514 342
514 349
514 352
514 355
515 360
513 364
512 368
504 373
514 375
514 380
515 382
515 390
513 382
513 390
512 395
513 402
516 405
515 406
513 412
514 419
514 421
513 611
513 616
512 621
514 623
513 628
513 632
513 636
511 641
511 644
513 648
513 652
513 655
512 660
512 664
512 667
513 671
514 674
514 677
512 681
512 685
512 694
512 693
512 697
512 700
514 704
514 705
514 708
513 712
513 715
513 718
512 722
513 725
514 729
513 732
512 735
513 737
513 742
513 745
513 748
513 753
513 754
514 757
513 761
512 764
514 766
514 768
513 773
512 777
513 779
513 782
513 785
511 787
511 790
509 793
339 792
260 794
268 799
320 894
415 894
451 896
454 897
450 897
434 898
443 900
452 902
445 902
444 903
440 904
483 905
439 905
456 907
453 907
457 908
459 909
430 910
449 910
449 910
489 911
441 911
449 914
474 914
456 914
448 916
457 915
472 916
469 917
441 918
466 918
449 919
467 921
459 919
465 920
468 921
486 921
464 922
487 923
480 922
473 923
454 923
475 923
471 922
480 924
463 921
475 923
494 921
495 923
476 924
477 924
489 924
497 924
479 923
470 925
494 923
500 924
507 833
513 830
510 827
513 826
513 823
513 818
511 814
513 813
514 810
512 806
513 801
514 797
510 793
514 789
513 787
513 784
514 781
512 776
513 773
514 770
512 766
514 765
512 761
514 756
515 754
512 749
513 746
514 743
514 739
513 737
514 734
513 731
513 725
513 721
514 716
513 713
513 710
513 706
514 702
513 698
513 696
512 693
514 689
515 685
514 680
515 676
514 674
513 673
514 667
514 664
513 660
513 657
512 653
514 650
514 646
514 643
513 639
513 438
514 432
514 430
512 427
512 423
515 418
515 413
515 410
513 407
513 402
513 398
514 394
515 390
515 385
514 382
513 378
513 375
515 371
514 366
509 362
516 358
525 355
513 352
513 349
514 349
513 342
513 338
514 334
515 332
514 329
513 326
514 323
513 320
514 316
514 313
514 309
514 305
515 302
512 299
513 296
514 292
514 289
515 286
514 283
513 280
513 278
513 275
513 275
513 268
513 264
512 261
513 259
515 254
515 252
517 249
516 246
518 243
554 137
582 135
570 133
590 133
577 132
613 127
579 127
615 129
587 131
549 128
559 127
532 131
538 127
522 127
569 126
559 125
539 126
