513 657
513 652
513 647
513 644
512 638
513 635
513 633
513 630
514 626
514 623
514 617
513 612
513 606
513 602
513 596
513 592
513 588
513 583
513 580
512 577
512 573
513 572
513 567
512 565
512 564
512 561
513 557
512 554
514 550
512 546
514 545
514 540
513 535
512 531
512 527
515 524
512 517
513 513
515 511
514 505
513 501
514 497
515 492
514 487
514 493
513 482
513 477
513 475
513 470
513 469
514 466
514 461
513 458
514 456
513 451
513 447
514 439
513 488
513 492
514 495
514 498
513 501
513 505
514 508
514 513
514 519
514 523
512 528
514 533
513 537
515 545
513 546
511 553
515 560
513 556
515 560
514 564
513 567
512 569
514 572
513 575
513 580
514 581
514 585
514 587
513 592
515 595
513 599
514 603
514 608
513 612
514 618
514 621
514 625
515 629
512 634
513 639
513 643
513 647
513 652
513 653
514 658
514 662
513 666
514 670
513 673
512 678
513 681
514 684
514 688
515 690
514 695
513 698
514 701
515 463
513 460
513 457
514 455
513 447
514 448
514 444
511 439
514 436
513 434
512 431
513 426
513 422
513 415
516 412
513 408
514 404
513 398
513 396
512 392
513 387
514 383
514 379
513 375
514 372
513 368
513 365
513 360
513 357
516 353
514 348
513 345
515 342
513 340
513 336
514 332
514 330
513 327
515 324
514 320
514 317
513 314
513 311
514 308
515 304
513 300
513 297
514 293
514 291
514 288
514 285
513 281
513 278
513 275
513 273
513 265
514 265
553 106
545 115
524 117
517 119
515 121
515 124
515 126
514 128
515 128
514 131
514 135
514 134
514 135
514 136
513 139
514 138
513 139
515 139
513 140
514 141
514 143
514 145
514 146
515 147
515 149
514 149
514 152
513 154
514 156
515 158
514 161
514 161
513 164
514 165
513 167
513 169
514 172
513 174
514 176
514 177
514 181
514 186
514 185
514 187
513 189
513 194
514 195
515 199
515 206
511 207
518 208
516 212
514 215
516 217
514 221
514 225
513 232
514 421
515 426
514 431
513 436
513 441
514 446
513 450
513 453
514 457
514 459
514 463
513 464
513 466
514 468
513 471
514 476
514 477
514 481
514 484
513 487
514 491
514 495
514 498
513 502
514 507
513 512
513 516
514 521
513 524
514 530
514 535
514 537
514 541
515 548
499 548
518 554
513 558
515 563
513 566
514 568
513 572
513 574
514 577
512 581
513 585
514 588
515 591
514 594
514 598
513 603
513 606
513 612
512 615
513 620
514 624
514 629
514 802
0 806
44 809
22 811
83 815
105 816
103 819
88 822
95 824
120 826
67 829
93 831
152 834
142 835
142 837
137 840
134 842
171 844
189 846
177 848
178 852
137 851
164 858
156 856
155 861
122 862
146 868
139 875
182 872
151 870
188 878
177 876
208 878
196 879
183 884
186 883
188 885
223 887
234 888
244 889
225 890
249 892
260 893
285 894
286 896
247 896
267 897
273 899
289 899
265 901
273 901
272 905
313 903
277 904
297 905
291 906
279 908
323 908
312 905
513 904
513 902
513 901
513 900
513 903
514 899
512 898
512 898
513 896
513 894
512 894
514 894
513 892
513 892
512 888
512 887
513 885
513 883
512 882
513 879
514 878
513 875
513 873
513 871
512 868
513 867
514 865
513 863
513 862
513 859
513 856
513 855
513 850
514 850
514 848
513 844
513 841
513 839
514 835
513 833
514 832
513 828
513 824
513 820
513 817
513 814
513 812
514 807
513 802
514 799
511 795
513 791
514 790
513 786
513 783
512 780
513 853
512 852
513 847
512 844
514 842
512 840
513 837
513 835
514 831
513 828
513 824
514 822
513 819
513 815
513 810
513 808
513 803
513 800
513 796
513 793
513 791
514 787
513 784
514 779
513 776
513 775
514 771
513 767
513 763
513 759
514 755
513 753
512 752
513 748
513 744
513 740
513 735
513 732
513 729
513 726
514 722
513 718
513 714
513 711
513 706
513 702
514 698
513 696
515 693
513 689
514 685
513 682
513 679
514 676
510 671
513 667
513 663
513 336
514 333
514 330
513 326
514 325
513 322
514 319
514 315
511 312
513 310
514 305
512 303
514 299
514 296
513 293
513 290
513 286
513 284
515 279
513 277
513 275
514 271
514 268
514 264
514 261
520 258
574 258
626 255
633 252
832 255
906 251
896 244
898 244
983 243
1023 240
1013 237
1013 233
1009 230
973 227
948 224
949 221
979 218
959 215
949 213
937 209
925 207
910 204
863 203
847 201
864 198
892 196
874 194
860 192
852 188
876 187
869 185
839 183
514 128
514 130
514 129
514 132
514 133
515 135
514 136
513 138
514 137
514 139
514 139
516 140
514 141
514 142
513 145
513 145
514 141
514 147
514 148
514 150
513 152
514 154
514 157
514 160
514 160
513 162
514 164
514 167
515 168
513 169
514 171
514 175
513 176
514 179
514 181
514 183
514 186
513 189
514 191
513 194
514 196
514 199
514 201
514 219
517 208
517 212
513 215
514 219
514 224
514 228
514 230
512 233
514 235
514 239
514 243
514 247
514 566
513 569
510 572
514 576
513 578
513 580
513 584
514 587
515 590
514 594
514 596
513 600
513 605
513 609
513 614
514 615
513 623
510 627
513 629
514 636
513 641
514 643
513 648
514 652
514 654
514 659
513 663
513 667
513 670
513 674
514 678
514 681
514 684
514 688
513 693
513 695
513 699
512 702
513 704
514 707
515 710
514 713
514 718
513 720
514 727
511 727
522 735
516 731
512 736
517 739
514 748
513 747
513 749
514 753
514 757
514 758
514 763
513 840
193 842
193 844
146 846
150 848
178 850
157 852
129 855
141 855
200 859
201 861
214 863
134 864
130 871
123 878
196 873
168 873
164 879
173 878
176 881
193 882
183 885
203 888
192 887
212 888
203 890
249 891
243 895
257 894
251 895
301 895
318 897
318 897
296 898
344 899
346 901
329 901
339 903
305 902
374 905
360 905
394 907
359 907
359 909
382 908
347 910
370 909
395 911
376 911
375 913
360 913
381 913
359 914
341 915
330 916
352 917
376 917
347 902
513 900
512 899
512 900
513 898
513 897
513 896
513 895
513 895
513 894
513 892
513 891
513 889
513 887
514 887
513 884
512 883
513 881
513 878
513 876
513 874
513 872
513 871
512 869
512 867
513 865
513 863
513 861
513 857
514 856
513 854
513 853
513 848
513 847
513 843
514 842
512 839
513 835
514 832
513 829
513 826
513 823
513 819
514 814
513 811
514 808
513 803
513 800
513 798
513 795
513 792
513 788
513 786
513 783
513 779
513 774
513 772
513 612
513 608
511 604
513 600
514 595
514 591
513 586
512 581
513 578
513 576
514 574
513 572
513 569
515 569
511 563
513 559
513 558
514 554
512 550
512 546
513 545
513 539
512 536
512 533
513 527
512 524
514 521
514 514
514 509
512 506
514 500
515 496
512 493
513 490
514 485
512 481
511 480
513 479
513 471
513 468
513 466
513 462
514 458
514 456
514 452
513 448
513 445
513 442
513 438
514 433
514 430
514 425
513 422
514 416
513 412
511 409
513 403
633 254
661 254
919 252
942 248
884 245
916 243
1023 241
1014 238
1013 235
1023 231
997 228
982 226
959 222
994 220
958 217
940 213
896 211
916 208
893 206
885 203
855 202
864 198
891 197
862 194
851 192
857 191
900 189
890 184
897 183
892 181
905 179
890 177
895 174
856 172
843 170
843 168
818 165
869 164
849 161
860 159
834 158
824 155
810 154
799 152
769 150
745 151
748 147
726 147
798 146
756 144
766 143
748 141
755 141
749 140
748 139
727 136
777 115
605 114
624 114
607 114
590 115
598 114
575 114
579 114
567 115
562 115
556 116
541 116
543 117
522 111
515 120
516 122
515 124
515 126
514 128
514 131
514 132
514 133
515 134
514 135
514 136
515 137
514 137
513 139
515 139
514 140
514 142
514 144
514 145
514 146
514 147
513 149
514 150
513 151
514 155
513 156
514 158
514 160
513 161
513 163
515 166
514 168
514 170
513 172
514 175
513 177
514 178
515 180
514 184
514 186
515 189
513 190
514 194
515 381
514 385
514 389
513 393
514 397
513 402
513 406
514 411
513 415
513 420
513 426
513 430
513 434
514 439
514 444
513 449
514 452
515 456
514 459
513 462
514 465
513 468
514 471
514 472
513 475
514 476
513 480
513 484
514 487
514 491
514 495
514 498
514 502
514 508
513 510
513 516
514 521
514 525
513 530
514 534
513 539
514 542
514 548
512 550
511 559
514 556
517 559
514 566
511 569
513 571
514 575
513 578
514 581
513 584
513 587
514 592
514 595
513 778
508 779
418 780
371 780
206 782
179 784
155 789
177 792
52 792
54 794
54 797
48 800
34 803
74 805
93 808
85 812
75 816
73 817
97 820
72 823
71 828
78 828
127 832
145 835
124 836
126 838
148 841
177 842
151 842
149 847
157 848
217 851
185 853
182 856
128 857
159 859
136 855
127 866
139 868
166 870
179 864
151 874
149 876
151 880
153 879
133 881
193 883
205 885
246 887
236 888
247 891
267 891
259 891
328 893
282 894
312 895
308 897
326 898
292 898
440 922
443 922
451 921
466 921
478 920
497 919
512 918
512 916
512 913
513 910
513 908
513 907
513 907
510 904
512 903
513 901
513 904
513 899
514 898
514 898
513 895
512 897
511 895
513 895
513 893
513 891
512 890
514 889
513 887
513 885
513 883
514 881
513 878
513 877
514 875
513 874
512 871
513 870
512 868
513 866
513 863
513 860
513 859
514 857
512 855
512 852
513 850
513 847
513 844
513 842
512 840
513 836
513 833
513 830
513 827
514 824
514 820
513 664
513 661
513 658
513 655
514 651
513 648
513 645
513 641
513 637
513 632
513 627
513 623
515 618
513 614
513 609
513 605
512 600
513 595
513 591
514 587
513 581
514 577
513 575
513 572
514 568
512 566
513 564
511 560
511 558
512 557
512 554
513 549
512 546
513 543
514 537
514 533
514 530
515 526
514 521
512 516
514 514
513 507
513 503
512 499
513 495
512 488
511 488
514 485
512 483
512 476
514 473
513 470
513 467
513 463
514 460
514 456
513 258
632 255
670 252
838 254
927 251
886 247
844 244
845 242
995 243
984 239
1010 235
996 232
1022 227
978 227
970 223
931 221
932 217
941 215
963 211
954 209
933 206
924 204
880 202
862 200
842 197
836 196
866 193
859 190
863 188
864 187
886 184
873 182
860 180
830 177
859 175
874 175
856 170
894 168
882 166
893 163
870 161
887 160
884 158
861 157
799 150
797 153
794 151
806 150
765 149
756 146
781 146
746 144
740 145
712 143
769 141
710 141
732 139
687 115
537 117
521 118
510 119
516 121
515 124
515 125
514 127
514 130
515 132
514 133
514 134
515 135
518 137
514 136
514 137
514 136
513 139
514 140
517 142
514 143
514 143
512 145
514 147
514 148
510 150
513 153
514 154
512 156
514 157
514 159
513 161
514 163
513 163
513 166
513 169
514 171
514 173
514 175
514 177
515 180
514 182
513 185
513 187
514 189
514 193
513 195
514 197
514 200
512 204
514 208
515 208
514 214
511 217
514 220
514 223
514 227
514 424
514 430
514 434
513 439
514 444
513 447
513 450
514 454
512 456
513 460
513 464
512 466
514 469
514 472
512 474
513 477
514 480
513 483
514 486
514 489
514 493
514 496
514 501
514 505
513 509
514 514
514 519
514 524
513 528
513 533
513 538
514 542
514 546
513 550
514 556
512 565
513 561
521 562
513 566
507 571
514 574
513 577
513 580
513 583
515 586
514 589
514 594
514 598
513 602
516 606
514 610
513 613
515 617
514 623
513 627
513 633
514 636
193 792
92 793
41 795
46 799
21 802
85 805
67 808
76 811
58 814
68 817
91 819
84 822
94 825
68 828
100 831
106 833
138 836
149 838
143 840
157 842
179 844
202 846
179 849
165 852
138 852
180 855
176 857
170 859
129 860
140 866
157 864
108 865
111 873
97 871
147 875
172 877
183 882
197 880
227 883
268 885
277 887
283 887
303 889
275 890
269 892
285 893
259 894
305 894
307 896
336 897
308 897
334 899
287 900
325 902
278 901
292 903
312 904
289 905
303 906
513 905
513 902
513 902
514 902
512 901
512 900
512 898
513 900
514 897
513 897
513 895
513 894
513 894
513 891
514 891
513 889
513 888
513 886
513 884
515 881
513 879
513 878
513 875
511 874
513 872
513 871
514 868
513 866
513 864
512 861
513 860
512 858
513 855
513 853
514 850
513 847
513 845
513 843
513 840
513 837
513 834
513 832
513 829
513 824
513 821
514 818
514 815
513 812
513 808
513 804
513 800
513 796
514 793
513 790
513 786
513 783
514 566
513 563
513 562
513 560
514 557
512 555
510 551
512 548
513 544
511 541
512 536
513 533
513 528
510 524
514 518
514 514
512 509
513 504
513 502
513 497
513 492
513 488
513 484
513 480
513 477
513 474
514 473
517 469
513 464
513 461
513 458
513 454
513 451
514 448
513 444
513 440
513 436
514 432
513 428
513 423
513 419
513 415
514 411
512 406
514 402
512 397
513 393
512 389
513 386
514 382
513 378
514 377
513 370
513 366
516 361
513 359
513 355
514 186
872 185
873 182
873 180
909 179
885 176
903 173
854 171
877 169
866 167
841 163
823 163
836 161
882 158
870 157
853 157
892 153
834 151
809 151
772 149
757 149
751 146
705 145
706 145
702 143
717 142
708 141
699 140
719 139
750 137
715 136
715 136
725 134
738 134
733 132
728 120
738 130
706 129
703 129
668 128
664 129
700 126
636 126
689 126
659 127
667 124
677 124
696 123
691 123
673 122
720 123
709 120
707 120
694 119
666 119
665 118
699 117
517 124
515 126
513 128
514 128
514 131
514 133
515 136
514 135
515 136
512 137
513 139
514 138
514 140
514 141
512 141
511 143
514 144
514 145
513 145
513 147
513 151
514 152
513 152
515 155
514 157
514 158
514 161
515 163
514 165
513 167
513 168
514 171
514 173
515 175
514 175
514 177
514 182
513 184
514 186
514 189
514 191
511 194
514 195
514 199
516 204
513 206
514 210
514 205
519 215
512 225
514 222
514 227
513 231
513 232
513 235
514 239
514 244
514 388
514 390
513 395
513 399
514 402
513 407
514 412
514 416
513 421
513 425
513 428
514 434
513 438
512 443
514 447
513 451
513 453
513 459
514 461
514 464
513 469
514 471
514 475
514 477
514 481
514 483
514 486
514 490
514 494
513 497
514 500
514 505
513 509
511 515
515 519
514 522
513 528
513 533
513 537
513 541
514 546
513 549
512 551
514 556
514 568
515 561
521 571
510 570
514 573
514 576
513 578
513 580
513 584
514 590
514 593
514 596
513 600
513 751
514 754
514 758
513 761
513 764
514 767
512 769
513 773
511 775
508 778
452 779
397 780
192 782
172 785
172 790
170 793
75 793
67 794
44 799
57 800
49 803
42 808
66 811
69 813
93 816
67 819
66 822
71 823
89 827
117 830
115 832
148 835
166 837
168 839
135 841
144 843
159 845
190 848
180 850
161 852
189 853
163 857
188 859
159 861
142 871
120 869
136 868
118 870
170 874
169 876
184 875
203 878
195 889
180 882
186 883
198 886
181 887
198 888
212 920
389 921
410 921
409 921
430 922
390 922
421 922
386 922
375 922
407 921
393 922
404 922
402 922
436 924
430 922
410 922
417 924
434 922
438 923
427 922
445 922
462 922
452 923
452 921
477 921
498 921
505 918
506 916
512 915
512 912
512 910
513 908
512 907
513 905
513 904
513 903
513 901
513 900
514 899
513 899
513 898
513 896
514 896
513 894
514 894
513 891
513 891
513 890
513 889
513 888
514 886
514 882
513 880
514 878
513 878
514 874
514 873
514 748
513 744
513 742
514 737
514 734
513 732
513 730
513 726
512 720
514 716
512 714
514 713
513 709
513 704
513 700
515 695
513 691
513 687
514 685
514 681
513 680
513 676
513 672
513 669
513 665
512 662
513 659
513 654
514 650
513 647
513 643
513 640
514 635
513 631
514 626
513 622
513 616
513 611
514 607
516 603
514 597
513 593
513 588
512 584
513 580
513 578
513 574
512 572
514 568
513 566
514 563
514 560
513 559
514 555
513 552
514 549
513 545
514 338
513 334
516 333
514 330
513 327
513 324
513 319
514 316
516 312
514 309
513 307
515 304
512 301
513 297
513 294
512 290
514 288
513 283
514 281
513 278
513 274
513 271
513 269
514 265
515 263
519 259
524 257
658 257
663 253
821 255
943 251
900 247
864 243
927 243
1005 241
1023 237
1021 235
1023 231
964 228
969 227
945 223
985 219
966 217
956 213
927 210
918 208
934 206
898 203
890 201
849 198
853 196
823 194
850 192
847 190
863 189
856 186
870 118
649 116
646 117
645 116
629 116
654 115
650 115
638 115
602 116
632 115
589 117
615 114
646 115
625 116
587 114
605 113
621 114
636 113
588 113
577 115
583 115
611 116
597 115
605 116
583 113
571 115
575 118
553 119
535 119
530 120
519 120
515 123
515 124
516 127
515 128
515 130
514 133
515 134
514 134
513 136
513 135
515 137
515 139
513 140
515 140
514 141
514 141
514 142
513 143
513 146
514 146
514 149
514 151
514 153
514 155
515 156
514 158
513 318
513 322
513 325
514 330
513 333
514 335
514 339
514 342
514 345
514 348
514 352
514 355
514 359
514 361
514 365
513 368
514 363
512 378
509 382
515 382
516 386
515 390
514 395
514 399
513 404
514 407
514 412
515 415
514 420
515 424
514 429
514 432
512 438
514 444
515 448
513 451
514 455
515 458
514 460
514 464
514 467
514 470
514 473
513 476
514 478
514 481
514 486
513 489
514 492
514 497
514 500
513 503
514 510
513 511
514 516
514 521
513 527
514 697
514 700
513 703
513 706
513 709
514 711
513 715
513 718
513 721
510 724
514 726
514 732
512 730
513 738
513 744
513 740
515 745
509 751
517 754
513 756
513 759
513 762
514 763
510 769
513 772
511 775
512 777
472 778
404 780
289 780
169 783
155 786
147 790
85 792
53 794
75 797
60 800
7 803
31 805
79 809
98 814
62 815
31 819
74 820
120 823
115 826
119 828
125 831
154 834
131 836
160 839
157 841
178 843
144 845
156 848
138 849
160 847
166 854
157 919
335 920
364 921
394 921
398 921
401 921
384 921
399 922
410 923
414 922
402 922
401 921
395 922
385 924
421 923
428 923
424 923
461 923
419 922
427 922
452 922
458 922
459 923
444 922
462 921
486 921
494 920
499 918
505 917
510 917
512 912
511 911
514 911
511 907
511 906
512 904
513 901
512 901
516 900
513 900
513 899
513 898
513 897
513 895
513 895
513 894
513 894
513 892
513 890
513 888
513 887
513 885
513 883
512 881
513 879
514 877
513 875
513 702
513 698
513 695
514 691
514 687
513 685
513 681
513 679
514 676
513 672
513 668
513 665
513 662
514 658
513 655
512 653
513 648
513 645
513 641
513 636
514 632
513 626
513 622
514 617
514 613
513 607
514 604
514 599
515 594
513 589
513 587
515 582
513 579
513 576
514 575
515 571
512 567
513 563
515 563
515 560
515 556
515 553
514 551
513 546
513 543
514 540
512 536
514 532
512 527
513 523
513 518
513 513
514 508
514 504
513 497
515 494
513 491
514 287
514 285
514 281
515 279
513 276
514 271
512 269
513 266
515 264
518 261
520 256
585 257
628 253
662 253
906 253
902 249
898 243
889 243
1023 242
1023 238
1023 235
982 232
982 229
973 226
955 227
940 218
927 217
943 214
957 211
936 209
926 207
932 205
908 202
851 200
837 197
852 195
912 193
896 192
892 188
837 186
857 185
873 182
859 180
852 178
844 176
867 173
876 171
888 168
878 166
875 164
863 162
864 160
842 159
827 156
773 155
771 153
771 151
611 115
615 115
608 113
610 114
607 112
596 112
605 114
580 115
587 113
595 115
598 114
557 119
545 119
577 116
554 117
524 119
516 120
517 121
519 125
515 126
514 129
514 131
514 132
514 134
514 133
513 135
514 136
513 137
513 138
513 140
514 139
514 141
513 141
514 142
513 143
514 146
514 147
514 149
514 150
513 152
514 153
514 155
515 158
515 160
514 161
516 161
514 165
515 167
514 167
514 171
513 172
514 175
514 178
514 180
514 181
513 185
514 187
513 382
511 389
515 391
515 394
513 397
514 399
514 402
514 407
515 412
514 418
514 423
514 427
514 432
513 437
514 443
514 446
514 451
514 454
513 457
513 461
513 463
514 468
513 470
514 473
514 476
514 480
514 482
513 485
513 489
514 491
514 495
514 500
509 503
514 507
514 511
513 514
514 519
513 525
514 529
514 533
513 537
514 541
514 546
514 549
514 553
512 557
515 562
518 564
512 561
511 573
511 573
515 577
513 581
514 584
513 588
513 592
514 790
128 791
45 792
23 796
45 796
22 802
33 805
60 808
75 811
86 814
66 817
75 820
80 823
113 826
106 828
95 830
118 832
151 833
186 838
152 840
170 842
140 844
178 847
145 848
148 851
173 853
197 855
192 858
134 860
153 861
149 863
175 869
151 869
150 869
155 860
167 877
120 875
138 880
166 876
186 882
178 884
174 886
228 887
228 888
263 890
253 891
265 893
280 894
279 895
290 895
291 896
324 898
315 899
336 900
336 901
335 902
315 903
349 904
359 906
513 892
512 891
513 889
514 888
513 886
512 885
513 883
513 881
513 878
513 877
513 877
514 874
514 871
513 870
513 869
513 866
513 864
513 862
513 862
513 857
513 855
513 852
512 851
513 848
512 845
513 842
513 841
513 838
512 835
513 826
513 828
510 825
513 823
513 818
513 814
513 810
513 807
513 804
513 799
513 796
513 792
514 791
513 787
513 784
513 780
513 777
513 774
513 771
513 766
513 763
513 757
513 754
513 753
513 752
513 747
513 742
513 738
513 622
513 618
513 615
513 611
513 607
513 602
513 596
513 592
513 586
514 582
513 578
513 576
513 572
514 569
513 567
514 563
514 561
513 558
513 556
514 554
512 551
512 546
512 544
513 540
511 535
513 532
513 526
512 522
515 519
513 513
512 508
513 502
513 499
512 493
512 490
514 486
513 482
513 480
513 476
513 473
512 470
512 466
513 465
513 462
514 459
513 456
513 452
513 447
513 443
513 440
513 436
513 432
513 428
513 424
513 420
513 415
513 268
516 264
514 261
514 260
522 257
591 258
653 258
663 252
830 254
906 250
878 247
862 243
989 243
1023 243
1023 237
1023 232
1023 230
995 227
945 224
968 215
966 217
981 215
952 211
928 210
904 208
881 205
875 203
849 201
862 194
832 196
875 194
864 191
885 190
842 188
849 185
860 184
873 180
862 178
881 176
894 174
884 172
863 170
858 168
885 165
898 163
881 160
837 159
857 157
853 156
830 153
810 151
782 151
803 148
739 148
776 147
732 146
739 145
633 115
609 111
601 116
609 113
611 113
606 113
615 115
613 113
594 115
613 114
586 115
586 115
591 114
559 114
567 115
554 116
547 118
528 118
523 119
516 122
515 123
508 125
514 127
515 129
514 131
515 132
514 135
514 135
514 136
514 135
514 138
514 139
514 141
513 139
514 140
512 142
515 144
514 145
513 146
514 148
515 150
514 151
514 153
513 155
514 158
514 159
514 161
514 163
514 164
514 166
514 168
514 171
514 172
514 174
514 177
514 179
514 181
514 319
514 323
514 326
514 329
513 333
514 337
514 339
515 339
513 347
514 352
514 354
514 356
514 359
514 363
515 364
514 369
514 373
513 376
512 384
515 387
518 385
522 386
514 395
513 400
513 404
514 410
513 414
514 418
513 423
511 426
514 431
514 435
514 441
514 444
514 449
513 453
514 455
513 459
513 463
514 466
513 468
514 471
514 474
514 477
514 479
514 482
514 485
514 489
514 493
514 496
514 500
514 504
513 509
513 513
514 517
514 522
514 527
513 688
514 691
514 695
514 699
513 701
513 703
514 707
514 710
512 713
513 716
514 719
514 722
514 725
514 727
513 731
514 735
512 739
523 739
515 741
514 749
523 752
512 749
512 758
514 761
514 763
514 767
514 770
513 772
512 775
509 778
459 779
427 781
239 780
189 784
162 787
179 791
122 791
16 794
1 798
0 801
0 805
26 809
94 811
102 814
82 816
84 819
90 821
103 825
105 828
133 830
159 832
148 835
167 836
133 838
180 841
144 843
142 846
113 847
325 916
349 917
354 918
387 919
377 918
365 918
343 920
360 919
359 922
362 921
356 920
398 920
411 921
420 921
413 922
407 922
385 923
412 923
415 923
399 922
405 922
425 923
421 923
426 923
443 923
418 923
428 923
432 923
441 923
439 922
446 921
453 921
475 920
472 921
495 919
507 918
510 916
510 914
512 913
512 910
512 908
512 907
513 904
512 903
512 902
513 901
513 900
513 900
512 899
511 898
513 897
513 895
513 894
514 894
513 893
513 893
513 891
513 739
513 733
513 732
513 730
513 726
513 721
513 718
513 714
513 710
513 708
513 704
513 701
513 699
513 694
513 689
513 685
514 680
513 678
514 675
513 671
514 666
515 663
513 660
513 658
514 654
514 650
512 646
513 644
513 640
513 636
513 632
513 628
513 622
512 617
513 612
513 608
514 603
513 598
513 594
513 589
513 585
513 582
514 578
513 575
512 572
514 569
513 567
512 563
513 562
512 557
512 554
515 554
512 547
512 546
515 543
513 536
514 533
513 334
513 331
513 329
513 326
513 322
515 319
513 316
514 313
513 309
514 307
514 303
513 299
514 295
514 293
514 290
514 287
513 284
513 280
513 277
515 273
514 270
514 267
516 265
518 262
518 259
523 257
627 255
701 253
816 254
912 250
876 248
863 239
957 241
1007 242
1023 239
1004 235
1023 231
1010 228
989 225
955 222
939 225
985 215
965 213
938 211
911 208
916 205
915 203
870 201
844 200
864 198
899 194
866 192
848 191
835 188
871 187
872 184
640 121
670 120
666 119
686 119
681 119
672 118
650 117
660 116
648 116
615 116
651 115
641 115
656 116
651 115
631 116
641 115
604 115
616 116
615 114
616 114
597 114
605 114
596 114
626 114
609 117
568 115
592 114
607 115
588 115
564 114
564 116
570 116
574 117
526 118
524 119
517 120
516 122
515 125
511 125
514 129
514 131
514 132
514 131
514 134
514 136
513 137
514 138
513 138
513 139
513 140
514 141
514 141
514 143
514 144
514 145
514 147
514 148
514 307
514 312
514 317
514 320
514 322
513 324
514 327
514 330
514 336
514 340
514 346
514 350
514 353
514 357
514 359
513 362
514 366
513 370
513 371
514 374
514 378
512 391
513 384
510 395
512 392
513 397
