414 792
182 794
191 798
173 801
207 803
209 807
221 809
248 812
220 814
240 817
240 820
238 821
214 824
230 827
231 830
213 833
231 835
238 837
296 839
268 842
275 844
287 845
318 850
304 851
276 853
258 857
271 862
284 860
245 863
239 864
249 867
257 869
260 872
290 874
293 877
297 882
280 880
276 882
295 883
310 885
320 886
309 888
328 889
335 891
330 892
319 893
336 895
318 895
348 897
344 897
365 897
392 899
350 901
375 902
369 902
394 904
354 905
776 171
774 167
752 165
724 165
707 162
721 159
760 157
783 156
747 151
728 151
742 151
743 149
720 147
694 147
635 145
660 145
635 142
648 141
623 141
654 145
663 139
631 138
666 139
648 136
678 135
662 134
679 132
657 131
649 130
669 130
661 128
663 129
625 127
640 126
646 127
671 125
640 124
616 124
660 123
652 122
652 121
620 121
608 121
650 120
619 119
587 118
588 120
611 122
624 118
585 117
568 117
595 117
615 116
592 116
583 117
581 116
601 115
403 911
425 912
401 912
401 912
386 914
395 915
373 916
413 917
425 916
428 918
410 916
414 918
390 919
405 920
385 919
422 920
433 917
399 920
396 920
420 921
446 921
431 922
422 921
444 922
455 921
450 922
433 922
451 922
477 922
459 922
421 923
433 922
480 923
466 922
440 922
452 923
487 922
468 922
453 922
474 921
489 921
486 920
499 918
506 918
510 916
512 915
513 913
513 910
513 908
513 904
513 905
513 903
514 902
513 902
513 900
513 899
513 898
513 544
512 540
513 537
511 534
514 529
514 524
514 519
514 515
514 511
514 505
514 501
512 497
514 491
512 489
512 485
512 482
511 478
514 474
515 468
512 467
514 464
514 460
512 457
513 455
514 452
517 449
513 445
512 442
513 438
513 433
513 431
513 425
514 421
516 415
511 411
514 408
514 404
513 399
511 395
514 391
513 387
514 383
513 380
513 377
512 372
512 368
514 365
514 359
515 357
514 353
513 349
513 347
513 344
513 341
513 337
510 334
512 331
515 394
514 389
513 386
512 382
514 378
513 375
513 373
513 369
513 366
514 362
514 357
515 353
513 351
513 348
513 344
513 340
514 337
513 334
514 332
516 329
514 326
513 323
514 320
513 316
513 313
514 309
514 306
515 302
513 300
513 296
514 292
515 290
514 287
514 284
514 281
516 279
513 275
513 271
513 268
514 266
513 263
516 260
579 259
625 256
666 253
689 248
674 247
672 243
792 245
879 242
871 238
830 236
876 232
828 229
830 227
782 224
824 115
573 114
560 114
560 117
546 115
581 115
594 114
559 114
567 115
552 114
563 115
550 115
563 116
537 117
546 116
545 122
522 118
514 119
516 121
515 124
515 126
515 127
514 131
514 132
514 133
513 134
516 136
514 139
513 138
514 138
513 138
513 142
514 142
513 142
513 143
513 144
513 145
513 146
513 147
513 149
514 151
513 154
513 156
514 159
512 159
514 161
514 164
513 165
514 167
514 169
514 172
509 173
514 175
509 177
514 179
514 182
518 184
513 474
513 476
514 479
514 481
514 483
514 487
514 489
513 493
514 498
515 502
513 504
513 509
513 513
513 518
514 522
514 525
514 530
519 535
509 540
518 550
514 549
515 551
513 553
514 560
514 563
514 566
514 571
512 573
512 577
512 579
514 583
514 585
515 588
513 593
513 598
513 602
513 605
513 609
513 613
514 617
515 621
513 626
513 631
512 635
513 640
514 643
511 647
513 651
514 656
512 660
512 664
513 667
514 671
514 675
514 678
514 681
513 685
513 822
247 825
229 827
244 830
247 832
272 834
256 837
250 839
222 842
271 844
285 846
288 848
246 851
284 853
286 855
298 859
244 860
256 863
274 864
292 867
259 869
261 873
270 873
270 876
254 878
251 880
282 882
293 884
333 886
325 887
358 888
369 889
382 891
359 892
366 893
406 894
383 896
421 897
407 897
422 898
352 899
369 900
385 902
392 903
375 904
361 906
401 907
392 907
394 907
396 908
419 909
406 908
408 910
416 911
394 912
436 913
412 913
402 894
517 893
513 891
513 890
513 889
513 888
513 885
513 884
513 882
513 880
513 877
513 875
512 874
514 872
510 870
512 869
513 867
513 864
514 862
514 860
513 858
513 856
513 854
512 852
513 850
512 845
513 842
513 839
513 839
511 835
513 833
514 828
513 825
513 822
513 820
514 816
513 813
512 808
513 804
513 801
514 797
514 793
513 790
513 787
513 786
513 782
513 777
513 773
513 770
513 768
512 764
514 758
513 754
513 752
513 752
512 749
513 744
515 535
510 531
514 527
514 523
513 518
514 514
514 510
509 504
513 499
514 497
513 491
513 488
513 485
513 481
513 476
513 473
513 470
513 468
513 464
514 461
514 459
513 454
513 451
513 446
512 445
513 441
513 436
513 433
512 429
513 422
515 419
513 417
514 411
513 407
514 402
514 399
514 394
515 390
515 386
513 382
513 378
513 375
513 360
513 367
514 364
515 360
514 356
514 354
513 350
516 347
513 344
514 341
515 336
514 333
514 330
513 329
514 324
665 133
640 131
629 131
648 129
639 129
604 129
635 128
642 126
611 125
613 125
576 125
627 125
624 124
584 122
637 123
636 121
635 121
657 120
639 120
675 119
655 119
598 118
578 119
582 117
596 117
615 117
592 117
599 116
607 115
618 115
595 116
574 116
570 115
593 115
573 115
570 114
587 115
584 111
571 114
567 114
572 113
548 114
575 115
571 115
549 114
547 116
561 116
540 115
542 118
535 113
529 118
519 120
516 121
515 122
515 126
514 127
515 128
514 171
514 173
513 175
513 177
514 178
512 182
513 184
516 185
515 188
511 201
522 192
518 193
513 200
517 201
516 205
514 208
513 212
513 215
513 218
513 223
514 226
514 230
514 233
514 233
514 240
514 243
513 245
513 248
514 259
514 256
513 259
514 262
514 265
513 269
514 273
514 277
514 279
512 282
514 287
514 291
514 295
514 298
513 298
515 302
514 305
513 310
514 316
514 319
514 322
513 326
514 327
514 331
513 336
514 340
514 343
514 348
521 352
513 506
515 511
516 515
515 520
514 524
514 528
515 534
518 541
514 545
516 549
514 549
511 556
518 566
514 562
514 565
514 568
514 572
513 575
512 579
513 582
513 585
513 588
514 592
514 596
513 600
512 604
512 607
513 611
513 615
513 620
513 624
513 629
513 634
513 638
513 642
511 647
514 649
514 654
514 657
512 662
513 666
512 669
513 672
514 676
514 680
513 683
512 687
513 690
513 694
513 697
512 699
515 702
514 702
513 709
514 711
512 715
512 720
249 836
251 839
275 840
274 842
274 844
279 845
271 849
254 850
256 853
268 855
284 857
307 858
273 859
262 865
232 865
243 867
288 870
319 873
308 875
276 877
314 879
316 883
308 883
283 884
328 886
327 887
345 889
305 890
362 892
339 893
352 893
327 895
370 895
387 897
383 898
381 899
347 900
388 902
352 902
354 903
367 904
362 905
398 906
376 906
387 907
363 910
385 910
359 910
379 911
375 911
362 912
372 913
357 915
378 914
354 914
375 915
406 905
513 904
513 905
513 901
513 901
513 900
514 899
513 899
513 897
512 897
513 896
513 895
513 894
513 893
512 890
513 889
513 887
513 886
514 883
513 883
514 881
513 878
513 878
513 875
513 872
515 871
514 869
513 866
513 865
513 863
513 861
513 858
513 856
514 854
513 852
513 849
513 846
513 844
511 840
513 840
513 837
514 833
512 829
514 826
514 824
513 820
513 816
513 811
511 809
513 805
513 801
510 798
512 795
512 793
513 791
513 786
513 782
514 635
510 632
514 627
513 623
513 620
514 615
514 610
514 605
515 600
513 595
513 592
514 586
513 583
513 579
513 577
513 573
514 571
514 567
514 563
513 563
513 558
514 556
513 554
513 549
514 545
514 543
513 540
514 535
513 530
513 526
512 522
514 516
514 513
513 507
513 502
514 497
514 495
514 489
514 489
513 482
513 480
514 475
513 472
513 468
512 466
510 463
512 460
514 456
513 453
517 448
513 445
513 443
513 439
515 435
514 430
514 427
514 422
516 252
676 248
664 246
675 243
804 245
900 241
917 238
863 235
871 229
821 230
789 226
776 223
819 220
836 217
807 214
783 212
774 209
782 207
782 198
762 203
757 199
769 197
770 196
760 193
760 190
710 189
725 186
727 184
741 181
779 179
779 177
806 175
779 172
769 170
732 168
760 165
742 163
745 161
724 160
736 157
734 155
721 153
696 152
712 151
718 148
693 147
674 146
648 143
684 144
668 142
644 142
639 140
673 140
655 139
638 139
611 137
639 135
685 117
523 118
531 119
518 120
515 122
514 124
514 127
514 130
514 130
514 132
514 133
514 135
514 136
514 137
513 138
514 139
516 139
514 140
515 141
514 142
514 143
514 144
514 146
514 147
513 148
514 149
513 152
513 155
514 156
514 158
514 160
514 162
513 162
513 166
515 168
513 169
515 171
514 174
513 176
515 178
514 181
514 184
514 185
511 188
514 190
511 194
513 191
514 200
516 203
516 204
514 207
514 210
514 215
514 218
514 222
513 226
513 229
514 401
514 408
514 413
513 418
513 422
513 425
514 430
513 434
514 440
513 445
513 448
514 453
514 456
515 461
514 462
514 466
514 470
515 471
515 474
514 477
514 480
514 482
513 486
513 488
513 493
513 497
512 501
513 505
512 511
514 515
513 520
513 526
513 528
513 533
513 541
515 540
521 544
515 547
516 552
523 557
507 557
515 564
514 568
515 570
519 574
514 578
512 581
512 584
512 587
513 591
513 594
513 598
513 602
512 605
511 609
513 615
513 618
513 768
515 772
512 774
510 777
465 778
427 780
388 782
396 785
377 788
385 790
278 789
173 792
161 796
171 800
169 803
178 805
234 808
235 811
213 813
202 816
241 819
245 823
227 826
205 828
251 831
265 833
277 835
258 839
275 839
282 842
284 844
268 846
260 849
246 851
241 853
255 855
271 858
298 860
306 865
310 866
271 867
269 870
296 871
303 873
303 876
278 878
292 881
299 883
289 884
275 886
286 887
278 889
323 890
328 891
303 892
352 895
366 894
482 921
489 921
481 921
491 920
497 918
503 918
513 916
513 915
513 912
512 911
511 908
513 907
513 905
515 904
514 902
513 901
514 902
514 900
514 899
513 898
513 896
513 895
513 895
515 893
516 893
513 892
514 890
515 889
513 887
514 884
514 883
514 882
513 879
513 878
513 874
513 873
514 871
513 869
513 868
513 866
513 865
513 862
513 859
513 856
513 854
513 853
513 850
513 848
513 844
513 843
514 840
513 837
514 833
513 831
513 828
513 824
514 821
514 633
514 628
514 623
514 618
514 615
513 612
516 607
514 603
513 598
515 593
513 589
513 586
513 583
512 578
513 575
513 571
513 569
513 566
512 563
513 561
513 556
513 555
514 551
513 547
513 543
514 540
514 537
515 532
514 528
514 522
513 520
512 515
513 511
513 506
512 501
514 495
513 493
513 487
513 485
515 481
514 477
513 473
515 469
515 466
515 462
515 460
512 457
513 454
513 450
514 447
513 443
514 438
513 435
514 431
512 427
512 424
513 419
803 244
957 242
932 238
912 234
888 229
820 228
757 226
783 223
795 220
801 218
837 215
813 212
815 209
772 207
783 205
757 202
754 200
733 198
734 196
754 194
757 190
746 190
721 187
740 185
760 182
733 180
765 178
752 174
784 173
757 170
785 168
774 166
805 164
803 162
762 160
747 157
741 156
698 154
693 152
699 151
654 149
674 148
661 147
669 146
642 144
638 144
642 142
647 141
642 140
651 139
658 139
673 137
659 136
621 133
632 140
651 131
669 120
520 118
505 110
513 121
514 123
514 124
515 126
514 130
514 130
514 132
514 133
514 134
514 135
514 137
511 138
514 139
514 140
514 139
513 141
514 142
514 143
511 144
514 146
514 148
514 149
513 151
514 152
513 154
514 155
514 158
520 159
515 161
513 164
514 165
514 166
514 169
515 171
519 174
514 177
516 178
516 181
514 182
513 184
513 187
515 189
513 192
511 196
514 195
516 201
507 202
513 208
514 208
513 213
514 215
514 220
513 225
513 228
513 435
514 439
514 444
514 449
514 451
513 455
513 459
511 462
512 467
518 469
515 472
520 475
513 478
513 481
519 484
513 489
514 489
513 493
513 498
513 500
514 505
514 509
514 512
514 517
513 522
513 528
513 532
514 536
513 541
514 544
512 549
513 555
512 558
502 562
512 561
513 567
514 570
514 573
514 576
514 579
513 583
514 587
513 589
513 593
514 596
514 600
514 603
514 608
514 613
513 617
511 622
513 627
514 631
520 635
513 640
520 643
514 647
513 822
237 825
293 827
250 830
224 831
245 834
300 836
318 838
257 841
236 842
243 846
288 848
227 850
237 852
254 854
293 856
284 860
266 861
294 863
286 868
285 869
248 872
267 873
280 875
320 878
290 880
308 882
322 883
338 885
309 883
310 888
359 888
342 890
348 892
322 893
325 894
320 895
351 896
358 897
390 899
369 899
369 901
403 901
414 903
394 904
378 904
422 905
416 906
436 907
403 908
408 909
451 908
409 910
404 911
424 911
454 911
456 913
408 895
513 893
513 891
513 891
513 890
513 887
513 885
513 884
514 883
513 881
513 878
514 877
513 875
514 873
513 872
513 870
514 868
514 866
513 863
513 862
513 860
512 858
514 855
513 853
513 850
514 849
513 846
514 842
513 840
513 837
516 836
512 832
513 830
515 825
513 822
514 819
513 817
514 812
513 809
514 805
513 802
515 797
513 794
513 791
515 788
517 784
513 780
514 776
512 774
512 771
513 767
513 765
512 761
512 758
513 753
513 751
513 747
513 649
513 645
513 640
515 635
515 630
514 625
513 624
513 617
513 613
513 609
514 603
514 601
513 596
513 590
513 586
513 582
513 579
513 576
513 572
513 570
513 566
513 563
513 561
513 559
513 556
513 553
512 549
513 545
513 542
513 538
514 534
519 529
514 525
513 520
515 515
519 511
515 506
521 500
515 497
514 493
522 487
514 485
515 480
514 476
514 473
514 471
515 468
513 464
513 460
514 458
513 455
513 451
513 449
513 443
513 442
513 437
515 433
513 287
514 284
513 281
514 278
513 276
514 273
514 269
513 267
513 264
515 262
519 259
641 256
654 254
641 252
646 248
651 246
672 244
794 245
915 242
914 238
885 234
864 233
815 229
800 225
815 222
819 219
833 216
808 213
831 211
784 207
779 206
732 205
746 201
747 198
742 197
725 194
732 192
769 190
772 188
759 186
718 182
744 181
760 179
724 176
748 174
763 171
818 170
838 168
792 164
764 162
801 160
760 161
759 155
721 155
754 153
686 151
684 150
592 116
602 118
591 116
602 116
600 117
572 117
580 115
596 115
581 116
576 114
571 115
580 115
577 115
577 115
570 115
570 115
568 115
576 114
550 114
570 115
558 116
548 115
548 116
557 116
530 117
531 118
515 125
521 121
514 122
515 124
520 126
514 129
514 131
515 133
513 134
514 136
514 136
514 137
512 139
514 139
514 140
513 141
514 142
513 143
514 145
514 145
514 146
514 148
514 149
513 152
514 152
514 155
512 157
514 158
514 159
514 163
513 164
514 280
513 285
513 291
513 293
514 293
514 297
520 303
513 306
514 308
514 310
514 313
513 317
513 321
513 325
513 330
514 334
514 338
514 339
510 342
513 345
513 349
514 354
510 355
523 368
517 359
512 366
514 370
504 380
513 378
513 382
512 385
513 389
514 392
513 397
514 400
513 404
514 407
514 411
514 416
514 421
514 427
514 431
513 436
513 443
513 447
511 450
512 454
512 457
513 461
513 465
509 468
512 471
513 473
513 479
512 479
512 482
513 486
512 644
513 646
514 650
514 654
514 658
512 662
513 664
513 668
514 671
514 674
513 678
514 682
513 686
513 690
518 693
513 696
515 699
516 702
513 705
513 708
520 711
513 715
512 718
520 722
513 727
517 732
514 731
523 737
516 736
511 738
515 745
513 741
512 751
514 753
513 757
513 760
513 763
513 767
514 769
514 772
513 775
503 777
436 780
417 781
391 784
369 789
361 790
301 790
162 793
160 796
167 800
166 803
194 806
181 809
215 813
215 814
218 908
385 910
378 910
405 910
380 911
442 911
424 912
401 912
377 914
384 913
401 914
406 915
408 916
419 916
437 917
379 917
407 918
418 918
441 919
409 919
413 920
419 920
434 920
405 921
418 920
439 921
467 922
455 922
442 922
426 921
461 922
458 922
429 922
425 922
459 922
459 923
449 922
458 922
456 922
460 922
457 922
460 922
467 922
478 921
478 922
494 920
491 918
505 918
511 916
512 915
512 913
513 911
514 910
519 906
513 904
514 903
513 902
513 789
513 789
516 785
514 782
513 777
513 774
513 772
515 768
512 765
513 763
513 759
512 756
514 750
513 749
514 745
512 742
513 741
513 735
514 730
514 727
513 724
513 721
513 718
514 713
514 707
514 705
514 702
513 697
513 694
512 691
513 688
513 680
513 683
513 679
513 674
513 672
514 668
513 664
513 660
514 656
514 653
514 649
513 645
517 642
513 638
514 634
515 628
514 623
515 618
515 614
515 609
516 603
520 598
513 593
513 591
514 587
513 583
513 395
512 393
514 389
514 386
513 382
516 378
513 374
514 364
518 368
514 365
513 362
514 358
514 353
514 351
513 347
512 345
513 342
513 338
514 334
514 332
514 329
514 326
514 323
512 320
513 317
513 313
513 308
514 306
513 302
514 299
514 297
514 294
513 290
514 286
513 284
515 281
513 278
513 275
513 271
513 268
514 264
515 262
517 259
575 258
619 256
673 253
668 250
671 247
647 243
670 245
865 242
880 238
864 236
890 233
838 229
800 220
788 225
817 135
624 138
604 134
624 133
618 132
634 131
639 130
636 128
634 129
648 128
633 127
612 127
575 126
601 124
598 124
600 124
601 123
633 122
585 122
616 120
639 119
640 120
624 119
621 118
634 118
636 114
595 118
602 117
607 117
615 116
578 116
575 116
589 116
613 115
571 116
560 115
583 115
614 115
581 114
570 115
571 115
582 115
577 115
570 115
554 115
569 114
561 115
555 116
560 115
559 116
540 117
542 116
532 117
519 118
515 114
513 123
514 123
514 239
517 243
513 248
513 250
514 251
513 256
514 259
514 262
514 261
513 267
513 272
514 276
513 279
513 280
513 285
514 287
514 291
514 296
513 302
513 303
513 305
514 308
513 310
514 315
514 321
513 324
514 328
514 332
514 336
513 339
514 343
513 344
513 348
513 350
517 358
519 359
516 354
511 357
516 369
512 375
515 374
513 380
513 385
514 387
513 392
513 396
513 400
514 404
513 408
513 412
517 417
513 422
514 427
518 430
514 435
515 440
519 445
514 646
512 650
513 653
513 658
514 660
513 663
516 667
513 672
513 675
517 678
513 681
513 685
513 689
513 692
513 695
513 698
513 702
514 704
513 706
513 710
514 713
513 717
513 720
514 725
511 721
514 731
512 733
511 735
514 738
513 743
511 746
510 755
512 747
513 755
514 758
515 763
514 766
513 769
519 775
514 775
512 777
456 779
399 781
399 783
403 785
365 788
359 790
167 791
158 795
158 798
153 802
187 805
234 808
250 810
220 814
214 817
251 819
420 911
406 912
379 912
375 913
387 914
383 915
367 916
369 916
376 917
404 917
419 918
387 919
406 919
423 919
428 920
418 920
437 920
438 918
459 921
432 921
430 921
449 921
456 921
439 922
437 922
417 922
434 922
466 923
454 922
425 922
452 922
480 922
465 923
447 922
472 922
490 922
472 921
466 921
481 921
491 920
497 920
506 918
508 917
512 915
511 913
513 912
513 910
512 908
513 905
512 904
514 902
513 901
513 900
513 900
512 898
513 897
513 896
514 785
512 782
514 779
514 777
513 773
514 768
513 765
513 762
513 758
512 759
514 755
514 750
512 746
513 744
513 740
513 737
513 734
513 730
514 727
514 723
514 720
514 714
514 709
513 704
514 702
514 694
513 695
512 693
512 690
513 687
513 682
513 680
515 676
513 670
514 667
515 665
514 661
514 660
514 655
514 650
514 647
514 643
514 639
514 635
513 630
513 625
514 622
514 616
513 612
514 608
514 603
514 597
513 592
514 588
513 584
513 581
512 577
514 366
515 363
513 360
513 356
513 353
513 349
514 346
514 342
509 339
513 336
513 334
513 329
514 328
514 322
515 321
514 319
513 313
514 309
512 308
513 304
514 302
513 298
515 293
515 291
514 289
513 285
513 282
515 279
513 275
514 272
513 269
513 267
514 264
517 260
522 257
620 256
657 253
661 250
663 247
641 244
635 243
811 245
916 242
905 237
867 234
845 231
869 227
840 215
820 220
800 218
812 215
805 213
781 210
760 208
756 205
770 202
767 120
617 119
606 119
637 120
638 118
609 117
625 117
592 122
604 116
619 116
624 116
593 116
549 116
535 115
587 115
589 115
561 116
556 109
597 115
600 115
576 115
571 118
590 115
570 114
552 115
555 113
582 116
566 115
553 116
544 117
525 118
540 117
529 123
518 125
520 126
518 124
514 125
515 127
514 130
513 132
514 133
514 134
514 136
514 136
514 137
514 136
514 139
515 140
513 141
514 142
514 143
513 144
514 145
514 148
514 149
512 151
514 152
513 369
520 372
511 375
514 368
514 379
514 382
514 386
513 389
513 393
512 399
512 402
512 408
513 412
513 417
514 420
513 426
513 431
513 433
514 438
513 443
516 448
514 451
513 454
513 458
514 461
514 464
513 467
514 470
514 472
515 476
514 479
514 481
514 485
513 487
514 491
512 495
515 498
513 503
514 507
514 513
514 516
514 520
513 526
514 531
514 535
512 540
513 528
511 550
516 562
513 555
512 559
513 562
511 569
513 572
513 573
512 576
513 578
512 691
512 693
514 696
514 700
514 703
513 706
513 709
513 712
513 715
513 720
514 722
514 733
513 730
516 733
517 736
514 734
513 749
515 743
512 748
509 755
514 756
512 757
513 761
513 763
513 767
512 771
511 774
513 777
493 778
431 780
390 783
378 786
372 788
383 791
216 791
142 794
153 798
193 801
228 804
207 806
228 809
231 812
237 816
209 818
220 821
263 823
269 828
249 829
210 831
218 834
264 836
281 838
286 841
272 843
294 845
281 847
283 850
227 911
428 911
422 913
444 912
440 913
438 913
391 915
399 915
374 915
399 916
388 917
386 917
388 918
388 919
409 920
413 918
420 921
425 920
421 921
406 919
432 922
439 922
465 922
449 922
428 921
449 921
470 923
441 922
432 921
451 925
477 922
458 922
441 923
448 922
490 922
467 923
448 922
457 922
458 922
478 921
488 921
476 921
477 919
503 919
505 918
511 916
512 914
513 912
513 910
513 908
513 906
514 904
512 903
513 901
513 900
513 899
514 898
515 812
513 809
512 805
514 802
513 797
513 794
513 790
513 788
513 785
513 781
513 779
513 775
512 773
514 769
513 764
514 760
513 756
513 756
513 754
512 750
515 746
515 737
515 735
515 733
515 731
514 728
512 724
514 720
513 714
513 711
515 708
513 704
510 702
514 699
512 696
511 690
514 690
513 686
511 681
514 678
513 674
514 669
513 666
513 662
514 659
514 655
514 651
514 648
514 644
513 640
514 635
513 632
513 628
513 623
513 619
513 615
513 611
515 460
513 455
513 453
513 450
513 446
515 443
514 440
509 436
512 433
513 429
515 425
515 418
513 416
513 413
513 409
513 404
514 399
516 394
514 392
514 386
514 382
515 380
511 373
514 372
515 368
514 364
513 361
514 357
514 354
513 351
513 347
513 344
513 340
513 337
513 334
513 331
514 328
514 326
512 322
513 318
514 314
514 311
514 308
515 304
514 301
513 299
512 295
514 293
514 289
514 286
514 283
514 280
514 277
512 274
513 270
515 268
514 263
740 158
731 156
717 154
721 153
714 152
701 149
693 150
681 148
684 146
698 144
659 144
663 143
653 141
706 141
666 139
670 138
619 138
659 138
666 135
647 134
640 133
641 132
639 132
622 125
599 130
587 129
637 128
646 128
602 126
579 127
567 125
629 125
613 126
606 124
607 123
599 122
607 122
625 121
624 120
631 119
593 118
595 119
603 118
603 118
619 117
616 116
618 116
610 117
591 116
596 115
600 116
578 111
563 116
563 115
588 113
611 115
584 116
513 175
514 176
516 179
514 182
513 183
514 185
513 187
512 189
514 191
514 194
512 197
514 200
519 194
511 205
510 207
515 219
513 215
513 218
513 221
514 225
514 229
513 233
513 237
514 240
514 242
515 244
513 247
513 252
514 257
514 260
513 261
515 265
513 268
513 274
513 277
514 279
513 284
514 286
513 290
514 294
514 298
513 300
514 301
514 305
514 310
514 313
513 317
513 320
513 324
513 328
513 331
513 336
513 342
513 344
515 348
514 351
514 353
513 556
513 558
506 557
514 566
516 565
508 565
511 574
514 574
513 578
513 582
513 585
514 588
514 591
515 596
512 600
512 603
513 607
513 611
514 615
513 619
513 623
514 628
513 632
512 638
512 641
513 645
513 649
514 652
513 657
513 660
513 665
513 669
513 672
513 676
514 679
514 682
514 685
514 689
514 693
513 698
512 699
513 702
513 706
513 708
513 712
512 715
512 719
513 722
517 724
508 725
512 722
513 734
512 738
514 744
514 744
517 747
519 876
312 878
329 879
321 880
290 883
273 885
318 886
294 888
311 889
382 891
354 891
391 892
374 893
391 894
386 896
371 895
377 897
405 898
371 899
369 901
393 902
382 902
403 902
347 905
346 905
371 906
402 909
354 908
336 908
377 909
387 910
370 911
348 912
376 913
374 914
356 913
363 914
370 915
411 915
397 917
399 917
420 917
418 918
426 918
413 919
412 919
429 920
408 921
413 921
429 921
421 921
435 921
453 921
476 921
449 922
422 922
419 921
457 875
513 872
513 871
513 870
513 868
511 866
513 864
513 861
515 860
513 858
513 856
513 853
512 851
514 849
513 846
513 844
513 841
514 839
513 835
513 832
514 829
513 827
513 824
513 820
514 816
512 813
509 810
513 807
511 803
509 800
514 796
511 792
510 789
514 785
513 783
510 780
513 778
513 774
514 770
514 765
512 761
508 759
512 755
513 753
512 752
513 745
512 741
513 739
513 734
513 731
512 728
513 722
515 723
512 716
514 714
515 708
514 702
513 501
513 498
509 492
513 487
514 484
514 482
513 478
513 477
514 473
513 470
513 466
514 463
512 460
513 457
512 454
513 449
513 446
516 439
509 438
513 434
513 430
512 426
513 421
513 418
515 412
515 409
515 402
513 400
514 396
514 390
514 388
514 384
514 378
514 375
514 371
513 368
515 366
513 362
514 358
515 352
514 351
