514 154
513 158
513 157
514 159
514 162
514 163
514 164
514 167
514 168
513 170
514 173
513 174
513 176
512 178
514 180
515 183
514 186
514 189
513 192
513 194
514 195
514 198
513 202
513 204
514 208
514 211
515 216
514 217
513 220
514 225
514 229
513 232
513 236
513 238
514 242
514 247
513 251
514 253
514 254
510 256
514 265
513 265
514 270
513 272
513 275
514 276
514 281
514 289
512 291
513 291
513 299
514 300
513 302
514 309
513 311
514 314
513 320
514 801
513 799
514 796
513 791
513 788
513 784
513 783
513 778
513 775
513 772
513 772
513 763
513 765
513 758
513 756
514 751
513 747
513 745
513 743
513 739
513 735
513 730
513 726
513 723
511 720
514 717
512 713
513 710
513 707
513 702
513 697
515 693
513 688
513 685
514 682
512 679
513 677
513 670
511 670
513 667
513 665
511 661
513 656
513 652
512 649
514 644
513 640
513 637
514 632
513 628
512 623
513 620
513 615
513 610
514 605
513 599
513 593
513 328
513 331
514 332
514 336
514 340
513 344
513 349
514 350
513 354
512 358
514 364
513 362
514 365
513 370
513 373
513 376
514 379
514 384
514 388
514 391
514 395
516 398
515 403
516 408
512 413
511 418
513 423
511 428
509 432
510 438
510 443
510 447
512 452
512 456
512 459
514 462
513 466
512 470
513 471
514 474
513 476
513 478
514 482
513 485
514 486
514 491
513 494
513 499
514 502
512 506
514 512
513 514
514 519
512 524
513 529
514 533
513 537
374 887
369 888
359 890
334 891
329 892
331 895
319 894
352 895
380 897
379 898
421 900
415 898
405 900
349 905
394 904
403 903
365 908
405 905
416 908
440 911
423 908
421 909
453 910
411 911
424 911
435 912
460 910
428 913
396 914
416 914
418 914
418 916
365 916
385 917
416 918
400 919
402 918
394 919
383 920
404 918
416 923
443 919
456 921
415 920
429 930
435 922
426 923
462 922
474 922
441 923
417 922
448 923
462 923
455 923
434 923
455 922
466 923
514 834
513 831
514 829
513 826
513 822
513 819
513 816
513 814
512 810
513 807
515 804
512 799
514 796
513 792
513 789
514 786
514 783
512 779
513 777
514 773
512 769
512 767
513 762
514 757
513 754
513 753
512 750
514 747
513 743
513 738
513 734
513 730
513 729
513 728
513 722
513 719
513 712
513 707
514 704
513 699
513 701
513 695
513 692
513 688
513 687
513 683
513 678
512 676
512 674
513 669
514 664
514 659
515 656
515 652
516 648
517 644
517 434
513 430
514 426
513 422
514 418
513 415
513 410
513 406
513 402
514 397
515 392
514 389
513 385
514 383
512 378
513 374
513 370
514 367
514 361
515 359
514 356
513 351
514 347
514 345
514 341
513 339
516 335
514 331
514 329
515 326
514 321
513 319
514 315
516 314
512 308
513 306
513 304
513 300
512 297
513 293
513 289
514 288
514 283
513 280
513 277
514 273
513 270
513 267
514 264
514 262
519 259
596 258
670 255
668 252
648 250
664 245
677 245
794 134
646 133
668 132
686 131
673 128
670 130
657 129
629 128
605 127
631 127
625 126
601 125
624 125
606 125
594 123
617 122
598 123
630 121
627 121
651 121
643 118
634 119
633 118
621 117
594 117
584 117
583 118
603 116
617 116
612 116
594 116
583 115
577 115
590 115
571 116
587 112
591 115
575 114
558 114
579 111
581 115
572 114
547 114
567 114
556 115
560 115
543 115
565 116
572 115
525 117
540 117
546 117
518 118
513 120
520 122
515 125
513 125
514 223
511 226
514 230
514 233
513 236
513 238
514 242
513 245
513 248
514 250
514 254
514 257
513 264
514 264
514 266
513 270
514 274
513 277
514 281
514 283
514 288
514 293
514 296
513 300
515 299
514 303
514 307
514 313
513 317
514 322
513 325
513 327
514 331
514 334
514 337
514 341
514 347
514 350
513 353
514 355
513 360
513 365
513 365
513 371
513 376
512 377
512 380
513 387
514 388
513 384
508 397
499 400
513 404
513 410
512 413
513 418
513 422
513 651
513 655
513 658
513 662
513 665
513 669
511 676
512 676
514 679
514 682
513 685
513 689
514 692
513 696
513 699
514 702
513 704
513 707
513 711
513 714
513 717
513 722
513 725
513 728
513 731
514 735
513 728
513 740
512 746
513 734
514 756
504 749
514 757
513 761
513 765
513 767
516 771
514 773
513 776
481 777
431 780
401 783
382 785
387 788
391 792
271 789
186 791
151 797
154 800
152 803
204 806
227 810
198 812
217 815
267 818
280 821
213 825
392 914
381 916
374 920
399 917
399 917
407 918
414 919
409 919
435 919
437 919
417 925
421 918
417 921
427 921
469 919
452 917
443 923
446 921
432 923
444 922
465 922
466 922
433 923
431 924
465 922
481 923
448 923
435 923
475 923
466 923
469 922
449 922
477 922
501 922
483 922
480 920
506 919
508 919
509 916
513 915
512 914
515 909
513 908
510 908
513 904
513 900
513 905
513 900
513 901
513 899
513 898
513 899
514 897
513 898
514 895
514 894
513 892
513 867
514 865
512 863
513 862
513 859
513 856
513 854
513 851
514 849
514 847
513 844
513 839
513 838
514 834
514 833
514 829
513 826
514 823
514 820
513 816
514 813
512 809
513 806
513 803
513 799
514 794
513 790
514 787
514 784
513 783
514 779
514 775
513 771
513 768
514 764
513 760
513 757
513 754
513 752
514 748
513 746
512 742
513 738
513 734
512 730
513 727
514 724
513 721
513 717
513 713
513 709
513 704
513 700
513 697
513 692
514 688
514 685
513 460
514 458
513 457
514 452
511 448
514 445
514 442
514 439
513 435
515 430
514 426
514 422
515 417
514 413
514 409
513 406
514 401
514 395
513 391
513 386
512 383
512 378
513 375
512 371
513 368
513 364
515 359
512 357
512 353
513 349
515 346
512 342
513 342
515 336
515 332
513 329
519 325
514 323
514 320
513 319
514 314
513 310
515 308
514 304
514 299
512 297
515 295
512 290
512 287
514 286
514 281
514 278
515 275
513 272
513 269
514 265
514 262
717 160
762 158
767 157
745 155
711 154
698 152
721 151
694 149
686 150
659 148
635 147
674 146
685 144
708 144
658 142
642 142
672 139
677 139
681 137
647 137
683 136
682 135
643 134
654 132
682 133
705 130
653 130
653 129
671 128
664 127
661 126
643 126
653 124
649 125
655 125
629 123
645 122
653 121
590 121
625 121
636 120
610 118
599 119
581 117
581 118
598 118
592 117
619 117
619 116
596 119
596 116
598 115
578 114
586 115
591 114
586 115
566 113
513 157
514 159
514 161
514 163
513 164
514 167
514 167
513 169
513 172
513 172
514 176
513 179
514 180
513 183
514 187
513 187
514 191
514 193
513 195
512 199
514 201
515 204
513 206
514 211
514 214
513 217
515 221
518 218
515 228
509 232
514 236
514 239
514 242
513 244
514 246
513 250
514 255
513 258
514 260
514 264
513 267
513 272
514 276
514 280
513 283
514 284
514 290
514 294
514 298
514 302
514 305
514 307
514 310
513 313
514 316
513 321
514 485
513 486
514 489
514 492
516 496
512 500
510 505
510 509
512 514
514 517
514 520
513 526
513 530
513 533
514 538
513 542
514 546
514 549
515 551
514 558
513 561
514 564
514 567
516 573
511 573
516 576
519 579
509 583
515 587
514 590
514 594
513 598
512 603
514 608
513 611
514 615
514 619
514 623
514 627
515 632
513 637
511 642
512 646
512 649
513 653
514 656
514 660
514 665
513 668
513 673
513 677
513 679
513 683
515 685
512 689
513 693
513 698
513 828
256 830
278 832
289 834
236 837
234 838
272 841
256 844
283 846
261 848
287 850
286 852
303 855
281 857
269 859
264 862
280 863
303 866
278 870
276 872
276 874
283 878
240 875
252 882
240 884
273 882
306 884
350 887
371 888
365 889
379 890
382 891
424 892
402 894
394 895
405 895
417 897
338 898
362 900
382 900
375 901
358 902
367 903
395 904
374 905
369 906
354 907
419 907
356 908
345 909
393 910
387 910
387 912
350 912
390 913
402 913
404 914
398 897
513 896
512 896
513 894
513 887
513 891
513 890
513 888
514 887
513 885
514 883
516 883
525 879
513 877
513 876
514 874
513 872
513 870
513 868
513 866
513 865
513 861
513 860
512 856
513 855
513 852
513 850
513 848
514 844
513 842
513 840
513 836
514 833
513 830
515 828
513 825
513 821
513 817
513 812
513 810
515 807
513 804
514 799
513 795
514 791
513 789
514 787
512 785
513 780
513 776
513 773
514 769
513 766
513 762
513 759
513 755
513 751
513 555
513 552
513 550
514 547
512 543
512 540
512 535
513 532
514 525
512 522
514 518
514 513
514 509
514 505
515 500
514 493
514 490
513 487
513 484
513 480
513 477
514 473
513 470
514 467
514 463
513 460
513 458
513 453
514 450
514 446
514 443
514 439
513 436
513 431
513 427
515 422
514 418
515 414
514 409
514 405
514 401
513 397
514 393
514 387
513 384
516 381
514 377
514 373
512 370
514 368
513 362
513 358
514 355
514 350
513 348
513 344
512 342
736 193
724 189
760 189
749 187
737 185
765 182
771 180
767 178
742 176
751 174
751 172
772 168
735 168
742 165
733 162
728 161
700 159
713 157
700 155
683 154
677 151
719 147
728 149
758 148
718 147
705 145
739 144
677 143
671 143
661 141
680 140
624 139
635 139
661 136
626 135
637 135
612 134
655 132
630 132
603 129
592 130
635 128
624 131
596 128
618 127
624 128
614 126
596 125
595 125
608 123
605 122
612 122
612 121
624 121
638 120
605 120
613 119
514 143
514 142
514 145
514 145
513 147
513 149
513 151
514 152
513 154
513 156
514 157
514 159
513 162
514 163
513 164
514 166
514 168
513 171
514 174
513 175
514 177
513 182
514 181
513 185
513 187
514 189
513 193
514 195
513 197
514 201
514 203
514 206
515 209
513 213
514 216
514 220
513 224
513 225
513 232
518 235
513 238
514 242
514 244
514 246
513 251
514 254
514 256
514 261
508 262
515 266
513 270
514 273
514 278
513 281
513 285
514 289
513 292
511 503
512 507
513 511
511 515
511 520
511 524
510 529
511 534
511 538
511 542
513 546
513 551
513 554
512 558
513 561
513 564
512 567
513 570
515 571
513 574
513 586
508 584
510 587
513 590
513 594
514 597
513 601
513 605
513 609
513 614
514 617
513 622
514 626
513 631
512 636
514 640
512 645
512 649
514 652
512 656
514 660
514 663
514 668
514 672
513 675
513 678
513 682
513 685
513 689
513 692
513 696
513 700
512 702
514 705
513 708
514 712
513 715
308 868
257 866
266 873
275 876
286 881
258 880
312 881
306 883
333 884
348 885
348 887
353 888
391 890
359 891
355 892
361 893
391 894
366 895
341 897
360 898
395 899
360 899
309 900
352 902
338 903
387 904
330 905
351 906
367 906
372 908
369 908
374 909
390 911
372 910
382 912
394 912
392 913
384 913
369 914
396 915
402 915
400 916
411 918
390 917
428 917
402 918
378 919
415 920
422 919
439 921
447 921
438 922
437 916
431 920
398 922
426 920
441 924
513 865
514 862
513 861
513 858
513 856
513 853
514 852
513 849
514 844
514 845
512 843
513 840
513 836
512 833
513 834
514 829
513 823
510 820
512 819
513 816
513 812
513 806
513 802
512 800
513 796
514 794
514 790
514 786
514 784
515 781
513 778
513 773
513 770
513 767
513 764
513 760
512 756
513 753
514 749
513 747
515 744
514 740
513 736
513 732
513 728
512 725
513 721
513 717
513 713
513 711
513 708
513 704
513 700
513 694
514 691
513 686
513 500
513 495
514 491
514 487
515 484
514 480
514 476
515 475
516 470
516 468
513 464
514 461
514 460
513 456
513 450
513 447
515 445
514 439
513 437
513 433
513 427
513 424
514 419
514 416
514 411
513 407
513 402
513 398
513 394
514 390
514 385
514 381
513 377
514 374
513 370
512 366
513 363
514 359
514 355
514 351
513 348
514 344
513 341
513 339
514 335
513 332
514 328
513 327
515 323
514 320
514 316
513 313
514 309
514 305
514 301
515 298
513 295
512 150
699 150
702 148
665 147
660 145
687 145
660 144
662 143
667 141
642 141
660 139
658 138
668 137
628 136
662 135
645 134
665 133
619 132
633 132
681 130
666 130
646 129
631 128
696 127
669 125
614 124
658 125
647 125
659 123
644 123
615 122
629 121
620 120
631 122
636 120
646 119
637 118
582 117
602 117
600 117
588 117
613 115
606 117
601 117
605 115
564 114
563 115
580 114
606 114
602 115
565 114
548 114
599 114
609 114
566 114
555 113
568 113
594 218
513 221
514 224
514 229
504 224
516 235
515 234
514 239
514 242
513 246
514 250
513 252
513 257
514 261
512 262
513 265
514 271
514 273
513 278
514 279
514 283
513 286
513 292
513 296
513 299
514 302
513 302
514 307
514 311
513 312
514 318
513 321
513 327
513 332
513 336
513 339
513 342
512 344
513 348
514 351
512 355
514 358
514 362
513 365
510 370
512 377
513 376
513 379
513 383
514 386
513 390
513 393
514 397
515 406
520 407
512 406
513 416
511 648
513 653
513 657
513 660
512 663
513 667
513 671
512 674
513 678
514 680
513 684
513 688
514 692
514 695
513 699
513 702
513 705
513 706
513 710
513 714
513 718
513 721
513 725
512 728
513 730
513 734
514 737
513 740
513 743
514 746
513 749
523 755
513 754
513 762
514 763
513 767
513 769
515 773
514 775
509 777
412 780
392 782
388 786
364 788
339 792
276 791
199 793
186 796
203 800
197 802
242 806
215 809
256 811
219 813
223 817
207 820
231 822
341 889
323 890
373 892
374 892
391 894
378 896
355 896
395 897
369 898
383 900
349 900
387 902
357 902
379 903
354 904
367 905
365 906
385 907
401 909
395 908
384 909
370 910
421 912
443 911
370 912
409 913
402 914
409 914
400 915
389 916
421 916
403 917
441 917
433 919
430 919
422 919
394 920
409 921
424 921
441 921
445 920
420 919
414 919
444 924
443 916
443 924
436 920
439 922
465 923
453 923
434 923
445 922
481 923
457 924
422 923
458 922
500 924
511 865
512 862
514 861
513 858
513 855
514 853
514 851
513 849
514 846
514 843
514 838
512 838
514 835
512 833
514 829
512 825
512 823
515 820
513 816
512 811
514 809
514 806
512 801
514 797
513 794
513 791
513 788
513 786
511 782
513 777
513 774
514 771
513 770
514 766
513 762
513 756
514 752
514 750
513 749
513 746
514 741
513 735
513 734
514 730
513 726
514 722
513 720
513 714
514 712
514 707
513 703
513 698
513 696
513 693
513 689
513 686
513 681
515 520
515 516
514 511
515 506
516 501
516 496
515 492
515 488
513 485
514 481
514 478
514 475
513 472
513 467
514 465
513 462
514 460
513 456
514 453
514 448
513 445
513 442
514 438
513 434
513 431
513 425
513 419
514 415
513 414
514 408
513 404
514 399
514 395
514 391
515 387
514 382
514 378
514 376
513 373
514 369
514 364
515 360
514 358
516 353
517 349
514 346
514 343
514 340
512 336
513 335
513 330
514 327
513 324
514 323
513 317
512 314
513 312
743 188
758 185
742 184
747 181
712 179
750 178
776 176
742 173
756 171
773 168
776 166
786 163
774 161
782 160
743 158
757 156
697 154
696 152
660 151
676 149
671 148
669 146
614 145
675 144
689 144
671 142
646 141
612 141
657 140
604 138
608 135
597 135
675 135
622 135
628 134
626 131
630 132
630 131
611 130
619 129
616 132
612 127
601 127
610 125
605 124
565 125
623 124
621 122
611 122
633 122
612 121
638 121
634 121
647 119
644 119
613 118
623 117
513 138
513 139
512 140
514 141
514 142
514 143
514 145
514 146
514 148
513 148
514 150
514 153
513 154
513 156
513 160
513 160
514 161
514 164
513 166
514 167
513 169
514 172
513 174
514 176
514 176
514 181
514 180
513 186
514 186
513 191
512 194
513 195
514 198
514 202
513 203
514 207
513 210
513 214
514 219
514 221
515 225
513 229
512 230
509 239
510 241
514 242
513 245
512 247
514 252
514 256
513 259
511 261
515 265
513 271
514 275
514 278
513 474
513 476
513 478
514 482
514 484
514 488
514 491
514 491
514 499
514 503
513 507
512 511
513 516
513 520
513 525
513 530
513 534
513 538
513 542
513 546
514 551
512 555
512 558
512 562
512 565
513 568
512 570
513 574
502 577
511 585
512 586
512 589
511 596
512 595
513 599
512 604
513 608
513 611
513 615
514 619
513 623
514 628
514 632
513 637
513 642
513 645
513 650
515 654
515 658
514 661
514 665
512 669
512 669
512 677
514 679
514 684
514 687
513 839
295 841
266 843
285 845
303 847
300 849
281 851
280 854
287 854
269 857
277 860
263 861
280 864
278 866
277 869
282 871
269 873
287 876
293 876
334 878
317 880
327 881
323 883
340 886
316 887
339 889
352 890
372 891
343 892
340 894
373 895
367 896
348 897
348 897
370 899
333 899
354 900
322 902
382 903
360 904
326 905
358 907
366 906
361 907
343 909
371 910
380 910
358 911
389 912
372 912
395 913
417 914
424 914
411 914
402 916
434 915
409 917
445 890
514 888
514 886
512 885
514 883
514 882
513 878
513 877
513 873
513 873
513 872
514 870
514 868
513 866
513 864
513 861
513 858
513 857
513 854
513 853
514 851
514 847
513 845
515 842
513 839
513 836
513 833
512 830
513 827
514 823
513 818
513 817
513 816
513 810
513 805
513 802
513 799
511 797
512 792
513 788
513 784
511 781
512 779
514 776
512 771
512 768
513 765
513 762
510 758
515 755
514 752
513 750
514 746
514 743
513 738
517 734
514 730
513 557
514 557
514 552
513 548
514 546
513 543
513 539
513 535
514 531
513 526
514 522
514 517
512 512
513 508
513 503
513 499
513 495
513 491
513 487
513 484
512 480
514 476
513 472
513 471
514 466
513 463
514 460
514 457
514 453
515 450
515 447
513 443
513 440
513 435
513 431
513 426
514 422
514 418
514 413
513 408
514 405
514 400
514 396
514 392
513 389
514 383
514 380
514 376
514 373
515 369
513 365
514 362
515 358
514 353
515 351
515 347
513 343
758 184
741 182
758 179
759 178
749 175
790 173
755 171
733 170
740 166
771 165
759 162
764 160
708 158
735 157
695 154
682 154
668 151
695 151
668 150
675 148
655 147
669 146
658 144
638 143
672 143
651 141
692 140
667 138
697 138
662 139
679 136
646 135
684 133
663 133
671 132
674 131
667 129
663 129
636 131
660 129
662 127
654 126
617 127
632 125
654 124
643 124
613 122
623 122
626 115
689 121
662 119
662 118
604 118
593 118
601 117
592 117
567 117
514 163
514 164
514 167
513 169
514 170
513 172
514 175
514 176
514 177
513 180
514 183
513 185
513 189
514 190
513 191
514 194
513 197
513 200
514 204
514 206
514 210
514 212
514 216
514 219
514 224
514 226
514 229
515 232
503 235
512 241
513 246
513 248
513 251
513 255
512 257
513 260
514 266
513 269
513 270
514 275
514 278
512 282
513 284
513 288
514 291
514 294
513 298
514 301
514 305
514 309
513 314
514 318
513 321
514 323
513 327
513 331
514 337
513 560
515 565
514 566
512 569
512 574
513 575
513 578
519 580
519 585
510 584
510 594
514 593
513 597
512 602
512 605
514 610
515 615
514 618
514 622
513 626
513 632
513 637
513 641
514 645
514 648
513 652
512 656
513 661
512 664
513 668
512 672
511 676
514 679
514 682
513 686
514 690
513 693
514 697
513 699
513 702
514 705
514 708
514 711
513 715
513 718
513 722
513 727
513 729
513 732
514 735
513 739
513 742
513 745
513 747
506 757
512 752
514 757
260 884
264 889
319 890
264 890
304 891
332 892
343 894
394 895
342 895
401 897
378 897
428 899
389 899
427 900
400 902
424 903
396 903
408 905
402 906
410 907
420 908
420 909
447 909
395 910
413 911
437 911
441 912
454 913
448 913
447 914
437 915
412 915
433 916
418 917
425 917
421 918
409 918
411 919
403 919
425 920
430 921
395 920
400 921
408 921
458 922
471 916
462 921
451 923
430 923
432 922
463 926
468 923
430 925
436 923
469 922
469 924
447 923
512 829
513 826
513 823
514 820
514 818
513 815
514 810
513 807
514 805
513 802
513 796
513 791
513 789
513 787
513 782
513 779
514 775
514 773
513 770
513 766
513 764
513 759
513 755
513 752
513 750
513 748
513 744
513 739
514 735
513 731
514 728
513 727
513 723
513 719
513 713
513 708
512 705
513 701
513 696
515 694
513 691
514 688
515 686
514 683
514 679
513 675
513 671
513 667
514 664
509 661
514 657
513 653
514 649
514 646
514 641
515 637
515 411
514 407
514 404
513 400
513 397
513 392
514 389
515 384
514 380
513 378
514 374
512 370
513 367
514 362
513 358
513 355
515 353
515 348
512 344
514 341
513 339
514 333
515 330
515 327
516 324
514 321
514 319
513 315
513 312
513 308
512 306
513 303
512 300
513 298
514 294
512 289
513 286
514 283
515 279
514 276
513 275
513 270
513 266
514 263
516 260
520 257
605 259
638 255
667 251
666 249
655 245
644 243
673 244
876 242
875 238
851 235
875 231
834 114
573 114
572 114
544 114
556 115
555 115
576 114
601 114
563 114
572 115
547 114
550 114
534 116
529 116
537 117
522 118
517 119
514 121
514 123
513 126
515 127
513 128
513 130
514 132
515 134
514 136
514 136
514 137
513 138
514 138
514 140
510 140
513 141
514 142
514 143
514 144
513 146
513 149
513 149
514 150
514 155
514 155
514 157
514 160
513 159
513 163
514 164
514 166
514 169
514 170
514 173
514 175
514 176
514 180
513 180
513 183
514 187
514 287
514 291
513 292
514 295
513 300
513 302
514 303
514 307
514 312
513 316
513 319
514 321
513 327
514 331
513 334
513 338
514 341
514 345
514 350
514 354
514 357
514 360
513 362
513 365
514 369
514 373
514 376
512 380
514 383
514 387
512 391
513 395
512 399
512 404
512 409
509 411
504 409
515 427
514 427
514 432
513 436
514 441
513 444
514 449
514 453
514 456
513 459
514 462
514 466
512 470
514 472
513 474
513 476
514 479
514 481
513 482
514 488
514 662
514 666
514 668
513 672
513 676
513 679
513 682
514 681
513 689
513 693
513 700
514 699
513 702
513 705
514 707
514 710
514 714
513 717
513 721
513 724
514 728
514 731
513 734
513 737
511 741
513 744
512 747
514 750
507 762
513 758
512 766
513 767
506 765
518 769
513 772
512 776
511 778
434 779
427 782
369 785
362 788
364 792
263 791
180 793
200 796
205 800
191 803
201 806
237 808
235 812
215 815
254 818
259 820
262 823
222 826
246 829
236 831
352 905
410 905
404 907
440 907
441 909
416 908
407 910
372 912
378 910
395 911
409 913
392 913
393 913
377 915
393 915
401 916
380 917
395 918
400 918
396 918
431 919
413 920
413 920
418 920
409 921
420 920
431 921
457 922
463 931
444 919
440 920
448 920
444 922
441 930
451 924
466 921
448 929
448 923
453 922
472 922
475 923
446 923
453 923
485 922
472 923
452 923
476 921
486 922
499 921
478 920
506 919
512 917
512 916
512 914
512 912
513 909
511 907
513 830
513 829
514 825
513 821
513 819
513 815
514 811
516 809
513 806
513 801
515 798
512 794
514 791
514 787
514 784
513 779
513 780
514 776
513 771
513 766
513 762
513 760
514 756
514 754
513 751
514 746
514 743
514 740
513 735
513 735
513 731
513 727
513 722
513 717
514 713
514 710
513 708
513 705
514 701
514 698
513 694
513 689
514 687
513 681
514 677
514 673
514 669
514 666
514 663
513 659
513 657
513 655
513 651
513 647
513 644
514 641
513 636
513 464
514 462
513 459
512 455
514 451
514 448
514 444
514 441
514 436
514 433
515 429
515 425
515 419
514 415
514 412
513 408
514 403
513 398
513 394
514 390
513 386
514 383
513 377
513 375
514 372
514 367
513 363
514 361
515 355
514 351
513 349
515 344
514 340
513 337
514 334
515 331
513 327
514 328
514 324
514 321
512 318
514 314
513 310
515 306
514 303
514 300
513 296
513 294
514 290
513 287
514 283
515 281
513 279
514 274
513 272
514 268
514 264
657 144
664 143
671 142
634 142
633 140
657 139
666 138
639 137
649 136
679 135
683 134
652 132
636 132
665 132
661 130
665 130
611 130
635 128
635 127
642 127
646 125
627 125
632 125
639 124
624 123
631 122
616 121
639 121
621 121
618 120
615 119
610 119
629 119
625 118
605 117
620 120
603 116
573 116
565 115
586 115
598 115
607 116
578 114
591 115
589 116
581 114
597 115
618 114
564 115
562 114
568 114
601 115
581 113
547 115
554 116
560 113
557 115
514 205
515 206
513 209
513 214
514 216
514 219
514 222
514 224
514 229
513 232
513 237
514 239
515 243
514 244
513 249
515 252
514 255
514 258
512 264
514 266
513 269
514 272
514 275
513 279
517 284
514 287
513 291
514 292
513 295
513 300
514 304
514 309
514 312
514 315
514 316
513 320
513 324
514 329
514 333
513 337
513 341
514 345
514 348
514 351
513 355
514 357
514 361
514 363
513 370
513 372
513 375
513 380
513 382
513 386
514 390
514 394
513 607
513 604
514 607
513 611
513 615
512 619
513 623
513 625
513 631
513 634
513 640
513 644
513 646
513 650
513 654
513 658
513 662
512 667
513 670
513 673
514 676
515 681
513 683
513 687
512 692
514 694
513 697
514 701
514 703
513 707
514 709
512 712
513 716
513 720
513 724
514 727
514 730
514 733
513 737
513 740
513 744
512 746
514 750
514 752
517 759
510 762
515 763
513 767
518 768
515 776
515 774
511 778
465 779
406 781
382 784
373 787
364 790
354 893
389 894
383 895
349 897
326 897
336 898
356 899
379 900
390 901
391 903
375 903
367 904
395 906
387 906
412 907
413 908
424 909
386 908
392 910
434 912
426 911
429 913
430 913
438 914
430 914
421 914
413 916
405 915
429 916
433 918
422 919
416 918
406 919
418 919
425 920
418 921
442 921
433 921
431 921
429 920
441 921
453 921
444 919
423 920
450 923
462 925
449 920
456 921
479 921
447 923
449 923
467 924
449 923
460 923
447 923
477 923
466 922
482 826
513 823
513 819
513 816
513 813
514 810
513 807
513 802
513 797
514 794
513 791
514 789
513 787
513 784
513 779
513 774
513 771
513 769
514 766
513 762
513 758
513 755
514 750
513 747
515 744
513 740
513 738
514 734
515 731
514 728
513 721
515 719
513 718
513 714
513 710
514 705
514 701
514 696
513 693
514 689
513 686
514 682
513 679
513 678
514 672
513 668
513 666
513 662
514 660
512 657
511 651
512 649
512 645
513 641
513 636
512 632
515 626
516 417
513 413
513 409
513 404
513 400
514 395
514 391
514 388
513 383
513 380
513 376
513 372
514 365
513 364
514 361
515 357
511 353
513 350
513 347
513 343
513 338
513 337
513 329
