512 615
514 612
514 609
513 603
513 599
513 594
513 591
513 587
513 583
513 580
513 575
514 572
514 568
514 565
515 562
514 560
513 558
514 556
514 552
513 549
513 545
514 542
514 537
513 533
514 530
512 525
514 520
514 516
513 516
513 507
514 503
513 498
515 496
513 491
512 487
513 483
513 481
513 477
513 474
513 471
513 467
513 464
512 460
513 457
514 454
513 450
513 447
513 444
513 438
512 436
514 431
514 428
513 423
513 419
514 415
513 411
513 406
514 497
514 499
514 503
513 509
513 514
513 517
512 522
514 526
514 530
514 534
514 537
514 542
513 545
513 550
513 553
513 557
514 561
513 564
514 567
514 571
514 573
513 578
514 580
513 582
514 586
513 589
513 592
513 596
504 598
515 603
514 609
513 613
513 618
512 623
513 627
513 631
513 638
514 640
513 643
513 651
513 653
513 656
513 661
514 663
514 667
513 672
514 673
513 679
514 682
513 686
514 689
514 692
513 695
514 698
513 702
514 706
513 708
514 361
513 358
513 355
513 351
513 349
517 346
514 340
514 342
513 335
514 332
513 330
513 327
513 324
514 320
514 316
514 313
513 310
515 306
513 303
513 300
513 296
513 293
514 290
514 287
513 284
513 281
514 277
513 275
512 271
515 269
515 266
515 261
519 258
529 257
645 256
652 253
803 255
914 251
914 247
873 243
994 243
1020 241
1001 237
1009 234
1001 231
973 227
957 223
985 226
974 216
908 216
907 213
922 211
940 209
912 205
883 204
883 201
857 157
513 159
513 162
512 162
513 164
513 165
514 167
514 171
514 171
513 175
513 172
513 178
514 180
514 181
514 184
512 186
513 190
514 191
515 194
515 195
514 200
514 202
514 205
513 208
513 211
514 214
513 219
513 221
514 225
514 229
514 234
513 237
495 240
514 242
510 245
513 248
513 253
513 256
514 260
513 263
514 266
514 269
513 273
514 277
514 281
514 283
514 287
513 289
514 292
514 294
514 301
513 305
514 308
513 311
513 314
512 318
513 321
514 542
514 546
514 550
514 552
512 557
515 560
514 563
513 567
512 571
514 573
514 578
513 578
513 582
513 584
513 587
514 592
513 596
514 603
522 607
515 610
513 613
513 617
513 621
513 625
513 629
512 634
514 638
514 643
514 647
514 651
513 655
514 659
514 661
514 666
513 670
513 675
514 677
513 681
513 685
514 689
514 691
514 694
513 698
513 701
514 704
514 708
513 709
514 712
514 717
514 718
514 723
513 727
514 731
513 734
514 736
514 739
514 741
242 885
292 889
206 889
264 890
285 891
304 892
316 893
320 894
290 895
240 896
303 898
273 898
318 899
279 900
279 898
317 904
310 904
310 905
285 905
331 906
323 907
356 908
298 908
330 911
350 911
331 912
321 912
328 912
327 913
307 912
304 916
337 915
299 916
310 917
334 917
329 918
380 918
359 919
374 919
401 920
408 921
402 920
381 921
367 921
400 925
408 922
405 917
407 921
388 926
400 921
398 920
420 925
422 923
434 923
416 922
417 922
422 923
513 830
514 826
513 823
514 820
513 817
513 813
514 808
513 803
513 802
512 800
514 794
513 791
513 789
513 786
513 782
513 778
514 774
513 770
513 768
515 767
513 763
512 756
513 754
513 751
513 748
513 746
513 743
513 738
513 734
513 731
513 727
513 721
513 720
513 716
513 713
513 710
513 706
513 701
514 696
514 692
513 688
514 686
513 682
513 680
513 677
513 674
514 670
513 667
513 664
513 660
513 656
513 651
513 648
513 645
514 639
513 635
513 631
513 445
513 443
514 436
513 436
512 431
514 428
514 423
513 419
513 415
513 411
512 407
513 403
514 399
513 396
513 392
513 387
512 383
513 379
513 375
514 372
514 369
514 365
512 366
514 358
514 354
513 350
513 346
514 342
513 339
513 336
513 334
513 331
513 327
513 324
514 320
513 317
514 313
513 311
510 308
513 305
513 300
514 297
513 294
514 291
513 288
513 285
513 282
513 279
514 275
514 273
513 269
513 266
516 263
519 259
523 257
609 256
661 253
724 133
734 132
724 133
721 131
750 131
749 129
729 129
699 131
727 128
738 126
683 127
680 125
703 124
703 124
694 122
655 122
679 123
613 119
649 120
668 120
670 118
672 121
657 118
658 115
674 121
659 116
659 114
657 121
623 116
627 114
631 112
617 115
616 115
619 115
617 115
625 114
626 115
627 116
630 114
602 113
593 115
595 115
612 114
591 115
587 115
585 115
577 115
576 115
548 116
553 116
545 118
522 119
518 120
519 122
516 124
514 127
515 128
513 265
513 269
514 272
514 279
514 282
514 284
513 286
513 289
514 293
515 298
514 300
513 304
514 306
514 309
513 314
513 316
514 320
514 320
513 328
514 333
514 337
513 339
514 342
513 347
514 351
514 354
513 357
514 361
513 365
514 368
514 371
514 374
514 377
513 381
514 385
513 387
513 392
513 396
513 400
513 403
513 409
513 414
514 422
515 423
514 428
514 434
514 436
513 443
514 448
514 452
513 456
514 458
513 462
514 465
513 466
514 470
514 784
187 785
205 788
192 790
93 793
28 795
14 798
7 802
41 805
29 807
87 809
100 811
104 814
38 818
101 820
100 823
126 826
79 829
104 831
111 833
149 835
153 838
153 840
181 842
201 844
200 847
162 848
162 851
120 853
144 856
119 857
107 860
155 862
172 864
194 867
136 869
167 870
165 874
216 875
169 878
162 889
162 882
221 883
247 890
253 896
269 887
299 890
274 890
233 891
277 893
272 894
275 895
256 896
293 897
292 900
301 899
256 901
299 902
329 921
419 926
376 924
420 919
429 930
378 926
400 920
436 929
437 922
417 923
388 922
418 922
451 926
429 922
402 923
438 922
451 922
442 922
435 922
442 921
465 921
471 920
491 919
506 918
509 916
512 915
513 912
511 911
512 909
513 907
513 905
512 903
513 902
513 902
513 901
512 900
513 899
512 898
513 897
513 896
513 895
512 894
512 893
513 891
513 890
514 889
513 887
513 885
513 882
514 881
513 879
516 878
517 878
513 873
515 871
522 872
511 867
513 730
513 727
513 724
514 717
513 717
514 712
513 709
513 705
512 702
513 697
513 695
513 691
513 688
513 685
513 682
514 678
514 675
512 671
513 667
513 663
514 660
514 656
513 653
513 648
513 645
514 640
513 637
513 632
513 629
513 625
514 619
513 614
514 610
512 606
513 601
513 596
513 592
513 587
513 582
513 581
513 575
513 572
513 569
513 566
513 563
513 560
513 558
513 556
513 552
513 550
513 547
513 543
513 539
512 535
514 531
514 525
513 522
514 566
514 565
512 562
513 559
513 558
513 554
513 551
513 547
514 544
513 540
514 536
513 532
513 528
514 524
513 518
513 514
513 510
512 505
513 501
514 496
513 492
513 487
514 483
513 479
514 478
514 471
515 470
514 464
515 464
514 461
513 457
514 455
514 451
513 447
514 444
513 440
513 436
513 432
513 429
513 424
513 420
515 415
514 407
514 406
513 401
513 398
512 395
513 390
513 385
513 382
513 378
514 375
513 371
515 367
514 364
515 359
513 355
513 154
811 153
812 151
815 150
754 148
730 147
757 146
735 145
779 144
762 143
763 143
742 142
772 140
739 138
728 137
692 136
712 136
752 134
710 133
734 132
686 131
726 131
716 130
719 131
712 129
704 128
715 122
685 126
684 123
671 125
690 124
680 123
661 123
679 122
668 121
655 121
684 121
621 118
637 119
607 119
631 118
666 118
676 117
636 117
643 117
653 116
662 116
644 115
619 114
636 115
631 115
588 115
600 114
632 114
603 115
605 114
610 114
518 250
513 249
514 251
514 252
513 257
514 261
515 263
514 265
513 267
514 273
513 278
514 280
513 283
513 287
514 290
515 293
513 298
515 300
514 304
514 308
513 311
514 315
514 319
514 322
513 326
514 330
514 334
514 336
514 341
513 345
513 349
513 353
512 356
515 358
514 362
514 367
514 368
514 369
514 375
513 378
516 382
514 384
514 389
514 392
514 397
513 402
513 407
514 412
514 417
513 422
513 425
515 435
514 436
514 440
514 445
514 450
515 453
513 662
513 666
514 669
514 672
514 672
513 679
513 684
514 686
514 688
513 691
513 695
513 698
514 702
513 704
514 707
514 710
514 713
513 718
514 720
514 721
513 727
513 731
513 734
514 737
514 740
514 744
513 747
514 750
514 753
514 756
513 758
513 761
512 765
513 775
510 774
513 776
514 778
444 779
398 781
225 780
218 784
205 787
182 790
105 791
32 793
17 793
0 801
0 804
26 807
75 811
105 813
92 816
101 819
85 821
103 824
109 827
114 829
139 832
365 912
330 914
353 915
334 915
315 915
317 916
373 916
386 917
388 917
343 918
349 918
355 918
343 918
338 919
379 919
380 919
339 919
396 920
425 917
443 921
408 921
381 924
386 922
421 924
411 925
409 921
415 921
410 922
420 926
433 923
437 923
414 923
441 923
439 922
442 922
454 922
469 922
456 921
460 921
482 920
502 919
501 918
511 916
511 913
511 914
513 909
511 909
512 907
512 904
513 902
513 904
513 899
513 901
513 901
513 896
513 898
513 899
513 759
513 754
513 755
512 748
514 748
513 744
513 740
513 737
513 733
513 732
513 729
514 725
514 720
500 718
513 710
514 707
513 702
514 700
513 696
513 693
512 691
513 688
513 684
513 681
514 676
514 671
513 668
514 665
512 661
513 658
513 653
514 650
513 647
513 643
513 639
513 637
513 632
513 627
513 622
513 616
513 614
513 609
513 604
512 599
514 595
513 591
513 587
513 583
513 580
513 576
513 573
513 569
513 567
514 563
514 560
514 557
513 553
513 376
513 373
513 369
513 367
512 362
513 359
514 356
514 352
514 348
514 345
514 341
513 339
513 336
514 333
513 330
513 328
514 324
514 321
514 317
513 315
514 311
514 308
513 303
513 301
513 297
514 294
513 291
513 289
514 284
514 282
513 279
513 275
513 274
512 266
514 268
517 263
521 260
523 257
678 256
685 253
853 254
904 250
858 247
812 244
916 244
1019 242
1012 238
993 234
1016 231
1012 228
961 225
937 222
943 219
949 217
929 213
901 212
907 124
708 121
649 120
671 119
664 119
710 118
692 118
681 118
672 115
650 117
652 117
644 116
623 116
615 116
637 116
633 116
642 115
606 117
599 113
617 115
641 114
623 114
614 115
608 114
604 115
609 116
584 114
582 114
593 115
603 115
581 114
569 115
567 114
569 116
543 117
537 114
531 120
514 118
515 123
515 124
515 126
515 130
515 131
514 132
514 134
514 135
514 135
513 137
514 138
515 139
513 139
514 138
514 140
513 141
514 143
514 144
514 146
512 303
514 307
513 310
513 311
514 316
514 320
514 324
514 327
513 330
513 333
514 334
514 339
514 343
513 348
515 351
514 356
514 358
514 361
513 364
514 368
514 372
517 375
514 377
515 382
515 385
514 389
514 392
513 397
514 401
513 405
514 410
514 415
514 419
514 423
514 428
513 435
516 438
514 444
514 444
514 451
514 456
515 453
514 461
513 464
513 464
514 469
513 472
513 472
513 478
513 481
514 483
513 487
509 492
514 491
514 499
514 502
514 507
513 726
514 729
514 732
517 735
513 738
513 741
514 743
514 747
513 750
514 755
513 755
514 758
514 761
514 764
514 768
511 783
512 774
509 781
448 779
415 783
276 780
198 783
170 786
206 789
157 791
16 792
25 796
15 799
13 804
28 806
91 808
121 811
63 815
71 818
94 821
120 824
117 827
61 829
89 831
84 834
143 835
146 838
179 840
177 842
194 845
179 847
180 848
161 851
178 853
185 855
159 858
136 860
117 863
156 865
150 867
152 869
128 870
146 875
166 918
387 921
409 921
413 922
377 923
385 931
408 921
427 920
436 923
425 921
424 921
414 924
421 926
428 922
415 923
434 923
439 922
460 922
453 922
440 922
448 921
485 921
505 920
503 918
510 915
513 915
512 913
512 911
512 908
512 906
513 905
513 903
513 902
513 901
513 900
513 900
513 899
513 898
513 897
514 895
513 895
513 894
513 893
513 891
513 889
513 887
513 886
512 885
512 882
513 881
514 879
513 877
513 875
512 873
514 871
514 869
523 867
513 671
513 667
518 664
513 661
513 658
513 653
513 654
513 650
513 647
514 643
513 636
514 634
513 628
514 623
513 618
514 613
513 609
514 604
514 600
514 595
513 590
513 586
513 582
514 578
514 574
514 571
513 568
513 565
513 563
513 560
513 558
513 555
513 552
514 548
513 545
513 542
512 538
514 534
514 529
514 525
514 520
513 517
512 513
513 508
513 503
513 500
513 495
513 490
514 486
513 484
512 480
513 476
513 473
513 470
514 466
513 464
514 459
796 254
894 251
890 248
867 245
931 244
1023 242
1023 239
1023 235
1023 232
1011 229
985 226
943 224
913 221
909 217
963 215
952 211
928 209
875 207
901 204
876 203
864 200
846 199
865 196
884 193
892 191
878 189
853 189
855 185
838 185
855 182
833 178
873 177
865 173
882 172
880 169
862 167
869 164
853 162
877 159
884 157
898 156
853 153
837 152
840 150
855 149
820 145
775 147
781 147
757 144
745 144
676 142
711 145
719 141
679 139
669 138
719 137
685 133
514 134
514 134
513 136
514 138
514 139
514 139
513 140
514 141
514 142
514 142
514 145
513 145
514 146
514 147
514 150
514 151
514 154
516 155
513 158
514 159
515 161
514 164
514 163
513 168
514 169
513 172
515 173
514 175
514 178
514 180
514 183
514 184
513 189
513 185
513 192
514 195
514 198
514 199
513 203
513 206
513 210
514 214
514 217
515 219
514 224
513 228
514 231
514 236
514 237
513 241
513 244
515 247
514 250
513 253
514 257
514 261
514 366
513 370
514 374
513 376
514 378
514 381
513 383
514 388
514 392
513 396
513 401
513 405
513 409
513 413
513 418
514 422
514 426
514 432
519 436
513 441
515 445
514 449
514 453
514 456
514 460
514 463
513 467
514 468
514 471
513 475
514 478
514 481
514 481
513 488
513 490
512 494
513 496
514 501
513 505
513 510
514 514
513 519
514 523
514 528
513 533
512 538
513 543
513 547
513 551
514 554
513 557
513 561
513 565
513 568
514 570
513 574
513 577
513 740
513 743
513 746
513 749
514 751
513 755
513 759
514 760
513 762
514 766
513 769
512 781
514 779
509 776
417 779
368 787
209 780
204 784
161 788
160 790
62 791
25 795
11 799
6 801
48 806
70 810
59 811
74 813
62 816
93 820
83 823
126 825
126 827
132 830
148 832
163 834
168 836
143 839
164 841
171 843
180 846
163 848
160 850
151 852
136 855
130 857
115 859
108 862
94 864
118 866
93 868
133 871
198 873
247 875
218 877
220 879
220 879
270 882
255 919
378 920
385 920
400 921
376 922
380 921
411 921
431 921
419 921
403 925
393 925
404 923
412 922
442 923
394 920
419 922
429 922
431 922
414 922
444 922
462 923
438 923
442 921
455 921
460 921
457 921
497 920
504 918
506 917
510 915
512 913
512 909
511 909
513 906
511 906
513 904
512 902
513 901
513 901
513 904
513 899
513 898
513 894
512 896
512 896
512 891
513 893
513 892
514 889
513 889
513 887
512 885
513 883
512 881
513 880
514 878
513 875
513 748
513 737
514 738
513 735
513 735
513 732
513 726
514 720
513 716
513 713
511 709
515 708
514 704
513 700
513 697
513 692
513 688
513 685
513 680
513 678
513 674
513 672
513 667
514 665
513 660
513 658
513 654
513 650
513 646
513 642
513 638
513 634
513 629
513 624
513 620
513 614
513 610
514 607
514 602
513 595
513 592
513 587
513 583
513 579
513 578
513 575
514 572
513 568
513 567
513 564
513 562
513 559
513 556
513 552
514 548
513 545
514 541
514 365
514 362
513 358
513 357
514 353
515 348
513 344
514 341
514 339
513 334
513 332
513 329
514 327
513 323
513 319
513 316
513 314
513 310
513 306
513 304
514 299
514 297
514 294
514 290
514 288
513 284
513 281
514 278
514 274
514 270
513 268
515 265
516 263
521 258
605 258
634 254
639 253
846 255
878 251
862 248
835 244
967 244
1023 242
1020 239
1013 237
994 232
1000 228
956 225
966 222
992 219
951 217
942 214
899 212
917 206
915 205
933 203
884 200
681 123
707 121
710 121
685 120
682 117
662 119
656 119
657 116
675 118
685 118
653 117
582 116
611 117
620 117
654 116
640 116
637 115
622 115
632 115
620 115
618 114
602 114
608 114
602 117
611 115
608 114
596 114
594 115
611 115
607 115
596 115
569 116
564 115
574 117
547 115
532 118
518 120
516 122
516 123
517 125
516 126
515 127
514 131
514 132
514 136
514 135
514 136
514 137
514 138
514 141
514 140
513 141
513 141
514 142
514 143
514 144
515 147
514 296
514 302
513 305
513 308
513 311
514 314
513 319
514 323
513 327
513 331
514 333
513 337
514 340
514 342
514 348
513 351
514 356
514 359
513 363
514 368
514 372
513 374
512 379
513 381
514 382
514 385
514 389
513 393
514 396
514 399
514 404
513 405
514 413
514 419
514 423
513 429
514 434
515 440
514 442
514 447
514 451
513 455
513 458
514 462
513 465
513 469
513 472
512 475
513 477
513 480
513 483
512 486
514 489
513 493
514 496
514 500
513 707
514 710
514 712
514 715
514 719
514 723
513 726
514 728
514 729
514 734
514 738
513 742
514 743
513 746
514 750
513 754
513 757
513 759
514 762
514 765
513 767
513 772
511 773
508 778
460 776
384 781
264 779
176 783
156 787
161 791
79 792
41 793
67 797
68 800
34 804
42 806
88 810
89 813
80 812
66 818
87 820
120 823
116 826
119 830
102 831
130 834
121 836
146 838
152 840
193 843
181 846
165 848
123 849
153 852
169 854
138 856
165 858
166 860
173 862
336 914
339 917
386 918
417 918
420 920
386 919
386 920
358 920
370 921
370 920
408 920
416 923
391 921
373 922
420 922
419 924
423 920
410 921
422 921
425 927
429 930
416 921
424 922
435 922
419 922
432 922
465 921
452 922
441 922
470 917
460 921
482 920
496 919
511 917
511 916
512 914
513 911
512 910
512 908
514 906
513 905
512 904
513 902
513 901
513 900
513 899
513 898
513 898
514 897
513 896
513 893
513 893
512 892
513 889
513 890
513 887
512 722
513 716
513 713
511 712
514 713
511 706
513 699
517 694
515 688
513 689
515 684
513 683
513 683
512 679
513 674
517 671
513 668
513 664
513 660
514 657
514 651
513 648
514 644
513 640
513 635
513 631
514 625
513 622
513 616
513 613
514 606
513 603
513 598
513 592
513 588
513 585
513 582
513 578
513 575
513 573
514 570
513 567
513 564
514 561
513 558
513 555
513 551
513 548
513 544
514 540
513 536
513 533
514 528
514 525
514 519
514 515
514 510
513 299
513 295
513 293
514 291
517 287
514 285
513 282
514 278
513 275
514 271
514 269
515 266
513 264
516 260
524 258
658 257
654 255
706 255
923 253
932 248
916 245
934 243
999 242
992 239
1002 235
1014 232
994 229
962 226
978 223
968 220
965 217
929 214
944 211
925 208
907 205
880 205
877 201
869 198
842 197
846 194
857 192
868 189
879 189
842 186
845 183
840 184
893 181
895 178
930 176
887 173
915 172
880 168
909 165
844 164
852 162
836 159
835 157
617 116
612 114
611 114
613 114
610 113
578 113
592 115
592 114
574 116
571 115
576 117
573 116
558 117
528 117
520 120
518 119
516 121
515 125
515 127
515 129
514 132
515 132
515 135
514 135
513 136
514 136
513 137
514 139
514 139
514 140
514 140
515 143
514 143
514 143
514 146
513 147
515 148
513 151
513 153
513 155
513 156
514 158
514 160
513 162
514 165
514 167
512 167
513 168
514 172
514 174
514 176
514 179
513 181
514 184
514 187
513 188
514 191
513 357
513 361
512 364
514 366
514 367
514 372
513 376
514 379
513 383
514 385
513 389
514 392
514 397
513 401
514 404
513 409
513 414
514 420
510 425
514 429
514 434
514 438
515 442
513 448
514 453
514 456
514 460
515 464
513 465
513 469
514 472
514 473
513 474
515 481
513 482
514 483
514 487
513 491
513 495
514 498
513 502
513 507
514 512
514 516
514 521
514 526
514 530
513 533
514 537
514 542
514 545
513 550
514 554
513 557
513 561
513 564
512 567
378 779
192 781
164 784
174 788
212 791
137 792
66 792
47 796
46 799
32 802
86 805
73 809
63 811
75 814
117 817
148 820
92 823
83 824
92 828
135 831
114 834
114 835
140 837
157 840
157 843
130 844
158 846
155 849
152 846
129 853
134 855
142 858
190 860
185 862
179 865
145 871
155 869
181 871
188 873
190 876
169 877
199 880
189 882
193 884
190 877
194 886
214 888
256 890
261 889
299 896
312 895
296 894
327 897
291 896
350 897
295 898
306 900
312 900
512 913
513 906
512 906
514 906
512 904
513 901
512 901
513 899
513 900
513 900
513 898
513 897
513 896
513 895
513 894
513 893
514 892
512 888
514 889
512 888
513 887
512 885
513 882
513 881
513 878
513 876
514 875
513 873
513 875
515 870
513 877
511 862
508 863
513 869
513 856
513 854
510 854
514 853
515 848
514 844
514 843
513 841
514 840
513 837
513 833
514 829
513 826
514 823
513 821
513 817
515 813
514 809
512 805
514 803
513 799
512 796
513 792
513 461
513 459
513 456
513 452
513 449
514 446
513 443
513 439
514 434
514 431
514 426
513 421
514 417
514 413
513 408
514 405
513 400
513 395
513 392
514 388
513 384
513 380
514 377
513 373
513 369
514 365
513 360
514 357
514 353
514 349
513 348
514 343
513 339
513 338
513 333
514 330
514 330
514 325
513 322
513 319
513 315
513 311
513 308
513 305
514 301
514 299
513 296
513 291
515 288
513 285
513 282
513 278
509 277
513 273
513 270
515 266
515 263
892 183
854 182
874 175
888 179
885 175
861 173
852 172
846 169
838 167
836 163
839 163
844 161
820 157
803 156
804 154
815 152
832 152
800 151
807 149
763 147
750 146
759 145
774 143
786 142
763 142
768 140
739 138
772 138
746 138
752 136
729 134
734 135
710 133
740 131
736 132
727 131
739 127
666 132
712 129
749 127
696 126
654 128
662 126
694 125
664 122
673 123
686 123
688 122
718 121
685 121
684 120
696 119
652 119
646 118
635 118
615 117
654 118
513 147
514 147
514 148
514 150
514 152
514 154
513 155
514 157
515 158
514 160
514 163
515 164
513 165
514 166
514 169
514 171
513 173
514 176
514 178
514 180
514 182
513 184
514 188
512 189
514 192
514 195
513 198
514 201
514 203
513 207
515 210
515 213
515 218
514 221
514 223
514 227
515 232
515 236
513 238
514 241
513 245
514 249
514 251
512 247
514 254
514 261
512 266
513 268
513 271
514 272
513 276
513 281
513 286
514 291
514 295
516 297
514 468
514 469
513 473
512 475
513 478
513 480
513 483
514 486
514 490
513 493
513 498
513 502
514 506
514 510
514 515
514 520
514 524
513 529
514 533
515 537
515 545
515 545
514 549
514 555
513 559
512 561
513 565
514 570
512 571
513 575
513 580
514 580
514 585
514 588
514 590
514 594
513 597
514 602
513 606
514 609
514 614
513 618
505 627
515 630
514 633
514 636
513 642
513 645
514 649
513 652
514 656
514 660
513 664
513 668
513 672
513 676
514 678
514 812
97 812
54 817
115 819
99 823
90 825
61 827
104 830
117 832
154 834
136 837
145 839
163 844
168 843
170 846
174 848
185 851
167 852
168 854
169 857
177 859
141 861
138 864
128 866
157 869
140 871
146 873
138 875
128 878
177 879
184 880
186 883
180 885
200 878
230 890
244 885
256 895
273 895
265 889
299 890
323 895
334 896
318 897
314 897
305 899
311 900
322 901
287 902
330 903
334 903
302 906
327 905
310 908
341 906
310 911
312 909
317 913
349 911
512 916
511 914
511 911
512 909
513 906
513 908
513 902
512 903
514 901
513 901
513 900
511 899
513 898
512 895
513 896
512 894
512 896
513 896
513 891
513 890
513 888
513 887
515 885
514 882
513 881
514 880
513 877
513 876
513 873
513 871
513 869
514 865
516 864
517 860
511 867
510 862
513 861
516 856
521 853
515 847
513 847
513 846
513 843
513 840
513 837
513 835
514 830
513 826
512 826
513 823
513 817
513 812
513 811
513 809
513 804
513 801
514 795
514 604
513 599
513 595
513 592
513 587
514 583
513 580
513 577
513 573
513 570
513 566
513 563
513 561
513 558
513 556
513 553
513 549
513 546
514 543
513 539
514 535
513 531
513 527
513 521
514 516
513 513
513 509
514 504
513 499
513 496
515 491
513 488
513 483
513 480
514 476
513 477
513 470
513 465
513 466
513 461
514 458
513 457
514 451
513 447
514 443
515 440
514 435
513 432
513 428
512 424
514 419
514 415
513 410
514 406
513 401
512 398
513 394
955 223
983 221
981 216
961 214
926 211
921 209
899 206
893 204
871 202
867 199
874 197
868 197
848 190
830 193
890 190
876 190
899 185
873 183
864 179
873 179
867 176
847 175
846 170
856 169
848 168
870 165
830 164
832 163
822 159
897 156
853 157
818 153
796 151
814 152
823 149
783 148
759 146
747 146
789 144
739 144
709 142
693 141
705 140
736 138
721 138
742 137
714 136
719 135
728 133
759 133
709 132
697 132
701 130
706 129
691 128
654 126
701 136
514 137
514 137
506 143
515 138
514 140
514 142
514 141
515 142
514 144
514 146
515 146
513 148
514 150
514 152
514 153
514 155
513 158
513 160
514 161
513 164
513 164
515 165
515 168
514 169
514 173
