514 140
513 141
515 141
514 143
515 144
513 145
516 148
513 148
514 150
513 153
514 153
512 156
515 157
513 159
514 161
514 164
513 165
514 166
513 170
514 174
514 173
513 175
513 178
513 180
513 182
513 185
514 188
514 189
514 192
513 195
513 197
514 200
514 202
515 207
514 209
510 212
514 217
514 222
514 223
515 228
514 232
514 236
514 238
515 241
513 243
514 243
514 250
514 253
513 259
514 261
514 263
514 267
514 273
514 274
513 279
513 285
514 285
513 858
514 856
513 853
513 851
513 848
513 847
513 844
514 842
513 839
513 837
513 833
514 832
514 828
513 826
514 822
513 819
514 816
513 812
513 807
514 803
512 800
513 798
513 795
513 791
513 787
513 783
514 781
513 779
512 776
513 769
513 766
513 763
513 761
513 757
513 754
513 749
513 746
513 742
514 739
513 736
513 733
514 729
513 725
513 722
515 719
512 715
513 706
516 709
512 706
518 700
511 696
513 698
514 687
513 684
515 685
513 678
514 676
514 330
514 333
514 337
514 341
514 343
514 345
514 349
513 353
514 356
512 360
513 361
514 365
513 369
513 372
513 374
514 379
514 382
513 386
513 391
513 394
514 395
514 402
514 405
510 410
514 413
514 419
515 424
514 429
518 435
508 438
514 442
514 446
513 452
513 455
512 460
513 462
514 465
513 467
513 471
514 474
513 476
514 479
512 482
513 485
514 488
513 492
512 495
514 499
513 503
513 506
513 512
513 515
514 521
512 526
513 531
514 535
514 539
302 892
275 891
235 884
246 896
255 894
278 894
252 896
278 897
273 898
276 899
287 901
292 901
325 902
252 903
266 904
271 905
312 906
316 907
271 908
321 908
299 909
322 909
324 909
314 910
335 912
335 912
341 914
327 913
362 914
359 916
343 915
368 916
359 916
374 917
383 917
345 919
346 919
354 919
361 918
401 921
368 920
378 921
403 921
400 921
372 922
402 922
413 920
432 926
417 925
421 922
409 923
423 923
417 917
429 923
425 922
436 923
450 922
513 824
514 821
513 816
513 813
513 812
513 809
514 803
513 799
514 798
513 793
513 791
513 789
513 786
513 782
513 778
513 776
514 773
513 769
513 765
514 761
513 758
514 755
513 750
513 748
513 744
514 741
513 738
513 734
512 730
514 727
513 722
514 718
515 713
515 703
513 709
512 709
512 703
513 696
512 689
511 687
513 685
514 681
514 678
514 675
513 670
514 667
513 666
513 663
513 659
513 655
514 653
510 649
513 645
513 644
513 637
513 628
512 414
513 410
513 405
513 401
513 397
513 393
513 390
513 386
513 381
514 378
514 374
513 371
513 368
513 365
514 361
513 357
513 353
513 350
513 347
513 343
513 340
513 336
513 332
513 330
514 326
514 324
514 321
513 317
513 315
513 311
514 306
513 305
514 301
514 297
513 294
513 291
514 288
513 284
513 281
514 279
513 276
513 273
513 268
512 265
514 261
518 258
551 259
668 258
729 255
775 253
768 251
775 247
810 245
818 244
987 242
1023 239
1023 236
1023 130
681 128
686 129
674 127
657 127
664 127
717 126
686 124
674 125
702 124
686 122
707 123
712 121
695 116
691 120
673 120
679 118
698 118
664 118
670 116
680 117
637 116
615 116
620 116
629 116
651 116
622 114
629 115
622 115
635 114
602 114
616 114
597 114
602 114
583 114
590 114
604 114
611 115
579 115
572 114
576 114
569 115
552 115
552 117
545 117
525 118
518 120
512 122
515 124
513 122
514 129
515 131
514 132
514 136
514 135
514 137
514 137
514 256
513 255
515 259
514 265
513 268
513 271
514 275
514 280
513 281
514 288
514 292
514 295
513 297
514 299
514 302
513 305
514 309
513 313
514 319
514 322
514 325
513 329
514 332
513 336
513 341
513 344
514 346
514 349
514 354
513 358
513 361
512 366
513 368
513 372
513 376
513 379
514 382
513 387
513 389
513 393
514 397
513 400
514 404
513 409
513 414
514 418
516 422
514 427
513 432
506 437
514 441
513 446
513 449
514 453
514 456
512 460
514 462
513 688
513 691
514 694
513 697
514 700
514 703
512 706
514 708
514 712
514 715
513 719
513 721
513 726
513 727
513 733
513 735
514 739
514 742
513 745
513 749
513 751
513 752
513 758
513 759
513 764
513 768
513 769
513 773
515 776
480 777
357 779
275 782
281 781
255 789
209 790
168 791
68 793
56 796
16 799
35 802
84 805
109 808
105 811
71 814
84 815
81 819
83 823
80 826
62 828
92 831
87 833
153 836
141 838
176 840
148 843
165 844
135 846
170 848
200 919
387 917
409 920
389 920
391 921
380 921
363 920
403 922
409 923
392 921
388 920
431 918
427 922
415 918
416 933
444 929
419 923
417 923
426 923
458 920
455 924
443 922
446 922
473 921
478 920
498 920
500 919
509 917
511 918
513 913
512 911
513 909
513 908
512 905
512 904
512 903
514 901
512 900
514 899
513 899
513 897
513 896
513 895
513 895
513 894
514 892
513 891
513 890
513 888
513 886
513 885
513 883
513 881
513 880
513 878
512 875
513 873
514 567
514 565
514 565
513 561
512 560
515 556
513 552
514 549
513 546
513 543
515 539
513 534
513 531
513 527
514 521
512 513
513 515
513 510
513 505
514 500
513 494
513 491
513 488
513 484
513 481
514 478
513 474
513 470
514 466
513 464
513 460
514 458
514 454
514 450
514 447
514 443
514 439
514 436
513 432
514 427
513 425
513 419
514 414
514 410
513 405
513 401
513 396
513 388
514 387
513 384
514 380
513 376
513 373
514 369
513 366
514 359
513 358
590 257
700 257
772 254
784 250
803 249
795 246
786 244
822 244
979 242
1000 239
1023 236
989 233
999 230
982 227
978 222
943 221
955 219
961 215
936 213
916 210
877 207
898 204
894 202
894 200
844 197
854 196
887 194
894 192
875 190
878 188
908 185
877 183
853 181
850 178
862 177
866 174
849 172
825 169
845 167
839 166
816 163
843 161
856 159
855 157
811 155
837 153
795 151
805 150
773 149
779 148
752 146
734 146
784 144
778 143
770 142
715 141
773 140
621 111
603 113
596 114
593 114
591 114
577 114
584 114
565 115
584 115
568 116
549 116
549 117
533 118
533 118
518 120
515 122
516 124
515 126
514 128
514 130
514 131
515 133
514 133
514 135
514 136
513 137
513 138
515 140
514 140
513 140
514 142
514 143
514 145
513 145
513 148
513 149
514 149
513 152
515 153
514 156
514 157
514 160
514 161
514 164
514 165
514 163
514 169
515 167
514 173
514 176
514 179
514 181
513 182
513 184
514 188
514 190
514 336
514 342
514 347
514 350
515 353
513 357
514 361
513 364
512 366
514 371
512 373
513 376
514 381
513 384
514 388
513 391
514 395
513 398
514 404
513 408
514 412
514 417
514 422
513 426
514 430
514 435
512 439
513 444
514 448
514 452
514 456
514 460
520 463
514 466
514 468
514 471
514 474
514 477
513 479
514 482
515 487
515 489
515 493
514 497
513 500
513 505
513 509
513 514
513 518
514 523
514 527
513 532
513 536
514 540
514 544
514 549
514 550
514 718
514 721
513 724
513 728
514 730
514 729
513 736
513 739
513 743
514 745
514 748
514 752
513 754
513 758
514 760
513 762
513 767
513 770
513 774
514 776
507 778
439 779
332 780
254 783
244 777
226 789
188 790
80 792
58 793
64 798
25 801
21 802
94 803
107 810
116 811
78 813
88 820
71 822
87 821
103 827
119 829
137 832
123 834
131 837
122 839
131 842
127 843
158 845
154 847
139 850
190 852
219 854
222 856
163 858
157 861
171 863
196 863
133 867
157 917
350 918
339 918
332 919
355 919
331 919
378 920
390 920
391 921
405 921
393 922
417 921
407 921
378 922
391 922
410 926
398 922
414 924
414 923
410 920
433 926
438 923
412 922
427 922
436 922
437 922
441 922
464 922
463 921
466 920
479 920
498 919
512 917
512 914
512 912
513 911
512 908
513 909
513 905
514 904
513 902
513 903
513 901
512 899
513 899
512 899
513 898
512 897
513 895
513 894
513 893
513 892
513 890
513 889
513 888
514 885
513 884
513 724
513 725
511 721
513 716
513 714
509 711
514 708
513 702
519 699
515 691
517 688
512 687
517 686
510 682
513 677
514 674
514 671
513 668
514 666
513 660
513 657
513 654
512 649
514 645
513 643
513 639
514 636
513 633
513 628
513 623
514 617
513 613
512 608
512 604
512 599
512 593
513 588
513 584
512 581
513 579
514 575
513 571
512 568
511 565
513 564
513 561
513 558
513 555
513 552
513 548
513 544
513 542
513 538
512 533
512 529
513 524
513 521
514 319
514 315
514 311
514 308
513 306
513 302
513 299
513 296
514 293
513 289
513 283
513 283
515 281
513 277
513 274
513 272
513 269
512 260
516 261
528 258
650 258
696 256
736 254
755 251
790 249
808 245
791 243
876 244
974 242
1019 237
999 234
973 232
966 228
980 226
968 222
950 219
930 216
962 213
923 210
932 208
896 207
901 202
892 201
876 199
870 196
843 194
851 192
844 187
867 188
837 186
877 184
878 182
893 180
870 177
873 175
879 172
894 169
889 174
878 172
858 170
896 168
881 166
876 164
862 162
849 160
809 158
820 156
858 155
847 153
847 151
784 150
790 148
774 147
735 146
713 145
739 144
721 143
711 142
727 141
707 139
734 138
718 137
752 136
768 135
716 134
701 135
691 133
723 130
695 131
697 130
725 130
729 128
698 128
682 127
679 126
679 125
718 126
673 123
677 124
674 125
663 123
674 122
666 123
658 121
684 119
679 120
652 117
653 117
668 119
692 117
664 115
613 113
618 117
619 116
514 234
514 237
514 241
513 242
514 244
514 249
514 254
514 254
514 254
514 262
514 268
514 270
514 272
513 276
513 280
514 283
513 288
514 290
513 293
513 295
515 299
514 303
513 309
514 313
514 316
514 319
512 322
513 325
514 328
513 332
514 337
514 340
514 345
513 348
514 351
513 356
513 359
513 362
514 365
514 369
516 372
513 376
514 379
513 383
514 385
514 388
514 393
514 397
513 401
512 403
514 408
514 412
514 418
515 423
515 427
515 431
515 435
514 753
514 756
513 756
514 762
514 765
514 768
513 771
513 773
508 777
506 779
418 779
322 782
261 784
210 786
212 788
167 792
65 792
35 796
25 799
74 802
75 805
104 808
91 812
69 814
78 817
67 820
61 823
68 825
103 828
142 830
153 835
148 836
152 837
180 840
141 842
165 844
162 847
178 848
160 851
160 853
162 855
154 857
161 859
163 861
133 864
154 866
185 869
203 871
176 873
130 875
163 877
179 879
190 881
156 883
194 884
243 887
262 887
241 889
451 923
457 922
452 922
473 921
461 921
493 919
500 918
510 917
512 914
513 912
513 910
512 908
508 907
512 905
512 904
513 903
513 902
512 901
513 899
513 896
512 898
513 898
513 896
513 895
513 894
513 893
512 892
512 890
513 888
513 887
514 885
513 882
513 881
513 880
513 877
513 875
513 874
513 871
513 869
513 867
513 864
509 861
513 858
516 857
513 856
508 854
513 848
513 849
513 847
513 844
513 842
514 839
513 836
513 833
513 833
512 828
513 822
513 605
513 598
515 595
514 592
513 588
513 586
513 582
513 579
515 575
513 572
514 570
514 566
513 564
511 560
513 560
513 556
513 554
513 550
513 547
512 544
514 539
513 535
512 531
513 527
513 523
513 518
517 513
517 510
512 507
513 500
513 495
514 491
513 486
515 483
513 480
515 474
514 472
513 468
514 465
513 462
513 459
513 457
513 453
513 450
513 447
513 444
513 442
514 435
514 431
514 427
514 423
514 418
513 414
514 410
513 405
512 399
511 397
963 227
925 226
939 223
973 220
931 217
941 214
912 212
929 210
898 207
906 206
858 203
873 201
857 198
847 196
873 193
893 192
895 190
850 188
847 186
860 183
866 181
850 179
849 175
866 174
870 172
858 170
866 168
865 165
901 163
871 160
863 159
864 158
846 155
837 154
840 152
853 150
795 149
764 148
742 147
770 145
716 144
717 143
737 143
711 139
734 140
695 140
721 135
693 137
724 136
703 132
678 133
676 133
649 132
664 131
661 131
648 130
650 139
514 141
514 142
513 143
514 144
512 145
513 147
514 149
514 149
514 152
513 154
514 154
512 156
514 157
514 159
514 161
514 163
514 165
513 166
513 169
514 171
514 174
513 176
514 178
514 181
514 180
514 190
514 188
513 191
514 193
514 196
515 198
514 201
513 202
515 207
514 211
513 213
513 218
514 221
514 224
513 229
513 233
513 235
514 237
513 240
515 243
514 248
514 251
514 251
513 256
514 258
514 264
514 264
514 271
513 274
514 280
514 284
514 518
516 522
513 526
513 530
514 533
513 537
515 542
513 546
513 551
513 555
513 557
511 561
514 563
512 567
514 570
513 574
513 576
514 580
514 583
514 586
513 590
513 594
513 598
513 601
513 605
514 610
514 614
513 618
513 623
514 627
512 632
511 638
513 639
513 644
514 645
514 652
514 656
514 661
514 664
513 668
514 672
514 673
513 678
513 683
513 685
514 689
513 692
513 696
514 700
514 702
515 703
514 708
514 712
513 715
514 718
513 722
513 725
513 884
255 886
266 887
289 888
284 890
263 891
313 892
253 898
296 897
264 893
296 896
273 897
299 899
309 900
300 901
328 902
305 902
326 904
305 905
315 906
331 908
347 907
333 908
327 908
371 909
326 910
374 911
333 914
365 912
390 914
339 913
343 914
349 915
325 915
326 915
299 917
313 917
338 918
351 918
377 918
374 919
404 920
387 919
396 921
377 922
370 921
362 921
397 921
389 922
403 922
408 922
428 921
415 923
432 924
425 925
396 926
431 924
441 887
513 887
513 884
513 883
513 881
513 878
513 877
514 875
513 874
513 872
513 870
513 868
513 866
514 864
513 863
512 856
511 859
514 856
514 856
514 853
512 848
513 844
513 842
512 840
513 837
513 834
513 831
513 830
512 825
513 821
513 817
513 814
513 812
512 808
513 804
513 800
513 795
514 792
513 790
513 787
513 784
514 780
513 776
513 773
514 770
513 768
513 764
513 759
513 755
514 751
514 749
513 746
513 739
514 740
513 736
513 732
513 728
513 556
513 554
513 550
513 546
513 544
512 540
513 536
513 532
511 527
514 522
513 520
514 514
515 508
514 505
515 500
513 495
513 493
512 488
512 484
511 481
514 477
514 474
513 471
514 468
512 464
513 463
515 457
514 455
513 451
513 448
513 445
513 440
513 436
513 432
513 428
514 424
513 419
513 416
513 411
513 407
513 403
513 398
513 393
513 389
513 385
513 381
513 378
514 375
513 370
513 367
514 362
514 359
511 355
513 351
514 348
514 344
513 341
892 206
881 205
849 202
833 200
856 199
887 196
889 194
885 193
888 190
892 190
897 186
871 184
839 181
876 179
865 177
879 175
842 172
870 170
876 167
873 166
844 164
838 161
851 160
855 158
842 156
808 154
795 152
744 151
782 150
785 148
802 147
758 146
767 145
750 143
746 142
736 141
712 140
741 139
711 137
746 137
720 136
723 135
731 134
729 133
714 132
705 129
737 131
689 129
685 128
643 130
677 127
683 126
663 128
661 127
680 123
694 125
664 124
514 135
514 137
515 138
514 138
513 139
514 139
513 141
514 142
514 143
514 145
514 145
514 146
509 149
513 149
514 151
514 154
514 155
513 157
514 159
514 161
515 163
513 165
514 165
514 170
513 171
512 173
514 175
514 177
515 179
514 182
513 183
514 187
513 190
514 192
513 195
514 197
514 199
514 202
514 206
514 208
513 212
514 216
514 219
513 223
514 226
514 230
513 235
515 240
513 241
512 243
514 247
513 250
514 255
514 257
514 260
514 260
513 266
513 436
513 438
514 441
514 450
514 448
512 443
514 457
513 460
513 464
514 466
513 467
513 471
513 473
513 476
513 478
514 481
514 485
514 487
514 492
513 496
513 500
513 503
513 507
515 513
514 517
513 522
514 527
514 531
513 535
514 540
513 544
513 548
512 553
512 556
513 560
513 564
512 566
514 570
513 573
513 576
513 579
513 583
513 584
513 589
515 592
512 596
513 600
513 604
514 608
512 613
514 616
513 620
514 626
514 627
513 635
516 639
504 643
47 820
51 823
121 825
117 829
122 830
151 832
186 835
119 836
120 838
117 840
177 842
180 845
217 847
157 849
202 852
153 853
170 856
126 858
133 860
149 862
159 866
149 867
154 869
137 871
137 873
156 876
146 878
203 879
183 881
219 883
222 885
250 885
271 889
275 889
291 892
287 892
336 892
314 894
320 893
294 896
345 898
265 898
256 900
282 901
301 901
289 904
284 904
324 905
311 905
323 906
272 907
300 908
325 908
324 909
324 910
358 909
349 911
514 896
513 895
513 894
513 894
513 893
513 891
514 889
513 887
513 888
514 884
514 882
514 879
512 878
514 877
513 873
512 872
514 871
514 869
514 867
513 864
514 861
520 863
511 855
513 854
513 851
514 855
514 844
512 845
513 842
514 839
513 838
513 835
513 832
513 828
513 826
513 823
513 818
513 815
514 812
513 808
513 806
513 802
513 799
513 794
514 788
513 787
513 784
513 781
513 780
513 775
513 768
513 767
513 764
513 761
513 757
512 754
513 751
511 550
514 545
514 542
514 538
513 534
513 531
514 529
514 524
513 519
513 514
513 509
514 502
514 501
514 496
514 493
514 490
513 486
513 482
513 479
513 475
513 471
513 468
513 466
513 463
509 459
513 455
514 452
514 447
514 445
514 441
514 437
514 434
514 429
514 424
513 420
513 415
513 412
513 409
513 404
513 399
513 395
514 391
514 387
515 383
513 379
514 375
513 372
513 368
513 364
513 360
513 355
513 353
514 349
513 346
513 346
513 339
513 196
840 195
835 192
854 191
835 189
872 186
903 184
916 182
901 180
898 178
895 176
863 173
837 171
856 169
832 167
864 164
831 163
816 160
813 159
804 157
821 155
793 153
798 151
747 151
772 149
724 147
797 145
740 145
779 143
767 144
752 143
741 141
753 139
745 138
744 137
744 137
737 134
759 134
716 134
727 132
747 131
728 132
736 130
721 129
736 128
688 128
689 127
700 127
685 126
703 125
689 125
723 124
701 123
689 123
690 122
654 120
689 120
663 156
514 158
514 160
513 163
515 164
514 165
514 167
513 170
512 173
514 174
513 176
515 179
515 181
514 183
513 186
513 188
513 191
514 194
512 196
513 199
513 203
514 205
514 207
514 211
513 215
513 218
514 222
514 225
514 230
511 233
512 236
514 240
514 242
514 245
515 249
514 252
513 254
513 259
513 262
512 264
514 269
514 273
514 275
510 279
513 283
513 287
514 290
514 294
514 297
514 300
514 303
514 306
514 310
513 315
514 319
513 323
514 326
513 553
514 558
514 559
513 561
513 565
514 568
513 572
514 575
513 578
514 582
513 585
515 586
515 591
514 595
513 598
513 603
513 609
513 612
513 615
513 621
513 626
513 630
514 633
513 640
511 641
490 647
513 650
514 654
513 658
513 663
513 666
512 670
513 674
513 677
514 680
513 683
514 687
513 691
513 694
513 697
513 700
514 704
514 707
514 709
514 713
513 714
513 720
513 723
514 727
514 730
513 733
514 737
514 740
513 743
514 747
513 749
513 752
514 890
278 891
320 893
310 893
289 893
299 897
305 892
299 895
323 908
310 899
263 901
316 901
304 902
332 905
293 903
331 905
323 906
370 906
341 907
349 908
361 909
338 910
375 910
372 911
388 911
332 912
340 912
346 913
316 914
339 915
299 915
319 916
334 917
330 917
333 918
345 917
359 918
378 919
371 920
387 919
384 920
384 921
414 921
407 922
370 922
389 922
424 922
407 922
389 922
415 922
432 923
426 923
422 925
425 931
445 924
452 925
414 925
513 838
513 836
513 831
513 829
513 825
511 822
513 818
513 817
513 813
513 810
513 806
512 803
513 801
511 797
513 792
513 786
513 784
514 783
513 780
513 776
513 771
514 766
513 764
514 762
513 759
515 755
513 752
513 747
513 745
513 742
513 739
513 734
513 731
513 728
513 724
513 719
513 716
513 712
513 707
513 704
513 700
512 698
512 691
517 687
511 685
513 681
513 681
518 673
512 673
516 670
513 666
513 663
513 659
515 653
514 651
514 648
513 643
514 414
514 409
513 406
513 402
514 398
513 393
513 388
513 387
513 382
513 378
513 374
513 372
513 368
514 365
514 361
513 358
515 355
514 349
514 348
513 344
513 340
513 337
514 334
513 331
513 328
513 324
514 321
513 318
512 314
513 311
513 308
513 302
513 302
513 298
513 294
512 292
514 289
514 286
514 282
513 278
513 276
513 272
513 269
513 266
514 263
515 260
519 258
633 258
753 256
754 253
749 249
786 248
802 245
809 243
945 243
1023 240
1023 236
635 126
630 125
626 123
687 124
713 124
692 121
695 121
699 120
714 121
691 119
690 119
690 118
658 116
629 117
637 117
633 116
637 115
655 116
655 116
649 115
633 114
629 115
632 115
644 116
609 114
605 115
615 115
615 115
578 114
594 114
607 113
612 115
576 116
576 116
574 114
588 116
548 116
539 117
543 117
529 118
515 120
516 121
515 124
515 125
515 129
514 125
514 132
514 133
514 134
514 135
514 137
513 137
514 139
513 139
514 139
515 141
514 408
514 413
512 417
511 422
513 429
514 431
513 433
514 437
513 441
514 446
514 450
513 454
513 456
511 461
513 465
513 467
513 471
512 473
514 474
514 478
512 481
514 484
513 487
514 490
514 493
513 497
513 501
514 506
514 511
515 515
513 520
514 524
513 529
512 534
512 537
515 542
513 546
514 550
514 554
514 557
515 561
514 564
513 568
514 573
513 572
514 577
513 580
513 584
514 587
513 590
514 594
513 598
513 602
513 606
514 610
512 614
513 618
513 735
514 740
515 741
513 744
513 748
514 750
513 752
514 755
512 758
513 762
514 764
513 768
513 770
515 772
514 776
503 778
418 779
314 782
264 783
268 787
241 789
268 792
114 793
36 794
0 770
4 801
60 808
82 808
100 811
96 813
83 816
86 819
79 820
99 824
115 829
157 830
136 832
114 836
99 836
136 838
146 842
164 843
162 845
164 849
161 850
144 852
170 852
175 856
202 859
171 861
173 863
178 865
147 868
137 870
167 872
213 874
188 876
195 878
198 881
400 921
400 921
348 921
391 922
409 922
419 922
392 922
419 922
419 923
397 922
406 924
438 923
420 923
426 921
416 923
449 921
446 924
450 923
434 920
440 922
453 922
473 921
476 921
481 919
506 918
509 917
510 915
513 913
512 912
513 910
513 907
513 905
513 904
513 904
513 901
513 900
513 900
512 899
513 898
513 897
513 891
514 895
513 895
513 893
513 892
513 890
513 889
513 887
513 886
513 883
513 881
513 880
513 878
513 877
513 874
513 872
514 869
513 725
513 723
513 719
513 716
513 711
513 707
513 704
514 702
513 695
510 689
512 692
514 686
513 689
514 679
510 675
513 670
512 672
513 668
513 664
513 662
513 657
513 652
513 649
513 644
516 644
513 638
513 633
514 629
513 625
515 619
513 615
513 610
514 606
514 602
512 596
513 591
514 589
513 585
513 581
513 579
513 577
513 572
513 569
512 566
512 563
512 561
512 557
512 554
512 551
513 547
512 544
513 543
514 537
513 532
513 529
514 523
514 345
513 342
513 339
513 336
514 332
514 330
513 328
513 325
514 321
514 320
513 315
513 315
513 307
513 306
513 304
514 299
514 296
514 293
513 289
513 286
513 283
513 280
514 276
514 273
513 270
513 267
514 264
515 261
521 258
573 258
712 256
769 252
777 250
778 248
780 245
804 243
907 243
997 242
1023 238
1005 234
990 231
946 228
925 225
953 222
943 218
952 217
923 215
956 210
922 208
929 205
903 203
889 201
897 199
885 197
876 194
844 192
855 190
859 125
671 123
673 123
673 121
665 121
706 120
711 119
709 121
680 118
649 118
691 118
675 118
634 117
612 116
628 117
644 115
656 116
649 115
637 114
637 111
618 115
607 115
639 112
627 116
590 113
595 112
616 113
602 113
586 112
580 112
606 114
596 114
567 115
554 117
574 116
551 116
527 117
528 118
522 119
518 121
515 123
515 126
514 129
514 130
514 133
514 133
514 135
514 135
514 136
514 139
513 138
514 139
514 141
514 140
515 141
514 142
513 144
513 302
514 305
513 307
513 311
513 311
514 317
514 321
514 325
512 328
513 332
513 334
513 338
513 343
514 346
513 350
514 352
514 358
513 360
512 365
514 366
513 369
513 373
514 377
514 381
514 386
514 387
514 390
514 394
514 397
514 401
514 406
513 410
514 416
515 421
514 424
513 429
512 433
515 439
515 443
516 448
514 451
515 455
517 459
512 462
514 465
513 468
514 471
511 473
510 476
513 479
512 483
512 486
512 490
512 494
513 497
512 501
512 506
514 719
514 724
513 728
513 731
513 734
513 738
514 740
513 743
513 748
514 750
514 754
513 757
514 759
513 764
513 766
514 770
513 772
513 774
510 776
436 777
356 780
289 783
261 785
238 789
202 790
84 792
43 794
63 797
47 802
54 808
80 807
89 810
93 812
77 816
67 819
74 821
73 824
100 827
110 829
145 832
144 833
150 836
141 838
170 841
202 842
199 845
163 847
141 849
168 852
160 854
137 856
137 858
150 860
157 863
150 865
161 868
193 870
202 871
192 922
420 922
400 922
409 923
413 922
408 922
411 923
435 923
433 924
414 923
438 922
414 922
423 921
456 922
444 923
432 921
457 922
458 922
481 921
484 920
499 919
506 917
513 916
511 914
512 912
512 909
511 908
512 906
513 905
512 903
512 902
513 901
513 901
513 900
512 899
513 897
513 897
513 895
512 895
513 894
513 892
513 892
513 889
513 888
513 886
513 884
513 882
513 880
512 878
513 876
514 875
513 872
513 870
513 868
514 866
513 865
513 860
514 696
514 699
516 691
514 683
515 683
523 682
514 676
515 674
516 670
506 664
511 668
513 662
513 660
513 656
513 652
513 648
512 644
512 640
513 636
513 631
513 627
513 622
513 615
514 612
514 607
513 602
514 596
514 592
514 589
515 586
515 581
515 577
514 573
514 570
515 568
514 565
513 563
514 560
513 560
514 555
515 551
514 543
513 544
513 541
514 537
514 533
514 529
513 525
513 520
514 515
513 511
513 506
514 502
509 496
511 488
513 488
515 485
509 277
514 274
513 271
513 269
513 263
515 262
517 258
528 257
650 257
724 255
764 253
790 249
817 246
809 243
917 244
1011 241
1007 237
1015 234
1004 232
961 228
917 225
927 222
959 219
961 218
947 214
920 211
925 209
906 206
904 205
898 201
898 199
876 197
880 195
881 193
849 191
843 188
851 187
851 184
837 182
835 181
857 178
879 175
852 173
834 169
878 169
906 166
904 164
864 163
867 159
855 159
845 157
834 154
830 153
821 150
821 150
792 149
751 116
563 115
536 117
524 118
519 120
516 122
517 122
515 125
515 128
515 130
514 131
514 133
514 135
514 137
514 137
514 137
514 138
513 139
509 140
514 141
514 142
513 142
515 143
515 146
514 146
514 148
514 150
514 150
514 153
514 155
514 154
512 162
514 162
514 161
514 168
512 166
514 166
514 169
514 174
514 176
513 176
514 179
514 181
516 183
513 187
514 189
514 191
514 193
513 196
514 199
514 203
513 205
514 209
513 212
513 215
513 217
514 222
513 437
513 441
513 447
513 449
513 452
514 455
514 458
519 462
514 465
513 467
513 471
513 472
513 479
517 479
514 483
513 484
513 487
514 492
513 495
514 499
514 503
513 507
512 512
513 516
513 521
513 525
512 531
513 535
512 541
511 545
512 548
