514 468
514 470
514 473
514 476
514 477
514 480
514 481
513 485
514 487
514 492
513 495
514 499
515 502
514 508
513 512
513 517
514 521
514 526
514 531
514 534
514 540
514 546
513 546
513 552
514 554
514 559
514 562
514 565
514 569
514 572
513 576
513 577
513 580
513 585
514 588
514 592
514 596
513 600
513 603
514 606
514 610
515 615
513 620
514 625
513 629
514 632
514 638
514 642
513 644
514 650
513 654
513 657
513 661
514 664
513 669
514 671
514 676
513 477
513 474
513 470
513 466
512 462
513 460
513 457
512 453
514 450
513 446
512 443
513 439
513 435
513 431
511 426
513 422
513 418
513 413
513 408
513 406
513 402
514 397
513 397
513 388
513 384
513 381
513 377
513 374
513 370
512 366
514 362
514 357
513 354
512 351
514 347
513 344
513 340
513 338
514 335
514 331
515 327
507 325
516 322
513 319
513 315
513 312
513 308
513 304
513 301
513 298
512 293
513 291
513 288
513 285
512 283
514 279
513 278
514 740
514 745
514 746
513 751
513 751
514 756
513 759
514 762
514 764
513 768
512 769
511 774
511 777
493 776
405 779
331 780
141 781
70 783
56 786
73 790
0 788
0 793
0 796
0 799
0 804
0 806
0 808
0 812
0 815
0 819
0 821
0 823
0 826
0 829
5 831
46 833
23 836
14 837
11 840
7 842
38 845
37 847
38 849
66 851
71 853
66 856
25 857
17 860
44 860
48 863
12 867
8 867
19 870
56 873
48 876
62 877
62 879
81 881
110 883
115 884
170 885
195 888
202 889
183 822
513 819
513 817
513 813
513 810
513 806
513 801
513 796
513 797
514 793
512 790
514 786
513 782
513 780
513 779
513 775
513 771
514 766
513 762
513 759
513 756
513 752
512 750
513 745
513 741
513 737
513 734
513 731
512 728
513 727
513 722
513 718
513 714
514 709
512 705
500 702
519 697
514 695
513 694
519 689
511 681
513 681
513 678
513 675
513 670
514 666
513 661
511 658
513 655
513 652
513 649
513 646
514 642
512 638
513 634
513 631
513 626
512 387
512 384
514 382
512 377
513 373
513 369
513 367
513 363
514 360
513 356
513 352
513 348
513 345
513 343
513 338
513 335
513 333
513 329
512 328
510 331
516 319
515 316
513 313
513 309
513 306
513 302
513 299
512 296
513 293
513 287
513 286
513 284
513 281
512 277
513 275
513 272
512 268
513 266
517 261
527 259
619 258
691 256
744 255
889 254
971 253
1016 249
970 246
975 245
1023 243
1023 240
1023 236
1023 232
1023 230
1023 227
1023 224
1023 221
721 125
745 124
756 123
750 122
704 122
718 121
707 122
721 121
735 120
730 119
691 118
730 118
737 119
723 118
713 117
660 117
657 117
664 116
662 117
676 114
684 116
673 115
639 115
650 116
671 115
652 115
624 115
617 116
636 116
612 115
611 116
577 115
608 113
615 115
591 117
545 115
552 118
544 119
523 120
514 122
514 123
516 125
515 128
515 129
515 132
515 133
514 134
515 135
516 136
515 137
514 138
515 140
515 142
514 142
513 142
515 144
515 144
515 304
514 307
514 309
514 312
515 316
514 321
514 321
514 327
514 330
514 331
514 336
513 342
514 347
514 349
513 353
512 357
514 361
514 364
514 367
513 369
513 373
513 376
513 379
514 383
513 387
514 390
514 394
514 399
514 403
513 407
513 413
512 418
515 422
512 427
513 431
513 435
513 440
514 442
514 449
513 453
514 455
515 458
513 463
514 469
513 468
514 471
513 473
513 476
513 478
514 481
514 485
514 489
515 491
513 496
513 500
513 504
514 508
514 707
514 713
514 711
514 715
513 718
514 722
514 726
514 728
514 731
514 734
514 739
513 741
513 745
517 747
514 748
514 753
513 755
514 757
514 763
514 765
514 768
514 772
510 776
508 778
445 779
352 780
207 779
90 782
84 784
89 788
10 790
0 792
0 795
0 798
0 802
0 805
0 808
0 810
0 813
0 816
0 819
0 822
0 824
0 828
0 830
0 832
23 835
41 838
21 839
0 842
6 844
47 846
71 848
38 851
47 852
71 855
72 857
65 859
35 860
71 863
57 865
78 868
22 922
375 922
369 922
386 921
378 921
359 922
399 919
373 921
392 918
394 920
408 923
395 923
417 921
413 922
438 921
456 921
454 922
457 920
493 918
504 917
509 916
509 914
511 911
512 909
512 907
512 905
513 905
513 904
513 902
513 901
513 899
513 898
513 898
513 898
513 897
513 896
512 895
513 892
513 891
513 891
513 888
513 887
513 886
513 884
513 881
513 880
513 878
513 876
513 875
514 872
513 871
513 866
513 867
513 862
512 862
513 860
513 860
513 649
513 645
514 642
512 639
514 635
514 631
515 628
513 619
512 618
513 613
515 610
514 604
513 599
513 595
513 591
513 586
513 584
513 580
513 576
513 574
513 571
513 567
513 563
513 561
513 558
513 554
513 551
513 548
513 544
513 543
513 536
513 533
513 528
513 524
513 521
514 515
513 510
513 505
506 498
513 495
517 493
513 487
513 487
517 477
513 476
513 475
513 471
512 467
513 467
513 462
513 459
513 455
513 451
513 448
514 445
513 443
513 437
513 167
979 166
996 165
951 162
970 160
967 158
947 157
885 153
874 149
863 152
851 151
895 150
824 148
854 147
807 146
839 145
811 144
835 143
826 141
815 141
834 140
823 139
829 137
810 136
829 136
793 134
795 133
807 134
791 132
777 131
751 131
777 130
753 128
783 128
751 128
729 127
761 126
720 125
735 124
737 123
746 125
739 123
723 123
737 122
747 121
732 120
752 120
723 119
719 118
716 119
680 118
672 117
672 117
705 116
724 116
685 116
648 116
643 143
514 144
513 142
513 145
513 146
514 147
515 149
514 152
515 154
515 154
515 156
515 158
514 160
514 162
515 165
514 166
512 163
513 171
514 174
514 174
514 178
514 179
513 181
516 185
513 186
514 189
513 193
514 193
514 196
514 199
515 203
513 205
514 208
514 210
513 215
514 218
512 220
513 224
514 229
514 232
514 237
514 239
514 244
514 248
514 251
514 254
514 254
516 259
515 262
512 268
514 271
514 273
513 275
514 278
514 283
514 287
513 291
514 465
514 467
511 469
514 472
514 474
514 475
514 478
514 481
513 485
514 490
512 491
513 495
514 498
514 503
513 508
514 511
513 517
514 521
513 525
514 530
514 533
513 538
513 542
515 546
514 550
514 554
514 559
514 562
514 564
513 569
514 572
515 575
514 579
513 581
513 586
514 588
514 590
514 594
513 599
514 603
514 608
512 611
513 615
514 620
513 625
514 628
513 632
513 637
513 642
514 646
515 650
513 654
514 657
514 660
514 665
513 669
513 672
0 814
0 817
0 821
0 822
0 824
0 826
0 829
0 832
0 834
12 838
37 839
3 840
22 843
31 843
76 847
82 850
81 852
97 855
40 856
44 859
47 860
51 864
28 865
36 867
42 870
61 871
45 874
56 876
88 878
102 880
110 882
104 883
154 885
107 886
116 888
124 888
147 891
160 892
189 892
149 894
183 895
178 897
182 897
185 898
212 912
242 900
227 901
232 903
214 903
235 904
286 905
260 906
275 907
275 908
288 907
265 910
262 909
265 910
268 910
300 912
264 910
308 909
512 906
512 904
513 904
512 903
512 902
514 901
512 903
512 898
512 897
513 897
513 897
512 896
512 895
513 894
513 892
513 891
513 890
513 887
512 886
513 883
513 883
513 880
514 878
513 876
513 875
513 873
513 871
513 868
513 867
513 865
513 862
513 860
514 858
505 857
508 850
511 853
510 849
518 844
513 844
513 841
514 839
513 836
515 834
513 829
513 826
514 824
513 821
513 818
513 814
513 810
513 806
513 803
513 800
513 796
513 792
513 787
512 615
513 610
513 605
513 601
513 596
513 592
513 589
514 585
512 582
513 579
513 577
513 574
512 571
513 567
514 565
513 562
513 557
513 556
514 552
513 549
513 547
513 542
513 539
514 535
513 531
513 527
512 521
513 517
514 516
511 504
515 502
514 499
512 498
511 490
515 484
517 475
514 481
513 475
513 471
513 468
513 465
513 462
513 460
513 456
513 455
513 451
513 446
513 443
512 440
513 434
514 430
513 426
513 421
513 417
516 413
514 408
513 404
1023 224
1023 221
1023 218
1023 217
1023 213
1023 211
1023 208
1023 206
1023 203
1023 201
1000 199
972 197
991 194
985 192
984 190
968 188
963 186
978 184
949 182
984 178
964 177
986 175
1020 174
1023 172
1017 169
1003 166
931 165
958 162
945 160
922 160
916 156
898 154
900 153
861 152
877 149
849 150
846 148
841 146
858 145
840 144
827 142
808 141
843 141
846 139
809 138
770 137
789 137
807 136
772 134
783 133
783 133
787 132
790 131
720 132
748 130
756 140
515 141
515 141
514 144
514 146
516 145
515 146
515 148
513 150
514 150
514 153
514 155
512 157
514 158
513 161
514 162
513 163
515 166
515 167
514 169
515 172
515 172
515 175
515 178
514 179
515 181
513 186
514 186
513 191
515 193
514 195
514 198
515 201
502 205
514 207
514 210
515 213
514 217
513 222
514 226
514 230
514 233
515 235
514 238
514 242
514 246
513 249
513 252
514 253
514 257
514 263
513 264
513 268
521 271
514 276
514 279
514 282
514 484
514 485
513 490
515 492
513 495
514 499
513 502
513 507
513 510
514 517
512 521
513 525
513 531
515 533
514 538
514 543
514 547
514 551
514 553
514 557
513 563
514 563
513 569
514 572
514 573
513 577
513 579
513 583
513 587
514 590
514 595
514 598
514 602
514 606
514 610
513 614
514 620
514 625
514 628
513 632
513 636
513 638
511 644
513 650
514 653
513 657
514 660
514 665
514 669
514 671
514 675
514 680
514 683
514 685
513 689
513 693
513 695
514 663
509 666
514 670
514 673
514 675
513 680
514 684
514 686
514 689
514 693
514 696
513 699
514 702
513 704
513 707
514 710
514 714
513 718
513 720
514 725
514 729
514 731
514 734
514 737
514 741
513 744
513 747
514 749
514 753
513 755
513 760
514 763
513 765
514 771
512 771
511 775
506 778
433 779
321 782
135 780
76 784
60 787
68 790
42 790
0 793
0 799
0 799
0 802
0 805
0 808
0 811
0 815
0 816
0 820
0 820
0 826
0 828
18 832
20 833
15 836
0 838
457 920
475 920
486 919
500 918
513 916
512 914
511 912
513 911
513 908
513 907
511 905
512 903
513 903
512 903
513 901
513 900
512 898
514 897
513 897
513 896
513 896
513 894
513 893
514 891
511 890
513 888
513 887
513 885
513 884
513 882
513 880
513 878
512 876
513 875
512 873
513 871
514 869
514 866
512 864
514 862
513 859
512 858
513 856
512 854
512 861
508 848
513 843
517 849
513 840
514 837
513 835
513 833
513 830
514 825
513 821
513 821
512 817
517 481
513 480
509 478
516 472
512 470
513 468
513 464
514 461
513 460
513 454
513 451
513 448
513 445
513 442
514 438
513 433
513 430
514 425
513 420
513 417
514 409
513 408
514 403
513 398
514 394
513 389
514 385
514 382
514 378
514 374
513 371
513 368
514 363
514 360
513 356
513 353
513 349
513 346
513 342
512 340
513 335
513 333
513 328
513 326
511 323
513 321
514 321
513 318
515 311
513 306
513 303
512 301
513 296
512 294
513 290
513 287
513 146
839 145
815 145
847 143
845 141
824 140
794 140
735 139
791 138
790 137
768 136
767 134
752 134
754 133
740 132
763 131
765 131
752 130
771 129
732 128
757 128
725 127
742 126
756 126
749 125
741 125
729 124
748 123
746 122
723 122
748 120
713 120
722 120
722 120
711 119
702 118
721 117
708 119
728 117
681 117
657 116
674 116
695 116
678 116
667 115
640 115
633 115
673 115
656 115
629 115
619 116
631 116
622 115
634 115
621 114
608 115
590 115
608 198
514 201
513 208
514 209
514 209
514 215
514 217
514 220
514 225
514 226
514 228
513 233
514 236
515 238
514 244
514 247
513 250
514 251
514 255
514 260
513 264
514 265
515 269
514 273
514 277
514 280
513 283
514 285
513 291
514 296
514 299
513 301
513 304
514 307
514 312
514 315
515 318
514 321
514 326
513 331
512 336
514 339
514 342
513 345
514 347
513 351
513 354
514 357
514 360
514 364
514 368
513 373
514 377
513 380
513 386
514 389
513 392
514 633
515 637
514 640
516 644
514 648
514 651
514 656
514 655
514 662
514 667
515 670
514 674
513 677
513 681
514 682
513 687
513 691
513 694
513 697
514 701
514 705
514 705
513 709
513 712
514 717
513 720
513 723
514 726
514 730
514 733
514 736
514 739
513 743
514 746
513 748
513 752
514 755
513 759
514 762
514 766
513 768
512 771
514 774
510 777
457 778
364 779
256 780
66 782
21 786
54 788
78 790
0 791
0 794
0 791
0 802
0 805
0 807
0 810
0 812
0 815
279 912
274 912
308 913
289 913
270 914
260 915
289 915
294 917
305 917
299 918
308 917
338 918
337 923
315 919
310 918
321 920
326 920
341 920
323 921
354 921
392 922
360 922
348 923
386 921
407 923
369 922
369 924
378 923
405 923
392 922
412 922
407 925
420 921
414 917
423 924
439 921
454 921
467 920
483 920
501 918
509 917
510 915
511 913
510 911
512 908
513 909
512 906
513 904
512 903
512 901
512 901
513 899
512 899
513 897
514 896
512 897
513 724
513 720
513 720
513 716
513 710
513 707
511 703
514 700
513 695
509 694
509 690
514 688
512 683
518 679
513 669
514 673
513 669
517 665
513 662
513 658
513 653
513 652
513 649
513 645
513 640
513 636
513 632
516 627
513 622
513 617
513 615
512 608
512 606
513 599
514 593
513 589
513 584
513 581
512 577
513 574
513 571
514 569
513 566
513 564
513 561
512 559
513 553
513 553
514 549
513 546
514 542
513 538
513 534
513 530
513 525
513 522
512 517
513 386
512 382
513 378
513 374
514 371
513 368
514 365
513 362
513 357
513 354
514 350
513 347
513 343
513 340
513 337
513 334
513 331
513 327
513 325
513 321
513 317
513 315
514 315
513 306
514 303
508 302
513 302
515 294
514 290
515 289
515 287
513 280
514 278
510 275
513 273
514 271
513 266
514 263
515 260
525 260
646 258
703 256
748 253
894 254
1023 251
1023 248
1000 243
1023 244
1023 242
1023 236
1023 234
1023 232
1023 228
1023 225
1023 223
1023 220
828 134
825 134
777 133
772 132
724 132
748 129
742 130
713 129
724 128
681 128
685 127
690 127
684 126
694 125
685 126
706 124
720 123
728 123
742 122
743 121
755 121
746 120
732 120
705 119
691 118
726 118
721 118
698 117
684 116
674 116
683 116
696 117
660 113
653 115
674 115
666 116
655 115
671 115
649 115
620 114
622 114
646 115
633 115
631 114
616 115
575 115
623 116
602 116
554 116
559 116
553 117
535 119
519 120
516 122
515 124
514 127
515 129
514 215
514 220
514 221
514 225
513 227
513 231
514 235
513 239
514 242
513 246
514 248
513 251
514 255
514 258
514 261
514 265
515 267
513 271
514 276
514 279
514 283
514 285
514 289
514 294
514 298
514 303
514 302
515 306
514 310
513 314
514 317
515 321
513 325
514 329
513 333
513 335
514 340
514 343
515 346
514 349
514 353
513 357
514 361
513 366
514 369
514 372
514 373
514 378
514 382
514 386
513 389
513 393
512 396
514 400
513 403
513 409
513 415
515 586
514 591
513 593
514 596
513 600
514 603
514 606
514 611
515 615
514 621
514 623
515 628
514 632
514 637
516 641
513 646
514 653
515 654
514 656
514 660
513 664
513 668
514 672
514 675
514 679
514 683
514 686
514 689
514 693
515 696
514 700
515 703
514 705
513 709
513 712
514 714
513 718
514 722
514 726
514 730
514 731
513 735
515 739
513 742
513 745
514 748
511 751
514 754
514 758
514 761
514 764
514 767
513 770
512 773
511 777
496 779
423 779
57 884
86 885
139 887
199 888
166 889
212 891
148 893
204 893
176 893
198 896
233 896
262 897
272 898
211 900
242 900
233 901
227 905
221 903
235 904
251 905
246 906
256 906
265 907
300 908
253 909
288 909
332 910
304 911
288 911
273 913
320 913
312 913
273 914
277 914
264 915
294 916
297 916
283 917
286 917
283 918
352 919
368 919
363 920
322 920
288 920
303 922
336 921
370 922
374 922
379 921
365 922
364 923
402 923
416 922
407 922
378 922
389 922
516 851
515 840
506 837
513 838
513 836
513 833
512 829
514 826
513 824
513 821
513 817
514 813
513 810
513 808
513 805
509 799
513 793
514 791
513 790
512 788
513 782
513 779
513 776
513 771
513 768
513 767
513 763
513 760
514 756
514 752
513 748
514 746
513 744
514 740
513 736
514 732
513 729
513 725
513 721
513 716
512 713
513 709
513 706
513 703
514 699
513 695
513 692
513 692
513 688
517 677
515 677
516 665
511 672
513 667
513 664
513 659
513 652
513 450
514 446
513 443
513 439
513 435
513 431
513 427
513 423
513 419
513 414
512 410
513 405
513 401
513 397
513 393
513 389
513 384
514 380
513 375
513 373
513 369
513 365
513 362
513 360
513 354
513 352
514 348
513 345
513 341
513 338
514 336
513 332
513 328
513 326
514 322
512 319
514 315
513 308
511 307
512 306
500 301
516 297
510 294
508 294
515 288
511 281
511 282
513 280
500 278
515 274
513 271
513 267
514 265
519 261
523 258
582 257
682 141
802 140
846 139
818 139
809 138
779 136
799 136
766 134
751 133
743 133
754 132
715 130
737 131
719 129
727 128
743 128
697 127
709 127
682 127
706 125
693 128
678 126
724 124
692 123
683 124
695 122
688 121
752 121
733 121
730 119
728 119
748 119
719 118
696 117
679 117
706 117
689 116
668 116
653 116
642 115
641 115
650 117
665 115
644 115
639 112
653 116
643 115
619 115
597 115
619 115
640 116
615 115
574 115
589 116
589 115
569 117
557 117
539 201
514 204
513 206
514 209
514 212
513 217
513 220
514 222
513 226
513 230
514 236
514 239
513 240
514 243
514 247
514 250
515 253
514 258
514 261
514 264
514 266
514 271
514 276
513 280
513 283
514 285
514 287
513 290
514 295
514 299
514 301
513 305
515 309
515 312
514 314
514 319
514 322
514 327
514 331
514 334
514 339
514 342
514 345
514 351
513 350
514 356
515 360
514 363
514 365
513 370
514 372
513 375
514 380
511 383
514 388
514 391
514 395
514 614
515 619
514 622
514 627
514 631
513 635
513 640
514 644
515 650
513 657
514 656
514 658
514 661
512 666
514 672
513 674
514 678
514 681
514 684
513 688
512 692
514 695
514 699
514 702
513 704
514 707
513 711
514 715
514 716
514 720
514 724
514 727
514 731
514 735
514 737
513 740
514 743
514 747
514 750
513 753
514 756
513 759
514 762
513 766
512 770
513 773
512 775
506 779
431 778
371 780
234 779
117 783
40 785
34 788
0 791
0 793
0 796
0 798
0 906
320 908
286 909
288 910
326 910
274 910
295 911
303 910
283 914
282 913
256 913
266 914
319 914
290 915
312 916
273 917
268 917
279 918
282 919
334 920
332 919
323 920
342 920
358 921
348 922
341 923
340 922
365 922
386 921
383 922
356 922
369 922
403 922
413 922
410 923
375 922
373 922
416 922
423 920
409 918
412 920
432 919
437 920
447 920
474 919
489 918
498 917
515 916
511 914
511 912
512 909
512 908
512 902
511 904
514 903
512 901
512 898
512 759
513 755
512 750
514 749
513 745
513 742
513 739
514 734
512 731
513 727
513 726
513 721
513 718
513 714
513 711
513 707
513 703
513 699
513 696
512 693
510 690
512 685
512 682
516 677
516 675
512 664
514 667
513 666
514 660
514 655
513 654
513 651
513 647
513 643
513 639
513 634
513 630
513 626
513 621
513 616
514 613
513 608
513 603
514 598
513 594
513 589
513 584
514 581
514 578
513 574
513 571
513 569
513 566
513 564
513 561
513 558
513 555
513 356
514 353
514 349
513 345
513 342
513 339
513 336
513 335
513 330
514 326
514 323
513 320
513 316
513 313
513 308
513 304
509 304
513 299
513 297
513 293
513 290
513 287
513 285
513 280
513 278
514 274
514 272
513 269
515 266
517 263
518 259
531 258
631 256
734 255
761 253
902 254
999 251
1020 248
1023 244
1023 243
1023 240
1023 236
1023 233
1023 230
1023 227
1023 224
1023 221
1023 218
1023 215
1023 212
1023 210
1023 207
1020 205
989 203
987 201
976 118
738 117
747 116
723 117
666 116
649 117
692 116
678 116
669 117
640 116
643 116
636 115
663 113
647 115
649 116
628 115
623 114
620 114
618 115
627 115
626 115
610 116
599 114
587 116
593 117
555 117
532 118
535 120
521 121
515 122
516 124
514 128
515 128
514 131
514 133
514 132
514 134
514 137
513 136
515 138
514 139
515 139
513 138
513 140
516 140
514 141
514 144
513 145
516 147
515 148
513 151
515 152
513 154
513 158
511 159
512 162
513 165
513 352
514 357
513 358
513 361
513 367
515 369
513 373
513 376
513 379
514 382
514 387
513 390
514 394
514 398
513 403
514 407
514 411
513 417
513 421
514 426
513 429
514 434
513 439
514 443
514 448
513 451
513 456
514 458
513 459
514 465
514 467
514 470
514 472
514 475
514 480
514 483
514 485
514 488
514 490
514 496
513 500
514 503
514 507
515 511
513 516
513 521
514 525
514 531
512 535
515 540
513 543
513 547
514 551
513 555
514 558
512 562
513 565
514 850
26 854
75 854
80 856
80 858
82 861
34 863
58 865
57 867
60 868
42 873
43 875
34 876
43 876
45 880
77 881
97 883
100 886
142 887
146 889
180 889
186 891
214 891
233 892
256 894
213 895
250 894
269 897
275 898
224 897
222 900
252 901
249 910
255 904
255 904
282 905
259 906
257 907
310 907
252 908
278 910
279 909
305 910
271 908
266 912
264 912
277 911
297 913
273 913
265 914
289 916
279 917
310 917
309 917
280 918
283 918
282 920
314 919
354 919
512 908
512 905
512 904
513 903
512 902
512 901
513 900
513 899
513 898
513 898
513 896
513 895
513 894
513 894
513 892
514 890
513 890
513 888
513 886
513 885
514 881
513 881
513 879
513 872
513 875
513 873
513 870
513 869
513 867
512 865
513 863
514 861
512 859
513 856
513 854
513 851
513 845
513 848
509 844
513 844
513 845
512 835
514 833
514 829
514 825
513 822
514 821
513 818
513 814
513 808
513 806
513 803
513 799
513 794
513 791
513 787
513 785
514 624
513 620
513 617
514 616
513 611
513 607
513 601
513 597
513 587
513 587
513 583
513 580
513 576
513 574
514 570
513 566
513 564
513 561
513 559
513 556
513 554
513 550
513 546
513 543
514 539
513 535
513 530
514 525
513 521
513 517
513 513
513 508
513 503
513 499
514 498
507 490
513 490
513 483
511 479
513 474
511 469
512 463
513 467
513 462
513 460
513 457
513 453
513 449
513 447
513 442
513 437
513 430
513 430
513 422
512 422
513 417
514 412
517 260
523 258
622 256
676 251
777 254
888 253
998 247
1015 249
1005 245
1023 242
1023 238
1023 238
1023 232
1023 229
1023 228
1023 225
1023 222
1023 219
1023 217
1023 214
1023 211
1023 208
1021 207
1023 204
991 201
987 199
995 197
1010 195
1004 193
980 190
1005 189
990 186
1023 184
966 181
990 180
952 177
990 175
983 175
1017 171
988 169
981 167
958 164
961 162
945 160
912 159
912 156
867 155
914 153
880 150
881 152
848 149
833 147
823 147
834 145
619 116
639 115
618 115
621 114
628 115
619 115
609 115
605 115
585 116
573 117
573 116
543 118
530 119
518 120
516 123
515 124
515 126
513 130
514 130
514 132
514 134
513 134
514 136
514 136
514 138
513 138
513 139
513 141
513 142
514 143
514 144
514 145
514 143
514 147
514 149
513 150
513 152
513 154
514 155
514 157
514 157
514 162
514 163
514 164
514 166
514 170
513 173
513 172
514 176
513 177
513 181
514 184
514 184
513 188
514 191
514 194
513 196
514 361
514 364
514 365
513 369
514 372
513 376
513 380
513 384
512 386
513 390
514 396
513 395
514 398
513 402
513 407
514 411
514 417
514 421
515 427
514 432
514 437
513 443
513 446
513 450
513 455
514 458
514 461
513 464
514 466
514 470
514 472
513 474
514 478
514 481
514 483
514 487
514 489
514 492
516 495
514 502
514 505
514 510
514 515
514 519
513 525
513 529
515 534
513 539
513 543
513 547
514 551
513 553
514 557
514 560
514 564
513 568
514 570
514 771
510 773
510 776
505 778
406 778
335 781
212 780
101 783
86 786
41 789
0 790
0 793
0 796
0 801
0 804
0 806
0 808
0 809
0 815
0 818
0 821
0 823
0 826
0 829
0 831
0 833
0 836
27 838
16 841
54 842
35 844
62 847
54 849
79 851
64 851
58 856
18 858
12 860
37 862
45 864
53 867
55 866
85 872
54 874
55 876
40 876
94 880
90 881
125 883
127 884
117 886
141 888
144 888
192 890
147 892
172 892
145 894
210 895
173 896
202 897
195 898
227 899
244 900
431 921
451 934
450 921
463 921
481 917
483 919
499 913
511 915
506 914
512 912
512 910
510 907
512 906
513 905
513 904
513 902
513 901
513 900
513 898
513 898
513 899
513 897
512 896
513 895
513 894
513 893
513 891
512 890
512 889
512 887
512 885
512 882
513 881
513 879
