512 881
513 880
515 879
514 876
513 876
515 874
514 872
513 868
511 866
513 865
513 862
513 859
513 857
513 853
514 851
513 848
511 846
513 841
515 839
513 839
513 832
513 827
513 823
514 819
514 815
513 811
513 806
513 803
513 799
513 795
513 792
513 791
514 787
514 782
513 778
514 775
513 769
513 764
514 761
512 756
513 751
514 748
514 745
514 741
514 736
515 732
512 734
513 724
513 718
513 716
514 710
513 705
513 701
514 694
513 691
514 687
515 685
515 244
513 247
514 251
512 255
513 260
513 255
514 267
514 272
513 275
514 280
514 284
514 288
514 293
513 296
513 303
523 303
524 311
528 313
519 318
525 320
514 322
513 328
514 333
514 338
514 342
514 347
513 349
513 358
512 360
513 365
513 368
511 372
513 376
513 379
513 382
515 387
514 391
513 396
513 402
508 407
511 413
511 419
513 422
514 428
513 433
513 439
513 446
513 451
513 455
510 458
515 461
514 464
513 466
513 474
513 475
513 479
510 483
513 778
514 774
514 772
513 768
509 763
513 759
512 756
514 751
513 748
513 744
513 740
513 736
513 730
512 726
514 723
514 717
514 712
514 707
513 704
513 701
514 694
514 692
510 688
514 684
511 682
513 678
513 674
514 668
512 663
513 659
514 655
514 651
513 645
513 641
512 639
512 633
513 627
513 622
515 615
515 610
514 604
515 598
515 593
514 589
513 607
513 582
512 578
513 574
511 570
514 566
514 564
515 560
513 556
513 553
513 549
514 547
515 540
647 197
631 195
631 194
637 191
631 187
630 184
646 181
638 179
633 177
608 175
621 172
635 168
620 166
627 163
618 161
649 157
625 157
605 149
589 153
610 152
629 148
574 147
605 147
593 145
620 143
595 147
575 134
592 140
544 139
580 138
591 137
625 135
585 134
559 133
584 132
562 131
596 127
562 128
590 128
571 127
572 125
588 125
575 123
585 124
552 122
565 122
551 121
558 118
577 119
579 119
585 118
552 117
582 120
561 118
564 115
538 115
542 117
514 143
514 148
514 145
514 147
513 149
514 151
513 154
514 153
514 157
513 162
514 152
518 165
509 161
516 172
507 176
513 172
514 174
514 177
513 180
514 182
513 186
513 189
513 191
513 194
514 200
513 204
515 207
513 210
513 214
514 215
514 225
512 227
514 228
514 234
514 238
513 242
516 245
514 248
513 252
513 257
513 260
514 264
513 266
513 273
514 277
513 282
514 285
514 289
513 294
513 298
514 301
512 293
508 313
512 316
511 321
511 325
513 476
514 479
514 466
515 483
513 489
514 491
513 497
508 499
514 503
512 511
512 516
513 521
514 526
514 530
513 538
512 542
511 547
512 551
512 559
512 558
514 564
512 567
511 570
516 573
513 578
513 578
513 586
513 590
514 594
512 597
511 603
511 608
510 614
514 619
514 622
512 628
510 634
513 638
513 644
513 649
513 652
513 657
513 661
513 666
513 671
522 671
493 678
506 683
513 687
513 690
512 694
512 698
513 702
513 706
513 707
513 713
514 716
513 833
395 836
382 836
389 843
383 842
379 846
403 849
368 852
396 855
384 857
370 861
393 863
379 866
408 868
384 872
402 873
419 876
408 878
413 881
390 886
417 885
436 887
440 888
435 889
436 891
449 892
430 893
459 895
428 896
445 898
455 898
456 900
421 901
424 902
459 903
436 904
473 905
465 903
466 907
435 908
417 909
467 909
460 910
483 912
426 913
431 915
452 914
455 917
487 916
475 917
490 919
434 919
442 919
443 920
434 920
455 921
466 921
507 903
514 903
513 903
514 902
512 901
514 900
514 901
515 897
513 897
513 896
513 894
513 892
513 890
513 887
511 885
514 884
512 883
511 879
513 877
514 875
513 876
514 870
512 870
518 866
512 866
513 861
513 861
514 856
513 855
513 852
514 848
510 846
510 842
514 839
513 836
513 832
512 832
513 825
514 821
514 817
513 812
513 809
514 804
514 801
513 796
514 792
513 788
514 786
513 782
511 778
515 772
513 768
514 764
513 761
514 755
515 754
513 749
513 579
515 576
513 574
514 571
514 566
514 563
514 562
515 559
514 556
514 553
514 548
514 542
513 539
517 532
515 528
512 524
512 518
512 513
514 508
514 502
514 496
515 494
515 487
513 482
513 479
512 475
513 471
514 469
514 464
514 458
513 455
513 453
513 448
514 445
514 441
514 435
513 430
514 425
515 420
513 423
513 411
514 405
515 399
517 395
514 391
515 386
516 382
517 373
515 372
515 369
514 364
514 361
513 356
514 348
514 348
513 342
513 337
648 205
636 204
620 201
626 199
641 197
664 194
626 191
613 188
636 185
632 184
660 180
623 177
653 174
646 172
633 170
651 167
613 164
634 156
611 160
634 157
619 155
607 153
629 150
587 149
594 148
587 147
595 146
573 143
569 143
613 141
597 156
590 139
572 137
586 134
585 135
588 134
592 133
564 132
555 130
545 127
583 129
577 128
590 129
582 126
581 123
588 125
569 123
572 123
557 121
589 121
567 119
550 119
575 118
563 118
594 114
561 117
578 114
492 170
507 164
512 173
515 177
514 178
513 182
514 184
513 187
514 190
514 194
512 197
516 200
512 205
514 206
514 210
513 215
513 219
513 225
514 229
514 232
513 237
513 238
514 244
513 247
513 252
513 255
514 259
513 264
511 266
513 272
513 276
514 278
513 283
510 288
513 291
514 296
514 297
514 304
514 307
508 313
508 321
509 326
507 331
514 332
513 337
513 340
514 343
513 347
513 349
511 354
513 356
514 358
514 364
514 367
514 373
514 379
512 384
514 450
513 457
513 458
511 461
514 465
513 466
514 470
516 474
513 477
512 477
514 487
514 493
513 497
512 501
514 504
513 506
514 512
514 518
513 524
512 529
513 533
514 539
512 544
512 548
512 553
513 558
511 561
512 566
514 568
519 571
513 576
514 580
513 583
511 588
512 592
512 597
512 598
513 605
513 610
510 615
514 621
512 626
512 630
512 636
513 640
513 645
511 650
512 652
512 658
512 662
513 668
513 673
513 680
524 679
522 688
512 689
513 693
509 781
374 780
264 783
298 787
346 793
339 796
369 799
354 803
331 809
371 811
374 814
412 817
385 819
397 822
369 826
337 834
378 832
380 835
411 837
390 840
379 842
410 845
396 848
422 851
384 854
377 856
392 859
389 862
420 865
381 867
394 869
392 874
432 875
397 877
361 879
397 882
401 884
454 886
423 888
438 888
450 891
421 893
442 894
414 894
436 896
447 897
454 898
470 898
440 900
444 902
418 901
456 905
462 905
463 905
455 907
430 909
443 909
476 922
464 922
470 923
488 923
464 923
491 917
490 923
493 919
494 923
488 923
497 923
481 920
501 922
495 922
507 922
509 920
509 919
512 918
510 916
514 915
513 913
514 910
513 909
513 908
511 905
514 904
514 903
514 902
513 901
514 899
510 901
516 900
513 896
513 895
513 892
514 892
513 890
516 885
512 887
514 885
512 882
512 881
514 876
515 878
512 873
515 876
513 871
513 868
514 865
514 859
511 860
514 858
513 854
515 850
514 848
510 845
513 751
513 748
514 745
511 739
514 736
513 732
513 727
514 723
513 719
515 714
512 710
513 706
514 702
513 698
514 693
514 689
512 684
512 683
513 673
514 673
514 668
514 664
515 659
514 654
514 651
514 646
512 645
512 638
513 632
513 630
514 621
517 617
514 611
513 606
513 602
513 597
513 589
513 585
514 576
514 577
513 575
513 572
513 569
514 562
515 560
513 556
516 554
514 550
514 545
513 540
514 535
516 530
515 525
514 521
515 517
513 512
514 505
514 405
513 401
514 396
514 391
513 390
514 385
513 380
513 375
511 371
515 367
514 362
513 358
514 355
514 351
514 347
512 342
514 339
513 336
515 327
513 328
514 324
514 320
514 315
514 312
513 308
514 303
513 299
514 296
514 293
514 289
514 287
512 283
514 279
515 274
513 272
514 267
513 264
515 261
516 258
518 253
522 252
801 253
781 253
757 244
699 240
689 235
668 231
693 227
669 223
656 218
650 217
620 216
644 212
636 209
647 206
649 203
605 198
630 134
618 131
590 133
587 131
577 131
605 129
599 129
588 128
542 128
549 126
547 125
607 124
584 128
586 122
585 123
562 121
546 118
547 119
592 118
564 118
574 113
556 117
569 117
547 116
555 108
560 116
534 115
568 115
544 114
567 113
543 112
544 114
564 115
539 115
564 117
543 113
560 112
536 113
529 114
540 115
528 116
534 116
518 116
529 116
520 117
517 120
513 117
513 119
514 124
514 124
515 128
514 131
512 135
514 133
513 134
514 134
515 136
514 202
513 207
514 210
513 212
513 216
512 220
515 225
515 229
514 234
513 237
513 241
515 245
514 249
509 251
512 256
514 254
512 263
514 268
513 272
514 272
514 280
514 284
514 289
511 292
514 298
514 300
514 305
513 310
509 313
513 315
509 320
519 326
517 329
514 333
514 340
512 341
513 347
515 350
514 355
513 361
514 364
513 368
510 373
513 377
513 380
512 380
514 386
512 397
514 399
512 403
512 408
513 413
515 417
516 423
515 421
513 432
514 442
514 578
513 582
512 586
512 590
513 594
513 598
513 600
513 607
513 612
512 617
513 622
512 628
512 632
511 637
513 641
513 646
513 646
514 655
514 660
513 664
513 667
513 672
513 676
512 680
518 686
513 689
513 695
514 696
513 701
514 704
514 708
509 712
513 711
513 720
514 724
514 727
513 731
513 735
513 738
513 741
513 746
513 749
513 753
514 753
514 760
513 764
513 768
513 771
512 775
512 779
511 781
286 782
319 784
312 790
343 789
359 795
352 801
414 879
429 881
410 883
426 884
432 886
437 888
427 890
437 890
421 892
441 893
425 893
436 896
453 895
443 898
459 899
421 896
447 903
436 903
456 903
440 905
448 906
460 907
430 908
467 909
444 910
464 911
457 911
419 911
440 913
438 916
465 916
437 915
471 917
475 918
449 918
464 918
463 919
493 920
462 921
468 922
474 922
487 922
482 922
471 922
473 922
464 923
488 923
473 923
497 925
478 923
492 916
492 923
469 923
491 922
470 922
501 922
481 921
515 869
511 866
513 863
513 863
515 857
514 856
513 850
513 849
514 845
514 842
513 840
513 833
513 833
513 830
515 827
514 823
512 817
513 814
514 810
514 807
513 799
510 797
512 793
514 789
513 784
514 782
513 777
512 774
512 771
515 766
515 762
513 759
512 754
512 751
514 748
514 744
513 738
513 736
514 729
514 725
512 722
514 716
514 712
513 707
513 703
513 699
513 695
514 692
513 689
514 684
513 681
518 676
513 671
513 668
513 663
514 657
514 653
514 487
512 487
514 484
513 482
513 476
514 472
515 469
513 464
513 462
513 459
514 455
514 448
514 446
515 442
512 437
513 428
513 427
514 421
516 415
514 412
503 415
515 401
514 398
513 393
513 388
514 383
514 378
513 373
514 369
515 366
515 362
514 357
515 353
514 347
514 344
514 340
516 337
514 334
514 331
514 327
514 324
513 319
514 311
514 311
513 307
512 303
515 301
514 297
514 293
513 288
514 285
514 281
513 277
513 271
512 270
512 265
519 263
618 159
615 154
616 155
622 154
606 149
598 151
607 148
601 147
627 145
593 145
604 143
597 142
577 141
549 133
555 148
609 137
615 136
621 134
586 134
578 133
557 128
566 130
583 131
583 128
574 126
542 127
569 124
558 124
577 123
572 123
574 122
572 123
535 121
565 120
558 119
599 118
597 118
567 116
576 120
544 115
562 116
533 115
560 114
553 115
548 115
559 115
546 112
556 114
535 113
551 114
535 114
541 114
530 116
535 116
534 115
529 115
551 154
513 155
512 156
515 158
515 159
514 160
514 164
513 166
513 167
508 184
516 188
518 170
513 177
511 181
514 184
513 187
514 190
513 190
514 196
516 199
513 203
512 207
513 212
514 210
513 218
513 223
515 228
513 232
513 236
514 238
514 242
514 244
513 250
513 253
514 256
513 260
511 264
513 269
513 270
513 276
513 283
513 286
514 291
514 294
513 299
514 302
513 307
514 311
512 315
516 320
513 325
513 328
515 328
513 336
514 345
514 341
513 349
513 519
512 523
513 528
513 532
514 537
514 543
512 547
512 551
514 554
514 559
513 563
513 567
513 570
513 574
512 578
513 582
514 586
513 591
513 594
514 598
513 604
513 609
512 614
513 618
514 619
514 629
513 634
512 640
513 644
512 649
513 653
513 657
514 661
513 666
513 671
514 670
513 678
513 683
514 687
514 692
513 695
514 698
514 702
513 705
514 709
514 715
513 717
513 721
513 725
514 729
514 734
514 737
514 740
515 745
513 748
510 751
513 755
513 872
390 875
399 877
421 879
399 878
410 883
444 884
398 887
413 889
401 891
448 891
456 892
424 894
460 896
434 897
452 898
424 899
432 900
437 901
440 903
476 904
437 904
442 906
417 907
438 904
455 908
463 909
470 911
433 912
444 912
445 913
463 914
452 914
466 916
461 916
455 917
465 918
437 918
470 920
451 919
475 921
452 919
471 922
481 922
451 922
473 922
452 923
487 923
471 922
492 923
505 923
481 926
499 923
470 923
490 918
484 924
484 924
482 868
516 866
513 865
514 862
514 859
514 856
512 854
514 852
513 849
514 845
514 842
513 839
513 835
514 832
512 828
513 824
513 820
513 817
513 813
515 809
513 805
513 801
514 796
514 792
514 788
513 785
513 780
513 778
487 773
513 768
513 765
513 761
516 756
513 753
513 750
514 745
514 741
513 736
515 733
512 729
515 726
513 720
513 717
513 711
514 707
514 703
515 697
513 694
514 690
513 684
514 682
513 680
513 676
513 671
513 667
513 661
514 657
498 600
512 587
512 578
513 579
513 570
512 571
513 568
515 565
513 562
512 559
514 555
514 552
513 547
515 542
515 538
514 533
513 528
513 520
514 516
512 512
517 507
516 499
515 497
513 491
513 488
514 484
513 480
514 474
514 472
513 468
514 465
512 461
513 458
513 453
514 448
513 444
514 439
512 434
513 430
515 426
514 420
513 414
516 409
514 401
513 399
513 396
513 390
514 387
513 381
513 378
514 373
515 370
514 365
515 361
515 355
513 352
514 348
513 265
517 260
518 257
516 254
521 250
791 252
786 249
743 244
736 252
699 235
671 231
646 228
627 225
631 222
641 220
637 216
657 214
635 211
640 207
652 205
658 199
661 199
625 197
612 194
622 192
635 189
642 185
633 182
647 181
639 178
651 174
629 171
621 169
628 167
633 164
646 161
597 158
618 155
619 155
620 152
603 150
592 149
630 147
581 147
583 145
566 146
583 143
589 140
560 141
600 138
599 135
589 136
572 135
592 134
584 133
579 131
605 131
570 114
566 114
562 114
540 110
536 114
528 115
543 114
561 114
543 114
566 108
530 116
545 114
525 115
521 115
528 115
514 115
528 115
516 117
521 119
516 122
513 121
513 124
514 124
513 128
514 131
514 128
518 132
514 133
514 134
512 135
514 138
514 138
514 139
513 139
514 141
517 145
514 141
513 147
514 148
514 150
514 152
514 155
514 156
513 158
516 158
514 162
515 164
514 165
512 170
515 171
516 169
505 174
515 179
513 182
513 184
514 183
514 194
514 272
514 277
514 280
514 283
514 288
513 291
514 294
514 298
515 302
514 306
514 311
514 313
511 320
511 327
516 329
515 330
515 341
514 344
513 348
514 350
514 358
514 357
514 362
514 365
514 369
514 373
514 378
514 382
512 388
511 393
512 397
514 401
514 406
514 411
513 418
512 424
512 429
512 434
513 439
516 444
513 449
513 453
512 458
513 461
513 465
516 466
513 469
513 476
514 480
513 481
514 485
514 489
514 482
508 499
518 502
506 510
506 514
513 622
514 627
513 630
513 634
511 640
514 643
513 650
512 651
517 658
515 663
514 667
514 674
512 676
513 681
512 685
512 684
516 693
513 700
513 701
514 703
513 705
513 711
513 714
513 718
513 723
513 725
513 730
513 733
514 738
514 741
513 745
513 749
513 753
513 757
514 760
514 762
513 768
513 772
511 776
510 779
513 781
356 780
278 785
295 789
332 793
345 797
351 801
368 802
357 807
384 810
366 815
395 818
374 819
366 823
388 825
361 830
390 765
513 770
513 771
513 774
512 776
510 780
509 782
259 782
307 789
298 791
341 796
364 800
354 802
373 808
357 807
386 814
387 815
381 818
383 822
377 824
390 827
384 835
378 833
375 836
359 841
407 841
399 844
400 846
392 849
382 851
405 855
394 858
396 860
375 863
369 866
384 869
392 871
417 874
416 875
424 881
396 882
380 883
402 885
419 887
440 889
416 889
460 891
463 892
458 894
426 895
412 901
426 897
420 898
474 900
453 901
450 903
436 903
430 901
513 901
513 897
514 897
515 896
511 895
513 893
513 891
512 888
513 887
513 886
514 881
512 881
514 880
513 875
512 875
517 871
513 871
513 867
514 865
513 864
514 862
513 857
512 855
514 852
516 848
513 847
513 843
513 840
513 837
514 833
513 829
513 826
514 823
513 820
513 813
515 810
514 804
511 801
513 797
514 795
509 791
513 787
512 782
513 778
514 777
513 771
513 767
513 762
513 759
514 754
512 750
514 744
512 742
514 738
514 734
514 730
513 485
513 482
513 481
514 475
511 472
513 469
514 465
515 462
516 459
515 453
515 448
513 444
513 440
513 435
513 431
513 425
508 419
515 416
514 412
512 406
510 402
500 398
514 393
514 388
514 383
514 378
509 374
514 370
514 365
513 362
514 359
514 352
512 349
515 344
515 340
513 336
513 335
514 330
514 327
514 322
513 319
513 315
514 311
515 307
514 303
513 302
513 294
514 292
515 288
514 284
513 280
512 280
513 272
512 269
513 265
514 262
515 259
519 182
631 180
618 176
654 172
648 172
663 170
630 167
611 164
651 162
642 164
655 157
603 155
607 154
606 152
583 150
601 149
580 144
620 145
561 147
590 143
607 142
574 142
555 139
539 138
598 137
585 139
604 135
591 133
575 135
559 131
549 130
616 129
600 127
604 127
570 126
576 125
554 124
546 123
585 123
576 121
589 122
565 120
594 127
566 119
555 119
586 117
563 117
578 115
543 117
572 115
566 115
553 115
552 114
543 114
558 114
542 114
548 114
513 152
515 152
514 154
513 158
513 158
513 159
514 161
513 163
513 165
514 169
513 171
511 163
500 175
516 179
515 180
513 183
514 187
514 192
515 192
513 195
513 199
514 203
514 210
514 213
514 214
514 219
514 223
512 228
515 233
514 236
513 239
513 243
513 249
514 250
513 253
513 257
513 261
514 265
512 274
513 273
513 277
514 282
513 285
516 289
515 296
513 302
514 303
513 306
513 318
513 315
514 318
513 325
513 339
513 328
523 358
515 357
514 346
514 487
515 492
514 496
513 503
514 507
513 511
515 516
517 520
512 528
515 532
512 538
513 543
511 549
512 551
515 555
514 559
513 563
512 566
512 572
513 575
516 578
513 582
512 586
512 592
518 595
512 599
512 604
514 609
511 614
514 619
514 624
515 629
514 633
512 642
513 643
513 648
513 652
513 658
513 662
512 667
513 671
514 675
513 679
513 683
513 688
513 693
510 685
510 698
514 702
513 707
512 709
513 714
516 716
513 721
512 728
513 729
517 733
411 848
399 853
388 853
410 855
394 858
385 861
393 863
369 871
397 870
388 873
413 874
405 878
382 880
408 882
383 883
417 886
403 887
436 889
458 890
445 892
468 893
430 894
441 897
408 897
435 898
457 899
434 898
461 901
451 902
477 904
429 905
431 905
434 907
429 908
462 908
458 910
478 911
451 911
452 912
454 914
465 914
459 914
452 916
473 920
438 918
456 918
441 919
470 920
456 921
465 927
497 921
478 921
495 922
454 922
476 922
455 923
480 923
513 902
513 900
513 900
507 899
514 897
513 897
516 892
511 891
512 890
514 888
513 887
514 886
515 882
513 881
514 876
513 877
514 874
512 870
512 870
513 867
514 866
514 862
515 862
514 858
511 855
516 850
516 847
512 845
514 842
513 839
514 835
514 831
513 827
513 823
512 820
513 816
515 812
513 808
513 803
513 803
513 796
513 793
514 789
514 785
514 782
513 777
513 774
513 770
513 765
513 763
514 759
514 751
513 747
512 744
514 741
514 736
513 733
513 563
513 562
513 557
513 556
520 550
514 546
513 542
513 538
515 532
513 528
515 522
515 520
511 512
514 504
512 503
516 494
516 490
515 488
512 484
512 480
513 475
513 470
513 467
518 462
516 458
515 456
514 453
514 448
514 443
514 438
514 432
515 428
516 423
515 420
514 414
513 412
514 405
515 400
514 397
514 391
516 386
514 383
513 377
513 361
514 369
514 364
514 359
514 356
512 352
514 347
514 343
513 339
512 335
514 331
514 329
514 327
513 205
625 202
627 198
621 195
631 194
639 191
624 188
642 182
617 183
620 179
628 177
641 175
655 171
631 169
647 167
638 163
643 160
611 160
589 157
613 155
618 152
607 150
583 150
612 147
607 149
582 145
565 144
609 142
617 141
563 142
581 142
574 137
578 137
569 134
587 133
614 133
584 131
600 131
563 130
572 130
585 122
576 127
605 125
563 125
572 124
524 121
535 126
584 121
592 121
602 121
581 120
584 118
548 118
553 117
555 118
561 117
570 116
566 178
507 175
517 183
517 183
511 184
513 187
514 191
514 194
514 198
514 200
514 205
513 209
514 211
514 215
513 219
513 226
513 228
514 232
513 238
513 239
514 244
514 249
514 252
513 256
513 260
514 266
513 267
514 271
513 275
513 279
514 284
514 289
513 292
513 295
513 299
513 304
513 309
513 315
513 317
514 322
514 327
514 336
510 326
514 338
516 349
518 344
514 349
514 353
513 357
513 360
512 364
513 368
513 373
513 380
513 387
511 388
512 392
515 458
512 463
514 462
514 465
513 469
514 470
513 474
507 477
512 481
512 486
512 490
511 495
513 497
513 502
510 508
510 513
509 522
509 527
508 531
515 536
513 540
511 544
512 552
512 554
512 558
512 561
514 564
514 568
514 572
514 575
512 580
513 583
510 589
511 593
513 596
513 602
515 606
512 611
513 615
513 620
512 626
513 631
514 634
512 641
513 645
514 649
513 654
512 658
513 662
513 668
513 671
512 677
513 681
513 685
512 688
513 693
513 700
513 783
297 781
280 787
299 790
329 794
379 797
376 798
392 803
352 805
376 810
386 813
375 816
386 820
363 822
377 826
333 829
369 831
401 837
391 837
408 841
372 843
398 846
404 848
376 851
388 853
362 856
398 859
391 862
423 863
401 867
380 870
412 874
391 875
407 877
376 879
407 883
417 884
396 886
444 884
440 890
454 891
432 892
428 893
437 895
411 899
430 897
447 898
483 899
443 904
457 902
455 902
436 904
455 905
457 906
458 907
446 908
453 910
481 922
463 922
466 923
471 923
489 922
479 922
498 922
486 921
504 922
494 922
498 926
500 922
491 921
509 920
503 919
511 918
514 917
513 915
513 913
513 910
513 909
513 908
513 905
513 904
513 903
513 902
513 902
512 901
514 899
512 898
512 895
512 895
513 893
520 892
514 890
511 887
512 886
514 884
514 884
514 877
512 876
512 875
513 873
516 868
514 870
512 865
513 865
512 860
513 860
515 856
512 855
515 851
512 847
512 844
514 841
513 840
513 833
513 740
512 735
514 735
514 728
