513 335
511 340
512 344
513 349
514 352
514 355
513 372
514 364
513 367
513 372
512 377
511 380
512 383
513 386
516 389
513 396
514 401
514 407
514 412
512 419
511 423
512 429
515 433
516 439
513 441
513 448
513 453
510 458
511 460
515 464
515 467
514 470
514 473
514 478
511 482
512 486
515 490
511 493
514 502
514 502
512 508
510 513
513 519
512 534
511 529
515 534
513 538
515 545
514 548
514 556
512 557
514 561
515 565
513 568
513 571
514 576
515 577
514 919
514 917
515 916
514 914
514 913
514 909
513 909
513 906
514 906
514 904
510 903
513 902
514 901
513 898
512 899
513 898
513 896
510 894
514 893
514 891
513 890
514 887
513 884
513 884
513 881
514 877
509 878
513 875
515 872
514 867
514 868
514 865
514 864
514 861
514 846
514 856
514 852
513 850
513 846
514 843
513 840
513 836
513 832
513 827
514 820
511 821
514 816
515 813
514 810
515 805
514 803
514 797
513 793
514 791
514 787
512 783
512 779
515 812
511 815
513 817
512 820
513 823
513 825
514 828
513 830
511 833
514 836
513 839
513 841
514 844
514 846
514 849
513 851
514 854
510 856
514 858
513 862
514 865
514 852
514 870
511 873
514 876
514 880
513 882
514 883
514 886
514 883
514 887
514 890
513 892
513 894
514 895
514 895
512 896
516 895
513 897
512 897
514 900
513 889
514 904
511 905
511 905
512 905
513 904
515 908
514 908
514 911
513 912
514 912
514 913
516 908
514 913
511 916
513 914
514 867
512 866
514 866
514 861
513 857
513 857
513 846
514 851
514 848
513 845
514 842
517 839
514 832
512 831
513 827
513 820
512 821
514 815
516 812
516 809
516 798
509 799
514 794
515 790
516 786
516 784
515 780
514 776
515 773
513 767
514 766
513 761
513 759
514 755
510 751
515 745
514 742
515 737
514 719
514 728
512 724
514 720
514 714
515 709
514 705
513 700
514 697
516 697
517 688
518 684
515 680
513 677
512 673
513 670
513 665
513 661
513 657
514 501
514 498
514 488
513 487
512 488
513 483
515 478
514 475
516 470
512 467
514 462
514 460
513 456
514 452
515 448
512 443
514 439
514 434
514 425
514 424
515 420
516 414
515 410
515 404
515 400
513 394
513 390
513 386
512 380
514 376
514 371
514 363
515 363
515 358
514 354
515 351
513 346
512 331
514 339
515 335
513 332
513 328
513 325
513 321
511 317
511 313
509 308
514 304
514 300
513 296
514 292
514 289
513 285
514 283
513 278
513 274
514 170
516 166
515 165
511 164
515 162
515 160
513 157
514 154
514 152
514 152
514 149
510 148
514 146
513 145
514 141
513 143
513 141
512 141
513 139
514 134
516 136
516 135
514 134
513 134
513 133
513 130
514 130
517 128
510 128
513 128
513 127
514 121
514 123
515 123
508 114
512 124
514 121
512 121
514 121
514 106
515 118
513 115
514 117
514 117
513 118
513 116
513 116
514 115
513 115
514 115
515 115
514 115
514 114
514 114
513 115
514 115
513 114
514 152
513 151
513 154
514 157
514 162
515 160
513 150
514 164
514 166
514 168
514 173
514 174
514 176
514 179
514 181
514 185
514 188
513 191
513 194
514 197
514 201
513 205
514 209
515 213
514 216
515 221
514 222
512 233
518 237
506 231
515 243
513 240
516 242
514 250
514 255
514 259
513 263
513 262
514 270
513 275
514 275
514 285
514 289
513 293
512 296
514 301
513 305
513 308
513 313
512 317
515 321
515 325
514 330
515 333
515 338
514 341
513 347
514 469
515 472
516 475
516 478
514 481
514 485
513 489
513 494
512 500
509 504
512 508
513 513
514 514
513 524
511 529
509 535
513 540
516 546
510 548
513 553
514 557
510 561
514 565
514 565
511 572
511 576
513 579
513 583
513 588
511 592
514 596
513 601
513 606
511 601
512 617
510 622
511 627
511 632
513 636
513 642
513 647
512 651
512 655
511 660
512 664
514 668
514 672
513 677
512 681
512 685
512 688
513 693
508 698
513 701
513 705
512 696
511 712
513 838
513 839
512 843
513 845
513 848
513 851
513 852
513 855
514 857
514 860
514 848
512 867
513 869
513 873
512 875
515 877
515 879
513 880
514 883
513 885
513 887
513 877
512 891
511 892
514 892
517 892
513 896
514 896
515 898
516 898
511 897
518 900
514 903
514 905
514 906
514 907
513 902
511 909
515 908
514 908
513 912
516 911
512 913
514 914
514 913
514 915
514 915
513 917
516 919
515 918
513 918
512 918
514 919
514 920
518 921
511 921
514 921
514 900
511 899
513 897
514 896
511 894
513 892
514 889
514 888
513 887
514 885
514 883
514 882
514 879
514 876
513 876
514 869
514 871
513 869
515 866
514 864
513 862
513 857
514 855
514 853
513 849
513 846
513 844
514 827
514 837
514 834
514 829
514 827
515 822
514 819
514 815
516 811
514 807
514 804
513 799
514 796
515 789
516 786
516 781
515 778
510 773
515 768
516 766
517 761
517 757
516 755
513 750
516 747
514 743
514 738
515 734
515 730
517 725
510 504
511 499
515 495
514 492
529 485
515 481
518 477
512 474
511 472
513 468
513 459
514 459
514 454
516 450
515 447
513 442
514 437
513 432
514 427
513 422
515 417
516 414
513 407
513 404
509 398
514 394
512 390
514 372
514 380
514 374
513 371
513 366
514 361
514 357
515 353
514 348
514 345
514 340
514 337
514 332
515 329
515 327
514 322
515 319
515 313
521 313
506 304
515 304
515 299
515 295
512 292
515 288
515 285
515 276
514 276
514 273
513 270
515 233
511 231
515 228
516 225
513 223
514 219
514 216
514 213
515 209
515 206
513 204
513 201
512 199
514 195
513 193
512 190
513 188
512 179
515 179
515 177
513 177
511 178
512 172
513 170
514 163
514 164
514 160
514 159
514 157
513 157
513 153
514 151
514 149
514 147
514 147
516 143
515 144
513 142
513 142
513 142
512 140
513 138
514 137
514 135
513 134
513 133
514 130
513 130
513 129
513 128
514 127
515 126
514 126
513 125
513 124
513 124
513 123
514 114
513 115
513 114
514 114
514 115
514 114
514 114
514 115
514 115
513 115
514 116
514 118
514 119
514 121
514 124
514 126
514 127
514 130
515 130
514 129
517 137
511 132
513 138
511 137
514 138
514 137
514 140
514 141
520 142
514 144
514 146
513 149
515 150
513 153
513 155
512 158
514 159
514 161
512 164
513 166
513 168
513 166
515 173
514 175
515 178
513 180
513 183
512 188
513 190
513 194
516 195
514 199
513 203
514 206
514 209
514 213
514 216
512 305
515 311
514 316
513 321
512 324
512 329
513 334
512 337
512 341
512 345
513 348
513 353
514 356
515 360
514 364
512 368
512 373
513 376
515 381
513 385
515 389
514 394
514 395
514 404
515 408
511 412
512 421
513 416
512 431
513 436
513 442
510 447
512 452
513 455
512 458
514 461
515 464
514 468
512 473
514 476
513 479
513 482
515 487
514 491
510 497
511 500
515 506
512 501
510 515
512 520
514 526
512 531
512 537
512 542
516 547
512 551
514 641
512 645
513 637
513 653
513 653
513 647
515 666
514 669
513 675
514 679
514 684
513 686
514 691
512 694
514 698
513 700
513 707
514 708
514 711
513 715
514 721
514 724
514 715
514 733
514 737
514 741
514 744
513 747
514 750
513 755
514 758
515 764
513 766
514 769
514 773
513 777
513 781
513 783
515 787
514 790
514 795
513 800
513 804
513 805
516 808
510 809
515 813
512 816
514 820
513 823
515 827
513 831
513 833
513 836
513 838
513 841
514 843
513 894
512 894
514 896
514 897
515 899
512 901
512 904
515 902
516 902
513 901
513 904
516 907
514 910
515 909
515 909
512 911
513 911
513 913
515 913
515 911
513 915
514 914
514 912
514 918
514 917
508 916
512 917
510 920
514 919
514 920
514 921
513 922
513 911
514 922
508 923
513 923
514 926
514 923
514 922
514 923
514 923
513 923
514 923
514 923
514 926
514 922
516 923
513 923
514 922
513 924
514 922
513 921
513 919
513 919
513 907
512 914
514 915
513 857
512 856
514 853
517 839
514 849
514 834
514 843
513 839
514 836
513 832
513 829
513 826
513 819
515 816
513 812
515 807
515 805
515 799
515 795
514 793
514 790
514 786
513 784
514 778
515 774
513 770
513 765
512 761
512 744
514 753
515 749
513 744
513 741
514 736
512 733
515 729
513 724
513 721
513 716
512 711
513 708
515 704
513 698
514 693
514 689
514 686
515 689
513 666
517 673
517 667
513 666
511 663
513 659
514 654
514 648
513 642
518 637
514 501
514 496
514 494
512 490
513 509
510 483
514 479
512 476
514 472
513 469
514 465
515 460
514 456
513 453
513 449
514 444
515 440
513 436
516 430
513 425
516 419
513 417
514 411
515 405
514 398
514 395
515 390
516 389
515 381
515 377
514 373
515 369
516 367
515 360
515 355
515 352
515 347
517 343
514 340
515 335
515 331
514 328
514 325
515 321
513 316
514 312
525 307
517 304
514 301
515 297
514 294
514 290
514 278
513 283
514 280
513 276
514 272
508 179
508 183
513 173
513 170
514 167
515 164
514 162
514 160
514 158
514 157
513 153
514 153
514 151
514 149
512 147
513 146
514 132
514 142
513 141
514 140
515 139
513 138
512 138
513 136
514 137
513 133
514 133
514 131
514 129
513 128
514 127
513 127
513 126
514 126
514 125
514 124
514 123
513 123
517 125
511 119
524 123
513 123
513 123
515 118
514 117
513 117
513 117
513 116
514 116
513 115
514 115
512 114
513 114
514 115
515 114
513 110
516 113
525 135
512 134
513 139
508 143
514 138
513 127
513 141
514 143
514 145
514 146
514 142
513 150
513 152
513 155
514 156
515 156
514 160
514 162
512 164
514 166
514 169
514 169
514 173
513 175
514 179
515 174
514 184
515 187
514 189
513 194
513 199
513 201
514 205
515 208
514 212
513 216
513 224
514 225
515 228
514 232
515 230
514 235
509 239
518 243
518 253
511 252
515 257
516 253
514 267
512 271
512 276
512 281
512 285
512 289
513 291
513 296
513 300
516 450
514 454
512 457
511 461
512 463
514 467
513 466
513 473
514 477
514 480
513 485
511 483
515 493
512 498
513 502
513 507
513 513
512 509
511 524
513 529
515 533
514 538
514 542
514 549
512 552
511 556
516 565
514 564
513 567
514 571
515 576
514 583
512 583
513 587
514 591
514 596
513 600
514 596
513 610
512 615
513 620
513 624
514 631
515 635
514 639
514 644
513 649
514 649
514 656
514 666
515 667
514 672
512 676
514 680
514 685
515 689
513 693
514 810
512 812
512 815
516 816
514 822
513 824
513 828
513 831
514 834
515 836
515 840
514 843
514 844
512 848
512 851
513 853
512 856
513 857
513 859
515 857
513 866
513 869
513 870
514 875
513 876
514 879
514 880
514 882
514 884
514 887
514 886
513 890
514 892
514 893
514 897
516 894
514 897
513 898
511 900
514 903
514 901
516 904
515 902
514 904
512 905
513 898
513 909
515 907
512 911
511 908
513 913
513 913
515 912
514 914
513 912
510 917
513 915
514 919
514 916
514 914
514 912
515 909
514 905
512 905
513 904
514 903
513 902
511 897
514 899
514 899
513 897
514 897
514 895
513 894
514 892
513 891
513 889
514 886
514 884
514 881
514 881
513 877
514 876
514 873
513 871
515 869
513 865
513 866
515 854
514 858
514 857
518 854
514 851
513 848
513 845
515 841
513 837
514 835
506 831
514 826
513 823
513 820
513 816
514 812
514 812
514 804
513 798
513 796
515 790
514 787
515 774
515 779
516 774
516 665
513 662
515 658
517 654
514 650
519 646
517 641
515 637
512 636
511 627
515 623
514 617
513 609
513 604
513 587
521 593
511 588
509 587
514 582
515 578
515 574
515 568
518 566
515 563
512 563
513 555
514 555
513 549
517 543
518 540
516 535
515 530
514 526
513 521
514 514
516 509
516 505
514 500
517 495
515 491
513 487
510 476
515 478
514 473
516 469
518 470
513 462
514 461
514 455
513 450
514 447
513 434
515 439
516 433
518 429
517 424
514 418
514 194
514 192
515 191
514 188
513 186
514 185
513 184
513 180
511 178
524 175
525 171
515 170
514 166
515 165
512 163
513 160
514 157
516 154
516 151
514 149
514 149
514 148
514 147
512 146
515 145
514 142
513 139
514 139
515 138
514 138
513 137
513 134
514 134
513 133
514 135
514 132
513 130
513 128
513 126
514 126
513 127
514 125
511 124
513 122
514 120
514 123
513 140
514 128
510 118
508 120
511 128
513 117
514 117
515 119
514 116
514 115
514 116
514 208
513 212
514 212
514 215
513 220
512 224
514 227
513 231
513 237
513 240
512 250
515 267
515 241
514 268
514 262
514 265
512 266
513 270
513 274
514 278
513 282
514 286
514 289
514 293
513 297
514 302
513 306
513 310
514 315
513 320
512 326
510 332
509 336
508 340
509 343
508 348
512 351
513 355
512 357
514 360
513 364
513 365
514 372
514 378
513 382
510 386
511 392
516 393
512 399
513 403
514 409
513 416
513 424
512 429
504 432
515 437
515 441
513 711
512 715
512 718
513 722
513 725
514 729
514 733
513 736
513 741
513 745
513 748
514 752
511 756
513 763
512 764
512 767
513 771
512 775
512 782
513 780
513 784
513 788
512 791
513 796
514 798
513 800
514 804
514 807
515 811
514 814
513 817
512 820
511 825
513 827
511 830
512 833
513 835
513 837
515 841
514 843
514 850
513 849
512 852
513 854
513 857
512 859
512 862
513 864
514 866
514 869
512 877
511 876
512 879
513 881
512 883
513 884
514 886
516 903
514 903
514 905
515 906
514 910
514 910
512 909
513 914
514 911
514 912
515 912
515 915
511 913
514 920
513 916
516 918
515 917
514 919
515 916
513 921
512 920
514 921
513 921
513 920
513 922
513 923
515 922
512 923
513 922
514 923
514 923
514 929
514 923
514 923
513 922
514 921
514 923
515 923
516 923
514 923
514 923
513 923
514 923
512 922
514 921
514 922
513 917
514 915
512 913
513 910
514 908
514 907
514 904
514 904
513 905
513 901
513 900
515 857
514 855
515 852
514 851
513 846
508 843
514 839
513 836
513 832
513 828
513 824
514 821
514 816
514 811
514 808
512 802
512 798
514 795
516 792
513 791
514 783
513 782
513 778
513 775
513 771
512 765
514 760
514 756
513 753
513 747
513 746
513 740
514 737
513 733
511 729
512 725
513 720
513 709
515 711
515 706
514 699
518 696
518 691
521 687
519 682
517 676
515 680
511 673
513 666
513 666
514 662
514 656
513 652
516 648
516 643
515 637
515 635
515 531
517 526
514 522
513 518
515 511
514 507
516 500
516 495
517 491
514 487
512 484
514 479
515 473
516 471
516 467
514 464
513 461
513 457
513 453
513 448
514 445
513 440
514 433
513 432
514 425
514 420
513 415
515 410
514 404
515 397
514 394
516 388
515 385
515 382
515 377
514 374
514 368
514 365
515 359
515 357
516 351
516 347
515 343
515 338
515 335
515 331
514 327
515 323
516 318
514 316
515 312
514 308
513 302
514 300
513 297
513 294
514 289
514 210
514 209
514 207
514 203
513 200
514 197
514 194
513 193
515 190
513 190
513 184
513 182
514 184
509 185
521 177
532 172
514 167
512 165
513 162
514 160
513 156
514 156
513 153
514 152
513 151
513 149
515 148
513 147
514 145
514 143
513 142
514 143
514 139
514 138
514 137
512 136
513 134
513 133
515 132
516 128
515 130
514 130
513 129
514 126
513 127
514 125
514 123
515 123
513 122
510 124
513 122
514 124
513 125
513 122
514 121
515 124
513 117
513 115
514 116
514 117
511 118
513 120
515 122
514 124
513 127
514 130
514 131
514 132
514 133
515 135
516 135
520 137
517 136
515 138
521 139
514 142
514 142
513 145
513 146
513 143
513 151
514 153
513 154
514 155
513 158
513 160
515 162
513 164
514 166
514 168
513 171
514 174
513 176
513 180
514 185
514 184
513 188
515 191
514 195
514 195
513 201
514 205
513 208
513 212
513 216
513 218
513 224
511 229
513 234
511 238
512 242
511 246
511 253
511 379
512 382
514 386
513 390
513 393
515 397
511 402
510 406
513 412
514 419
514 421
509 427
509 434
514 440
514 443
514 449
514 454
513 459
509 463
513 466
512 467
514 469
514 473
514 477
513 481
514 485
513 492
510 492
514 497
517 502
513 508
512 512
512 519
512 524
511 529
512 532
514 539
514 543
513 547
514 552
513 555
512 559
513 564
513 569
514 572
512 575
513 578
515 583
514 588
514 592
513 597
514 601
514 606
513 610
514 615
512 620
515 624
513 759
514 762
513 765
513 769
515 772
514 775
512 778
513 783
513 785
513 790
514 793
514 797
513 798
512 803
511 806
512 809
513 814
513 814
513 817
513 821
514 824
513 825
513 831
513 834
514 837
512 839
513 847
513 845
513 847
514 849
514 852
514 855
513 858
513 861
511 864
512 866
510 869
512 869
514 874
514 876
513 878
514 880
515 883
513 890
514 885
512 888
516 891
513 892
513 892
515 894
514 894
513 895
512 898
516 899
513 901
512 902
513 903
513 923
515 923
514 923
514 923
514 923
513 924
513 922
514 923
516 923
514 923
514 922
513 922
514 922
514 920
514 917
513 918
512 916
513 916
514 911
513 907
514 907
513 905
513 904
513 902
514 902
513 899
516 900
514 899
513 897
513 897
514 896
514 894
513 892
514 889
514 888
514 886
514 883
514 881
514 879
514 875
513 876
512 873
513 871
515 869
514 866
514 865
513 859
515 859
512 856
513 853
513 850
513 852
514 846
514 841
515 838
514 834
515 831
514 725
517 724
513 722
512 717
510 712
521 706
517 702
518 699
517 695
511 693
512 690
513 686
513 682
513 678
514 673
514 668
514 662
516 656
519 654
514 651
513 648
514 644
513 638
514 629
513 627
514 621
514 615
513 611
514 610
514 600
513 595
513 588
517 584
517 579
512 577
513 574
513 571
514 566
515 562
518 559
514 558
513 553
513 550
514 547
514 540
515 536
515 530
516 524
518 517
516 514
515 510
515 504
515 500
512 495
513 493
515 486
516 480
513 330
513 327
514 324
514 320
514 316
514 312
513 308
514 304
512 299
517 295
512 292
513 286
514 285
514 281
514 277
515 272
514 269
514 267
514 265
514 259
514 256
515 251
514 247
514 246
513 242
513 238
513 234
513 232
514 228
515 225
515 223
512 217
513 215
514 213
514 210
514 208
514 203
513 201
513 200
514 196
514 194
515 190
512 191
513 185
514 182
514 175
513 178
517 175
494 173
497 168
514 167
517 163
517 161
516 158
514 157
512 155
514 153
513 117
514 117
513 117
514 116
514 116
514 119
515 115
514 115
514 115
514 115
513 114
514 115
515 114
513 114
513 113
514 112
513 111
514 114
514 114
514 114
514 114
514 115
513 119
514 117
514 116
513 118
514 119
513 121
514 124
512 125
514 129
514 130
513 135
514 137
514 134
513 135
514 136
513 137
509 139
516 139
509 137
514 142
514 143
514 149
514 147
512 149
514 151
514 153
514 155
514 156
513 159
514 160
515 163
513 166
514 168
513 169
513 172
513 304
514 306
513 311
514 315
513 320
514 325
512 328
513 333
509 337
509 340
510 346
511 350
512 353
513 356
514 360
514 363
514 367
514 372
514 376
514 380
511 384
511 390
513 394
515 398
516 403
515 406
513 412
511 421
513 426
510 430
514 437
511 440
513 446
514 451
511 454
511 458
514 466
514 465
512 469
512 472
514 475
515 477
514 483
514 491
514 490
512 495
513 498
515 507
514 507
512 516
513 521
514 526
509 535
514 535
516 540
513 545
513 550
513 677
513 680
514 683
514 687
510 691
513 694
511 698
512 700
513 705
512 709
513 713
514 717
513 720
513 724
513 729
513 733
513 736
513 741
513 744
513 747
513 751
513 757
513 760
513 762
512 766
513 769
513 772
513 776
514 780
513 784
517 787
513 790
514 794
514 798
512 801
514 803
513 807
514 807
514 813
513 816
514 820
514 820
514 827
511 829
512 832
514 834
513 837
513 839
513 841
515 845
515 848
513 850
513 854
513 857
513 859
514 861
515 863
514 919
515 916
513 918
513 920
514 920
513 919
514 920
515 921
515 919
513 921
512 922
512 922
514 918
513 923
511 921
514 923
514 923
514 924
513 923
513 923
513 922
514 923
512 922
514 923
515 923
512 923
513 923
513 922
514 921
514 920
514 919
514 918
514 916
513 915
514 912
513 914
515 907
513 906
512 905
513 905
514 902
517 902
515 901
515 898
513 899
514 899
513 900
513 895
514 892
513 890
514 889
514 884
513 885
512 883
514 884
514 877
513 749
514 748
513 743
513 741
514 736
516 733
514 729
516 725
516 720
515 717
514 711
514 709
514 704
514 699
514 695
514 691
514 686
513 681
515 677
513 671
514 667
517 664
530 676
513 658
512 656
514 652
514 646
514 640
513 635
515 629
517 626
514 620
511 613
512 609
513 605
514 598
515 591
513 588
516 583
514 578
514 575
514 573
514 568
514 566
513 563
512 560
511 556
514 554
513 547
515 543
517 538
517 534
513 529
513 523
513 518
513 513
514 507
514 284
513 281
513 277
514 272
515 271
514 268
513 264
513 261
513 260
514 254
515 250
516 248
513 244
514 240
514 236
513 233
514 231
514 228
514 225
514 223
514 223
514 216
515 212
516 208
515 206
515 202
515 200
514 197
514 195
514 193
514 191
512 189
512 185
512 182
514 179
514 176
513 173
508 172
511 164
512 166
514 163
513 161
513 159
513 157
512 154
512 152
515 151
515 148
514 148
514 147
513 146
512 144
514 143
513 141
513 140
514 137
514 135
516 122
513 122
514 122
513 121
513 121
513 120
514 120
514 117
509 132
516 114
516 132
514 117
513 115
514 116
514 114
513 114
513 114
514 115
515 114
514 114
514 113
514 114
514 113
514 113
513 114
514 113
509 114
514 114
514 114
514 115
514 115
514 115
514 115
513 116
513 117
513 117
513 117
513 121
513 123
513 125
513 127
514 130
513 131
514 133
514 134
514 135
514 136
517 140
516 139
511 141
514 140
511 138
513 147
514 145
513 147
515 149
513 151
514 221
515 224
514 227
513 229
515 233
511 237
513 240
512 243
514 246
513 257
514 237
516 255
507 267
509 246
512 277
514 274
510 279
512 283
514 288
514 291
513 296
513 299
514 302
514 306
516 310
517 314
516 319
516 327
516 327
514 332
514 336
514 340
514 345
514 349
514 356
514 360
512 368
511 366
513 370
514 372
514 376
514 377
514 386
514 391
513 397
508 403
511 407
515 413
517 415
515 421
514 426
514 432
516 436
511 444
512 447
516 451
513 455
514 561
515 564
512 567
513 571
513 576
511 576
510 582
512 586
513 591
514 595
514 604
514 604
512 609
513 614
514 619
512 623
512 629
513 634
511 639
513 644
513 651
513 653
514 658
513 662
513 667
513 671
513 675
508 675
513 684
513 688
513 691
513 699
513 699
513 702
513 706
514 709
514 710
513 717
514 721
514 725
513 730
514 733
514 737
514 742
514 745
514 748
514 752
513 756
513 760
514 764
513 767
513 771
511 773
513 773
514 781
513 785
514 788
514 855
513 857
514 859
514 858
514 865
513 868
511 871
513 873
513 876
513 878
514 879
514 882
514 884
513 886
514 888
514 893
515 891
514 892
514 893
515 895
514 897
512 898
507 899
513 900
515 899
514 902
513 902
514 906
513 905
513 905
513 907
514 908
515 910
515 913
513 911
514 913
514 913
515 914
515 914
513 916
512 916
514 916
512 917
513 921
514 919
514 918
513 922
512 921
514 922
514 929
514 921
514 921
514 922
514 918
513 923
514 923
514 922
514 904
513 903
514 902
513 901
514 899
514 901
514 898
514 893
512 895
514 895
514 892
513 890
513 890
513 887
514 884
516 881
513 879
514 877
514 875
513 874
515 871
513 869
512 867
514 865
513 863
512 860
514 858
513 855
515 852
514 848
510 845
514 843
514 834
513 835
514 831
513 828
514 824
513 819
510 818
513 813
513 809
513 805
512 801
514 796
512 794
513 791
512 786
511 781
514 776
513 772
515 768
516 763
517 758
517 754
517 750
517 749
514 743
518 599
515 594
515 590
515 585
