514 867
512 865
513 863
513 861
514 855
513 856
513 854
513 851
514 848
513 845
513 842
513 839
513 836
512 832
514 828
513 824
513 819
511 816
513 812
513 807
513 803
513 798
513 795
514 791
513 788
513 785
513 781
513 778
513 774
513 770
514 765
513 764
513 756
512 755
513 752
513 747
513 743
513 738
513 734
511 730
513 726
515 722
513 716
513 710
512 705
513 701
514 696
513 693
513 688
511 684
513 681
513 678
513 674
513 670
514 667
513 662
513 657
513 266
514 269
514 272
513 276
515 282
515 284
512 289
511 294
513 298
513 301
514 306
513 309
514 314
513 318
513 322
513 326
513 330
514 334
513 338
516 341
514 347
514 349
514 355
513 359
514 363
514 368
513 373
513 376
514 380
514 382
513 386
514 389
513 398
513 404
513 409
513 415
513 420
513 425
513 431
514 433
514 439
514 445
514 444
482 450
510 458
490 460
514 466
514 467
510 471
513 474
513 478
514 482
514 485
511 489
514 494
513 499
514 504
513 580
513 576
513 572
514 569
513 566
513 563
513 560
514 558
513 554
513 550
513 546
513 541
513 534
513 531
513 527
511 521
513 515
514 508
514 503
513 499
514 494
513 492
514 485
514 482
511 476
513 474
513 471
513 466
512 462
514 460
511 457
514 450
515 446
513 441
512 438
511 433
513 428
512 424
513 417
513 412
513 408
512 403
514 397
514 391
514 390
514 381
514 380
514 375
516 371
514 365
514 362
514 357
514 353
514 349
515 345
514 340
513 337
643 146
611 145
641 144
643 143
641 139
658 140
642 139
607 138
644 137
684 134
677 135
658 131
662 132
655 130
622 129
644 129
628 129
661 128
659 127
639 123
616 125
628 122
620 123
629 122
656 125
651 122
638 120
628 119
620 119
600 118
593 118
585 122
588 118
599 117
584 115
597 115
576 115
588 115
576 115
583 114
600 115
562 114
583 114
545 114
551 114
535 115
545 115
578 115
545 114
576 115
541 115
546 116
526 116
519 117
526 117
513 118
516 122
513 283
504 269
515 290
512 291
513 296
513 301
514 304
513 310
514 314
514 320
513 323
514 329
514 333
513 337
513 341
514 344
514 350
513 353
513 356
514 359
514 363
514 367
514 371
514 375
513 379
513 383
514 388
514 393
514 399
514 405
514 411
513 417
513 422
513 427
513 428
511 436
513 441
513 447
514 451
513 455
518 458
515 457
511 464
514 468
514 472
516 476
513 479
508 483
514 486
514 490
514 495
514 499
513 504
514 510
514 515
513 520
513 673
513 678
514 681
513 684
513 689
513 692
514 695
513 699
513 702
513 705
512 708
511 712
513 716
513 720
513 723
513 727
507 732
512 736
512 740
513 744
513 748
512 751
509 754
512 759
513 761
514 766
514 769
514 772
512 775
512 778
475 780
323 780
178 785
160 788
164 794
174 797
213 800
196 803
220 807
214 810
208 812
249 816
228 819
255 823
228 825
219 830
252 831
237 835
280 837
248 840
277 843
300 845
275 846
302 850
260 850
290 855
275 858
275 914
403 914
390 915
377 916
379 916
426 917
441 917
382 916
398 919
379 919
422 920
449 920
412 921
453 921
416 922
453 922
427 922
428 922
459 923
425 921
461 923
437 923
466 922
474 922
454 921
475 921
454 922
459 920
450 922
463 922
460 922
469 917
480 921
499 920
503 919
505 917
512 915
511 913
512 911
513 908
514 907
510 905
513 905
513 902
513 901
513 900
513 901
514 899
513 897
513 896
513 895
514 894
513 891
512 889
514 888
513 885
514 884
513 789
514 785
514 782
513 777
514 773
513 770
514 766
513 763
513 759
513 755
513 751
514 748
512 743
514 738
513 733
513 730
514 726
514 721
513 717
510 713
513 710
513 706
513 699
513 693
512 691
513 687
512 683
515 679
513 673
513 670
513 666
514 663
513 659
513 655
513 650
513 645
514 641
513 635
513 630
514 624
514 619
511 613
513 609
513 603
514 598
513 593
514 589
513 586
513 579
513 577
513 573
514 569
513 566
513 563
513 559
514 556
514 552
513 373
513 370
513 366
513 361
509 356
512 352
514 349
514 344
505 341
513 336
514 334
513 330
513 327
513 325
513 319
513 315
513 311
513 306
513 303
512 312
513 295
513 294
513 288
514 283
514 281
510 277
516 273
514 269
514 264
516 261
515 259
521 254
609 250
650 251
888 252
907 248
906 243
848 239
837 236
839 231
838 229
853 225
787 222
802 219
792 214
779 212
810 209
773 206
778 204
732 201
736 200
761 196
720 194
738 191
722 189
763 186
785 181
597 124
591 124
626 122
653 122
616 122
646 121
591 119
607 119
603 118
616 117
621 118
591 115
618 116
617 116
627 116
566 116
544 113
544 115
557 115
567 114
584 115
587 115
569 115
580 115
558 114
568 115
540 116
558 114
569 115
552 115
566 115
530 116
551 114
524 117
519 117
519 120
514 122
514 124
514 126
508 124
515 135
513 131
513 131
515 132
514 135
514 136
513 136
513 138
513 138
513 140
514 142
514 143
514 145
513 146
509 145
515 148
513 153
511 297
514 298
512 303
513 309
513 312
514 318
513 321
513 326
513 329
513 333
513 337
513 341
514 344
513 348
514 352
513 356
514 360
514 365
513 371
513 372
514 379
513 381
514 384
514 388
514 394
512 399
513 406
513 412
514 417
513 423
514 425
508 430
513 436
514 443
514 448
514 452
521 453
507 456
521 469
522 461
514 471
515 475
508 477
513 480
513 483
514 485
513 490
513 496
513 500
513 506
513 513
514 517
513 523
512 528
514 532
513 537
514 542
513 600
513 604
513 609
514 615
511 619
513 624
515 631
516 642
515 641
514 653
513 649
513 653
513 658
512 663
512 668
513 670
513 673
513 679
513 683
513 687
514 691
513 696
514 699
513 703
511 706
510 710
513 714
513 717
513 722
513 725
507 729
513 733
514 737
512 740
513 744
513 748
513 753
513 756
512 759
513 763
512 767
509 770
512 774
509 777
506 780
424 781
209 785
171 783
188 794
196 791
222 795
229 800
224 804
229 807
244 810
235 814
221 817
323 879
308 880
310 882
346 882
299 886
314 888
284 889
352 890
366 891
323 892
394 893
400 897
422 896
327 905
343 897
330 900
325 902
425 903
404 903
388 905
338 906
376 907
407 908
403 910
444 910
395 911
367 912
382 913
392 913
412 914
429 914
429 915
399 916
370 917
382 917
422 918
427 917
451 917
426 919
434 920
431 921
419 920
432 922
412 921
445 922
409 920
433 922
454 923
437 922
470 922
443 922
480 923
455 923
443 923
457 923
440 922
465 922
513 890
512 885
513 886
513 884
513 881
513 882
513 878
513 876
514 874
513 873
513 870
513 868
514 865
513 863
513 861
513 857
512 854
513 851
511 848
513 844
512 841
511 840
513 835
514 833
513 830
514 826
513 822
513 817
513 814
513 809
513 804
511 800
513 796
513 791
513 787
514 784
513 780
514 775
513 771
513 767
513 763
513 760
513 755
513 752
513 749
513 745
514 742
514 737
510 733
513 729
513 725
513 720
513 716
513 712
513 707
513 702
513 593
511 587
513 583
513 579
514 578
513 574
514 571
513 567
513 565
514 562
513 559
513 556
514 552
513 547
513 541
514 537
514 532
514 528
513 524
513 518
513 512
513 506
513 501
513 496
514 493
511 489
513 484
512 480
513 474
512 469
512 467
513 461
514 460
509 458
515 452
511 447
512 444
515 439
515 435
512 431
512 425
514 422
514 415
514 411
512 406
511 399
512 397
513 392
514 387
513 382
514 377
513 373
513 368
514 364
513 360
513 354
514 350
513 257
523 254
604 255
644 251
818 253
922 251
867 248
860 242
847 238
820 238
824 231
803 228
783 225
783 221
788 217
810 214
807 211
810 209
804 206
778 203
796 201
755 197
736 197
735 193
737 189
774 186
746 183
758 181
772 180
778 177
784 173
735 172
746 169
728 165
773 162
727 161
724 158
772 156
733 154
715 152
650 150
729 149
719 147
639 146
643 144
657 143
691 142
664 140
688 139
696 140
664 140
642 137
631 135
616 134
620 132
630 131
642 131
666 116
553 115
567 115
564 115
561 115
560 119
542 116
551 118
527 119
516 120
516 123
514 125
511 127
514 127
514 131
514 131
514 133
514 135
514 137
515 137
514 138
514 140
513 139
513 140
513 142
513 147
513 145
514 147
508 156
517 150
510 152
513 154
514 158
513 160
514 162
514 164
514 167
515 169
514 170
512 175
514 177
513 180
514 182
514 186
510 189
515 191
513 194
514 194
514 200
513 204
514 207
514 210
513 214
513 219
514 222
515 228
513 232
513 364
514 368
514 371
514 373
507 378
514 381
513 387
513 393
513 399
513 403
514 407
513 413
514 416
513 422
513 428
514 433
514 440
514 444
513 448
514 452
513 456
513 458
513 461
514 465
514 469
515 474
514 477
514 481
514 484
514 489
510 493
514 497
514 502
511 507
514 513
514 518
513 524
514 529
515 534
514 539
513 544
513 549
510 553
513 556
514 560
514 564
513 568
513 572
513 576
513 580
512 583
512 587
513 591
514 596
513 601
513 605
513 611
514 749
514 753
513 756
513 760
513 763
508 766
514 770
511 774
509 776
506 781
405 781
219 783
177 785
203 790
215 795
204 799
243 801
217 805
230 809
229 812
225 815
215 818
212 821
243 824
246 827
245 830
280 833
272 836
290 838
266 840
250 843
257 846
252 848
286 851
288 854
286 856
280 860
284 862
290 866
260 868
231 871
234 873
267 876
298 878
321 881
320 883
311 885
318 885
333 888
355 890
347 890
365 891
339 893
353 908
370 912
321 901
348 898
423 920
415 921
425 921
439 921
449 922
446 922
460 922
443 921
445 923
434 921
440 923
448 922
439 924
453 925
462 921
472 922
468 922
468 922
478 922
474 921
500 920
485 919
503 918
513 918
512 916
512 914
512 912
512 911
513 907
513 905
513 904
513 901
513 903
513 901
513 900
513 899
513 898
513 897
514 896
513 894
512 892
513 890
513 888
512 887
514 884
513 882
513 880
513 877
514 876
514 874
513 872
514 869
514 866
516 865
513 863
514 860
511 857
513 719
513 716
513 714
513 711
513 708
513 704
513 699
512 696
516 689
513 686
513 681
513 676
514 671
513 668
513 664
513 661
513 657
513 653
513 648
513 643
512 636
513 632
513 628
510 624
513 618
513 612
513 607
513 599
513 595
513 590
513 586
513 582
514 578
514 574
513 570
513 568
513 565
513 562
513 558
513 554
513 548
513 545
513 542
513 538
513 533
513 528
513 520
513 515
513 510
513 506
516 500
514 494
513 491
514 485
512 482
514 479
513 474
513 320
514 316
513 312
513 308
513 304
514 301
512 297
513 293
514 291
513 286
513 283
514 279
514 275
514 269
514 267
515 264
516 260
524 256
558 255
636 252
770 254
878 249
874 245
857 241
836 236
805 234
807 230
836 227
821 224
817 219
808 216
783 216
766 211
763 208
771 205
763 203
762 199
778 197
764 195
764 192
744 189
740 186
736 184
724 179
758 178
766 177
791 173
765 171
743 177
770 164
754 162
752 162
700 158
713 156
747 153
718 151
705 152
569 116
590 116
617 116
603 115
622 116
551 108
565 114
573 115
579 114
595 114
581 112
591 115
567 115
573 115
563 114
555 114
564 115
548 115
556 115
546 116
545 116
544 118
520 119
514 121
515 123
514 126
514 127
515 129
514 131
515 132
514 133
513 135
513 136
514 137
515 138
514 139
513 139
514 141
514 143
513 144
513 147
514 149
514 150
513 156
512 158
514 156
516 158
514 160
514 162
513 166
514 167
513 169
513 173
514 174
513 177
513 179
515 310
513 303
514 305
514 308
514 314
513 318
514 322
513 327
514 331
513 335
513 340
514 343
513 348
513 350
514 354
513 358
513 362
513 367
513 371
513 376
513 381
513 385
513 389
513 392
514 396
514 401
514 406
513 412
513 419
513 426
514 432
513 436
515 439
512 444
519 450
514 453
513 457
513 464
514 462
516 466
515 470
513 474
514 479
514 482
513 486
514 490
514 494
514 499
513 503
513 509
515 514
514 517
513 524
513 528
513 534
519 539
514 545
513 705
513 707
513 710
516 713
517 716
512 719
515 723
512 727
513 732
514 734
513 739
513 742
513 745
513 750
513 754
514 758
513 762
513 765
513 767
513 772
512 775
512 779
507 782
372 782
150 783
177 791
175 794
228 800
235 799
226 802
239 805
200 808
240 813
251 816
246 818
245 822
203 824
223 831
229 831
257 835
278 837
262 839
285 842
281 844
298 848
288 850
234 852
245 854
275 858
294 862
290 864
272 866
287 869
270 871
267 874
277 876
285 879
300 921
426 921
421 921
418 921
420 921
454 922
448 922
444 922
442 922
448 922
441 922
449 920
446 922
456 922
461 937
469 913
477 922
465 923
468 922
484 922
487 921
487 921
507 920
505 918
505 916
514 914
513 912
512 910
513 908
515 906
511 905
513 904
513 905
513 902
513 901
512 900
513 899
512 899
513 897
514 895
513 893
513 892
513 890
513 888
512 885
514 883
512 882
513 879
513 877
514 875
513 873
515 871
513 868
513 866
513 864
513 862
513 858
514 715
513 710
513 706
512 704
513 700
514 695
513 691
513 687
514 682
513 679
513 676
513 673
513 669
512 666
513 666
513 657
516 651
513 646
514 641
514 637
513 632
513 627
513 621
513 615
513 609
514 604
513 598
513 594
514 590
513 586
513 582
517 578
513 576
513 571
513 567
513 564
514 560
514 557
513 553
513 550
513 546
513 540
513 534
513 530
513 524
514 520
513 515
513 509
520 504
513 498
513 493
513 489
511 487
513 481
513 476
514 473
517 470
513 401
516 398
514 394
512 387
513 381
515 378
513 374
513 370
512 366
514 362
514 357
513 353
512 349
513 346
513 342
513 338
513 335
513 332
513 329
513 323
515 320
513 316
513 311
513 307
514 303
511 300
513 295
513 292
513 288
513 285
522 281
513 278
513 275
514 271
514 266
517 263
515 260
520 257
563 255
650 251
804 252
907 247
898 244
837 239
833 237
801 233
832 230
834 227
798 222
811 219
790 216
784 212
768 209
767 207
802 203
788 201
768 199
628 144
622 143
633 143
672 140
686 140
682 139
657 138
642 139
632 136
651 134
682 132
658 131
671 131
632 130
629 128
633 128
627 126
654 128
635 126
643 125
611 121
591 123
623 122
629 121
652 120
628 120
639 118
635 117
629 119
622 117
604 118
592 117
602 118
596 116
615 115
614 115
596 115
592 115
563 115
572 115
571 115
577 115
586 114
578 114
589 116
554 116
567 114
548 116
550 116
555 115
541 115
550 116
527 114
524 117
514 119
511 122
513 124
514 165
523 166
513 169
524 169
514 172
514 174
514 177
514 179
517 183
513 186
514 188
514 193
514 195
513 199
519 202
513 207
514 208
515 216
514 218
513 223
513 226
514 230
514 235
513 238
514 245
513 246
513 249
514 253
514 258
513 257
512 263
512 268
514 272
514 277
514 281
518 284
512 289
517 293
521 298
513 300
513 306
513 308
514 314
514 319
513 321
514 326
513 330
514 335
513 339
514 344
514 349
514 352
513 356
514 360
513 365
514 369
514 373
514 480
515 484
513 487
522 491
513 495
513 499
514 504
513 511
514 516
521 521
514 526
514 530
513 539
515 542
513 548
513 551
513 555
513 557
516 561
514 566
514 570
513 574
514 578
522 581
513 585
512 589
513 595
513 598
513 603
515 608
511 613
511 619
512 624
513 628
513 633
516 631
504 641
504 642
504 646
513 656
512 661
512 665
513 669
513 673
513 677
513 682
513 687
513 690
514 695
514 698
516 702
513 706
513 710
516 713
513 717
513 720
523 725
229 811
231 814
255 816
238 819
236 823
248 825
247 830
268 831
251 835
253 836
250 840
226 843
262 845
263 848
274 851
276 855
274 856
297 859
283 861
279 864
252 867
249 870
279 872
269 874
298 877
287 879
310 881
346 884
333 885
344 887
287 888
345 891
388 891
378 892
353 895
351 896
412 897
370 898
372 900
378 901
331 900
334 902
367 903
421 905
395 906
377 907
371 907
362 908
384 909
427 906
410 911
399 913
387 915
381 914
370 914
389 916
432 914
514 916
513 914
512 912
513 909
512 908
513 905
513 904
513 903
513 902
513 902
514 900
513 898
513 898
513 897
514 896
521 894
513 893
513 891
513 891
512 888
513 885
512 883
513 881
513 879
513 877
513 874
513 874
513 871
514 868
513 865
513 863
516 861
514 858
513 854
513 852
513 853
514 847
513 843
512 840
513 837
514 833
513 829
513 826
513 824
513 817
513 814
513 810
513 804
513 801
513 798
513 794
513 790
521 786
513 781
513 776
513 775
513 640
513 639
513 634
513 630
513 625
511 620
513 615
512 608
521 604
512 597
513 592
513 590
513 583
513 580
514 576
514 574
513 570
513 566
513 563
513 559
513 556
513 553
513 548
513 544
514 539
514 535
513 531
513 525
513 519
513 513
520 508
513 501
513 498
514 495
515 490
513 486
513 481
513 478
513 471
512 469
512 467
513 463
511 458
515 453
513 448
513 446
513 442
518 437
514 432
512 425
513 423
514 416
515 412
512 407
511 401
512 398
513 392
514 261
517 258
521 256
535 256
622 253
633 251
874 251
906 246
906 243
888 239
814 234
806 232
786 228
830 226
819 223
784 218
792 215
757 212
782 209
787 207
777 203
784 200
738 198
763 197
774 195
764 191
762 186
739 185
732 182
737 180
751 177
775 174
771 172
779 169
743 167
764 164
762 161
729 159
721 156
715 154
749 152
689 151
652 149
674 147
687 147
668 144
671 143
682 142
667 141
642 140
652 138
660 139
628 136
651 134
698 135
690 133
656 131
623 115
586 115
574 119
590 115
597 114
601 115
592 115
588 114
561 114
567 115
558 115
560 115
563 115
551 119
556 117
526 118
516 120
516 122
514 124
515 127
513 128
514 130
514 132
525 134
514 135
515 135
514 137
514 137
514 139
513 140
514 141
514 143
513 143
514 145
514 147
514 149
514 151
514 155
515 118
526 158
513 160
514 162
514 164
514 166
514 165
523 171
513 173
514 175
513 179
515 181
514 186
513 187
514 189
514 192
513 196
513 200
513 204
514 342
514 347
514 350
514 353
513 356
514 359
514 363
514 368
513 373
514 379
513 383
513 386
514 389
514 394
524 398
514 406
514 412
514 418
513 423
514 428
513 433
514 437
513 443
514 448
513 452
513 456
514 460
514 462
513 470
512 458
514 490
512 475
513 480
513 484
514 488
511 492
514 496
513 501
514 506
513 510
514 517
513 523
513 528
514 532
513 537
514 542
514 546
513 552
513 556
512 559
516 563
513 567
514 570
514 574
514 578
513 582
513 586
514 739
513 742
513 745
513 748
513 752
513 755
514 760
520 763
514 766
514 770
514 773
510 776
518 780
446 781
298 782
184 786
154 789
178 793
172 797
209 792
214 807
238 808
248 811
233 814
240 818
218 821
214 824
222 829
240 830
265 833
257 835
262 842
285 840
294 844
300 845
267 848
234 853
230 853
247 857
268 859
274 861
284 864
283 869
284 870
269 873
255 876
249 877
289 879
289 881
331 884
365 886
330 888
327 890
336 891
372 892
359 892
351 894
426 921
432 922
456 921
464 922
462 922
474 922
453 922
476 920
463 922
475 916
474 914
487 922
503 922
462 921
496 920
496 919
504 919
516 917
512 916
512 913
512 912
513 909
513 907
514 905
514 904
514 903
513 902
513 902
513 900
513 902
513 899
513 897
514 896
512 894
513 892
513 890
513 889
513 887
513 885
513 882
513 880
513 878
513 876
516 874
513 872
512 870
513 869
513 865
514 863
513 860
513 857
513 856
514 852
514 849
514 845
513 842
513 839
513 726
513 723
513 719
513 716
513 711
514 707
513 703
519 697
514 693
513 688
513 685
514 681
510 677
513 673
513 670
513 666
513 662
514 657
514 654
523 649
513 644
513 639
515 634
514 629
513 624
513 621
513 612
512 607
513 601
514 594
514 590
513 587
514 584
513 580
513 576
513 572
514 567
513 564
523 561
513 559
513 556
514 554
513 548
513 542
513 537
512 533
514 528
512 524
514 518
513 513
514 507
513 500
513 496
513 492
514 488
523 483
514 480
513 322
514 318
513 314
514 311
523 308
513 306
513 301
513 298
514 294
514 292
513 287
514 284
515 280
514 279
513 273
514 270
513 265
514 262
517 258
525 255
638 253
670 251
892 251
918 247
896 242
879 238
840 235
798 230
807 228
790 224
794 220
794 218
768 214
784 211
780 208
787 207
777 205
767 202
748 198
733 197
764 194
775 190
750 187
751 185
730 182
782 178
782 176
750 175
748 169
749 169
797 166
735 163
704 161
718 158
745 157
768 155
673 116
599 117
566 116
608 115
597 115
552 115
564 115
556 110
591 115
567 114
578 114
572 115
568 112
572 114
558 115
558 115
547 115
550 115
547 115
542 115
533 116
517 121
516 121
514 123
514 125
515 128
514 129
514 130
514 132
517 133
514 134
514 134
514 137
513 137
513 140
513 139
514 141
514 142
513 144
514 145
513 148
513 149
514 152
513 155
513 156
514 167
512 159
513 162
512 164
514 168
511 169
514 172
514 173
513 175
514 179
514 182
513 184
513 356
514 359
513 364
515 367
514 371
513 373
513 377
513 381
514 386
513 390
513 395
513 402
513 407
514 412
518 418
513 423
513 427
513 434
514 439
514 445
513 449
513 453
513 457
513 460
513 463
513 467
510 470
512 477
515 472
513 481
513 485
514 489
510 492
513 497
514 502
521 508
514 513
513 518
514 524
514 527
514 533
513 539
513 543
514 550
513 554
513 556
515 560
516 564
513 568
513 573
513 576
512 581
512 583
514 587
513 592
513 596
515 601
519 668
513 671
513 675
513 678
513 681
513 686
513 689
513 693
513 697
514 701
513 704
512 706
514 710
512 714
515 718
513 722
513 725
513 727
513 733
511 737
513 740
513 745
513 748
513 752
518 757
513 760
513 764
513 769
512 772
510 775
510 778
504 780
431 782
213 783
233 786
208 790
167 792
196 804
181 794
217 813
232 809
248 812
246 814
203 817
225 821
222 823
237 828
264 830
268 834
288 836
257 838
248 841
260 844
242 846
269 849
274 852
299 855
315 897
352 904
369 904
356 909
315 907
367 907
376 908
382 909
422 910
384 911
406 912
402 913
402 913
385 914
399 914
443 913
397 917
401 917
400 917
414 918
421 919
397 919
424 920
411 920
450 921
450 921
454 921
458 921
449 921
461 922
432 922
430 922
431 919
439 922
443 922
457 922
452 922
465 922
453 919
439 919
456 922
452 921
477 922
456 920
485 920
498 919
503 917
512 918
511 913
512 911
513 909
513 908
513 902
513 905
512 903
513 903
514 901
513 857
513 854
511 852
514 850
513 848
512 845
513 842
513 838
513 835
521 830
513 827
513 822
512 818
513 814
512 812
513 808
514 803
513 799
514 794
512 790
513 787
513 785
513 781
513 775
513 772
520 767
513 763
513 759
513 756
513 752
514 747
512 745
513 740
515 736
513 732
515 727
513 724
513 721
513 717
513 713
513 709
513 704
513 699
513 695
513 688
513 683
513 679
514 675
513 672
513 668
513 665
513 661
512 657
513 653
513 648
513 642
513 637
513 528
513 524
513 519
513 514
513 510
510 505
514 501
514 497
514 491
515 487
512 483
513 477
513 475
512 473
513 466
513 462
513 459
514 456
512 453
514 450
513 445
511 437
515 432
513 430
514 425
514 420
513 416
513 406
511 406
513 396
514 394
513 389
514 386
514 380
515 376
513 371
514 367
514 363
514 360
514 354
514 350
514 346
515 342
514 339
514 334
514 331
513 326
514 324
514 320
514 316
514 312
513 308
514 303
513 300
514 296
513 295
517 289
776 208
745 206
754 204
753 202
766 199
751 198
746 194
754 193
736 190
723 187
712 185
744 182
789 179
808 175
771 173
749 171
756 167
754 166
740 162
719 160
745 158
764 156
730 154
720 152
684 150
681 149
632 147
639 147
704 144
674 144
677 143
638 141
665 140
643 136
610 137
685 134
693 134
721 134
647 132
614 132
612 130
611 129
667 129
645 127
655 126
629 130
606 126
631 124
615 124
655 123
635 122
629 121
574 121
562 119
591 120
625 119
647 118
512 134
514 133
513 135
513 134
514 135
513 137
514 139
514 140
513 141
514 143
514 144
514 147
514 148
513 150
514 152
513 154
513 148
506 145
514 158
513 162
513 165
514 167
514 170
513 170
513 174
513 177
512 179
513 181
512 184
514 188
513 191
514 193
508 198
513 201
513 205
513 209
513 214
512 217
515 222
514 225
514 229
513 232
514 235
515 239
513 242
513 247
513 250
515 251
513 259
513 263
514 267
514 271
513 275
512 279
513 284
513 290
513 293
513 439
513 443
513 447
513 451
513 455
514 458
