512 906
513 907
513 904
513 903
515 902
513 902
513 901
513 901
514 899
514 899
514 899
513 895
513 894
513 892
513 891
513 892
513 887
513 884
513 882
514 880
513 877
514 875
513 873
513 869
513 868
514 867
513 864
513 862
513 858
514 856
514 853
518 850
513 848
513 845
514 841
514 839
514 835
514 830
515 827
513 823
513 822
512 815
514 810
513 807
513 801
513 798
514 794
514 791
513 787
513 785
513 780
513 776
514 771
513 768
514 762
513 760
514 757
514 175
513 177
514 180
513 182
514 185
514 189
514 192
516 195
514 197
513 201
515 206
514 209
512 212
511 218
509 224
518 225
513 229
514 233
518 237
513 242
514 244
514 247
516 249
513 254
514 258
513 262
514 266
514 272
514 275
513 280
513 284
513 288
514 292
518 296
514 299
513 303
514 307
514 311
514 316
513 320
513 324
514 329
513 333
513 337
511 343
515 348
514 352
513 358
514 361
514 366
512 370
513 373
514 381
513 388
513 389
512 393
514 392
513 806
513 804
513 799
514 791
513 790
514 785
513 784
513 780
513 775
513 773
513 767
513 763
513 758
514 755
513 751
511 747
513 744
513 739
513 735
512 731
514 727
512 724
515 720
514 710
513 709
514 703
514 700
514 696
513 692
515 689
513 684
513 680
514 677
514 672
514 669
516 662
513 658
514 655
514 652
513 646
511 642
513 638
513 634
513 627
513 620
514 615
515 610
512 605
512 600
514 595
514 590
514 587
513 580
516 576
514 572
514 569
514 567
665 215
656 212
663 210
658 208
635 205
633 216
632 201
646 197
650 195
647 192
613 190
645 187
645 185
635 178
624 181
603 176
644 174
631 170
631 168
650 166
656 163
687 162
636 158
629 156
591 155
588 153
604 151
579 148
617 147
588 146
597 144
619 144
595 143
581 142
519 140
550 139
584 138
578 136
625 136
593 134
577 133
557 132
578 131
601 131
575 128
581 127
561 127
552 126
559 123
553 124
595 120
570 122
574 123
574 122
566 121
584 122
551 120
514 138
513 132
511 130
514 135
514 136
516 136
513 137
513 139
513 140
514 140
514 142
513 143
514 147
513 147
513 147
513 149
514 152
513 155
513 157
514 159
513 161
515 163
513 165
511 168
514 170
514 173
513 175
513 178
513 180
513 183
514 185
513 189
513 192
514 194
514 198
514 203
513 205
514 211
513 214
498 216
523 224
501 229
512 228
511 232
514 236
513 237
513 245
513 250
513 253
514 258
513 262
513 266
514 271
512 276
517 279
513 283
512 437
514 440
514 443
514 447
514 450
513 453
514 457
512 461
514 466
514 471
512 473
512 476
514 479
516 482
513 488
513 491
512 497
510 501
512 505
514 509
514 516
513 521
512 526
514 531
514 536
513 541
513 545
514 550
514 555
512 559
508 560
514 565
509 574
516 571
511 576
513 581
513 584
513 589
513 593
514 597
514 602
514 607
513 612
513 618
513 622
512 626
512 632
513 638
512 642
507 648
513 651
512 657
512 662
511 666
512 670
512 674
512 679
513 806
358 809
390 812
367 814
375 819
363 821
359 825
379 828
379 831
380 833
370 836
377 839
409 842
397 843
401 847
380 849
363 850
399 855
388 857
404 860
367 862
375 865
411 869
393 865
393 873
357 876
404 878
420 880
405 883
432 884
407 887
433 888
415 890
406 891
443 892
426 893
470 895
462 896
458 897
445 898
426 899
452 901
444 902
457 903
427 904
388 908
439 906
459 907
487 908
490 908
465 910
449 911
411 911
442 913
464 913
478 914
470 914
427 920
495 922
506 921
484 921
507 919
511 919
512 916
513 914
505 912
513 910
513 908
514 907
513 904
507 904
513 902
513 902
513 901
513 900
513 899
514 898
513 894
513 894
513 892
513 891
513 889
513 886
513 883
513 883
515 880
513 878
513 877
513 875
515 872
517 870
514 868
514 865
513 865
514 860
513 858
514 856
514 852
512 848
516 846
513 842
513 839
513 837
512 833
514 829
513 827
514 820
513 817
514 813
513 810
513 808
514 802
513 797
514 792
513 632
515 628
514 623
513 620
514 612
514 609
513 603
513 600
514 592
513 588
513 583
521 579
514 577
514 572
517 569
513 565
512 562
512 560
513 556
513 552
513 547
516 543
514 537
513 534
512 529
512 523
514 519
517 513
512 509
511 502
512 500
513 494
512 489
514 484
514 479
509 476
515 473
514 472
513 466
513 462
515 458
514 455
513 450
513 444
514 441
513 436
513 431
514 428
515 422
510 417
513 411
517 407
515 402
513 396
513 394
512 388
513 382
659 239
658 237
660 235
655 233
653 230
623 226
631 224
644 220
650 217
679 214
666 210
661 209
647 205
630 201
655 200
612 197
620 195
636 192
625 193
660 187
643 185
654 181
664 178
630 177
651 172
623 170
656 167
649 165
610 162
634 160
617 158
642 155
588 154
598 152
635 150
605 149
610 147
559 146
570 145
568 143
551 141
612 141
599 140
615 138
604 138
598 137
585 137
568 134
575 133
556 132
572 130
592 129
562 129
581 128
577 127
575 127
583 130
513 148
514 150
514 150
514 152
514 156
514 159
514 160
514 163
514 163
513 166
514 168
512 170
513 173
513 175
513 180
513 181
514 183
514 187
513 191
513 194
514 197
513 200
514 203
513 206
513 210
516 214
515 220
516 222
514 220
512 229
513 233
513 238
513 244
513 249
513 252
513 255
513 257
513 263
514 265
513 270
513 274
513 279
514 284
513 287
513 289
513 294
514 298
513 301
513 305
513 310
514 313
515 317
513 321
514 326
514 330
513 335
514 340
528 385
511 395
512 397
513 400
517 404
514 408
514 415
513 420
513 427
518 433
513 437
516 443
513 447
513 451
513 456
513 460
512 464
513 468
513 471
513 474
514 475
514 479
514 483
514 487
512 492
517 498
513 503
511 507
513 514
515 517
514 521
515 526
514 533
512 540
513 543
513 547
512 551
513 555
515 558
513 565
515 567
515 571
511 565
515 578
514 581
514 588
513 590
514 594
514 600
512 605
512 608
512 614
514 619
514 623
513 629
513 634
514 639
512 751
515 740
512 744
507 749
516 750
511 752
514 755
514 759
514 762
513 766
515 769
514 773
513 778
512 781
433 783
415 787
375 790
331 793
366 799
358 800
383 803
380 807
386 809
390 812
364 815
377 818
371 822
384 825
405 828
376 832
358 835
363 837
374 840
405 845
378 845
397 847
390 850
382 853
419 856
391 858
407 861
367 863
368 866
394 872
367 869
398 874
377 876
421 882
424 881
386 884
403 885
390 886
446 887
454 887
457 891
480 892
451 894
450 918
473 916
457 916
437 917
468 919
455 918
479 919
446 920
467 921
483 921
455 921
476 921
447 922
478 922
470 923
476 923
502 922
481 923
502 923
486 922
499 923
485 922
465 922
491 923
477 921
500 924
493 921
481 922
509 925
501 920
508 919
512 917
510 916
513 914
513 911
513 910
514 909
513 906
514 905
514 903
514 900
513 900
513 901
513 899
516 898
513 897
513 895
513 893
513 893
504 890
514 890
514 887
514 885
514 884
513 881
514 878
513 807
513 801
514 797
513 795
513 792
513 789
514 784
513 781
513 777
513 774
513 770
512 766
513 762
513 758
513 754
513 750
513 746
513 744
513 738
514 735
513 731
513 726
512 721
514 717
513 712
514 708
514 703
511 698
517 693
513 688
514 685
514 682
514 676
516 672
515 668
513 666
513 665
515 658
513 652
507 647
513 644
515 638
514 633
512 629
513 623
513 617
513 612
514 608
514 601
514 597
513 591
513 587
514 582
515 577
515 575
514 572
513 570
514 468
510 465
513 463
512 459
514 457
513 453
514 449
514 440
514 439
505 435
515 430
515 426
513 421
514 415
516 410
515 406
516 400
515 395
513 390
514 385
519 381
514 376
515 372
513 366
514 364
517 359
515 355
513 350
514 350
514 343
514 339
514 336
513 332
513 330
515 326
514 322
512 317
513 313
515 311
514 305
514 301
513 298
513 294
513 290
513 286
514 282
504 278
515 274
513 272
513 268
514 263
514 260
514 257
518 255
637 255
632 250
658 246
660 156
648 155
616 153
629 152
641 150
591 149
583 148
600 147
591 146
606 144
623 144
602 143
583 142
562 140
568 138
588 140
592 136
618 135
571 134
554 131
556 131
566 130
622 130
603 129
608 129
548 127
526 126
578 127
592 121
607 124
571 123
564 122
548 121
517 120
567 120
564 118
609 117
586 119
563 117
590 117
544 118
548 115
517 116
528 116
565 115
543 115
559 114
539 115
552 114
545 115
537 114
559 115
532 114
543 114
540 115
537 114
540 115
517 160
514 162
514 164
514 166
513 168
513 171
504 173
514 176
514 179
514 181
513 184
513 186
513 189
513 192
513 196
515 199
517 204
514 208
514 213
513 221
513 220
514 224
510 228
511 227
513 234
513 240
514 242
505 245
514 249
513 253
514 258
511 261
505 265
514 270
513 276
513 281
513 284
514 288
514 293
514 297
513 301
513 305
514 309
513 313
505 317
513 321
513 324
513 328
513 332
505 337
513 341
513 345
514 349
513 354
512 360
514 363
513 367
513 510
514 513
514 518
513 522
511 529
512 535
513 539
513 543
515 547
514 552
514 557
511 561
512 565
514 563
514 589
517 566
518 594
513 583
513 587
513 591
513 596
514 600
514 605
512 610
513 615
512 620
511 625
512 630
512 637
513 641
512 645
504 650
511 654
514 659
512 663
512 667
512 672
512 677
512 681
512 684
513 688
513 692
513 698
512 700
512 703
504 708
513 711
513 715
513 720
513 723
513 727
512 731
513 735
513 737
516 741
517 745
507 747
384 834
396 837
384 840
423 841
381 845
384 848
369 850
379 853
410 856
370 858
379 861
363 864
389 867
406 866
387 861
406 875
402 877
400 879
422 882
411 884
403 887
401 886
431 889
457 890
430 891
434 892
434 894
428 895
442 897
440 898
461 898
417 900
433 901
456 903
439 903
456 904
441 906
484 906
457 908
449 909
453 911
412 910
448 910
430 912
472 913
488 914
444 915
466 915
442 916
471 916
444 917
445 918
495 918
467 919
475 920
443 920
468 921
514 900
513 899
516 898
513 897
510 895
513 893
513 891
513 890
513 888
513 887
513 884
513 881
513 880
514 878
514 875
512 873
513 871
513 869
513 867
514 865
513 861
514 859
516 856
513 853
514 848
512 848
513 843
513 841
505 836
513 831
513 830
513 828
513 824
514 819
513 816
513 811
513 808
513 803
513 799
514 795
513 790
515 787
513 783
514 779
514 774
513 771
513 767
514 764
517 760
513 756
514 752
513 748
513 743
513 739
513 735
514 731
514 728
513 571
513 568
514 566
513 564
513 561
513 558
513 555
513 550
513 546
516 540
515 535
505 532
513 527
511 520
513 517
513 510
515 504
515 501
512 496
513 490
514 487
514 482
515 478
515 475
511 471
511 468
513 465
514 460
512 455
513 451
516 447
515 442
512 437
512 433
515 429
514 424
512 418
513 415
515 410
515 405
513 400
512 396
513 391
514 386
513 382
514 376
513 372
513 367
505 362
513 359
513 354
514 349
514 349
514 341
515 337
515 334
514 332
629 209
656 205
660 204
623 201
650 200
641 194
648 194
639 190
604 187
635 185
647 182
658 180
653 177
611 175
625 171
624 165
622 166
619 163
617 163
663 158
637 157
617 156
621 152
590 150
597 148
564 147
603 146
616 145
581 144
606 142
598 143
617 140
583 139
568 138
592 136
572 135
609 134
587 133
572 131
578 131
570 131
599 129
579 129
596 127
566 126
546 125
584 125
551 123
536 127
547 122
576 122
581 120
547 120
576 119
568 119
565 118
561 124
514 124
514 126
514 129
514 130
514 131
515 132
508 133
519 136
513 135
514 137
514 138
513 139
514 140
513 142
513 143
514 146
514 146
514 148
514 150
514 152
513 153
513 156
513 158
513 162
514 163
513 164
514 168
514 166
515 172
513 174
513 176
514 180
513 184
513 185
514 189
514 193
514 194
513 198
514 201
514 204
514 208
513 212
511 217
513 221
515 231
517 231
514 239
515 236
513 241
514 246
513 251
513 253
513 256
514 262
513 265
513 268
514 429
514 434
515 438
515 441
514 447
513 452
512 454
514 456
514 459
514 462
514 467
513 471
513 476
510 478
514 482
515 485
513 489
505 495
512 501
510 505
511 510
516 513
514 518
513 523
514 529
513 536
512 541
512 545
511 548
515 553
513 557
512 562
513 565
514 574
511 571
513 580
518 578
513 586
512 588
512 592
515 597
512 601
512 606
514 611
514 616
514 619
512 625
513 631
513 636
513 640
512 645
513 650
514 654
515 659
513 663
514 668
514 672
513 809
378 812
352 814
362 816
367 819
365 822
388 825
365 827
390 830
376 833
375 836
381 838
377 841
413 843
402 845
387 845
383 852
368 854
409 858
400 859
380 862
385 863
376 869
405 872
384 874
372 878
386 878
387 881
425 882
392 884
411 887
456 888
438 889
448 891
407 892
442 893
434 894
406 896
463 897
440 899
436 899
404 900
463 902
481 903
450 906
462 905
408 906
416 908
426 908
448 909
490 909
471 911
468 913
437 912
449 913
488 913
471 914
493 908
513 906
515 905
513 904
513 904
513 901
513 902
512 900
512 900
513 899
513 898
513 896
514 895
513 893
513 892
513 887
513 888
513 886
514 884
513 881
512 881
513 877
513 876
514 873
514 872
514 868
513 866
513 865
513 861
513 859
513 855
513 853
514 849
513 847
510 843
514 841
514 837
513 834
513 830
514 826
513 822
512 817
513 813
514 809
513 805
514 801
513 796
514 793
513 789
514 786
514 783
513 778
513 778
513 772
514 769
513 764
513 760
512 712
514 705
514 700
513 698
513 693
512 689
511 683
513 677
513 674
507 671
513 668
513 664
514 657
515 654
512 650
513 645
512 643
513 637
514 633
515 625
513 619
514 614
515 609
513 604
510 599
513 594
514 588
514 584
514 580
513 577
513 574
513 570
513 567
514 563
513 559
514 555
517 552
514 548
513 545
513 537
514 536
512 530
513 525
514 519
514 513
514 508
515 504
513 499
514 493
515 489
513 486
508 481
515 477
514 473
514 469
514 466
517 463
514 365
514 360
513 357
513 353
513 349
516 345
514 328
514 337
514 332
513 330
513 326
508 323
514 319
514 314
514 312
512 308
513 302
514 299
514 297
514 293
513 288
514 284
513 281
515 277
514 272
512 271
513 266
516 261
516 259
518 255
582 253
646 251
642 248
644 244
674 241
658 237
681 233
675 229
666 226
658 223
630 220
652 218
658 215
665 211
673 208
635 205
628 203
625 200
628 198
648 195
617 191
645 190
647 187
644 181
664 182
631 178
648 177
581 135
553 135
558 134
557 132
533 131
572 130
580 130
570 129
568 128
539 126
548 124
548 126
583 124
586 119
569 122
586 123
554 120
570 121
577 120
571 118
583 119
550 116
577 118
554 117
557 116
563 116
537 115
566 115
537 116
568 115
539 115
532 114
566 114
544 113
569 114
545 114
559 114
553 115
528 111
550 114
521 114
526 115
520 115
515 116
529 116
517 119
516 118
515 119
514 117
514 124
512 126
514 128
513 130
513 128
513 132
513 136
514 132
514 174
513 178
513 180
513 183
513 185
514 187
513 193
515 196
509 199
514 203
514 206
513 210
513 213
514 217
510 225
513 228
512 221
507 236
513 228
514 241
513 244
514 248
513 252
512 255
513 260
513 264
514 269
513 273
512 279
513 283
514 287
513 291
513 295
512 298
515 302
513 306
514 311
513 314
514 318
513 322
513 326
513 331
514 333
514 339
514 340
513 349
510 353
513 358
513 366
514 365
514 369
515 372
514 376
513 380
513 385
513 387
516 403
514 495
514 497
513 505
513 511
512 516
512 522
513 527
515 532
514 536
515 543
513 547
512 551
512 554
514 559
515 559
515 565
513 569
514 584
513 565
526 584
513 579
514 589
514 594
514 598
513 604
511 608
509 613
512 618
513 623
513 628
512 632
513 640
514 642
512 647
512 651
512 656
513 660
512 665
512 667
511 674
513 678
514 683
513 688
513 692
514 696
513 700
511 703
513 706
513 710
513 712
513 717
513 722
507 725
512 729
512 732
513 736
513 837
372 840
385 841
376 845
398 848
366 849
400 852
391 856
424 859
414 860
370 863
389 866
376 868
401 871
389 873
388 887
431 879
418 881
428 883
394 885
380 887
416 888
429 889
451 890
437 891
428 894
449 895
436 896
452 894
459 897
450 899
445 901
426 902
453 904
424 904
428 905
464 906
469 907
503 910
456 908
447 911
445 911
423 911
458 913
461 913
506 915
467 915
428 915
451 917
431 917
461 918
450 918
498 919
465 919
437 918
471 921
454 921
487 902
513 903
514 899
514 899
514 896
513 898
513 897
514 896
513 893
514 892
513 890
514 888
513 886
513 884
514 883
513 881
513 879
513 876
513 874
515 872
514 869
514 865
513 865
514 862
513 860
513 857
513 855
514 852
513 850
514 848
513 843
513 839
513 835
513 832
513 829
512 824
514 821
512 817
514 812
513 810
512 805
513 802
512 799
513 793
514 789
513 785
513 782
513 777
513 773
513 769
513 765
510 760
513 757
513 753
513 748
513 746
513 741
514 600
512 596
514 592
514 588
513 584
514 582
513 580
513 575
515 572
514 568
513 567
513 564
515 560
513 556
514 548
517 546
514 542
512 538
511 534
513 530
513 523
514 518
516 512
514 507
513 503
515 498
513 492
515 488
515 484
514 480
514 473
513 473
512 470
510 465
513 461
514 458
513 452
513 450
512 445
513 440
513 436
513 432
514 428
514 422
512 417
513 412
514 407
513 401
514 396
511 391
513 387
513 381
513 376
513 375
512 369
513 364
514 359
515 262
514 260
514 258
518 254
606 254
653 249
673 246
642 242
652 239
664 235
651 233
684 227
651 227
662 223
625 217
640 217
680 214
653 210
671 207
636 204
645 202
664 200
629 197
644 195
599 191
611 188
634 187
628 184
646 182
623 179
645 176
657 173
636 169
639 167
622 165
625 161
616 159
605 157
638 156
636 153
612 153
600 150
593 150
607 147
547 145
567 145
613 143
626 142
630 141
575 140
589 139
548 136
569 139
610 135
585 134
585 134
540 130
550 114
524 115
531 115
547 116
519 116
533 116
522 118
516 118
515 120
513 123
514 123
511 126
517 128
514 130
513 132
514 133
513 109
508 132
515 134
513 137
513 138
513 139
513 141
511 142
514 143
514 145
513 145
513 150
514 151
514 154
518 156
513 157
513 160
512 162
514 164
514 166
513 168
513 171
513 174
515 177
512 179
513 181
512 184
513 186
513 190
514 190
513 198
514 200
514 204
514 207
514 210
513 214
510 219
513 223
513 226
514 229
516 234
513 377
514 381
513 386
514 390
514 396
513 404
513 407
513 411
513 416
513 421
514 426
513 431
513 438
513 444
513 448
513 452
515 456
512 459
513 461
513 466
516 470
514 473
513 478
515 480
514 480
513 488
514 493
512 498
512 498
514 506
515 513
513 516
512 522
514 528
512 534
511 539
512 543
514 547
516 550
513 555
513 560
514 559
513 567
512 571
515 578
516 561
517 566
509 590
520 590
514 595
511 599
512 604
512 610
514 614
514 619
513 623
514 629
513 773
513 776
512 779
512 781
430 782
424 786
389 789
349 792
370 796
343 799
361 804
353 807
371 811
375 814
342 817
371 819
359 821
377 826
391 830
384 832
383 834
368 837
389 839
406 841
388 844
397 847
384 850
399 853
426 855
404 858
396 861
358 864
372 867
400 870
387 872
396 874
384 876
425 877
422 882
395 883
416 885
388 887
418 889
415 890
438 892
451 892
420 894
462 896
437 896
425 898
430 898
428 900
477 901
476 902
484 904
443 905
417 906
472 922
486 923
474 923
477 922
489 923
466 923
490 923
467 923
492 922
502 922
481 922
506 921
490 921
507 919
515 917
512 916
513 914
514 909
513 909
513 906
516 906
513 904
516 903
513 902
516 900
513 901
513 901
512 898
513 897
511 894
514 894
514 892
513 891
513 888
514 888
512 885
513 883
513 881
513 878
513 877
510 874
513 872
512 871
514 865
513 866
513 863
515 860
514 857
513 854
513 851
514 848
513 844
511 841
514 837
513 834
513 831
513 828
513 679
514 679
512 673
513 669
513 665
512 660
514 654
515 650
514 647
513 643
512 641
516 635
513 629
515 622
512 615
515 610
514 606
512 601
511 598
514 590
514 586
515 581
512 578
507 575
513 573
514 569
513 564
514 562
513 556
515 553
513 550
513 547
512 543
513 539
522 530
514 526
514 521
515 516
514 511
514 506
513 497
514 496
514 492
519 487
513 483
513 480
512 474
512 472
514 468
513 464
512 461
516 458
514 453
514 447
514 443
515 439
514 497
513 494
514 490
514 487
514 481
512 479
512 474
513 471
514 467
513 464
513 460
513 456
512 451
513 448
515 444
515 436
513 435
513 429
519 425
513 420
513 414
513 407
514 403
514 398
512 394
513 390
513 384
513 381
514 376
514 371
514 368
514 363
513 356
513 355
514 351
515 346
514 342
514 336
515 343
514 331
519 327
515 321
515 319
512 315
514 311
518 307
515 303
515 300
515 295
515 292
514 289
515 286
515 282
515 275
514 274
514 272
513 263
519 116
585 115
570 116
536 115
547 114
535 115
562 115
538 115
566 115
556 115
534 114
555 114
536 115
559 115
541 114
538 114
554 115
533 116
544 117
523 118
519 117
514 119
515 121
515 124
515 126
514 127
514 130
514 131
514 132
516 134
513 135
513 136
513 126
517 137
514 139
514 140
516 139
513 143
510 146
514 147
513 149
514 151
513 152
513 155
514 154
514 159
514 162
514 163
514 165
513 167
513 170
514 172
514 175
513 177
513 179
514 183
513 186
514 326
514 330
514 333
513 338
514 342
513 346
515 351
513 354
514 362
513 365
517 370
513 373
513 378
514 381
514 383
518 387
513 393
514 400
509 404
510 410
513 420
509 419
514 424
514 429
513 435
513 441
512 446
510 451
513 454
514 457
514 462
514 463
514 468
514 473
513 476
511 479
513 482
514 485
513 490
513 492
513 499
514 504
518 509
512 514
514 519
514 523
515 531
511 538
512 541
513 546
513 549
515 553
518 558
513 560
514 564
514 569
514 572
511 686
512 689
512 692
513 695
513 698
512 702
513 705
512 708
516 712
512 715
513 720
512 724
512 728
512 731
512 734
512 739
512 742
513 746
513 749
512 756
513 755
510 765
513 763
514 756
514 773
513 776
512 779
442 781
421 784
384 787
398 791
380 795
342 800
365 802
351 806
375 809
377 811
369 814
375 815
360 821
355 824
373 827
377 830
403 833
381 835
376 838
376 841
368 844
400 847
374 849
400 852
389 855
379 857
419 860
396 862
409 865
371 867
461 907
467 908
467 909
469 909
479 911
439 914
442 912
417 909
450 913
465 915
454 915
474 916
442 917
463 917
459 919
442 918
463 920
448 919
481 921
453 921
482 921
489 921
465 922
491 923
464 922
482 922
468 922
476 923
505 923
481 923
504 923
492 926
497 923
495 922
469 923
493 922
481 922
489 921
493 921
494 920
508 919
512 921
511 917
513 915
514 912
513 910
513 907
513 907
513 906
513 903
514 903
513 900
514 901
514 898
513 899
513 897
517 898
513 841
513 838
513 836
513 833
513 828
513 827
513 823
513 818
514 813
513 809
514 804
513 800
513 796
514 793
512 790
513 786
514 782
513 777
513 775
514 769
515 764
514 760
513 757
513 755
513 749
512 746
512 742
514 738
513 735
514 730
514 726
513 720
512 718
513 711
514 708
514 703
513 698
513 694
514 688
513 686
514 684
513 679
512 676
515 670
513 668
513 662
514 659
513 655
513 650
513 648
514 643
515 636
515 631
513 624
512 618
512 614
514 608
513 512
511 509
510 504
512 499
512 495
