511 904
513 903
513 902
513 902
513 901
513 899
514 900
513 899
511 897
514 896
513 895
513 890
508 890
514 889
514 885
513 886
513 882
513 880
514 877
514 875
513 874
513 871
513 869
512 867
514 865
512 863
514 862
514 857
515 855
514 851
514 848
513 847
514 842
513 848
510 837
516 831
514 827
514 824
513 820
515 816
513 812
514 808
514 805
513 801
513 797
512 792
514 788
514 784
514 782
515 775
514 771
513 768
513 765
513 760
513 757
513 752
514 749
514 181
513 184
513 186
513 189
512 191
515 194
514 197
513 203
513 203
513 207
513 211
513 215
513 219
513 223
513 227
512 232
513 236
513 242
513 245
516 249
512 252
514 256
513 262
514 265
514 268
516 272
514 275
513 279
512 283
514 286
513 291
514 294
514 299
512 303
514 307
514 311
514 317
514 321
512 323
513 329
513 333
512 339
513 343
512 349
513 352
509 356
515 360
513 363
513 366
513 372
513 374
514 378
510 384
511 388
512 392
512 395
514 400
514 673
512 670
512 665
512 661
512 658
513 653
513 648
515 642
514 636
517 632
516 627
514 622
513 618
514 613
513 607
515 601
512 597
515 589
514 585
514 581
513 578
512 575
513 571
513 567
514 563
515 561
513 557
515 554
514 550
514 546
514 541
515 535
516 530
516 526
514 522
514 516
511 510
513 505
514 501
515 495
514 489
515 486
514 481
514 476
515 473
516 470
513 466
514 462
514 459
512 455
513 451
513 447
513 443
514 438
517 433
515 428
514 423
646 187
628 185
634 182
640 180
635 177
671 172
641 172
618 169
634 166
638 163
615 161
626 159
603 157
635 154
616 152
576 151
600 149
601 152
566 147
581 145
607 144
600 143
603 141
588 141
604 139
606 136
554 137
580 136
590 133
541 133
570 132
577 131
573 129
590 129
594 128
573 126
596 127
567 126
571 125
587 123
540 123
563 122
578 121
556 120
573 119
548 119
586 118
603 117
556 117
549 116
552 116
542 116
547 114
556 115
528 114
544 114
531 116
513 212
514 214
513 218
513 221
513 225
514 228
514 233
514 237
514 241
514 246
514 247
512 252
513 257
513 259
514 263
514 268
513 274
513 277
513 281
514 285
513 289
513 293
513 298
513 301
513 305
513 309
513 314
513 318
513 320
513 327
498 331
516 334
514 339
514 343
514 346
513 349
513 354
513 359
514 364
514 367
514 372
511 377
512 380
513 382
514 386
513 393
514 396
515 403
514 409
511 414
513 421
512 424
513 429
514 435
514 440
512 444
511 598
514 603
513 607
512 612
512 617
514 621
514 628
514 629
512 636
513 640
512 646
513 650
513 654
513 659
513 663
513 668
512 671
512 676
515 679
512 685
512 689
507 693
512 697
514 701
513 705
513 708
513 712
513 715
517 718
513 723
506 727
513 730
513 734
513 738
513 740
513 744
515 748
512 753
513 755
513 760
512 763
512 767
513 771
513 775
513 776
507 780
426 782
394 786
350 791
374 794
375 798
390 801
411 804
385 806
368 810
367 813
343 816
385 897
466 898
450 899
441 900
475 901
468 902
461 903
428 905
450 915
435 909
453 912
439 908
462 908
438 911
429 912
463 913
461 913
482 913
481 917
439 919
440 915
452 917
436 917
480 920
490 920
477 920
472 921
465 920
461 921
481 922
460 922
483 922
481 922
480 922
497 920
500 923
477 922
493 923
472 921
466 922
495 922
484 921
491 922
499 920
478 921
495 919
503 921
480 921
507 920
511 911
511 929
511 904
513 909
513 917
513 902
513 908
513 906
514 849
513 846
514 844
513 841
514 837
516 834
513 830
505 825
515 822
513 818
513 815
513 812
513 807
513 802
515 797
510 794
513 790
513 786
514 782
514 778
514 774
514 771
513 767
514 763
513 759
513 755
513 751
514 746
514 743
513 739
515 735
513 731
514 726
513 721
514 718
513 714
514 709
513 705
513 700
513 696
513 692
519 687
514 683
514 681
514 676
512 673
514 669
513 665
513 661
513 657
513 651
514 646
514 642
515 637
512 633
513 628
514 622
513 452
513 448
514 446
513 441
512 437
514 433
513 428
514 423
514 418
515 415
515 408
512 404
512 398
514 394
514 389
515 384
512 380
514 376
514 370
515 366
514 361
514 357
512 353
513 347
514 345
514 341
514 337
514 335
514 330
514 328
512 324
515 321
514 316
514 312
514 308
514 307
515 301
513 298
513 293
513 289
514 285
514 282
515 278
515 275
513 271
515 267
514 263
515 262
519 258
598 254
636 253
670 249
675 246
666 241
665 237
628 235
619 231
589 140
591 138
568 138
596 136
581 135
584 134
591 133
583 132
589 133
535 131
562 129
607 128
589 127
587 126
578 126
543 129
568 123
571 122
569 123
604 122
576 120
572 120
562 119
531 119
545 115
572 116
553 116
579 117
557 116
556 117
552 114
541 115
533 115
555 115
535 114
551 114
549 112
516 115
522 115
532 115
524 116
548 115
523 116
535 116
550 116
523 115
528 116
528 119
517 118
516 119
516 120
513 125
513 123
513 127
514 128
514 129
514 132
514 245
511 249
513 253
513 257
514 260
514 263
513 269
513 273
512 277
513 281
513 285
513 289
514 293
513 298
513 301
513 306
513 311
513 314
510 317
513 322
512 326
524 331
506 338
511 343
512 346
512 350
512 353
512 356
515 360
513 363
514 367
514 370
513 370
513 380
513 385
512 387
513 394
511 398
514 403
513 408
513 416
512 422
510 427
513 431
514 436
515 440
514 446
514 451
514 455
512 459
514 461
515 465
513 468
513 473
513 476
512 480
509 482
512 546
513 548
513 551
513 556
512 557
512 562
514 567
510 570
508 574
511 577
512 581
512 586
515 589
512 594
510 598
511 603
512 608
514 612
512 617
512 622
514 627
513 631
513 637
514 641
513 647
513 651
513 654
512 660
511 664
513 670
514 673
513 679
513 681
503 684
500 687
507 694
513 696
513 701
513 702
513 707
513 711
512 714
513 719
512 723
513 727
512 732
514 734
513 740
513 743
513 747
512 751
513 754
512 757
513 761
513 765
513 768
513 772
388 849
404 850
400 854
392 857
363 861
403 862
396 865
370 867
399 869
400 873
413 875
414 878
359 880
391 882
428 884
420 889
431 888
424 890
423 890
429 892
444 892
426 894
440 895
420 896
434 898
468 899
456 900
446 901
453 903
422 907
448 905
438 905
436 908
463 908
454 909
460 907
484 912
456 912
455 912
468 916
447 915
448 915
449 915
449 918
477 917
468 918
444 918
472 919
468 918
478 921
487 919
464 919
465 922
490 922
469 923
500 922
491 922
513 905
511 905
513 904
513 903
512 900
513 900
515 899
513 898
514 897
514 897
514 894
512 892
512 891
513 889
514 888
513 887
516 883
513 880
513 878
509 876
514 874
514 871
514 870
514 868
513 866
513 863
513 860
513 857
514 855
513 852
513 848
514 846
515 843
514 838
513 836
512 832
511 827
512 825
513 821
514 817
513 813
514 809
514 805
513 801
513 798
513 794
514 788
513 787
513 784
513 779
513 773
513 770
513 766
513 762
513 758
513 755
514 653
511 650
513 646
514 640
513 636
513 631
510 626
512 620
513 614
515 611
515 605
513 599
512 594
513 589
513 585
514 581
515 576
515 573
513 569
512 566
514 562
513 559
513 555
514 547
514 547
515 543
514 539
513 534
512 529
513 525
513 519
513 516
513 508
516 503
517 498
515 493
511 490
512 486
513 481
513 476
513 473
515 468
515 465
512 462
513 458
514 455
512 449
513 444
514 441
515 436
514 431
514 426
514 421
512 415
513 411
515 406
514 401
514 299
514 295
516 294
513 290
513 285
512 281
513 278
512 275
515 273
512 266
512 262
515 257
518 257
626 255
674 252
649 248
667 243
658 241
656 235
675 228
668 230
646 226
658 224
624 222
633 217
647 216
649 212
649 209
657 206
613 205
624 201
636 199
645 196
641 193
630 189
607 187
641 184
634 181
657 178
647 175
637 172
635 170
645 167
597 165
602 162
649 160
619 158
621 156
615 154
603 152
630 148
574 149
581 148
631 146
599 144
595 141
598 144
578 114
550 113
568 114
537 115
548 116
550 115
517 114
528 118
535 116
522 116
546 116
521 115
518 116
544 116
522 121
526 118
528 119
516 120
513 124
514 123
514 124
513 127
513 128
512 129
513 132
514 132
513 134
514 135
515 137
514 137
515 138
512 140
513 141
514 142
514 145
514 145
514 148
514 150
513 146
513 153
513 155
514 157
511 160
513 161
515 163
512 165
514 168
514 171
512 172
513 175
514 178
513 179
513 184
513 187
513 190
513 192
514 197
514 321
513 328
516 332
516 333
505 339
513 340
513 343
514 348
514 352
513 356
513 362
513 367
513 372
512 376
513 377
514 381
514 383
512 387
513 393
513 398
513 405
511 410
512 415
513 420
514 425
513 431
514 436
512 444
511 447
506 451
510 455
512 458
513 465
513 465
513 471
511 474
513 476
510 479
514 482
514 486
514 491
513 497
512 502
513 507
511 511
511 513
511 523
511 527
511 533
514 538
514 542
511 547
513 551
515 558
513 559
511 563
510 569
513 721
513 722
513 724
513 728
513 732
513 738
513 739
514 744
511 748
513 751
513 756
513 759
508 763
514 766
512 770
514 773
514 777
508 780
439 781
403 784
387 787
411 791
391 794
363 798
365 802
350 806
361 807
388 812
383 815
377 817
378 821
347 811
384 818
396 832
399 828
414 836
390 838
355 841
391 846
391 847
389 849
390 852
401 854
420 857
449 860
402 863
389 866
364 869
373 871
389 874
388 876
384 878
427 882
429 883
397 885
424 887
402 888
474 918
464 917
429 917
456 919
472 918
448 920
492 920
488 923
481 921
492 921
486 922
476 923
496 921
474 922
483 922
475 923
479 921
482 922
492 921
474 922
493 922
478 922
487 922
491 921
479 921
479 922
494 917
473 920
499 919
503 920
508 918
515 914
516 926
512 915
514 926
505 908
527 922
513 905
515 903
513 902
513 901
513 900
513 900
513 894
513 898
513 895
513 894
513 893
512 892
513 892
513 888
513 886
513 884
511 882
513 880
514 878
513 876
513 753
513 750
513 745
514 741
514 737
514 733
514 729
514 723
513 720
513 716
514 711
513 707
513 703
513 698
514 695
515 690
514 686
514 682
514 676
514 674
512 669
516 665
515 661
514 658
514 653
513 650
514 644
515 639
516 633
516 628
515 623
513 619
514 613
514 608
513 600
514 596
515 592
514 588
512 583
513 580
511 576
514 571
517 568
516 565
511 563
513 559
514 556
513 549
513 545
515 542
512 538
512 534
514 529
514 523
515 518
515 512
515 507
514 350
514 346
512 343
513 340
513 336
513 333
514 330
514 326
514 322
514 319
513 314
513 310
513 306
513 302
513 297
515 294
514 291
514 287
514 284
514 280
511 277
511 274
513 271
516 265
516 263
516 257
523 257
639 254
656 248
659 247
628 241
632 240
660 237
650 233
658 229
664 226
635 224
648 221
663 217
653 214
674 208
647 206
608 206
627 203
617 200
626 198
648 194
645 192
629 189
647 187
623 184
633 181
621 178
606 176
635 172
671 170
643 167
528 123
556 121
542 120
542 120
544 120
529 117
553 116
539 118
562 116
576 115
544 116
543 115
552 114
530 115
528 114
545 114
529 113
546 114
541 115
544 119
552 114
557 111
543 115
568 115
541 115
542 118
541 115
521 116
525 117
524 117
515 119
517 120
514 122
511 124
515 125
514 126
513 130
513 132
514 135
511 134
514 134
513 134
514 137
513 138
514 139
513 140
513 140
513 142
515 145
513 146
513 147
513 149
514 154
513 153
514 156
511 158
514 259
513 262
513 264
513 267
513 273
512 274
513 280
512 284
513 286
513 292
513 297
512 299
513 305
514 309
514 313
514 317
513 318
514 324
511 329
515 333
512 340
514 342
514 346
514 350
513 355
513 359
512 363
512 366
513 370
512 375
513 378
513 381
512 386
513 391
515 396
513 402
513 407
512 411
513 416
514 421
514 429
513 431
512 438
512 444
512 449
510 452
511 456
514 460
513 464
514 467
511 470
513 474
512 478
513 480
513 484
511 488
512 493
514 672
513 675
513 679
512 686
512 689
515 693
512 696
515 700
512 703
513 707
513 710
512 714
512 718
512 722
513 726
512 729
513 733
513 737
512 741
513 744
513 747
513 751
513 755
513 758
511 762
512 766
513 771
512 774
512 776
511 781
423 781
389 786
400 789
367 792
381 795
360 799
349 803
349 806
377 810
368 813
395 816
385 819
373 820
393 826
394 830
396 818
419 823
387 835
375 838
410 841
402 844
396 847
396 851
359 853
394 856
409 858
381 861
382 917
484 916
436 920
453 917
467 918
473 919
490 920
483 920
466 921
475 922
450 921
468 922
492 923
483 921
489 922
503 922
482 923
507 923
503 922
481 922
499 920
491 921
488 923
502 920
484 921
483 922
500 922
482 921
505 921
507 922
500 918
511 917
513 911
502 912
504 913
510 918
512 910
512 912
508 905
513 904
513 902
513 901
513 900
512 899
513 899
513 896
513 896
514 894
514 893
513 891
513 889
513 886
512 886
514 884
513 882
514 879
513 877
513 737
515 733
513 730
513 729
513 726
512 721
513 717
513 710
513 702
513 700
514 695
515 691
515 686
514 683
513 681
514 678
512 674
513 669
514 664
514 660
511 655
516 651
517 647
510 644
512 640
513 636
513 629
514 622
515 616
517 610
517 605
513 600
514 596
513 590
514 587
513 581
513 576
515 574
514 571
512 568
512 564
514 562
511 558
515 555
513 550
513 546
514 541
513 537
513 532
514 527
513 520
513 515
513 510
515 505
513 501
515 495
513 499
514 431
515 429
514 424
514 419
511 410
515 410
516 403
515 398
515 394
514 390
514 385
515 381
514 377
514 371
515 366
515 362
515 359
514 355
513 350
513 345
513 342
513 338
513 335
514 331
514 328
512 324
517 321
513 317
513 314
514 310
514 305
514 302
514 298
513 294
514 291
513 289
512 284
511 278
513 275
513 270
514 268
515 263
515 260
519 258
522 254
642 253
657 249
623 246
626 242
658 238
641 237
668 233
662 230
625 224
639 220
666 218
649 216
629 152
621 150
599 149
590 148
584 146
602 145
634 142
584 143
576 142
552 140
565 139
605 137
601 136
601 136
602 136
544 135
549 131
564 131
587 129
613 130
605 128
571 128
586 126
549 126
559 125
589 124
533 123
544 121
569 121
557 120
573 120
594 119
580 118
579 118
549 118
539 116
551 116
536 115
518 116
550 114
536 117
563 114
566 114
539 115
549 115
552 115
540 115
560 119
526 115
514 115
535 117
512 116
515 115
521 118
508 116
530 116
527 118
512 152
513 154
513 156
514 156
514 159
514 160
514 163
514 165
512 167
514 170
514 172
509 177
513 177
513 179
506 182
514 185
514 188
513 192
513 195
513 198
513 201
513 205
513 207
513 211
514 216
514 215
514 224
514 229
513 234
512 238
513 241
512 246
513 248
513 255
515 257
515 260
514 263
514 268
514 270
514 273
513 277
514 282
514 285
513 291
513 296
514 300
515 303
513 309
514 312
514 319
514 322
513 325
513 330
513 334
515 340
510 344
513 349
513 459
513 461
513 464
513 468
511 472
512 474
515 478
514 481
513 486
514 490
513 495
510 498
509 504
513 509
516 514
513 518
516 524
515 538
512 535
509 540
511 545
514 552
513 553
512 556
513 560
513 565
512 568
512 576
512 577
512 580
512 584
513 588
513 594
513 597
510 602
511 606
512 611
512 615
512 621
511 626
510 631
512 636
512 641
511 645
512 651
512 656
513 660
513 663
512 669
512 674
513 677
513 681
512 686
512 689
513 695
514 700
517 701
409 783
409 786
382 789
365 793
379 796
343 800
364 804
366 808
352 810
372 814
388 818
376 820
409 824
391 827
358 821
385 834
363 835
368 840
397 839
391 842
380 845
416 847
404 851
419 854
422 857
392 858
374 861
381 864
357 865
392 869
392 871
394 876
430 878
404 880
385 880
414 884
400 886
432 888
443 888
428 891
442 892
448 894
405 893
411 896
420 895
461 898
487 898
447 899
432 902
461 902
432 904
422 905
465 906
429 906
452 913
455 904
448 921
493 921
487 922
491 922
502 920
486 919
509 918
511 917
513 922
513 914
518 906
512 910
517 906
512 906
522 905
512 902
514 903
513 901
514 900
514 898
513 900
513 899
514 896
513 894
514 892
514 891
513 889
513 887
514 886
513 884
513 881
513 879
513 878
512 874
514 873
513 871
513 869
513 866
513 864
512 862
513 858
513 854
513 853
513 850
513 848
513 844
512 842
514 838
513 833
513 828
513 826
513 826
511 820
513 815
513 809
514 807
514 802
514 667
513 664
515 659
514 659
513 654
513 650
513 648
515 642
515 637
515 632
513 627
514 621
515 616
514 611
515 606
515 600
511 595
513 593
515 585
515 582
512 577
513 575
515 572
513 568
514 562
511 558
514 556
514 553
513 550
511 545
513 542
513 536
514 530
514 526
517 520
515 515
513 511
512 505
513 500
513 495
515 490
515 485
513 481
513 477
513 473
513 470
513 466
513 462
514 459
513 453
513 451
514 447
514 443
513 438
514 434
514 427
514 423
514 286
514 284
513 280
513 277
513 276
513 273
514 267
515 263
514 261
517 258
522 252
659 252
648 248
664 246
684 244
656 239
666 234
684 231
643 227
643 225
644 220
634 221
645 214
654 211
618 209
630 207
622 204
622 202
631 196
623 196
617 192
653 193
638 187
655 186
642 183
614 179
630 177
649 174
628 172
632 169
657 166
622 163
635 161
629 159
613 157
623 156
600 152
601 151
645 149
598 147
584 147
583 146
576 146
564 143
576 141
561 140
586 138
573 115
570 114
541 116
555 115
533 113
551 114
557 114
530 115
546 115
547 114
535 118
554 115
528 114
530 115
549 114
526 123
535 115
539 117
521 117
521 117
524 119
516 121
513 123
512 124
513 127
513 128
514 129
513 131
513 134
515 132
513 135
514 136
513 138
513 138
514 140
512 140
514 140
513 144
512 146
513 147
515 149
514 151
514 153
515 155
513 158
513 159
512 161
512 163
510 165
513 167
514 170
513 171
514 180
508 178
514 180
511 183
514 186
515 322
515 326
511 330
513 334
516 339
512 341
514 347
513 352
513 355
513 361
511 366
511 370
512 374
517 375
515 376
513 383
514 388
514 394
514 399
511 405
509 410
512 414
515 420
514 424
514 428
515 434
513 442
511 446
513 451
513 454
514 457
513 461
513 467
513 469
510 472
514 475
514 478
513 481
514 486
513 491
513 496
512 499
514 504
514 509
513 515
512 521
513 523
513 530
524 537
514 541
514 545
513 548
515 554
514 558
513 562
512 566
513 569
513 723
513 726
513 729
512 732
513 735
514 736
513 742
513 745
513 750
513 756
512 759
513 761
516 764
514 768
513 772
512 775
512 779
501 781
422 783
400 786
382 790
404 793
379 797
364 801
377 803
366 807
371 810
399 813
385 816
387 821
397 823
375 825
361 828
391 827
375 831
403 837
397 836
376 845
386 845
400 848
394 851
414 854
384 856
379 858
408 861
420 864
371 866
366 869
370 872
423 875
411 879
378 879
402 881
440 883
427 889
428 888
399 891
469 921
463 922
451 922
491 922
511 922
487 922
502 922
482 921
485 922
484 921
468 922
474 922
491 920
472 922
503 921
496 921
498 921
504 920
499 917
501 919
509 918
512 916
513 915
513 915
528 913
496 910
527 907
507 906
520 902
514 902
513 901
513 900
513 900
513 897
512 897
513 896
513 895
513 890
514 891
513 891
513 888
514 886
513 883
514 882
513 879
514 876
515 874
513 874
515 871
514 868
515 867
513 864
515 862
514 860
513 857
513 855
514 850
513 740
513 736
513 733
514 729
513 725
513 721
514 719
513 713
514 709
514 705
513 699
513 695
512 691
513 687
513 683
514 679
514 675
514 669
514 665
514 663
514 660
513 656
512 651
514 645
513 641
515 635
514 630
514 625
513 622
514 614
517 608
514 604
513 598
514 593
513 588
513 585
513 580
514 575
515 572
512 569
512 567
513 564
513 562
514 555
513 551
515 548
514 544
511 540
513 535
512 529
513 523
515 519
517 514
511 509
511 505
513 498
513 493
514 322
513 319
514 316
514 311
514 307
514 303
514 302
514 296
515 292
514 289
515 285
515 281
515 277
514 275
515 271
512 265
514 264
513 259
518 257
583 258
658 254
633 248
648 245
661 242
644 239
648 231
674 232
657 227
671 226
657 222
659 218
652 215
654 212
640 210
652 206
613 204
624 204
645 197
645 196
642 194
656 191
625 182
629 186
614 183
607 180
625 178
647 174
647 173
670 169
626 166
627 165
638 163
607 159
604 156
616 155
600 154
588 118
551 116
568 116
563 111
539 116
534 116
552 116
539 115
528 116
538 115
532 116
533 115
551 115
529 115
540 116
559 118
533 117
545 117
543 117
529 122
537 119
523 124
515 122
513 124
515 126
513 128
514 132
514 132
512 135
513 135
513 135
514 137
514 139
514 139
513 139
514 140
514 141
513 143
514 146
513 146
515 147
513 149
513 150
513 155
513 157
514 159
513 161
513 162
514 164
516 169
513 169
514 171
513 170
513 175
521 177
513 181
513 185
513 367
512 370
514 374
512 378
511 383
513 385
513 389
514 393
514 397
513 403
513 412
514 416
512 424
512 428
515 434
513 438
512 442
514 445
515 450
514 455
512 459
511 463
511 467
511 469
512 476
514 477
515 480
510 484
514 488
514 492
511 497
511 502
511 506
511 512
512 515
514 523
513 527
522 533
518 539
513 542
512 547
512 551
513 556
513 559
511 563
513 568
513 571
513 574
514 579
512 582
512 586
511 590
513 594
513 598
514 603
512 608
513 612
511 673
512 677
512 680
512 684
513 687
510 691
514 694
514 691
514 696
516 699
513 709
513 712
513 716
514 721
513 724
513 729
513 732
514 736
513 739
513 743
513 748
512 750
511 752
512 757
512 761
513 764
513 768
512 772
513 776
510 779
403 781
388 786
365 787
367 792
392 796
384 798
367 802
384 807
362 807
394 811
402 816
383 816
372 820
375 824
352 826
397 831
411 834
376 836
393 836
393 842
369 843
421 847
409 850
365 851
383 853
382 855
396 860
408 901
465 902
463 904
490 905
470 907
448 908
408 909
438 916
473 914
447 917
478 916
472 913
426 914
459 919
460 915
459 916
469 919
476 917
462 918
465 919
444 920
481 919
482 920
460 921
487 921
487 921
477 921
498 922
477 926
468 922
490 922
477 921
485 922
493 922
475 922
500 921
501 923
478 921
498 921
491 921
491 920
505 917
504 923
500 918
509 917
511 916
513 914
514 913
508 910
519 904
513 907
517 903
515 902
507 903
513 900
510 900
514 901
511 852
513 847
514 847
513 844
513 842
515 839
513 836
513 832
513 829
513 824
513 820
510 797
512 812
513 808
513 803
513 800
513 795
513 792
514 789
513 785
514 781
513 779
513 773
518 769
514 765
513 761
514 757
513 758
513 750
513 745
513 740
513 737
513 733
516 729
513 725
514 720
515 716
514 712
514 707
515 702
513 698
513 694
514 689
514 686
513 682
514 678
513 672
513 669
513 666
514 662
514 657
513 653
513 651
513 645
513 640
513 635
514 630
513 520
513 515
513 512
513 508
514 501
514 496
515 492
514 487
514 483
513 479
513 475
516 471
516 467
513 464
513 463
513 457
513 453
514 448
514 443
515 439
514 438
514 430
514 424
515 420
516 416
514 413
514 405
514 401
515 396
514 391
513 386
514 382
513 378
515 373
513 369
513 364
514 361
514 355
513 352
514 348
513 343
514 339
513 336
513 331
513 328
513 326
513 322
515 318
514 314
514 310
513 306
514 303
513 299
514 295
514 292
514 287
514 283
632 206
612 204
628 202
656 200
657 196
650 194
