514 570
513 567
513 565
513 562
514 557
514 557
514 553
513 553
514 545
513 541
513 535
512 531
513 526
513 521
513 515
513 510
515 503
514 499
513 495
510 490
513 487
512 483
513 478
513 474
513 469
513 467
513 464
513 459
513 456
514 456
514 446
514 442
513 437
513 433
514 431
513 424
514 419
510 413
513 407
514 403
514 399
514 394
514 390
514 386
514 381
514 377
513 372
514 369
514 363
514 358
514 358
514 349
515 345
514 341
512 337
514 334
514 330
514 422
514 426
514 429
514 434
514 440
514 446
514 451
513 455
513 459
514 460
514 465
513 468
513 472
513 476
513 483
512 483
514 484
515 489
514 494
514 499
513 504
512 508
513 515
514 521
514 528
513 530
511 536
511 541
524 553
514 549
514 553
514 557
513 561
511 566
512 570
512 573
511 577
513 580
514 585
513 588
512 593
512 597
512 602
512 607
512 612
512 617
514 619
513 627
513 630
512 637
513 641
513 645
513 651
512 656
513 660
513 664
513 672
514 309
514 305
514 303
513 299
514 296
513 292
513 288
513 285
513 281
514 278
512 275
513 271
516 268
513 263
518 259
521 257
624 253
675 253
892 251
909 247
857 245
852 239
820 236
797 232
797 229
785 225
780 222
767 219
792 216
803 212
768 209
798 210
758 204
762 201
737 199
709 197
737 194
747 192
763 189
762 186
747 183
738 184
757 178
782 175
749 172
752 169
718 166
753 165
783 162
741 158
743 158
713 155
717 154
699 152
667 150
671 149
676 146
513 135
514 135
514 136
513 138
513 138
513 137
514 140
514 142
513 143
513 144
513 148
513 150
513 151
513 153
514 156
514 158
514 159
513 162
514 164
514 165
517 167
513 170
514 171
513 179
513 179
515 180
515 183
512 187
513 192
514 192
514 196
514 199
514 202
513 206
513 212
512 214
514 218
513 221
513 225
514 230
513 235
513 239
514 242
515 244
515 247
514 254
514 256
513 260
513 264
514 268
514 272
513 277
512 283
514 284
513 291
513 296
513 300
514 210
513 212
515 216
514 220
513 222
513 226
513 237
513 236
513 238
513 243
513 246
513 251
510 256
513 258
514 262
513 267
513 271
514 275
512 279
515 282
514 286
514 299
515 294
513 298
513 303
513 307
513 311
515 315
513 320
515 323
513 329
514 333
514 337
514 342
513 346
514 350
514 352
518 358
514 360
514 364
516 369
514 374
513 378
513 386
513 387
512 391
515 396
514 400
514 404
513 410
514 416
514 424
513 429
513 437
514 437
513 443
514 713
513 717
513 720
514 723
514 725
514 738
515 734
513 738
513 741
513 745
514 757
514 752
513 755
510 760
514 763
513 765
513 769
510 773
511 777
509 780
449 782
259 782
181 785
187 789
182 793
187 797
187 801
183 806
239 808
233 812
259 815
246 818
212 831
252 825
251 827
242 830
259 833
266 835
295 838
309 840
306 843
280 847
278 847
265 859
279 875
286 865
245 857
248 862
267 864
279 867
299 870
281 873
281 875
296 887
299 880
300 881
320 883
320 913
513 912
514 909
513 907
513 906
513 904
504 901
516 905
506 899
519 900
514 899
513 898
513 897
516 896
513 894
512 892
514 892
513 888
514 886
513 884
513 882
514 879
513 878
513 876
513 873
513 871
513 870
512 868
512 865
513 862
514 860
514 857
514 855
513 851
513 848
513 845
513 842
514 839
513 835
513 832
514 828
514 824
513 820
513 816
513 813
513 810
516 808
515 799
514 800
516 794
515 790
514 777
514 780
513 777
514 771
515 769
513 767
513 627
512 621
518 622
513 617
513 611
514 607
513 603
514 597
513 590
513 585
513 582
514 579
513 576
513 572
513 567
513 564
515 560
514 558
513 555
513 551
513 547
513 543
514 537
515 532
515 527
513 523
513 518
513 513
513 507
513 512
514 497
513 492
514 487
514 482
514 480
514 476
513 473
513 469
513 465
513 468
513 457
513 453
513 449
514 445
514 441
513 437
514 431
513 425
515 420
514 417
514 410
515 408
514 400
513 396
514 391
514 387
513 389
514 232
809 229
792 225
767 223
802 220
782 217
785 215
784 221
763 207
745 207
766 203
747 201
767 198
732 195
740 193
740 190
757 188
780 185
763 182
746 180
750 177
766 174
751 169
732 169
752 166
746 163
790 161
743 159
693 156
695 155
664 154
706 151
696 149
663 148
670 146
671 145
667 145
632 144
661 142
667 141
702 139
654 139
664 137
685 138
608 140
650 133
662 133
642 132
648 130
638 129
611 128
628 128
676 127
631 125
649 125
618 124
601 123
513 132
514 133
514 135
514 137
514 137
514 137
513 139
514 140
514 150
514 142
514 144
514 146
513 148
513 150
514 151
514 154
512 155
514 158
513 158
513 163
513 164
514 166
514 169
513 171
513 174
513 175
513 179
514 182
515 184
513 192
513 191
513 194
514 197
514 199
514 201
514 207
514 213
514 215
514 218
514 223
515 227
513 232
513 235
513 240
515 244
514 248
514 252
512 256
514 260
513 264
513 269
514 272
513 276
514 279
514 283
513 286
515 290
514 550
508 551
514 556
512 560
512 564
514 568
514 571
513 575
515 579
513 583
513 587
513 602
512 596
512 602
513 605
513 610
512 614
512 619
514 625
513 630
513 635
513 640
513 644
514 648
513 653
513 657
513 670
514 667
514 672
513 675
513 681
512 684
513 688
513 694
515 697
514 700
514 703
513 701
513 710
512 714
514 717
514 721
514 731
510 729
515 737
514 737
513 741
514 745
513 757
513 753
514 756
513 760
513 764
514 777
513 770
512 776
513 778
241 829
237 832
261 832
265 836
263 839
277 841
276 844
265 846
278 849
259 856
280 856
265 859
255 860
299 862
270 865
290 867
269 870
296 872
311 875
283 878
253 879
271 882
340 884
345 886
359 888
362 889
342 891
363 892
326 893
370 895
343 895
369 896
406 897
392 899
376 901
363 902
371 902
349 904
383 905
384 906
357 908
373 908
361 909
408 910
423 910
414 911
394 912
390 913
390 913
420 915
406 919
403 915
442 916
393 916
396 918
391 918
417 920
511 914
511 913
512 910
513 909
513 907
513 905
513 904
510 902
510 900
515 902
501 900
499 899
513 898
515 895
513 894
513 893
513 891
513 890
514 888
511 886
513 884
513 882
513 880
514 877
514 876
513 873
512 874
513 869
514 867
513 864
513 861
513 860
512 857
513 853
513 850
513 848
513 845
514 843
513 838
512 835
513 831
513 828
513 824
512 820
513 816
513 812
513 807
513 802
513 794
515 802
515 806
516 779
514 795
516 793
513 776
513 773
513 769
514 656
514 653
514 649
513 646
513 642
513 636
514 631
514 626
504 622
515 616
513 611
513 606
513 599
514 592
514 590
514 587
514 583
513 579
513 574
513 571
513 568
515 564
514 561
514 558
514 561
513 550
514 545
513 541
513 534
513 532
513 526
513 522
513 516
515 511
512 506
513 501
514 495
515 491
513 486
514 484
513 479
514 476
513 471
514 467
515 463
515 468
514 456
513 452
512 449
514 444
514 440
514 434
515 429
515 425
515 420
514 414
513 300
513 296
513 293
513 290
514 286
513 282
513 276
513 275
511 271
513 267
516 265
515 260
520 256
526 254
650 253
813 255
895 249
910 246
867 242
821 237
816 234
797 229
821 234
810 223
799 219
790 217
777 213
780 210
783 203
792 204
745 202
725 199
751 197
733 195
774 192
748 190
745 187
750 184
739 181
751 179
756 176
763 173
770 171
753 176
746 165
734 163
742 160
692 158
710 157
749 154
725 153
705 151
655 149
682 149
696 147
659 146
654 143
681 119
603 119
609 118
614 118
604 116
586 117
605 116
573 116
607 116
575 117
593 116
583 116
574 116
577 116
579 115
570 115
574 115
583 115
557 115
566 115
564 114
556 114
568 116
540 116
546 116
532 118
518 120
512 122
514 121
514 126
514 128
514 129
514 131
514 134
514 134
513 134
512 135
515 136
514 138
511 138
514 140
513 142
513 143
513 146
511 146
513 148
515 150
514 152
513 154
514 157
513 158
514 158
513 162
512 165
517 166
513 168
513 172
514 303
512 307
514 309
511 311
511 315
513 320
515 326
513 330
512 332
514 337
515 343
513 348
514 351
513 354
514 359
511 364
514 367
514 371
514 376
514 379
514 384
513 388
513 394
513 397
514 402
514 407
514 412
514 418
513 423
513 428
512 436
513 440
514 444
514 449
513 453
514 457
513 462
513 467
513 468
513 471
514 474
513 478
512 481
512 485
512 490
513 492
512 494
514 501
511 509
512 513
513 519
514 524
514 529
514 534
514 539
512 544
512 549
513 696
515 699
513 703
513 706
513 709
514 711
512 715
513 720
513 723
512 727
512 731
512 734
514 739
513 742
513 746
513 749
513 753
514 758
514 760
513 764
514 768
513 772
511 776
509 778
464 781
317 780
192 783
179 788
181 792
203 796
218 800
231 803
244 807
228 810
245 812
254 812
218 819
245 822
233 825
246 826
277 829
252 833
254 837
248 840
260 842
263 845
286 852
273 850
264 854
299 854
293 858
311 861
282 863
242 866
283 868
262 871
271 874
396 917
417 917
399 918
426 917
406 917
431 918
422 919
440 920
430 920
430 920
426 922
455 922
447 921
458 924
466 922
448 922
467 922
439 922
451 922
464 918
462 923
468 922
479 922
471 921
467 920
496 921
480 920
506 920
509 918
507 918
513 915
512 913
513 911
512 908
513 906
512 905
513 903
511 903
525 903
526 902
529 898
528 900
513 897
513 896
513 891
513 893
513 892
513 890
513 887
513 885
513 887
512 881
513 879
513 877
513 875
513 873
514 871
510 777
514 775
513 772
513 767
513 762
513 759
513 754
514 750
512 746
514 743
514 738
513 735
513 731
513 726
514 721
514 717
514 713
513 710
513 705
513 700
514 696
513 692
513 688
513 681
513 679
513 675
513 670
514 666
514 662
514 658
514 657
513 652
514 646
513 641
514 636
514 630
514 624
513 620
521 616
509 610
511 604
513 599
513 594
513 586
512 584
513 580
515 577
513 574
513 570
513 568
514 563
513 558
514 555
514 552
514 548
512 545
513 540
514 368
513 362
513 357
511 355
513 349
513 344
513 337
513 337
513 333
514 331
515 326
514 322
514 319
513 316
514 311
515 308
513 303
514 300
514 296
514 293
514 288
515 285
514 281
514 276
514 273
514 269
510 266
515 263
515 260
520 256
567 256
645 251
853 252
899 248
892 243
837 239
822 235
829 231
806 225
818 225
797 223
793 219
767 216
789 213
784 209
766 207
774 204
742 200
766 198
768 195
745 193
768 191
734 188
757 185
752 184
757 180
748 177
594 123
608 124
624 122
604 122
613 121
608 119
638 119
646 118
625 117
620 117
580 117
614 116
594 116
576 117
592 115
565 115
587 116
586 114
593 116
569 115
582 114
559 115
571 116
562 115
559 115
563 115
549 115
559 116
565 117
547 116
540 117
537 118
519 119
517 122
516 124
514 127
514 128
512 130
514 132
514 133
514 130
514 135
515 136
514 138
514 137
513 137
514 140
513 141
513 143
514 145
514 147
514 148
513 150
515 153
514 155
514 158
513 160
513 292
513 296
514 298
514 303
513 307
513 310
515 315
513 319
514 324
514 329
512 332
513 337
513 340
514 343
514 347
513 349
514 358
514 359
510 362
514 370
513 374
513 378
512 382
514 385
515 388
513 392
513 399
513 403
513 413
515 419
511 423
512 427
514 430
514 434
514 439
513 447
513 453
512 455
514 458
514 461
515 464
514 463
513 472
511 476
512 480
512 484
513 487
513 491
515 497
511 501
514 504
513 509
513 513
512 520
513 527
514 531
513 671
513 674
514 678
513 682
514 686
513 691
514 694
513 697
515 701
512 706
512 708
513 713
513 716
513 720
513 725
513 729
513 734
515 727
516 745
513 744
513 748
514 752
513 756
512 759
513 763
514 766
514 769
510 773
512 777
511 779
468 781
297 780
144 784
139 788
182 794
230 794
236 800
240 804
218 807
206 811
235 813
240 817
227 821
238 825
209 826
246 830
285 834
297 835
296 838
290 840
298 843
297 845
286 844
248 850
249 853
266 853
271 861
285 914
396 918
391 918
435 918
429 919
429 921
428 919
414 920
419 920
431 922
423 922
436 922
444 921
436 922
462 922
454 922
448 921
460 922
449 921
469 922
444 923
451 924
446 922
469 922
449 919
478 921
481 921
465 921
502 919
511 919
512 916
513 914
513 912
513 910
512 908
512 905
513 904
513 904
513 897
519 902
515 900
516 896
519 897
515 897
513 896
513 896
513 893
512 891
513 888
513 886
513 885
514 879
514 882
513 877
513 876
513 875
513 872
513 729
512 725
514 723
514 719
513 715
513 711
513 707
514 703
514 699
512 695
513 690
513 687
513 683
513 677
513 675
513 663
514 666
514 661
513 657
514 652
514 648
514 643
513 640
513 635
514 630
513 625
514 620
510 615
517 609
514 602
514 594
513 593
513 589
514 585
513 580
513 572
513 571
513 567
515 564
512 562
512 560
513 556
513 552
514 547
512 543
515 538
514 534
513 529
513 524
513 517
514 513
515 507
517 502
514 498
512 493
513 488
514 485
514 308
514 309
513 303
514 302
513 299
514 295
513 292
514 288
514 285
513 278
513 278
514 273
513 269
514 266
512 261
516 258
522 254
605 253
685 252
916 251
913 246
889 242
834 238
803 235
778 232
785 229
788 225
785 220
787 218
784 215
798 212
785 209
792 207
792 203
758 201
772 198
716 195
736 193
758 191
751 188
768 183
765 184
757 179
730 177
740 174
740 172
748 168
758 166
732 165
759 161
780 160
732 158
696 155
655 153
703 151
704 146
677 147
662 128
620 129
642 127
674 126
613 126
634 118
600 125
611 124
611 121
615 122
626 121
628 121
633 120
617 118
611 117
607 115
625 118
640 117
608 117
624 116
583 112
577 117
587 118
587 116
588 115
576 115
578 115
580 115
596 115
564 115
583 115
564 115
560 115
563 113
554 115
560 115
553 116
548 117
528 118
526 119
519 120
514 121
514 123
514 127
513 129
513 130
514 132
513 134
514 134
514 134
513 135
515 137
514 139
513 138
512 140
513 142
514 143
514 211
514 214
514 217
514 221
514 227
511 232
513 238
513 238
514 240
514 246
514 249
515 253
514 259
514 262
512 266
514 269
514 273
515 276
514 283
513 287
513 291
515 294
511 298
513 302
513 306
513 308
514 315
514 320
516 325
513 329
513 334
515 339
514 342
515 347
513 351
514 353
514 357
514 361
514 357
510 361
513 372
514 377
514 380
514 385
513 394
512 396
514 400
514 404
515 409
513 416
513 419
513 427
514 432
513 439
513 443
512 447
513 453
526 553
512 561
513 567
514 571
512 575
511 578
515 583
514 585
514 591
514 595
514 599
513 603
513 605
513 613
514 618
514 623
513 628
514 633
513 638
513 643
514 647
515 652
514 656
514 661
514 665
510 670
513 673
513 680
514 684
515 687
514 691
513 696
513 700
514 702
513 706
514 709
513 713
514 717
513 721
513 725
513 729
513 733
510 742
511 738
513 744
513 751
514 752
514 755
514 759
513 763
513 767
514 771
512 774
512 778
509 781
428 782
235 782
271 851
251 865
262 867
303 871
305 872
286 874
285 877
291 879
311 882
315 875
321 886
353 888
379 888
369 890
376 891
342 893
339 894
360 895
382 896
390 897
404 898
394 900
352 901
369 902
342 902
374 904
356 905
371 906
393 907
368 909
384 909
399 911
395 911
376 911
421 913
415 913
393 913
416 914
381 913
424 928
393 916
398 923
425 918
402 919
414 919
417 919
417 920
419 920
433 921
417 921
418 921
430 921
422 921
457 922
467 922
468 921
469 922
518 896
514 896
513 894
513 892
514 891
512 889
513 887
513 885
513 879
511 881
514 881
514 877
515 874
513 873
512 869
513 866
513 865
512 855
514 860
514 857
512 854
513 851
513 839
513 846
514 843
513 839
513 836
512 833
513 828
513 824
515 820
513 816
514 811
513 807
513 803
514 799
512 795
513 791
513 783
516 781
511 785
518 779
519 768
513 768
513 765
513 761
514 758
514 754
513 752
512 739
513 742
514 739
513 735
514 731
513 726
513 722
514 566
514 561
513 557
514 554
514 551
514 547
513 542
513 538
513 532
515 528
514 522
513 516
514 503
514 507
512 502
513 498
514 493
514 488
514 476
513 479
515 474
514 471
514 468
514 465
512 461
513 457
513 454
514 449
514 444
514 440
514 435
510 430
513 427
514 421
513 416
514 411
512 405
514 400
514 395
514 388
513 387
513 382
513 377
513 373
513 361
512 364
513 360
514 356
513 351
513 348
514 344
512 340
514 337
513 333
514 328
513 326
513 322
513 205
758 203
733 201
730 199
744 197
714 195
731 192
746 191
758 188
765 184
791 182
797 180
781 176
761 174
732 171
719 169
737 166
725 163
759 160
745 150
728 156
737 155
724 152
674 150
640 149
659 147
658 147
671 145
652 144
675 143
669 142
622 141
681 140
705 137
657 135
629 135
641 135
640 133
628 133
687 130
643 123
642 129
605 128
627 127
595 124
649 127
680 123
613 125
628 126
616 123
596 120
604 113
647 121
658 120
625 118
643 119
610 110
585 137
513 136
514 137
514 138
514 139
515 141
514 142
513 143
515 146
513 147
514 150
514 151
513 153
514 156
514 159
513 161
513 162
514 165
514 168
513 168
513 170
513 173
515 175
513 178
513 181
512 184
514 187
514 190
514 196
525 195
514 200
513 203
511 207
513 211
511 215
513 214
513 223
513 228
513 232
515 235
514 241
513 245
512 249
515 252
513 254
513 258
513 262
514 266
513 270
513 274
514 279
513 280
513 289
514 291
514 296
513 300
513 303
513 436
513 440
513 445
513 449
514 453
514 457
513 460
514 464
513 470
513 473
513 476
514 476
514 480
514 484
514 487
513 493
513 499
514 502
513 507
513 512
514 516
514 522
513 528
513 534
512 539
512 544
514 547
514 550
513 556
512 555
514 551
512 568
514 571
514 574
514 578
514 582
514 586
513 592
515 595
514 600
512 604
513 610
512 615
513 620
514 624
512 631
514 635
513 640
513 644
513 649
514 651
513 658
514 661
513 666
513 670
514 677
513 678
229 812
241 815
228 818
253 819
242 822
271 826
268 828
245 831
269 834
282 836
262 838
277 841
265 839
266 847
293 850
275 852
298 853
287 850
250 863
231 864
257 870
280 868
300 871
283 873
262 875
316 878
320 881
292 883
306 884
314 885
368 888
375 889
355 891
373 891
373 893
361 894
352 896
372 889
344 898
401 899
410 900
392 902
401 903
380 904
392 905
387 906
385 906
379 908
369 910
382 910
373 910
417 911
415 912
470 914
390 914
405 914
440 915
513 904
513 896
513 902
513 901
518 901
510 895
515 898
513 892
515 895
513 894
513 893
514 890
514 888
514 886
513 885
513 882
513 880
513 878
513 876
513 874
514 872
514 869
513 867
513 864
513 862
513 856
514 858
513 853
514 850
513 847
513 844
513 841
513 838
513 835
512 831
513 827
513 823
513 820
514 816
511 812
514 808
513 805
514 800
513 795
512 779
514 794
509 784
514 782
510 778
516 772
529 759
513 764
513 760
513 756
514 753
513 742
513 744
513 579
513 577
513 573
513 572
513 567
513 564
513 564
512 558
514 553
515 550
514 545
514 542
514 537
513 531
512 527
513 521
514 516
513 510
514 503
513 501
513 495
514 491
514 486
514 482
514 479
513 475
513 471
513 461
513 464
514 458
514 454
515 451
514 447
513 436
513 439
513 434
514 428
515 424
515 419
513 415
514 410
514 404
514 401
514 395
514 390
514 386
513 381
514 376
514 365
513 367
513 363
513 358
514 355
515 350
513 346
514 342
514 338
784 225
795 221
816 221
803 218
778 214
781 211
737 208
751 204
767 204
755 201
760 197
774 196
771 191
764 191
741 186
722 183
735 183
744 179
726 169
759 173
776 170
780 168
781 165
735 163
719 161
725 159
716 157
667 153
687 152
696 151
721 149
709 148
683 146
684 145
635 144
627 142
671 141
661 140
631 138
603 137
643 129
628 136
652 135
637 133
670 131
656 131
624 129
657 132
620 128
617 128
633 123
644 125
629 125
593 126
626 123
617 124
631 120
514 134
514 136
514 137
517 137
514 139
513 140
515 142
514 143
514 147
513 146
513 148
513 150
512 151
514 149
514 157
514 159
513 160
513 162
513 164
512 167
514 172
513 170
513 174
514 177
513 171
512 183
515 184
514 188
514 190
515 194
514 195
514 201
513 204
514 208
513 215
513 217
514 221
515 226
514 230
513 233
513 230
515 239
514 243
513 246
513 250
513 255
514 260
514 262
514 266
513 271
513 276
513 276
513 286
513 289
514 295
514 300
514 473
514 476
513 479
514 483
514 486
512 490
514 494
514 497
514 502
514 508
514 519
512 520
511 525
514 530
512 533
513 539
514 545
513 549
511 553
513 558
513 559
513 559
515 565
514 572
513 576
512 580
514 584
513 588
512 593
513 598
512 601
514 606
513 610
512 615
514 620
513 625
513 631
513 636
513 641
513 646
513 650
513 655
513 660
513 663
513 668
513 673
513 677
513 679
513 684
514 689
514 692
514 696
513 696
513 703
513 707
513 710
513 714
513 865
256 868
275 870
303 873
283 874
308 878
295 879
321 881
325 883
351 884
312 886
305 888
344 888
376 892
366 892
380 893
361 894
367 895
400 898
380 898
384 899
382 900
379 902
379 901
363 904
395 906
382 906
389 908
385 908
417 909
404 909
398 910
442 911
390 912
421 913
386 913
399 915
392 914
404 917
432 915
423 917
433 918
403 918
406 918
399 920
395 920
432 920
423 920
467 921
471 921
450 920
440 922
443 921
431 922
448 922
445 915
428 922
463 907
512 905
513 903
513 902
513 895
513 901
514 899
513 902
507 897
511 900
509 897
513 893
513 891
512 890
513 888
513 885
513 883
513 881
513 879
513 877
513 875
515 873
514 869
513 869
514 866
513 868
513 862
513 860
512 856
512 854
513 848
512 847
515 844
513 841
513 837
513 833
513 830
513 826
513 822
512 818
514 814
514 811
512 807
513 803
513 799
513 795
514 791
504 787
512 782
507 780
510 777
510 774
523 767
513 762
513 758
514 754
514 745
514 646
514 644
513 636
513 631
514 626
515 619
514 614
514 610
513 605
515 600
511 595
514 589
513 587
514 580
513 576
513 574
513 571
513 567
513 563
513 560
515 557
512 554
513 550
514 546
514 542
512 536
513 530
513 528
514 521
513 515
514 510
513 504
514 500
513 494
514 490
513 486
514 483
514 478
513 474
513 471
513 468
514 464
513 460
514 455
513 454
513 447
513 443
512 439
513 434
513 429
513 423
514 418
514 413
513 409
513 404
514 399
513 394
514 287
513 286
513 281
514 278
514 274
514 271
514 266
515 262
518 259
522 255
579 254
647 252
772 252
884 249
870 243
839 240
839 236
818 233
811 229
827 226
797 222
787 220
785 217
759 214
757 210
767 207
776 205
765 201
770 199
746 197
739 194
760 191
738 189
760 186
767 184
747 180
770 178
749 175
757 173
750 169
746 167
736 164
758 162
735 160
708 157
705 159
702 151
736 150
690 150
638 147
671 149
669 146
657 151
655 144
690 144
668 141
660 139
597 117
583 118
603 120
616 118
610 116
597 115
602 117
604 116
575 116
590 116
552 116
584 115
590 115
581 117
571 115
582 115
568 115
562 115
589 112
542 115
562 115
543 116
537 116
543 117
526 118
520 120
515 122
515 126
514 126
513 127
515 131
513 133
514 133
512 134
514 135
514 136
513 138
515 139
513 140
513 139
515 142
513 144
513 146
514 147
513 148
513 150
514 152
513 154
515 156
514 159
514 161
514 168
514 168
514 167
514 170
513 170
513 175
514 275
513 277
513 280
515 284
513 288
514 292
512 294
512 300
514 305
515 310
514 313
514 318
514 325
513 329
513 333
513 335
514 342
514 344
514 348
514 351
514 355
513 358
513 363
513 367
514 372
515 378
513 382
513 386
513 389
514 392
515 396
514 401
513 408
515 415
514 420
514 426
514 431
513 435
514 443
514 446
514 451
514 456
513 459
513 462
513 459
513 469
517 472
513 475
513 478
513 482
514 486
513 490
514 493
513 500
513 504
513 512
514 513
512 670
512 673
512 677
