515 388
513 391
514 393
513 397
516 401
515 406
514 411
513 416
513 423
514 430
512 435
513 440
514 444
516 451
514 450
514 457
514 460
513 466
512 467
511 471
513 474
513 477
512 480
514 485
513 487
513 493
514 497
514 502
513 508
514 512
513 518
514 523
513 529
514 533
513 538
512 545
512 548
512 552
509 556
514 560
513 563
515 558
514 572
512 575
513 579
514 580
513 587
512 592
512 596
512 599
514 605
513 611
514 616
512 621
513 625
513 629
513 635
514 540
514 536
513 533
513 527
513 520
514 516
516 511
514 505
512 500
514 496
513 493
512 488
513 483
513 479
513 474
514 472
513 468
514 465
513 459
513 455
513 451
514 448
514 443
514 439
514 433
513 429
514 425
513 420
514 415
512 410
514 406
515 400
515 395
514 391
514 385
513 380
513 377
514 372
514 367
514 363
513 358
514 354
513 351
513 346
514 342
514 337
513 335
513 332
514 329
514 325
514 321
514 318
513 313
513 310
513 306
513 301
514 299
514 556
514 558
514 562
517 566
512 568
513 572
513 576
514 579
513 583
512 586
512 591
513 596
513 601
512 606
511 611
513 616
513 619
512 625
513 631
512 636
513 642
512 646
512 650
513 656
513 660
514 665
512 669
513 672
513 677
514 681
513 685
514 689
513 692
513 696
513 700
514 704
514 707
513 710
513 714
514 718
513 722
512 726
513 729
513 734
513 738
513 742
513 747
514 749
520 747
513 756
513 760
513 763
513 767
513 771
513 775
513 778
507 781
454 922
457 921
456 922
445 922
474 920
444 922
458 920
469 920
460 920
497 919
497 918
507 916
512 914
512 912
513 910
512 908
513 906
513 904
513 903
513 903
511 902
514 901
513 899
513 898
513 898
513 896
516 894
514 881
512 900
516 874
513 887
512 886
513 884
513 881
513 879
513 877
513 874
513 873
513 871
513 869
513 867
513 865
513 862
513 859
513 857
513 853
512 850
514 847
513 843
513 839
513 838
513 834
513 830
513 827
513 823
513 818
513 816
513 655
514 652
512 649
513 648
514 645
513 639
513 633
513 625
514 619
513 616
512 611
513 607
514 600
514 586
525 584
511 583
524 581
510 578
502 572
514 571
513 567
515 564
515 560
512 556
514 554
514 551
517 546
513 540
516 536
514 531
515 526
514 520
513 516
513 511
513 505
513 499
510 494
514 491
515 485
515 481
512 477
512 474
513 471
514 467
513 463
514 459
514 454
514 451
514 447
513 442
513 437
514 434
514 428
513 423
514 417
512 412
514 261
514 258
522 255
609 254
701 253
763 250
772 246
784 244
808 239
808 236
799 232
781 230
790 226
776 223
776 220
806 217
776 214
764 211
768 208
752 207
750 203
758 200
743 193
780 194
769 192
779 189
761 186
761 183
767 181
748 178
735 176
722 172
757 167
810 167
764 165
757 161
718 160
742 158
681 156
647 154
709 152
722 151
727 148
688 148
658 145
638 145
639 144
666 142
685 141
678 139
662 138
680 138
668 136
636 136
644 133
638 132
656 131
687 116
543 116
542 118
526 119
516 119
516 121
516 124
514 125
514 128
513 129
512 132
514 133
513 135
514 138
514 135
514 138
513 138
514 139
515 139
515 142
513 143
514 145
513 147
514 149
513 150
514 153
513 154
513 157
514 159
514 158
513 163
513 165
513 167
511 170
513 170
513 174
514 177
514 180
514 183
514 186
514 189
513 193
515 196
514 199
513 201
513 204
514 208
514 212
513 216
513 221
514 228
514 230
514 234
513 237
512 242
514 247
515 248
513 374
514 375
510 379
514 384
513 389
513 394
513 399
515 403
514 408
514 413
513 418
513 425
513 430
512 437
513 440
514 445
512 450
513 454
512 458
512 462
512 465
513 467
514 468
513 474
514 478
513 482
510 487
513 491
514 495
513 498
514 504
513 509
513 516
512 519
512 525
515 530
512 534
513 540
513 544
513 550
512 555
511 558
513 562
513 565
513 569
515 576
513 577
513 581
512 585
513 589
515 593
513 598
512 603
513 608
512 612
512 616
512 621
513 783
330 785
288 786
273 791
229 792
246 797
210 799
221 803
243 806
238 809
242 812
222 815
241 819
215 822
253 825
250 829
239 831
288 834
279 837
289 839
283 842
253 845
266 845
292 850
281 852
276 856
279 857
265 860
274 864
257 866
248 869
297 872
310 875
269 876
254 881
290 881
317 883
345 886
307 886
373 888
375 890
334 891
349 892
338 892
328 894
345 895
405 896
405 898
376 899
367 900
356 901
367 902
338 904
385 906
403 907
349 907
386 908
512 915
513 914
512 912
513 910
512 907
513 905
512 903
514 903
512 902
513 899
513 901
513 900
513 899
513 897
514 896
522 893
515 900
517 891
516 887
517 887
513 886
513 883
512 881
513 879
513 876
513 874
514 872
513 869
513 868
513 866
513 863
513 861
513 858
514 854
513 852
513 850
512 847
513 844
513 842
513 837
513 833
513 828
513 825
512 822
513 817
514 814
514 811
514 808
512 804
513 799
513 794
514 790
513 785
513 782
513 779
513 774
515 768
514 513
514 508
513 505
514 496
513 494
513 489
515 485
513 481
513 477
513 473
513 469
513 465
515 462
514 459
512 455
513 451
513 446
513 443
514 438
513 433
514 428
515 422
514 417
514 409
514 406
514 402
514 397
514 392
514 387
514 383
514 377
514 373
513 370
514 365
515 360
514 357
514 353
515 349
514 345
514 341
513 336
514 334
514 333
514 327
514 320
514 319
513 314
513 311
514 306
514 303
514 297
514 295
514 291
513 288
513 281
513 280
514 278
791 227
802 224
780 222
791 219
788 216
795 213
802 210
758 207
783 204
744 201
754 197
775 196
747 194
766 192
749 189
746 186
749 183
757 181
751 178
747 175
772 172
753 170
769 167
751 165
718 162
757 159
729 157
707 154
694 153
702 152
710 151
678 149
635 147
675 146
703 145
700 143
643 143
650 140
646 140
654 138
667 138
680 136
665 135
624 132
629 133
670 132
635 131
655 130
667 128
616 127
646 127
621 126
637 125
632 124
626 124
622 123
607 122
679 145
638 143
607 143
652 142
672 141
657 139
675 138
640 137
625 136
592 133
674 133
720 131
663 131
667 130
644 129
626 128
657 127
645 126
640 126
632 125
604 124
612 123
614 123
617 122
617 121
646 121
633 119
618 119
595 119
581 118
607 119
608 117
585 117
616 116
579 116
576 116
604 115
572 115
595 115
579 115
582 115
573 116
569 115
567 115
568 115
572 115
567 110
581 115
581 115
557 115
566 116
528 114
537 117
519 118
517 120
513 121
516 126
514 248
513 249
513 251
513 256
513 261
514 263
512 266
513 269
513 272
514 276
514 281
514 286
514 289
515 293
513 298
514 301
513 307
514 312
513 315
514 320
514 324
513 328
513 334
513 338
513 341
514 346
513 350
514 351
514 356
514 360
515 365
513 369
514 374
513 379
513 384
514 388
513 391
514 395
514 399
514 405
514 411
515 419
513 424
512 429
513 433
514 437
510 441
514 447
514 453
513 457
512 460
514 464
514 465
514 468
514 475
514 479
513 698
514 701
513 703
512 707
512 710
513 713
513 717
512 722
513 726
512 730
513 734
513 738
512 742
513 746
513 749
512 752
513 757
511 755
514 761
513 767
513 770
515 774
513 777
512 780
451 782
339 783
263 786
240 791
227 794
222 798
198 801
199 805
196 809
199 811
249 822
256 818
246 821
247 824
191 827
227 830
233 833
273 836
302 838
267 841
269 847
288 847
303 849
293 852
253 852
250 856
236 860
269 863
257 865
275 868
319 870
276 873
274 876
258 913
417 912
454 913
424 913
415 914
411 915
411 916
447 916
423 917
394 918
413 919
387 920
437 920
430 921
423 921
438 935
443 934
453 922
461 922
439 922
453 922
445 922
448 923
449 922
460 922
457 922
461 922
459 922
458 922
472 922
467 921
452 922
479 922
454 920
485 920
508 919
508 921
511 915
512 914
512 912
513 909
513 908
513 906
513 904
512 904
513 902
513 901
513 900
513 899
513 898
513 897
513 896
513 894
503 885
514 894
512 886
514 884
507 776
513 773
513 770
513 767
521 765
511 756
514 748
508 762
513 748
513 744
513 740
513 737
514 732
513 727
513 723
514 719
513 714
514 711
513 707
514 703
513 698
514 694
512 690
516 686
513 682
513 677
513 672
514 668
514 663
514 660
513 656
514 652
513 648
515 644
513 639
513 633
512 629
513 623
514 618
516 612
513 607
515 602
514 596
513 591
517 588
512 582
509 579
511 577
516 573
515 569
509 564
515 561
515 557
514 556
513 552
512 548
512 543
513 387
515 383
514 379
514 374
514 372
513 369
513 365
513 360
512 356
513 351
513 346
513 343
513 338
514 335
513 331
514 327
514 323
514 320
514 316
514 312
514 309
514 305
514 301
514 298
513 294
514 291
514 287
514 283
514 279
514 276
513 272
514 269
513 264
514 260
518 256
528 255
644 254
766 254
805 247
794 246
807 241
797 238
832 233
821 231
789 226
788 223
756 220
775 217
806 214
784 211
767 208
759 206
726 203
747 203
746 198
748 195
734 192
632 130
648 132
667 127
623 127
643 127
635 126
652 124
654 124
607 123
599 123
594 122
599 121
607 121
633 120
622 120
648 119
599 118
612 120
633 117
581 117
593 116
563 116
568 116
585 116
596 115
597 115
589 115
572 115
562 114
566 115
550 114
559 115
581 115
558 115
580 115
570 115
557 115
570 115
546 115
535 120
534 117
518 118
515 120
515 122
512 124
515 126
516 129
515 131
515 133
514 136
513 135
514 135
513 137
513 136
515 139
515 140
513 141
513 218
513 220
513 224
513 229
514 234
513 238
514 241
513 244
514 247
514 252
513 256
514 261
514 264
513 269
514 273
513 277
513 284
514 285
513 288
515 291
514 295
513 299
514 302
513 308
514 312
513 316
513 321
513 324
514 330
514 333
513 339
514 344
513 351
513 352
513 356
514 360
513 364
513 368
513 371
514 375
515 378
514 381
514 386
513 395
514 399
511 403
515 409
514 411
514 417
514 425
513 429
514 436
514 440
514 444
515 447
513 452
514 456
514 618
513 621
513 626
513 630
513 635
513 640
514 644
515 649
514 654
512 658
513 663
514 668
515 672
514 677
514 680
513 685
513 689
514 693
512 697
513 699
514 702
514 706
513 709
514 713
513 717
514 722
513 726
514 730
513 734
513 738
514 739
514 745
513 748
513 752
514 757
514 764
519 763
514 768
515 771
513 776
512 779
506 781
405 782
310 785
274 787
253 791
260 796
227 797
184 802
224 805
208 809
246 812
227 815
232 819
235 822
219 825
243 827
362 906
385 907
426 907
388 908
389 909
393 913
384 911
397 911
411 912
438 913
436 914
425 915
384 915
407 916
426 916
399 917
407 918
414 918
420 919
454 920
419 920
434 918
414 921
430 922
446 922
439 921
444 921
453 922
469 922
459 922
453 923
463 922
445 923
472 923
450 922
479 923
493 921
467 922
499 922
482 920
489 921
504 920
509 919
507 917
513 916
512 913
513 911
513 908
513 907
513 905
513 904
513 903
513 902
513 900
513 901
515 900
514 898
513 792
513 790
514 787
513 784
513 779
512 776
513 772
513 767
514 770
516 763
516 758
513 755
512 749
514 747
513 740
513 736
514 731
513 725
513 721
514 717
514 712
514 708
513 705
513 701
513 698
513 694
515 690
513 686
514 682
514 677
513 675
514 668
513 664
513 661
512 657
513 656
513 648
512 644
514 636
514 630
515 625
514 621
513 617
513 613
512 606
513 602
513 594
514 590
514 587
515 582
517 581
514 573
515 572
512 566
519 563
514 560
513 417
514 412
513 408
514 404
513 394
512 394
515 389
515 384
514 379
514 375
514 372
514 367
513 363
513 359
513 354
514 353
514 346
514 342
513 339
514 335
513 331
514 328
513 324
513 321
515 316
513 312
514 308
513 304
513 301
512 297
513 293
514 289
513 286
514 282
515 279
514 275
514 271
514 271
513 264
513 260
519 257
531 253
636 254
753 252
775 248
810 244
804 241
815 236
857 235
815 228
831 226
811 222
759 220
772 220
770 213
779 211
768 208
754 128
651 127
640 126
616 126
641 125
603 125
571 124
651 122
641 122
619 121
631 123
617 121
602 119
588 119
576 118
619 117
603 120
597 116
604 116
590 116
593 115
591 114
581 115
563 116
572 115
561 115
561 115
582 115
558 117
587 114
594 115
567 115
600 115
557 115
578 115
551 116
537 116
549 117
527 119
517 119
515 122
514 127
514 126
515 128
513 129
515 132
514 132
514 133
514 135
513 136
513 137
515 137
514 139
514 141
516 141
514 143
514 144
512 269
517 271
514 275
514 278
514 281
514 288
514 292
512 296
513 300
514 303
514 308
513 312
514 316
514 321
514 326
514 331
513 335
513 340
513 344
515 349
513 352
515 356
514 359
514 363
513 366
514 372
513 375
515 380
513 384
513 389
514 393
514 397
516 402
514 407
514 413
512 423
513 426
513 430
514 435
514 439
516 445
513 450
514 455
513 459
512 463
513 464
514 466
514 471
513 475
513 479
510 483
512 490
515 489
514 493
514 497
513 503
513 510
511 686
513 688
513 692
514 695
513 701
513 702
513 704
514 708
514 712
514 716
513 720
513 724
513 728
513 731
513 735
514 738
514 742
513 746
515 750
514 754
513 757
513 761
512 774
516 769
515 772
513 776
511 780
505 781
380 783
311 785
260 788
252 791
218 796
202 800
230 803
224 806
224 812
260 813
227 816
234 819
226 822
231 825
259 829
278 831
293 834
282 836
288 839
272 842
247 845
279 847
248 850
282 852
265 855
276 858
298 862
264 863
265 866
365 896
300 896
336 898
356 898
407 900
387 899
364 903
355 904
395 904
373 905
346 906
365 908
407 908
412 910
433 910
445 911
392 913
392 912
392 913
406 916
390 914
394 915
432 916
401 917
409 918
411 918
387 919
423 919
442 919
445 919
452 920
447 918
442 907
435 921
452 921
419 922
430 922
436 917
420 922
442 923
451 922
453 922
478 922
447 922
483 922
455 921
474 922
495 922
473 921
490 921
490 919
507 918
509 916
512 914
512 912
512 912
513 908
513 866
513 863
512 865
513 859
512 856
513 853
513 848
513 848
514 844
513 841
513 838
513 834
513 830
513 827
515 822
513 819
513 815
514 812
513 806
513 802
513 797
513 794
513 791
513 789
513 785
513 780
514 775
513 772
514 767
514 758
516 753
514 757
517 747
512 743
513 743
513 739
514 735
513 731
513 727
513 723
513 718
513 715
514 710
513 706
513 701
514 696
513 692
513 687
513 683
513 678
514 675
513 672
511 668
513 664
513 660
513 655
513 650
512 538
512 533
512 529
514 524
514 519
512 514
514 510
514 504
514 499
513 494
513 490
512 487
513 483
513 478
513 474
513 470
516 466
514 463
512 459
514 455
513 451
513 447
512 442
513 438
513 433
514 428
512 423
514 418
512 413
513 409
512 404
513 395
514 394
509 389
511 385
514 380
514 375
514 371
514 365
515 361
514 356
514 352
514 348
515 344
514 340
514 336
514 333
514 330
514 327
514 323
514 319
515 315
514 311
513 307
513 304
514 300
513 296
800 212
765 210
781 207
771 205
754 202
769 199
767 197
728 194
754 191
727 188
750 186
758 183
735 180
786 178
777 177
766 172
751 169
726 167
762 164
760 162
736 159
709 157
734 155
763 152
706 151
688 152
653 149
690 147
692 146
636 144
646 143
638 142
629 141
653 140
641 138
683 136
700 136
679 135
665 133
646 132
622 131
620 130
639 129
629 129
632 127
651 127
599 125
627 124
605 126
599 123
650 123
612 121
626 121
607 121
606 120
604 119
590 118
531 118
526 118
518 119
514 121
516 124
515 125
515 128
516 130
514 131
513 135
514 136
513 136
512 136
513 136
514 138
514 139
515 142
514 141
514 143
513 145
513 146
514 147
513 152
513 152
514 155
513 157
510 158
513 161
514 164
514 165
513 168
513 170
515 171
513 174
513 177
514 180
513 183
514 186
514 189
513 192
514 196
514 198
513 202
514 206
513 210
513 214
513 218
513 222
514 227
513 232
514 235
513 239
513 242
513 245
513 248
513 252
513 408
516 399
511 404
513 409
513 411
514 414
514 419
512 426
514 431
513 436
514 440
513 444
513 449
513 453
513 458
514 462
513 467
512 469
513 472
515 475
514 478
513 482
512 487
514 491
513 495
514 499
514 504
513 509
513 515
514 521
509 526
512 530
514 536
514 540
514 544
514 551
514 554
513 561
513 563
513 565
514 568
514 573
513 578
514 581
511 584
513 589
513 593
514 597
514 602
512 608
513 612
513 617
514 622
513 626
513 632
513 637
515 641
515 775
512 778
508 781
459 782
380 783
275 786
234 789
248 793
233 796
233 799
241 803
225 807
226 810
244 814
254 816
235 820
243 823
240 826
222 829
259 832
269 834
271 837
280 840
257 842
294 845
291 847
270 851
283 852
248 856
265 858
273 861
276 864
254 866
249 870
271 873
284 874
308 877
279 879
266 882
312 882
301 886
359 887
364 888
371 890
378 891
372 892
370 893
369 895
375 896
416 898
376 899
364 901
342 902
333 902
345 904
398 905
424 906
397 923
454 923
483 922
472 922
448 923
474 921
499 921
490 920
501 920
512 918
511 916
515 914
513 912
512 910
513 911
513 906
513 906
513 905
512 903
513 902
513 901
513 901
513 899
513 898
513 896
513 895
512 892
513 891
516 889
510 888
512 886
512 883
513 881
514 879
514 877
513 875
514 872
513 870
513 868
514 866
513 863
513 861
513 858
513 855
513 853
513 851
513 846
513 843
510 840
513 837
513 833
513 831
513 825
513 821
513 818
513 814
513 810
513 694
513 689
514 687
513 681
514 678
513 674
513 672
513 666
513 663
514 659
513 655
515 652
513 645
513 639
514 633
515 629
512 625
513 620
512 616
513 611
514 605
514 599
514 593
514 588
514 584
513 582
514 577
511 575
513 567
515 564
517 564
514 560
511 557
512 553
513 549
513 544
514 538
516 534
516 530
513 525
512 521
514 515
515 509
512 503
515 499
514 494
514 491
513 486
514 481
515 476
515 473
514 468
514 466
513 462
513 459
514 455
514 449
515 295
513 293
514 288
513 285
513 281
513 278
514 274
513 271
513 266
513 263
514 260
518 256
577 254
711 252
781 249
819 245
816 242
798 239
800 235
791 232
795 229
787 225
791 222
766 219
766 216
802 213
764 210
799 207
797 204
771 201
782 199
744 198
743 194
756 191
743 187
767 185
755 182
744 180
755 177
782 174
770 171
743 169
744 166
762 164
762 162
736 160
692 156
743 154
726 152
718 153
692 151
676 148
671 146
630 145
624 144
671 144
691 142
586 114
575 115
560 114
578 115
575 114
556 114
555 115
569 115
539 115
555 116
529 116
532 118
527 118
515 120
515 122
514 125
513 126
514 128
514 130
515 132
514 133
515 134
513 135
513 134
513 135
514 138
514 138
510 141
514 141
512 142
513 146
514 147
513 149
513 151
513 153
514 155
514 158
513 159
512 161
514 163
514 166
514 168
514 170
512 172
513 175
513 177
513 181
513 182
513 186
514 190
514 192
514 196
514 197
514 202
513 206
513 210
513 212
514 365
514 365
513 370
514 375
512 378
513 382
513 385
514 389
514 392
513 398
514 404
513 412
512 417
511 402
513 426
514 430
514 435
513 441
513 448
513 455
511 457
515 459
514 465
513 465
513 469
513 473
514 475
512 479
514 483
513 487
513 491
513 496
514 500
512 506
513 511
512 517
512 521
514 527
514 532
511 538
512 541
513 546
513 551
513 554
513 559
513 563
512 567
513 571
512 575
512 578
513 582
513 586
514 590
513 593
514 599
513 603
512 609
514 736
515 740
514 744
514 748
514 751
514 755
514 759
513 763
511 763
514 766
513 774
513 777
510 780
444 782
321 784
253 787
246 790
263 794
278 797
268 800
241 804
236 807
212 811
223 814
248 817
205 819
221 823
187 826
227 830
257 834
272 835
284 838
273 840
262 843
275 846
280 849
282 852
271 854
291 857
288 858
306 862
294 864
265 867
251 869
228 872
230 875
281 878
275 880
302 882
358 884
354 886
335 892
266 887
294 890
350 892
348 892
382 894
458 921
476 923
439 922
452 922
440 923
468 922
477 922
459 922
490 922
461 922
495 921
492 921
470 922
505 919
508 918
512 916
513 915
512 910
513 910
512 907
513 906
513 904
513 902
513 902
514 902
512 900
513 899
513 898
514 897
513 896
513 894
514 892
513 891
513 905
513 887
512 890
509 882
509 885
514 878
513 877
514 874
512 872
514 870
513 868
515 863
513 864
514 860
513 857
513 855
512 852
513 849
513 846
515 843
513 840
513 837
514 833
514 668
513 665
514 661
514 658
514 653
514 648
513 644
513 639
513 634
514 630
514 624
513 619
514 614
513 609
514 603
513 597
514 591
515 588
513 583
512 580
513 567
513 572
511 576
516 558
515 577
514 553
512 555
512 551
512 548
513 543
514 539
513 534
514 529
514 524
514 520
514 513
514 508
514 502
513 498
514 491
512 487
512 484
514 480
514 477
512 471
513 468
515 464
513 460
513 457
513 454
513 450
513 445
514 440
514 435
513 431
514 424
514 421
514 198
744 196
746 194
766 192
745 190
743 189
735 185
749 182
730 180
757 177
784 175
743 172
741 169
758 166
760 163
762 161
735 158
699 157
706 154
700 153
694 150
666 149
708 148
694 147
686 146
665 144
641 143
648 141
636 141
653 139
692 137
648 136
670 135
652 134
641 133
671 132
647 131
634 128
605 129
599 128
614 125
650 126
667 123
637 125
633 124
609 123
620 122
634 121
618 121
648 120
602 119
595 119
604 117
599 118
592 117
589 116
576 116
608 115
543 114
561 116
556 116
561 116
540 117
529 118
531 118
518 118
516 122
515 125
516 126
515 129
514 132
514 132
514 133
514 135
513 135
513 136
515 136
512 138
514 139
513 141
514 142
514 143
514 146
514 147
514 150
514 150
513 153
513 156
511 158
514 160
514 162
514 164
514 166
513 168
514 170
514 174
514 175
514 177
513 181
510 183
513 184
514 191
514 193
514 196
514 201
513 204
514 207
514 211
513 215
514 219
514 223
514 226
514 231
514 235
513 339
513 342
513 345
513 347
513 352
514 357
513 362
513 366
513 371
513 374
514 378
513 383
514 388
513 392
512 397
513 405
514 405
514 411
513 415
513 422
513 427
513 433
512 436
513 443
513 446
513 451
514 455
514 458
513 464
512 468
512 470
514 473
514 476
514 480
512 485
512 489
512 492
514 497
514 501
514 506
514 512
513 518
511 524
512 528
514 532
514 536
515 540
513 546
513 552
513 556
514 560
514 563
514 567
515 570
513 574
513 578
511 581
513 701
513 702
514 708
513 711
513 715
514 719
511 724
513 726
513 729
513 733
513 737
513 741
509 745
513 749
512 753
512 755
513 759
510 763
513 768
521 773
525 774
513 777
510 781
431 782
278 785
256 789
229 791
243 795
272 798
250 801
236 805
245 808
226 812
260 815
249 817
247 821
246 823
228 825
233 829
249 832
273 835
282 838
281 841
273 843
250 845
287 848
262 851
240 855
260 857
248 859
301 863
299 865
269 864
237 871
254 873
302 875
322 876
390 913
388 913
436 913
421 914
378 915
417 916
406 918
434 917
424 917
423 918
449 918
426 919
416 920
419 920
411 920
406 921
408 921
435 916
429 927
456 927
440 922
457 922
462 924
444 923
456 922
461 923
445 922
477 924
481 923
470 919
498 922
489 922
496 922
485 923
499 920
505 919
507 917
511 916
512 914
512 912
513 910
513 908
513 906
512 906
512 904
513 903
514 902
515 900
513 900
513 896
515 896
514 895
514 894
513 892
513 887
514 889
514 885
513 816
512 813
513 810
