513 772
510 775
511 777
511 781
509 782
323 781
298 786
320 790
307 794
199 795
175 798
161 802
183 806
205 809
239 812
224 815
225 818
239 822
238 826
246 827
249 831
239 835
228 835
237 839
275 843
271 844
316 848
274 850
261 853
292 855
259 859
291 862
255 864
242 867
285 869
270 870
297 875
290 878
302 879
313 881
307 884
317 882
323 887
324 890
337 891
345 893
316 893
375 896
405 895
392 901
362 897
340 900
397 901
365 902
358 903
382 903
353 905
745 187
742 185
758 184
783 180
771 178
794 175
785 173
748 170
720 167
743 165
757 161
722 159
722 156
722 154
727 153
718 151
670 149
690 153
665 145
640 145
678 145
675 143
674 141
665 141
658 139
648 138
623 136
627 140
654 134
640 133
653 132
689 130
640 130
655 129
631 128
602 126
649 127
644 126
658 121
590 125
585 126
623 122
588 119
609 121
621 121
623 121
608 118
609 118
640 116
621 117
578 116
582 116
597 116
602 115
601 115
563 115
569 116
417 907
442 909
390 909
419 909
393 910
420 911
413 913
382 912
369 913
392 913
400 914
413 915
426 917
431 916
398 918
407 918
375 919
372 920
409 920
426 921
471 919
430 918
418 922
421 921
424 922
422 921
442 921
450 922
437 923
458 923
434 922
473 928
444 924
485 923
492 922
465 923
497 923
471 922
490 918
479 921
486 906
497 920
507 918
507 916
511 915
514 913
512 911
513 909
514 908
516 904
512 904
513 904
513 902
513 902
512 900
512 899
511 898
514 568
513 566
513 563
514 565
514 556
514 553
513 549
513 545
513 541
515 534
514 531
511 526
513 520
514 519
514 512
517 506
514 498
511 494
513 489
512 485
513 481
513 477
515 472
514 469
513 466
513 462
513 458
511 455
513 451
514 447
513 441
513 436
513 432
514 427
513 423
513 417
514 412
513 408
513 402
514 399
514 393
513 389
511 384
513 380
513 376
513 369
514 366
514 362
513 357
515 353
514 347
514 339
514 342
520 337
517 334
518 329
519 326
724 201
704 200
743 202
772 196
714 189
716 188
742 186
772 183
799 179
782 177
769 175
760 170
762 170
722 167
709 163
698 161
720 159
746 162
722 155
752 154
686 151
680 149
648 147
675 146
686 145
628 144
667 142
693 141
687 139
674 139
659 138
633 136
622 135
641 134
644 137
613 132
613 131
643 130
653 129
627 128
674 127
631 127
623 124
662 124
656 126
627 125
602 123
634 122
595 120
570 120
594 114
619 119
624 118
632 118
615 122
587 117
612 142
513 142
514 144
514 146
513 147
514 149
514 151
512 153
514 153
513 157
514 159
514 160
513 162
515 165
513 166
513 170
515 172
513 175
513 178
514 180
514 180
513 186
513 190
513 192
514 195
513 197
513 201
515 205
513 209
514 214
513 219
514 230
513 228
514 231
513 234
512 238
514 242
513 243
513 249
514 252
514 256
514 260
513 264
513 268
514 271
513 275
514 285
513 285
513 289
514 293
513 296
513 299
514 305
514 309
513 313
514 317
513 321
513 495
513 499
514 503
514 507
514 511
513 516
516 521
514 525
512 531
513 535
514 540
513 545
515 549
513 553
512 558
512 563
512 567
512 570
513 573
513 577
514 579
513 585
514 591
512 594
512 598
513 602
512 607
514 613
512 617
513 624
512 627
514 637
513 639
515 642
512 648
514 652
513 655
515 658
513 664
512 669
513 675
514 678
513 682
515 690
514 689
513 692
514 697
514 702
512 704
515 707
513 711
515 715
514 718
513 723
514 727
514 732
514 735
513 845
281 849
252 849
285 853
305 852
298 856
275 858
255 860
307 864
279 865
267 870
282 876
245 874
265 877
259 879
306 882
345 885
331 885
340 888
354 890
344 890
307 892
317 892
350 894
400 895
375 896
347 899
381 899
357 901
388 902
406 903
363 905
374 904
360 906
399 908
377 906
412 909
409 913
383 911
392 912
398 912
378 914
405 912
432 914
383 915
420 915
424 917
451 918
428 919
386 919
429 919
397 919
402 919
400 919
412 920
435 921
430 921
434 878
514 881
513 876
514 874
514 873
514 873
511 868
515 865
513 864
513 862
515 859
513 856
513 853
514 846
516 852
513 845
513 841
513 838
513 834
513 826
514 826
514 822
512 817
513 814
514 810
515 807
513 801
513 797
513 793
514 791
513 787
513 783
513 779
513 775
513 775
513 766
514 761
514 758
513 755
514 751
512 747
513 744
512 738
513 734
513 730
513 724
514 721
513 716
515 711
513 707
514 702
514 703
513 694
514 691
513 688
514 681
517 680
514 494
515 491
514 487
513 484
514 480
514 475
513 471
515 464
513 464
513 461
513 458
514 453
513 451
515 445
513 442
513 437
514 432
512 427
513 421
514 417
514 417
513 407
513 401
513 397
513 392
514 387
514 383
514 378
516 374
515 369
515 365
514 361
514 357
514 354
513 349
514 345
513 341
514 331
514 332
509 333
524 335
517 322
514 319
514 315
513 310
514 306
513 303
515 298
514 296
513 291
513 288
514 284
514 282
514 277
514 275
514 270
514 266
628 126
679 123
642 125
651 121
648 120
612 124
602 122
599 121
640 120
619 119
599 119
603 119
614 118
585 117
575 116
607 117
598 117
628 116
589 116
621 115
591 115
566 115
598 115
562 114
590 115
570 116
576 115
554 114
553 115
552 115
559 117
545 115
549 116
561 115
533 117
549 117
525 118
517 121
518 122
514 124
515 126
513 128
514 131
515 135
519 130
516 134
514 135
514 136
509 139
514 137
512 138
513 140
513 142
513 143
513 146
514 146
514 148
514 185
514 188
514 191
513 194
513 196
513 200
514 198
513 206
514 209
514 213
514 218
513 221
513 226
511 230
514 235
514 238
513 242
515 246
513 250
514 253
513 258
514 261
513 266
513 270
514 275
513 279
513 289
513 286
514 291
514 294
514 297
514 300
514 304
514 308
514 312
514 316
514 320
513 326
515 330
513 335
514 341
513 347
514 350
514 354
513 358
513 361
514 366
513 374
514 372
513 376
514 380
513 385
513 390
514 395
513 399
513 403
514 407
513 538
513 542
513 546
513 550
513 554
514 558
514 564
512 567
512 570
514 573
514 577
513 581
513 586
513 590
515 594
513 598
513 603
513 607
514 612
514 617
513 623
513 628
515 632
514 637
515 641
512 644
511 651
513 656
512 661
513 665
513 669
512 674
513 680
512 684
515 686
512 691
512 696
512 699
511 703
515 705
513 709
512 712
513 717
513 720
513 725
515 728
514 732
513 735
513 739
513 742
513 747
512 750
513 754
512 758
512 762
514 765
513 769
286 858
292 860
250 863
299 864
269 870
297 870
282 873
271 876
322 878
293 879
303 882
278 884
288 885
323 887
365 891
352 890
356 893
386 893
374 894
357 896
363 896
383 899
394 899
376 901
401 903
318 902
344 904
379 906
375 905
406 907
387 908
402 909
376 912
366 910
393 912
409 912
403 913
406 915
374 914
404 915
428 915
391 916
433 917
425 918
448 918
426 919
388 919
434 920
424 920
438 922
432 921
424 921
445 922
451 921
454 925
453 922
458 902
514 898
513 897
513 896
514 895
514 893
513 894
512 891
514 889
513 888
513 886
511 884
514 881
513 879
512 877
514 875
515 873
513 871
513 868
513 870
514 863
513 860
514 857
513 855
513 854
513 849
514 842
499 843
513 840
513 836
512 833
513 830
513 825
513 821
513 817
513 814
514 809
513 805
513 800
513 795
514 791
513 788
514 786
514 782
512 779
514 774
513 770
513 766
512 762
514 759
513 754
513 750
513 747
514 743
514 740
513 740
513 730
513 606
513 603
514 597
513 592
515 587
513 584
512 578
514 576
513 574
513 569
514 565
514 563
515 559
512 555
513 553
513 548
513 544
514 539
514 533
513 528
514 523
513 518
513 507
513 524
515 471
511 508
515 494
513 489
512 484
514 480
515 475
514 472
513 468
513 465
514 461
514 456
513 452
514 450
514 444
513 440
513 436
513 431
513 429
514 420
513 415
514 411
514 406
514 403
513 397
513 392
515 387
513 382
513 378
514 375
514 369
514 364
515 361
513 232
918 227
863 224
822 222
805 219
831 216
796 214
811 208
754 206
762 204
752 200
718 192
755 190
742 197
782 195
770 188
742 186
761 183
758 179
752 177
737 175
732 172
761 169
752 166
750 160
756 161
769 159
716 156
705 155
731 152
695 151
691 150
644 148
695 146
670 145
630 144
649 143
606 142
623 140
647 139
713 138
707 135
658 135
652 134
649 134
620 132
627 134
688 128
623 128
619 128
613 127
588 126
592 128
608 123
649 125
607 125
607 123
643 127
514 128
515 130
514 132
504 136
513 134
514 135
514 136
515 136
514 137
513 139
513 140
514 143
514 143
514 144
514 147
514 149
514 152
513 153
514 155
514 157
514 159
514 162
513 163
514 161
514 168
513 170
514 173
513 175
513 178
513 181
514 183
514 186
514 189
514 193
514 196
515 199
514 203
514 206
513 210
513 213
512 218
515 223
513 227
514 231
513 235
514 240
515 242
514 246
515 249
514 254
514 257
514 259
515 265
514 269
513 274
513 279
513 431
513 436
513 443
514 446
515 452
513 455
513 458
513 465
514 467
513 471
512 474
512 477
513 480
515 483
512 487
513 491
513 497
513 502
510 507
512 511
513 516
514 522
513 527
512 533
512 537
512 543
513 546
513 551
514 557
514 560
512 564
513 567
514 572
513 575
511 578
513 582
514 586
513 590
512 595
514 599
512 604
512 609
514 614
514 619
515 624
512 630
510 633
511 639
513 644
513 648
514 654
513 659
509 660
512 665
513 671
514 674
512 679
323 791
350 794
167 795
142 799
121 804
169 810
232 811
225 815
239 818
240 821
238 824
269 828
264 830
266 832
265 835
265 840
251 840
262 843
270 846
276 848
302 851
266 856
280 857
252 859
264 863
294 865
248 867
283 872
291 873
328 875
300 879
250 882
272 884
294 885
307 886
317 888
358 890
374 890
340 890
352 893
373 895
370 895
334 898
392 897
413 898
376 901
369 902
319 904
347 904
378 905
401 906
423 907
390 909
414 909
378 909
387 911
440 912
512 912
511 909
514 907
513 906
512 904
513 904
513 902
513 901
514 900
513 899
513 899
512 899
513 895
513 894
513 896
512 890
516 888
515 886
515 885
513 882
513 879
513 881
513 876
513 874
511 872
511 870
514 868
514 869
512 863
514 860
513 857
514 854
514 852
513 849
509 843
512 843
513 840
513 838
513 832
513 833
513 824
514 820
513 816
514 814
514 808
513 804
514 798
513 795
513 791
514 788
513 783
513 781
513 777
513 774
513 768
514 764
514 760
513 588
513 586
513 582
514 578
514 574
514 572
513 568
513 566
514 563
516 559
513 556
512 551
514 547
514 543
514 538
513 533
514 528
514 524
513 518
514 511
515 511
518 500
516 492
516 494
513 488
513 484
513 479
514 474
513 471
515 469
513 465
513 461
514 457
513 452
513 448
513 444
513 439
514 434
513 429
513 426
513 420
514 415
514 410
513 405
515 402
513 395
512 390
514 385
513 381
514 378
514 373
515 368
514 364
513 359
513 356
514 350
515 347
754 208
745 207
773 203
766 201
748 196
777 199
745 191
740 189
735 189
722 184
760 182
765 179
787 176
788 174
763 170
739 168
703 166
715 165
728 160
752 158
712 154
744 154
728 153
714 151
703 149
615 147
657 146
656 145
674 144
668 142
648 142
682 142
645 138
637 137
656 137
676 135
650 134
651 133
652 132
621 130
619 129
640 129
634 128
624 128
626 126
626 124
587 123
636 124
632 120
618 125
637 119
609 121
614 120
589 119
632 118
628 118
624 136
514 135
513 136
514 138
514 138
514 138
514 140
514 141
514 144
513 144
515 146
515 148
513 149
516 151
513 154
516 155
515 158
513 160
513 163
514 163
514 166
513 168
514 172
514 173
514 175
514 178
516 181
514 182
514 187
514 194
514 192
513 196
514 199
514 203
515 207
515 211
514 214
514 218
514 223
513 228
513 232
514 239
514 239
515 242
513 246
513 250
513 255
514 258
513 262
513 265
513 270
512 274
514 278
515 283
513 286
513 292
513 296
513 473
513 475
513 478
515 481
515 483
515 486
514 492
513 497
514 503
512 509
512 513
515 517
514 522
513 527
513 532
513 540
512 544
513 548
513 552
514 554
515 560
513 563
514 567
513 574
512 576
512 580
513 582
513 587
514 592
513 597
513 599
513 604
514 610
514 614
513 621
514 624
515 629
513 632
514 636
512 643
515 649
513 658
515 659
513 662
510 667
513 673
512 678
513 680
514 685
514 689
513 692
514 697
514 701
513 703
512 706
512 709
513 714
515 849
315 853
297 855
246 856
253 860
282 863
313 865
273 869
285 871
258 874
274 876
283 879
276 881
303 884
314 885
344 886
361 890
347 888
340 891
346 892
387 893
407 895
422 895
380 894
387 898
371 891
324 901
344 902
330 903
413 904
405 905
388 907
405 908
346 909
373 909
384 908
414 913
410 913
428 913
426 911
390 913
392 915
410 915
406 915
395 917
436 918
414 918
406 919
404 920
409 920
453 919
426 920
424 925
422 920
413 921
428 921
434 922
456 878
512 877
513 873
512 872
513 871
514 869
513 867
514 865
512 862
514 859
513 857
515 854
513 852
510 849
513 845
525 844
534 838
514 835
513 830
513 828
512 823
513 820
513 816
513 811
513 806
514 805
512 799
514 796
513 791
514 788
513 784
513 781
513 776
514 771
513 768
512 765
514 762
513 756
513 752
513 749
513 743
513 740
514 736
514 733
513 728
513 723
513 719
512 714
513 711
513 706
513 703
514 699
513 692
513 688
513 683
513 681
513 678
513 597
513 592
513 589
513 587
512 583
513 579
514 574
513 572
513 568
513 565
513 561
512 557
514 554
514 550
513 545
513 541
513 537
513 531
513 528
513 522
513 516
513 512
514 506
514 504
522 495
508 494
514 487
512 485
513 479
513 475
511 470
514 467
514 464
512 460
514 455
513 453
514 447
514 443
513 438
514 435
514 427
513 424
513 419
513 414
513 410
514 404
515 399
512 393
513 390
513 385
514 381
513 378
514 372
514 368
513 364
513 361
513 355
517 256
519 255
523 253
819 252
786 248
742 243
751 238
881 239
909 236
890 231
830 227
814 224
784 221
809 218
821 215
767 211
787 209
771 205
794 203
787 200
746 198
732 195
713 193
722 190
733 187
715 184
752 181
786 180
769 176
754 173
742 171
743 168
747 166
733 163
733 160
754 158
721 156
724 153
699 152
691 150
671 149
613 148
660 146
656 144
660 143
674 142
659 141
653 139
652 138
663 137
634 136
613 134
642 133
634 133
651 131
681 131
687 129
581 115
576 115
575 114
578 115
573 115
560 115
558 117
550 116
537 115
535 116
524 116
536 118
519 118
513 121
516 123
515 122
514 126
513 129
514 130
513 130
520 132
511 133
514 135
513 136
514 137
514 138
514 139
513 141
514 144
514 144
514 146
514 148
513 150
514 151
513 154
514 156
514 157
513 160
513 162
513 164
515 166
514 169
515 171
514 173
515 176
513 178
514 182
513 185
513 188
513 191
514 194
513 198
513 201
514 205
514 208
514 212
513 216
513 323
514 326
513 330
513 334
514 337
514 341
514 346
513 350
512 353
514 359
513 363
514 366
514 371
513 375
514 378
514 383
514 386
514 390
513 395
513 400
514 407
513 413
515 419
514 423
514 428
513 432
514 438
513 443
513 448
513 453
514 457
514 460
513 462
514 467
513 471
513 475
513 478
512 482
513 485
514 489
512 494
513 499
514 503
513 508
514 514
513 518
513 522
512 530
511 535
511 540
512 545
512 549
513 553
514 557
513 561
513 564
514 569
513 688
512 690
514 695
515 696
512 700
513 706
513 706
514 708
513 714
515 716
513 723
515 726
513 730
514 734
513 737
514 741
513 745
512 748
513 752
512 755
514 760
513 763
514 767
512 771
511 774
511 777
510 781
395 781
279 785
307 789
330 793
258 794
164 798
197 792
200 805
211 808
251 811
195 815
198 818
229 821
231 825
248 828
266 829
275 833
253 836
266 838
258 843
270 845
261 847
268 850
294 852
278 856
290 858
288 860
292 864
306 866
259 914
388 916
400 917
434 918
429 917
446 919
418 919
453 918
404 919
418 920
428 919
437 922
459 921
440 922
437 922
420 923
420 920
448 919
473 925
449 923
480 922
453 922
464 922
471 921
440 922
481 921
461 922
485 923
484 921
486 920
501 918
506 916
506 917
512 914
513 913
512 911
513 907
512 906
512 904
513 904
513 902
514 900
513 901
514 900
513 898
513 898
513 897
513 895
513 894
514 891
512 890
514 887
513 887
513 884
514 882
513 880
513 878
513 747
514 741
513 740
512 735
513 730
514 727
514 723
514 720
514 716
513 710
513 706
513 701
514 697
513 695
513 689
513 684
511 681
513 677
513 690
511 659
513 664
513 661
513 655
513 653
513 649
513 648
513 639
513 633
514 627
513 621
513 614
514 609
513 606
514 602
513 597
513 590
513 585
513 581
514 578
512 576
513 572
513 569
513 565
514 561
514 557
514 553
513 550
513 546
513 542
512 536
513 531
515 525
514 520
511 516
513 511
513 505
512 486
512 342
513 340
513 337
514 334
513 331
512 328
516 341
514 314
512 334
513 312
514 309
513 305
514 300
513 296
513 293
513 286
514 286
513 281
514 277
514 274
513 270
514 268
515 263
516 262
517 257
518 253
521 251
740 254
774 248
716 242
704 238
862 240
874 236
894 232
857 228
827 225
817 221
829 217
834 214
771 212
753 208
770 205
765 202
798 201
753 196
774 193
736 189
711 192
776 180
731 184
749 180
742 177
753 176
786 173
775 170
752 169
744 164
751 127
615 127
608 113
653 123
610 106
619 120
627 121
623 119
621 119
611 120
607 117
593 117
597 116
601 116
591 116
614 115
594 112
606 117
603 116
577 115
593 115
559 117
574 116
559 115
553 114
559 115
558 114
558 115
558 116
561 115
548 115
564 116
531 116
538 118
516 119
512 121
516 123
516 125
514 129
514 130
513 131
513 135
511 134
513 135
506 135
513 137
511 137
514 139
513 139
513 140
513 143
512 147
513 146
514 148
513 151
514 152
514 154
513 283
513 283
514 289
513 291
513 296
514 301
514 304
513 307
514 312
514 316
514 321
514 324
514 328
513 333
513 339
512 343
514 348
513 350
513 356
513 359
513 363
513 367
514 370
514 373
514 379
514 383
511 390
513 394
514 399
513 401
514 405
514 410
514 416
513 424
513 431
514 436
512 440
513 444
513 447
513 454
514 457
514 460
513 466
513 468
513 471
514 472
513 479
513 482
513 486
512 490
512 494
514 498
514 503
513 508
513 515
514 520
513 524
513 475
512 478
513 482
512 486
514 491
514 496
515 498
513 505
512 510
513 513
515 520
513 526
514 531
513 537
513 541
513 545
513 550
513 554
513 558
512 561
512 566
513 570
512 573
515 577
514 581
513 584
513 589
513 594
513 599
512 603
514 609
513 613
515 618
514 622
512 626
514 631
513 637
512 643
515 644
512 651
512 655
514 659
512 666
514 668
512 674
513 677
513 683
512 686
515 689
512 694
513 697
514 700
514 703
515 706
514 711
515 712
514 718
394 899
350 899
362 901
342 902
326 903
362 903
329 904
397 906
417 907
445 908
406 909
371 909
377 912
389 911
412 912
414 915
435 913
394 914
367 912
383 915
428 917
430 917
395 917
416 919
439 921
433 920
417 920
395 920
429 921
434 920
466 922
431 922
446 922
457 921
472 926
466 922
485 922
473 923
449 922
476 922
439 922
478 922
460 922
456 923
492 920
468 922
497 921
490 920
502 921
510 917
513 916
512 911
510 912
512 910
513 908
512 904
512 905
512 742
513 740
513 734
513 731
514 728
514 727
513 722
513 717
513 714
513 708
512 703
513 697
513 694
513 691
513 688
512 683
513 680
514 676
513 672
502 671
521 648
513 660
513 656
513 650
513 645
513 640
514 636
513 632
513 627
513 620
514 613
513 608
513 602
512 597
512 595
513 589
512 584
513 580
513 577
514 573
513 570
511 566
512 563
513 559
513 555
514 552
514 549
513 544
513 541
513 535
513 530
516 524
513 519
514 513
514 506
513 503
512 497
513 310
524 309
510 311
513 307
513 303
514 299
514 295
513 293
514 288
514 282
513 280
511 277
513 273
513 269
513 265
514 263
516 259
518 255
520 254
523 251
834 251
777 246
723 240
699 241
925 239
899 234
900 230
866 226
794 222
808 219
809 215
801 213
777 210
736 207
774 204
773 201
762 199
770 196
724 193
734 193
722 188
758 188
770 185
739 181
759 174
783 175
794 172
748 168
742 167
732 164
745 160
720 159
698 156
713 154
720 153
722 151
692 114
584 116
569 114
555 114
574 113
592 115
581 117
590 115
566 115
583 115
575 116
575 115
552 115
566 116
541 115
528 116
539 115
517 119
519 120
515 123
514 125
512 127
512 128
514 130
514 132
514 133
514 133
514 131
516 136
514 137
514 138
513 139
513 140
511 142
512 143
514 146
513 147
514 148
513 151
512 153
513 155
514 158
513 158
515 161
514 164
513 165
514 167
514 169
514 172
514 176
513 176
513 181
514 183
513 186
515 189
514 192
513 197
513 462
513 465
514 467
514 474
514 473
513 477
511 481
514 483
515 487
514 492
514 497
513 502
512 507
511 512
513 515
515 520
514 525
511 532
513 537
513 543
511 547
513 550
515 555
514 559
515 564
513 566
513 571
513 573
513 577
513 580
514 585
514 589
513 592
513 600
513 603
513 608
513 614
510 618
514 623
513 628
512 633
513 640
514 642
512 648
513 651
512 659
511 662
513 666
514 670
513 675
511 676
512 683
513 687
512 692
512 695
512 698
512 703
513 770
512 778
511 775
511 778
510 781
429 781
264 785
297 788
336 793
357 795
185 795
199 800
162 803
173 807
227 810
231 813
255 815
245 820
247 823
231 826
254 829
259 832
265 836
269 838
251 841
259 844
277 846
284 849
285 850
255 854
282 857
259 859
245 862
259 865
234 868
274 870
254 877
298 875
301 878
311 880
321 882
280 884
311 887
345 888
350 889
334 891
357 892
377 893
391 894
393 898
378 898
362 898
332 900
357 899
373 902
345 903
386 904
378 924
457 924
443 923
435 922
440 923
459 922
454 922
470 921
463 922
452 922
466 923
434 922
473 922
473 921
472 922
510 922
497 919
505 915
510 916
514 912
514 913
514 910
513 909
513 906
512 905
513 903
513 903
514 901
513 901
512 901
513 899
514 897
515 896
513 892
513 891
513 891
515 890
514 887
513 883
513 883
514 881
513 879
513 877
513 873
512 873
513 870
514 868
514 864
512 862
514 859
514 859
511 855
513 851
513 848
513 847
513 843
513 840
512 733
513 730
513 726
513 724
511 719
513 716
513 713
513 707
513 703
513 696
514 693
514 688
510 685
513 681
513 679
513 675
514 672
524 664
484 662
523 659
514 653
513 647
513 645
513 641
514 637
513 632
512 627
515 620
514 610
513 607
514 602
513 598
514 595
512 589
513 582
513 578
513 575
513 572
513 570
513 567
513 563
512 559
513 555
514 552
513 547
513 544
513 538
513 532
513 527
512 522
511 517
512 512
514 507
514 502
513 497
513 491
515 488
511 368
513 364
513 360
513 355
512 351
513 348
512 343
512 340
513 336
514 332
513 329
513 326
513 321
503 329
505 316
503 311
514 307
514 302
512 299
516 295
514 291
513 287
513 284
513 280
512 277
513 273
513 269
513 264
515 260
516 257
518 254
523 251
679 255
841 250
747 245
732 241
792 241
909 238
905 234
870 229
862 225
804 223
832 219
838 215
789 212
800 209
773 206
789 206
776 201
737 198
734 196
705 193
718 192
735 186
725 187
789 182
778 176
598 132
636 130
631 128
650 128
641 126
609 126
621 124
581 124
620 123
643 124
637 132
655 123
613 114
610 119
606 114
635 119
611 119
615 117
594 117
618 119
590 116
575 118
611 115
578 115
610 117
576 115
592 115
571 115
544 116
565 115
545 115
552 116
