513 202
512 205
513 209
513 211
513 214
513 220
513 224
514 228
509 232
513 234
513 239
513 240
513 243
514 246
513 251
515 255
514 260
514 266
513 269
512 272
513 277
512 281
514 286
513 289
511 293
514 295
513 300
513 304
511 309
514 312
513 317
514 323
513 326
513 330
513 335
514 340
513 346
513 350
513 354
512 357
513 361
513 365
514 369
513 371
510 376
513 380
513 384
512 389
511 393
515 399
514 404
513 409
514 414
512 420
515 425
512 431
512 437
516 730
514 729
516 724
513 717
513 725
519 719
510 718
514 703
514 700
514 694
514 691
512 687
513 683
514 678
513 675
514 671
513 666
516 662
515 658
514 655
514 651
513 647
513 641
513 637
513 632
518 619
514 618
512 613
514 608
513 604
510 598
513 592
512 588
514 584
513 579
515 576
515 573
513 570
514 567
514 564
513 560
512 557
511 554
514 551
514 546
514 542
513 535
514 529
514 525
513 520
513 514
514 509
513 504
514 499
514 495
513 490
514 485
512 361
513 363
513 368
514 373
513 378
513 383
504 387
511 390
514 393
513 396
513 402
513 409
514 415
513 423
509 426
513 427
512 437
514 442
514 450
515 453
513 457
511 459
512 464
514 466
515 468
515 472
516 476
512 479
515 483
514 488
515 492
513 495
512 500
513 508
514 511
515 515
514 520
512 526
512 531
514 536
514 543
514 545
514 549
514 555
513 558
514 562
513 565
514 569
513 572
513 580
514 580
512 584
511 588
515 592
515 598
513 602
513 607
422 899
410 899
440 901
429 901
455 903
494 904
456 905
447 908
444 908
433 908
468 909
462 910
491 911
464 912
433 912
458 915
452 913
449 916
479 919
445 916
452 917
455 918
442 920
471 920
449 919
481 921
482 922
474 922
494 924
474 923
463 923
477 923
455 923
486 924
493 922
477 923
505 923
486 922
508 923
494 924
505 923
508 921
504 921
498 923
509 922
498 922
498 921
510 920
502 920
513 918
518 916
514 914
513 912
511 910
514 905
511 906
513 905
513 822
513 817
513 814
514 811
514 807
513 802
513 798
513 792
513 789
513 786
512 781
513 775
513 773
513 768
514 764
513 761
515 757
513 753
513 753
513 746
513 742
514 738
513 734
514 730
513 726
513 721
503 727
508 721
520 719
520 703
513 696
513 694
514 688
513 685
514 680
519 676
515 672
514 669
513 668
513 662
513 658
513 655
514 651
514 645
515 641
515 635
514 632
515 624
511 620
512 614
514 613
514 602
513 595
513 590
516 586
513 583
512 426
514 422
515 418
514 415
514 410
514 404
515 401
515 397
516 392
513 388
514 384
515 378
515 375
513 370
515 365
514 355
524 355
522 353
530 346
532 353
513 339
514 335
513 332
513 331
513 325
513 321
512 318
513 314
512 310
511 305
503 303
513 299
513 295
515 293
514 288
510 284
514 280
513 277
512 272
513 269
513 265
513 262
513 258
513 254
513 251
516 247
518 244
519 240
522 239
813 240
774 235
755 230
717 226
660 223
660 221
636 217
652 212
633 134
567 133
550 132
576 131
581 130
611 128
548 126
551 126
540 126
536 126
576 121
605 123
585 124
605 122
555 122
557 122
569 119
545 120
580 118
551 117
568 117
583 117
540 116
545 115
543 114
538 115
564 114
548 115
542 114
552 114
521 114
544 113
517 116
534 114
546 114
519 115
536 114
540 114
532 114
546 115
530 116
520 116
544 116
522 117
539 118
518 120
514 121
516 122
514 124
514 127
513 129
514 130
514 129
513 133
514 134
514 136
513 136
513 214
513 219
514 222
513 226
513 231
513 232
513 236
513 239
513 244
513 247
511 250
513 253
513 258
514 261
514 267
513 269
513 272
513 276
514 282
516 286
513 290
515 294
513 299
512 302
513 306
514 310
514 315
513 320
514 323
513 328
514 332
513 336
513 340
513 346
514 348
513 353
516 357
513 364
513 367
513 372
511 375
514 378
514 381
514 385
514 388
513 395
513 400
512 405
511 410
512 417
518 422
514 428
513 434
514 437
508 441
512 448
513 452
513 631
512 636
513 639
515 645
512 649
511 653
512 658
514 662
512 667
513 671
513 676
512 680
517 685
512 686
512 691
513 696
513 699
515 704
514 705
514 709
512 713
513 717
514 721
515 725
513 729
514 732
513 737
514 741
513 745
513 749
513 753
513 757
513 762
512 764
513 767
513 770
514 776
512 779
512 780
511 784
512 787
511 790
509 795
354 792
269 797
303 803
322 807
356 806
391 814
352 817
347 819
376 822
363 827
398 828
389 832
381 836
392 837
439 913
463 913
457 913
449 915
475 915
462 917
478 918
459 918
455 919
496 919
480 920
471 922
485 922
465 923
468 921
472 921
453 922
483 922
467 923
507 923
497 923
468 922
498 922
482 923
479 922
486 925
467 922
486 922
493 922
485 922
502 921
489 922
509 923
508 921
498 920
510 918
513 916
512 914
514 915
513 909
513 907
513 906
513 904
514 903
514 903
514 901
513 900
515 899
513 898
513 897
513 896
516 895
513 893
513 891
513 891
513 887
512 884
516 667
516 664
514 661
512 658
512 654
512 649
512 644
513 638
514 632
517 627
515 623
511 618
513 614
513 610
517 602
512 595
518 590
517 587
511 583
512 580
514 577
514 571
513 567
515 565
512 561
512 558
513 555
514 551
514 547
513 533
515 531
519 540
513 524
512 523
514 519
515 513
514 508
513 502
512 497
513 492
513 487
514 483
514 478
514 475
513 472
513 468
515 464
512 462
512 457
513 454
512 450
512 445
512 441
515 435
517 431
515 426
514 421
515 348
522 348
516 341
510 339
514 336
514 332
514 328
513 324
514 319
515 316
514 318
514 309
517 304
514 301
514 297
513 292
514 290
515 286
518 283
514 279
513 275
515 272
514 268
514 265
513 262
513 258
513 254
516 250
517 246
517 243
521 240
535 242
826 238
746 234
722 229
707 226
660 224
680 220
651 216
654 203
658 202
635 202
644 198
626 192
610 192
629 196
607 193
640 191
655 189
617 186
637 184
624 181
635 178
631 175
619 175
650 170
667 166
550 126
578 128
546 127
589 126
579 125
562 125
582 124
523 124
569 123
561 121
557 121
567 121
547 118
544 119
539 117
528 116
578 117
592 116
564 116
578 115
545 116
567 116
541 115
544 115
543 115
517 119
531 115
543 115
538 114
568 114
564 114
554 116
577 114
548 114
561 115
530 111
532 115
546 116
519 114
519 117
519 119
514 121
515 122
514 124
514 126
513 128
514 131
515 132
514 134
513 134
514 133
514 135
513 137
513 138
514 137
514 140
513 142
513 210
514 213
513 215
513 220
514 222
512 227
514 231
513 236
517 240
513 243
513 248
513 251
514 255
513 259
515 264
513 268
513 272
514 276
513 280
514 284
513 287
513 291
514 294
514 299
514 303
514 306
514 311
514 316
513 319
513 324
513 329
512 334
512 339
512 344
512 348
512 348
512 357
512 360
513 363
513 366
513 371
516 375
513 379
511 382
512 387
514 391
515 396
513 400
513 406
514 412
514 418
513 422
507 432
511 434
514 438
514 443
514 556
512 560
511 563
513 566
514 569
512 571
513 574
513 578
515 581
514 586
513 591
513 596
514 600
511 605
511 609
513 614
513 620
513 624
513 630
514 634
514 639
513 643
512 648
512 652
514 657
513 662
513 665
513 669
514 676
514 679
514 683
513 690
516 693
514 695
513 701
513 702
514 707
512 711
512 716
514 719
514 724
513 726
513 731
513 734
514 737
513 742
513 743
513 748
514 751
515 756
512 759
512 764
512 767
513 771
513 775
512 778
512 783
511 865
410 866
411 869
415 871
381 874
377 875
373 876
398 879
400 880
423 883
431 884
417 888
451 888
454 890
424 892
433 893
433 894
483 890
472 896
435 898
418 898
403 900
434 899
462 902
461 902
475 904
469 906
428 907
447 909
437 909
468 909
464 910
442 911
461 912
452 913
486 913
491 914
461 916
480 914
470 917
436 916
465 917
462 919
471 919
474 919
443 920
482 922
473 921
473 921
474 922
457 925
471 922
481 923
476 922
498 922
475 918
480 923
497 882
512 880
514 878
516 876
514 874
513 873
513 870
513 868
514 865
511 863
513 858
513 862
516 836
512 852
513 848
513 846
513 842
513 840
506 835
513 825
514 829
514 825
514 821
514 817
512 814
513 808
513 803
513 798
514 793
513 790
513 788
513 784
514 782
513 777
513 773
512 769
514 764
513 759
513 754
513 752
514 747
514 745
516 740
515 737
513 733
512 728
513 725
514 721
513 716
513 710
507 709
505 699
513 696
513 691
513 687
514 682
513 678
517 511
513 519
513 514
512 511
513 506
509 501
515 496
515 491
516 487
513 483
513 479
513 475
514 470
517 467
516 463
516 459
512 455
513 452
512 448
515 443
515 439
515 434
515 430
513 425
514 420
515 413
515 410
514 404
515 399
514 394
518 390
515 384
514 381
514 376
514 371
514 366
514 363
514 358
513 354
513 351
511 345
512 344
511 338
513 335
513 332
514 328
514 324
514 321
514 317
512 313
515 308
513 305
512 300
514 297
513 292
513 290
514 286
628 173
612 172
638 169
649 167
622 163
621 160
631 159
607 156
623 154
627 153
600 151
617 150
575 148
593 146
561 145
534 144
593 143
617 142
611 141
592 139
582 138
571 137
574 135
573 133
624 133
586 131
587 131
580 130
560 129
561 126
553 126
566 125
583 126
571 124
552 124
545 124
554 123
591 121
553 121
561 122
583 119
558 119
573 118
553 118
558 117
568 117
553 115
555 116
556 116
536 115
566 115
537 115
547 114
557 114
528 114
549 114
539 113
514 148
514 151
514 153
514 154
513 156
514 158
513 161
513 162
514 165
513 166
514 168
514 171
513 174
514 177
514 179
514 181
513 185
513 187
513 191
513 194
513 199
511 202
513 204
514 208
513 214
514 218
514 222
515 225
515 228
513 232
515 236
513 239
513 243
512 247
513 251
513 253
513 257
513 261
513 266
514 271
513 275
513 280
514 284
514 288
513 291
513 295
513 300
514 303
513 307
515 312
513 316
513 321
512 325
514 329
513 331
513 340
513 343
514 506
514 510
511 516
515 519
512 525
512 528
513 534
514 539
514 543
513 549
512 553
513 556
513 561
513 564
513 569
511 572
511 576
511 580
513 583
512 586
512 590
514 597
514 601
513 605
512 611
513 615
513 620
513 625
513 631
514 636
512 642
513 646
510 650
512 655
512 660
512 664
513 669
512 673
510 678
513 681
512 687
512 688
512 693
513 697
513 699
513 704
512 708
513 711
512 715
510 720
514 723
513 727
513 732
513 734
512 739
510 742
514 747
412 868
394 869
389 870
393 873
428 875
417 877
414 879
448 882
414 883
433 887
428 888
417 889
437 891
434 891
448 892
476 894
450 897
468 894
441 898
381 899
420 900
432 900
460 903
443 904
451 905
461 907
450 907
453 906
483 908
440 909
453 911
478 911
450 912
481 913
480 913
460 914
436 914
441 915
479 917
475 918
474 918
497 920
468 920
453 920
457 922
429 921
464 921
462 922
485 921
484 922
463 922
483 922
480 922
475 922
491 924
463 923
474 924
511 869
513 867
515 864
513 862
512 860
513 854
507 861
514 851
513 844
512 844
513 840
512 838
513 833
513 830
513 827
513 822
513 822
513 816
516 812
513 807
513 803
513 799
513 795
511 792
513 789
513 786
514 780
513 777
513 772
514 767
513 764
511 759
514 755
513 751
514 747
513 743
513 740
511 735
513 732
514 727
511 723
513 718
514 714
513 709
510 705
524 699
509 695
513 692
513 688
512 684
513 681
514 677
513 674
513 669
514 665
513 660
513 502
512 497
511 494
513 490
513 486
512 483
512 478
514 474
514 471
511 467
516 462
514 459
513 456
513 452
515 447
515 443
512 438
513 435
513 429
515 423
514 419
514 413
515 409
513 403
513 398
514 394
513 389
513 385
513 381
512 376
513 372
513 373
514 363
514 359
512 356
512 347
512 347
510 339
514 334
513 333
513 330
514 326
514 323
514 318
514 314
513 311
513 307
514 304
514 300
514 297
513 291
512 290
513 286
514 282
514 277
514 276
514 271
512 153
597 151
593 150
594 147
601 147
548 146
573 145
599 144
579 142
601 141
594 140
593 139
585 138
556 136
569 134
563 134
557 131
613 132
586 131
579 129
561 129
559 128
569 128
586 127
599 125
593 124
556 123
549 123
560 122
551 121
589 121
564 121
570 119
574 118
538 118
550 119
548 117
563 116
584 116
559 115
541 114
554 115
539 115
573 114
545 115
559 115
559 114
529 114
543 113
537 114
536 114
553 113
543 116
540 114
548 114
527 115
543 115
518 190
513 192
514 193
513 199
513 202
513 205
513 209
513 213
513 217
513 220
513 226
513 231
513 234
511 239
513 241
514 245
514 249
513 252
513 257
513 261
513 265
514 268
513 273
514 277
513 281
513 283
513 287
513 290
513 295
514 298
514 302
514 307
514 311
514 315
512 320
514 327
513 333
513 337
513 342
513 346
512 350
511 354
513 357
514 360
513 363
513 367
513 369
516 375
514 380
514 386
513 390
510 395
513 398
515 402
515 406
511 413
513 417
512 603
511 605
514 608
512 612
513 616
512 621
506 625
513 631
511 637
511 641
514 645
512 651
514 654
512 659
512 665
514 669
512 672
510 677
513 681
513 687
514 689
513 695
513 698
513 702
513 705
514 708
514 711
513 715
514 720
514 722
514 727
512 731
513 735
513 738
513 743
514 746
514 749
511 754
513 758
513 761
515 766
513 769
513 772
513 777
514 780
514 783
510 786
510 790
510 794
508 795
290 796
293 800
340 804
337 810
348 810
374 813
349 819
387 868
412 871
406 872
390 876
429 876
412 880
360 882
401 885
420 885
433 888
447 891
432 893
429 893
432 893
414 895
438 896
417 893
473 897
490 899
456 899
462 901
431 903
417 904
437 905
446 906
461 906
449 910
416 910
454 910
441 911
487 912
499 912
429 912
446 911
440 915
452 914
469 916
488 918
493 918
482 918
436 919
458 921
444 920
450 922
478 922
466 920
503 922
505 923
488 923
493 922
473 922
464 923
482 922
461 922
482 923
467 922
468 921
469 915
435 915
460 916
478 917
489 917
440 918
451 918
438 920
465 919
481 920
472 922
480 922
479 922
469 920
492 923
464 922
499 922
490 923
461 924
491 921
479 923
489 922
498 923
487 922
497 923
505 926
486 922
505 922
484 921
492 922
507 921
504 920
511 918
516 917
511 914
510 912
513 910
514 908
512 907
513 904
513 904
513 903
514 902
514 902
512 900
510 899
513 897
514 896
513 893
513 893
513 892
514 890
513 888
514 886
513 884
514 882
512 878
532 697
512 687
514 685
514 682
513 680
513 676
513 671
513 665
513 661
513 657
514 652
515 649
513 646
511 643
512 637
513 630
514 625
513 618
518 613
515 607
510 603
511 597
513 593
512 587
513 583
515 580
515 576
512 573
513 569
513 566
514 563
515 559
517 553
511 553
508 549
513 545
513 539
514 533
522 526
515 527
517 521
513 514
514 507
515 503
515 498
514 493
514 489
514 484
513 482
514 477
515 473
516 468
515 465
513 461
513 457
516 452
516 448
521 238
688 239
777 238
735 233
694 228
708 226
652 224
656 221
661 217
642 213
657 211
655 207
647 198
654 202
608 201
634 195
613 198
629 192
642 189
601 186
618 185
643 181
644 177
626 177
615 173
605 171
637 169
617 164
628 162
610 160
630 157
653 155
619 153
609 151
604 150
583 148
578 146
597 145
590 144
626 144
595 142
597 141
575 140
559 139
587 137
578 136
602 134
619 133
559 132
569 131
581 129
565 128
590 128
569 127
579 119
581 127
554 126
552 115
535 114
537 116
516 117
528 115
526 115
537 116
517 116
523 117
512 119
514 121
513 124
515 122
514 128
513 130
513 131
513 131
514 131
513 135
514 135
514 137
512 138
513 139
513 140
512 141
513 143
514 146
514 146
513 148
513 150
509 152
513 154
513 158
514 158
514 163
513 164
514 165
513 168
513 170
513 172
513 175
510 178
514 180
514 183
514 186
513 189
514 192
509 194
514 197
514 201
515 207
513 210
513 214
513 218
513 221
513 226
513 373
513 376
514 381
513 385
513 390
512 396
513 401
511 406
513 411
513 416
512 422
512 428
514 432
513 440
512 442
513 446
513 453
512 456
513 460
516 462
514 464
513 471
513 474
513 478
511 483
513 482
513 487
512 492
512 494
510 504
516 505
512 510
514 516
513 521
515 528
512 532
512 539
512 542
513 547
507 550
513 554
514 560
512 562
512 568
512 571
513 574
514 572
513 582
514 586
513 590
510 594
511 600
510 602
511 608
513 613
513 618
509 623
512 774
513 777
512 779
516 786
511 787
510 793
513 796
343 795
291 798
318 803
329 806
374 809
349 812
363 816
351 819
360 822
416 825
402 828
387 830
386 835
372 838
390 840
400 842
379 845
401 847
388 850
425 852
408 854
381 858
390 860
380 861
389 865
404 869
363 871
408 873
432 876
406 879
434 882
406 883
415 884
390 887
384 888
447 891
449 891
433 890
446 894
448 894
454 896
457 897
411 898
431 900
431 901
423 902
447 904
435 904
459 905
451 906
451 922
471 928
502 910
490 922
498 920
507 922
503 918
507 919
511 918
512 916
508 914
512 912
511 911
512 908
515 906
513 906
512 903
513 903
513 902
513 900
513 900
510 899
513 898
513 896
512 894
513 893
513 891
513 889
513 886
513 886
513 883
514 884
513 878
513 876
513 874
513 873
512 870
512 868
514 866
511 863
511 861
514 859
516 855
513 851
471 848
520 855
515 842
508 839
513 835
513 831
513 828
513 825
514 821
514 817
513 814
513 810
513 805
514 682
515 678
513 674
514 665
513 666
513 665
513 660
514 653
517 651
519 648
511 644
513 641
513 637
514 629
513 622
513 617
516 611
516 607
513 602
513 598
513 593
514 588
513 583
513 579
514 576
513 573
506 569
512 565
513 563
514 556
511 556
513 551
516 548
514 544
513 538
513 533
514 525
511 521
515 527
515 508
514 507
512 502
508 498
515 493
513 488
514 484
514 478
510 477
512 473
512 470
514 466
514 462
513 456
513 454
515 448
514 444
513 441
512 276
514 274
514 270
514 265
514 261
514 256
515 252
516 249
516 246
518 244
516 240
522 240
816 238
751 233
709 230
679 227
637 224
677 220
670 217
691 213
646 210
650 208
661 204
640 199
656 202
641 199
610 193
637 191
638 188
636 186
660 182
632 180
641 178
623 175
607 172
630 168
611 169
615 162
627 161
626 161
666 159
618 155
594 153
625 152
597 149
600 148
560 146
610 145
632 144
590 143
583 142
592 140
561 139
570 137
606 137
603 134
600 135
532 114
541 113
520 115
522 115
539 116
518 116
516 117
515 118
512 121
514 122
514 124
514 126
513 128
514 129
514 132
513 133
514 134
515 135
514 136
514 136
513 139
513 139
513 140
512 142
513 143
514 144
514 147
514 149
513 151
513 153
513 154
513 158
513 159
511 161
513 162
513 165
514 170
513 175
514 173
514 175
514 178
513 181
513 184
515 186
514 190
514 193
513 197
513 200
513 202
513 205
513 209
513 214
513 219
513 222
513 227
514 230
514 235
513 392
512 396
512 401
513 405
513 411
513 418
513 421
514 428
514 433
514 439
514 442
512 447
512 453
513 456
513 459
514 463
514 465
513 468
505 473
512 478
513 480
514 480
514 487
513 492
513 497
509 503
512 507
511 510
511 517
514 521
513 528
513 534
513 538
512 543
512 548
513 551
512 555
518 559
512 564
512 568
510 571
514 574
514 578
512 586
513 586
515 591
511 597
511 600
513 605
511 610
512 614
512 620
514 623
513 628
512 634
513 639
506 645
512 770
512 773
513 775
514 778
514 782
515 785
512 789
511 792
510 803
315 796
318 799
298 804
364 807
373 809
362 815
371 816
357 820
385 825
399 826
376 830
410 833
389 835
404 838
384 841
370 843
391 845
384 847
389 851
421 855
392 855
396 858
397 861
360 864
389 867
373 870
400 873
403 874
415 877
435 880
414 882
396 883
418 886
391 887
426 887
448 891
426 891
455 893
434 894
438 896
435 897
409 896
454 908
488 901
454 901
450 903
425 903
428 905
506 922
504 921
504 920
508 919
506 917
515 916
514 914
514 911
512 909
513 907
514 906
513 904
513 903
514 902
513 901
514 901
513 900
513 898
509 898
513 895
513 893
515 889
514 891
515 889
513 886
512 883
514 883
507 881
513 879
510 876
513 872
513 872
514 870
514 868
513 865
513 863
514 860
516 858
512 855
515 852
511 845
511 844
513 842
513 839
513 835
513 832
514 828
513 824
513 819
514 815
514 812
513 807
512 804
516 798
514 796
513 791
513 614
514 610
515 604
514 601
515 596
514 591
512 588
512 583
514 579
514 575
512 571
514 568
514 565
513 561
512 558
514 555
513 551
513 545
514 542
516 537
514 532
515 529
520 523
523 519
508 512
514 506
514 502
515 497
515 492
513 487
520 482
514 478
517 475
514 471
513 468
513 464
512 461
514 457
514 452
513 448
513 444
512 439
515 435
512 430
515 425
513 420
513 416
513 411
521 404
514 399
514 394
513 390
513 386
514 381
514 376
515 373
514 368
513 165
630 160
618 158
607 155
624 154
623 152
613 151
602 149
602 147
565 147
580 145
614 143
595 143
612 141
575 140
587 139
587 137
554 136
571 133
601 133
610 134
607 131
538 131
545 129
558 127
562 127
622 126
596 126
593 122
563 126
531 123
535 122
574 122
564 121
587 120
556 120
545 119
560 117
547 117
589 118
568 116
579 117
574 115
535 115
545 116
549 113
531 115
552 115
527 114
543 115
562 116
542 114
562 114
535 114
547 114
560 113
532 117
546 134
514 135
513 136
513 139
512 138
513 139
513 140
516 141
514 144
513 147
513 147
514 148
514 151
513 155
513 156
513 158
513 160
514 163
514 163
513 166
513 168
513 171
516 173
513 176
516 178
514 181
514 184
514 188
513 190
514 194
513 198
513 201
514 205
513 208
515 212
513 216
513 220
513 224
513 229
514 232
513 235
513 240
513 242
514 247
513 250
513 255
513 259
512 262
514 268
513 271
514 275
514 279
513 284
513 287
519 292
509 295
514 299
514 410
514 414
518 419
513 424
514 430
513 433
515 438
513 442
514 449
515 453
514 459
508 461
513 464
514 467
516 468
511 475
513 476
512 483
509 487
513 488
513 493
513 499
514 502
514 510
510 512
511 518
515 522
513 527
513 534
514 539
514 544
511 550
513 553
514 559
514 560
517 564
514 567
513 572
512 575
514 580
514 583
513 586
513 592
514 597
513 601
513 606
514 610
513 615
513 620
513 628
513 631
513 636
513 641
513 645
514 649
515 654
513 658
510 768
512 771
514 775
513 780
512 782
512 786
511 789
511 792
508 796
280 794
263 800
344 804
352 808
368 810
398 817
359 817
356 821
378 823
376 826
396 828
395 833
381 834
403 837
389 840
417 843
408 845
375 848
401 851
410 853
413 857
408 859
367 862
370 866
401 868
387 870
402 872
383 875
431 878
412 880
374 882
404 883
411 885
428 888
449 888
467 890
461 892
445 894
396 895
442 896
450 897
423 898
431 900
409 900
449 902
449 903
429 904
449 904
490 923
498 923
490 922
473 923
467 923
469 923
497 923
