514 477
513 480
513 483
513 486
513 491
513 493
514 498
513 505
514 508
513 512
514 517
514 523
515 528
513 533
514 538
513 542
512 547
514 551
514 556
514 560
514 563
512 567
513 570
514 572
513 578
513 582
513 586
513 590
514 595
513 599
513 605
513 609
513 614
512 619
514 625
514 630
512 632
513 639
514 644
514 649
513 653
513 658
513 661
513 666
513 671
513 675
515 679
514 684
513 687
514 691
515 696
513 699
513 704
513 707
514 710
513 714
513 718
513 445
513 441
513 439
512 434
513 430
513 425
514 420
513 415
514 411
513 405
513 401
513 397
513 392
513 387
512 382
513 378
514 373
513 366
513 363
513 359
513 355
515 349
513 346
513 342
513 338
512 335
514 331
514 328
513 322
513 321
514 317
514 313
514 309
514 305
514 302
513 298
513 288
518 288
521 286
513 281
513 279
513 275
513 271
513 265
514 264
514 260
518 256
578 255
657 251
810 253
897 248
896 245
828 240
804 239
1001 240
1023 234
1023 816
43 821
106 825
144 828
133 829
149 832
180 835
178 838
163 840
140 843
121 845
148 848
154 851
143 852
161 856
173 859
183 862
147 865
122 866
121 869
129 873
121 875
188 877
205 879
205 878
240 883
218 885
262 887
212 888
240 890
333 891
292 892
293 893
292 897
364 897
331 894
257 899
305 899
303 900
294 903
294 901
321 906
283 907
303 906
337 908
310 909
317 910
306 910
327 912
348 912
403 912
390 912
351 915
366 915
355 916
340 916
367 913
380 836
515 825
513 831
514 825
513 823
513 820
513 817
513 813
513 808
513 806
516 801
513 797
513 792
513 789
513 785
513 780
513 776
513 772
513 765
514 762
513 758
513 755
513 750
513 747
513 743
513 739
514 736
514 732
514 728
513 723
513 718
514 715
513 711
513 705
513 701
513 697
513 691
514 687
514 682
513 680
513 675
514 673
514 669
513 664
513 661
511 656
513 652
514 647
513 642
513 638
514 632
513 628
513 623
513 617
514 613
513 606
513 599
513 321
513 319
514 314
514 311
514 308
513 304
513 300
513 297
513 294
505 287
512 285
516 282
514 279
513 275
514 271
514 267
516 263
515 260
523 257
581 255
643 252
796 254
891 250
893 245
833 241
925 240
1023 237
1023 233
1023 227
1001 226
968 222
948 218
933 214
929 211
889 208
874 205
846 203
882 200
899 198
868 195
869 193
849 190
895 187
882 185
871 183
859 180
859 176
925 171
899 173
883 172
865 166
865 164
842 161
786 159
803 157
832 155
824 153
616 116
631 116
640 115
620 115
599 117
621 114
595 115
587 114
597 115
596 116
582 115
598 115
571 115
574 116
569 116
557 115
553 120
529 118
521 119
512 121
514 125
514 126
514 127
515 128
515 131
515 131
515 132
513 135
514 136
514 137
514 136
514 136
514 138
514 142
515 138
515 148
514 145
514 149
514 148
514 152
514 155
514 155
514 159
514 161
514 162
514 164
514 167
514 167
514 172
513 173
514 176
514 179
514 179
513 186
514 190
513 192
515 195
514 366
514 368
514 372
515 376
514 380
514 386
514 390
513 394
513 397
514 402
513 404
514 413
514 420
514 426
514 432
514 436
497 451
511 452
514 448
515 455
513 459
513 465
513 469
514 470
515 470
514 474
514 478
514 483
514 487
513 491
515 495
514 500
514 505
513 510
512 515
513 521
512 525
513 532
514 535
514 540
514 545
513 550
513 555
513 558
514 561
514 564
514 569
515 573
513 577
513 580
513 584
513 588
514 592
513 597
514 602
514 607
514 612
513 754
514 757
514 762
513 765
514 770
512 774
510 778
508 780
459 781
316 781
207 784
216 788
217 793
213 795
67 795
18 799
2 803
30 809
78 811
106 814
89 820
79 820
85 824
107 827
109 830
128 832
134 835
117 838
139 841
144 843
155 846
163 849
147 851
181 854
190 856
180 859
150 861
131 864
151 869
180 870
182 872
155 875
183 877
186 880
188 881
204 883
215 885
281 890
241 889
283 890
260 891
261 892
278 894
286 894
358 895
307 897
296 900
312 916
442 921
475 921
476 921
470 920
484 919
500 918
508 917
515 915
512 913
513 911
512 908
512 907
513 906
512 903
513 903
513 900
514 901
513 900
514 899
514 897
513 896
512 895
514 892
513 891
514 890
513 887
513 885
513 884
513 881
512 879
514 877
513 877
513 874
513 870
513 869
513 866
513 862
514 862
514 859
513 857
513 854
513 850
514 849
513 846
515 841
513 839
512 834
516 839
513 826
513 823
513 819
513 816
513 812
513 808
513 803
513 799
512 605
512 601
513 597
513 592
513 589
513 584
514 581
514 578
512 574
513 570
512 567
513 564
514 560
514 557
514 554
514 550
513 547
513 541
513 536
512 530
513 524
511 523
512 516
513 510
514 507
513 501
513 496
513 489
513 485
513 483
514 479
513 475
513 471
515 468
510 459
511 458
513 455
513 452
513 449
513 444
513 439
513 435
512 430
513 424
514 419
513 414
514 409
513 404
513 398
513 397
513 389
514 385
514 380
514 375
513 371
514 367
514 363
514 181
873 180
853 180
885 174
880 167
890 180
865 186
853 164
868 161
809 159
818 156
832 154
812 155
799 150
754 150
780 148
761 148
687 146
695 146
745 144
798 141
743 141
731 138
737 139
724 137
716 136
742 135
726 133
700 132
701 132
688 130
717 130
689 128
712 128
709 129
660 125
645 127
628 126
704 127
698 123
680 121
683 122
686 121
672 121
656 121
648 116
638 119
677 118
665 117
667 119
675 119
646 115
644 116
634 115
624 115
626 115
598 115
600 133
515 132
514 134
516 134
513 136
514 137
514 139
513 137
514 139
503 136
505 136
513 143
506 141
515 148
514 149
514 150
513 152
514 156
514 156
514 160
514 161
513 163
514 165
514 167
513 170
513 172
513 175
514 179
514 179
514 182
513 186
513 189
514 193
513 194
514 199
514 199
513 206
514 210
514 213
513 216
514 219
515 225
515 229
512 234
513 238
514 241
514 245
514 249
514 252
516 257
513 263
516 263
508 272
516 271
515 277
515 280
514 284
513 413
514 418
513 423
514 427
514 431
513 436
514 445
517 447
523 449
513 454
513 460
513 463
514 469
512 469
513 472
513 475
513 477
513 481
514 486
514 490
513 494
513 499
514 504
514 509
513 514
513 519
514 525
513 530
513 535
514 541
515 545
512 549
514 553
513 557
514 561
514 565
513 569
514 573
514 576
513 579
515 583
513 588
514 592
513 599
514 602
514 606
515 611
514 616
514 621
514 626
514 632
514 636
514 638
513 645
513 650
514 654
514 658
513 769
513 772
512 777
511 779
451 781
298 781
183 784
182 789
180 793
163 794
31 797
16 801
22 804
80 808
108 812
111 815
95 818
76 821
79 827
107 829
127 830
139 833
140 836
136 839
166 840
168 843
172 846
163 849
150 852
149 855
154 857
170 859
165 862
127 864
133 868
183 873
199 873
169 876
151 878
172 883
237 881
228 883
191 885
248 887
274 891
320 889
267 890
280 893
294 893
253 898
329 896
303 897
303 898
275 901
266 902
334 905
349 904
363 905
435 922
393 922
389 921
438 922
412 922
442 921
443 922
409 922
442 922
432 924
455 921
466 920
478 920
499 918
507 917
514 914
512 913
512 913
512 909
512 907
513 905
512 904
512 904
513 903
513 900
513 900
513 899
513 898
514 896
516 896
514 893
514 892
512 890
513 885
513 886
512 883
513 881
513 878
512 879
512 875
515 872
512 870
512 869
514 868
513 864
513 861
514 859
514 855
512 853
513 853
514 846
511 844
513 841
513 837
513 833
512 830
513 713
513 708
513 704
513 699
513 695
513 692
512 688
512 680
513 678
513 676
513 672
513 668
514 665
513 659
514 655
513 650
513 645
513 637
514 634
513 632
513 627
513 622
513 616
513 612
512 603
513 597
513 593
513 589
513 585
514 581
512 576
514 573
513 569
513 568
513 564
513 560
513 556
513 552
513 551
513 545
513 541
513 536
513 530
513 524
512 519
512 512
515 507
514 503
513 498
513 494
512 490
512 485
513 480
513 478
512 474
513 470
513 467
513 303
512 299
513 296
513 293
513 289
513 284
513 279
513 277
513 274
513 270
514 266
516 262
516 259
524 256
615 254
663 251
791 252
873 249
900 246
862 239
988 239
1001 235
1019 232
1023 228
966 223
966 221
949 217
939 216
951 211
913 210
880 204
865 201
840 200
866 196
877 195
916 192
878 188
846 188
846 184
848 181
876 180
866 175
873 173
863 175
884 172
872 162
838 164
829 162
855 158
874 156
847 155
787 154
793 151
767 149
775 148
737 146
773 145
572 116
613 116
611 115
571 116
588 115
607 115
585 116
573 113
579 115
579 116
570 111
594 116
583 116
565 117
575 119
530 119
524 120
516 122
514 123
514 125
515 128
515 130
514 131
514 132
515 133
514 135
514 136
513 139
515 137
514 139
514 144
517 135
500 144
515 140
504 147
513 149
512 150
514 152
514 155
514 157
512 159
514 161
513 163
513 165
514 167
513 170
513 172
515 176
513 177
513 180
513 182
513 185
511 189
514 192
513 195
513 198
514 202
513 359
513 362
513 364
513 369
513 372
514 376
513 379
513 384
513 389
515 394
514 399
515 405
513 410
513 415
514 421
514 426
514 432
514 437
514 442
529 447
515 457
513 454
513 460
514 462
513 465
513 468
513 472
513 475
514 481
514 484
513 487
513 492
513 497
513 500
513 505
513 511
513 515
513 521
513 526
514 532
514 537
514 541
513 549
514 550
514 554
513 559
514 561
514 566
513 571
513 574
514 577
513 581
513 585
514 589
514 594
514 598
513 602
515 745
514 748
513 751
514 755
514 758
513 761
513 765
512 770
514 773
511 777
511 780
469 781
343 782
178 785
151 788
167 793
113 795
51 798
51 800
14 807
43 808
44 811
65 815
70 819
77 824
88 825
101 829
133 831
161 834
163 833
158 838
144 841
155 844
182 847
182 851
153 852
140 854
139 858
150 859
148 863
133 866
172 869
196 871
152 873
162 876
169 878
183 880
204 881
216 884
227 886
268 888
230 889
268 892
282 892
285 893
287 894
287 895
325 897
409 922
448 921
454 922
468 923
432 922
465 921
451 921
447 921
475 920
473 919
500 917
511 915
513 913
511 911
512 909
512 908
513 906
511 903
512 904
513 903
513 902
513 901
511 900
513 898
513 898
513 895
513 895
512 892
513 891
513 889
513 888
513 885
513 883
514 880
512 879
513 877
513 873
513 875
513 869
513 868
513 866
513 863
512 862
514 857
513 854
511 852
513 849
512 847
511 844
513 840
513 837
514 832
513 828
513 822
513 823
514 818
514 656
513 651
511 649
513 644
513 640
513 639
513 631
513 626
513 619
513 614
514 608
513 602
513 597
513 593
513 589
513 583
513 579
513 576
513 573
514 569
513 564
513 561
513 558
514 555
512 552
513 549
513 543
513 539
512 533
513 528
512 523
512 519
513 513
514 509
513 503
513 499
513 493
514 488
513 485
513 481
512 478
513 473
514 469
514 465
513 463
512 456
513 454
513 451
513 445
513 441
513 436
514 432
514 426
513 422
513 417
513 412
513 407
510 252
938 250
912 245
903 242
861 240
1003 239
980 234
985 230
1010 227
960 223
949 221
958 217
917 213
921 211
879 207
901 205
900 202
874 199
903 197
877 196
888 192
853 188
868 186
891 184
869 182
878 178
859 175
870 173
887 171
856 164
893 162
860 164
856 160
798 158
814 156
825 153
782 152
808 150
765 150
780 147
725 147
736 146
738 144
651 143
686 141
736 141
763 139
741 139
752 136
735 135
705 135
703 133
742 133
712 131
673 130
708 129
681 128
581 116
558 116
545 117
547 117
535 119
523 120
520 121
515 124
514 127
515 128
514 130
514 131
514 133
513 134
514 136
514 138
514 137
513 139
512 139
513 141
511 141
529 145
516 145
527 149
514 149
514 151
514 153
514 156
513 157
514 159
513 163
513 163
514 166
513 168
514 170
514 173
514 174
513 178
513 181
514 182
514 186
514 189
514 193
513 195
513 199
514 204
514 206
514 211
513 216
513 220
513 224
514 227
513 231
514 234
514 237
513 239
514 245
513 440
513 443
514 446
515 437
513 457
511 456
514 459
514 465
513 468
514 471
513 473
514 475
513 478
513 484
513 488
513 491
513 496
513 499
514 505
514 510
514 517
513 521
514 530
513 533
513 537
514 542
514 546
514 551
514 555
513 560
514 562
514 566
514 569
514 573
513 578
514 581
514 585
513 590
513 595
514 600
513 604
513 609
515 613
514 617
514 623
514 628
514 634
513 638
514 641
514 647
514 652
513 657
513 662
513 666
513 670
513 675
513 679
94 831
144 834
170 836
124 838
114 841
127 843
156 845
190 848
189 850
159 853
149 855
156 857
160 861
163 857
133 866
161 869
179 871
195 874
202 877
159 878
135 881
136 883
168 885
220 887
260 888
284 890
349 891
348 892
284 894
255 895
263 895
287 896
332 898
353 900
350 903
246 900
284 903
292 904
299 906
373 906
338 906
333 910
283 910
335 910
352 911
351 911
380 913
339 914
347 913
366 914
321 916
337 915
381 915
391 915
352 918
324 919
371 921
514 885
513 885
514 883
513 881
512 878
513 876
513 875
513 872
513 870
511 868
513 865
515 864
513 861
512 857
515 856
514 852
515 850
514 847
511 844
513 839
513 836
514 831
512 828
514 823
514 821
512 817
513 812
514 809
513 804
513 800
513 797
512 793
513 790
514 787
512 783
512 779
513 773
513 770
513 765
513 763
512 759
514 755
512 750
513 746
513 743
514 738
513 733
512 730
514 724
514 719
513 715
513 711
513 708
513 703
511 697
513 694
515 689
514 607
512 602
513 597
513 593
512 588
513 583
512 578
513 575
514 571
513 569
514 564
513 561
513 558
513 553
513 551
512 548
513 543
512 539
513 533
513 528
514 522
514 517
514 513
513 507
513 501
514 497
513 492
513 487
513 483
513 479
512 476
513 473
513 468
513 465
513 461
513 455
509 452
513 449
514 445
514 440
513 436
513 431
513 426
511 421
513 415
513 410
513 405
513 401
513 395
513 391
511 387
512 383
514 377
513 372
514 369
511 364
513 360
516 257
576 255
662 252
668 251
921 250
899 247
873 241
837 239
973 239
1007 235
1019 230
1023 226
1009 223
954 219
959 217
900 212
915 209
894 206
902 204
865 202
837 197
866 196
866 194
885 193
886 188
863 186
857 184
857 181
871 178
881 175
865 173
868 169
875 166
907 158
845 161
844 160
830 157
841 155
839 153
759 152
745 151
738 148
768 145
760 146
710 145
742 144
719 143
721 141
720 140
690 139
708 137
737 136
756 135
769 134
729 133
703 131
576 115
623 116
603 115
606 115
629 115
582 115
583 116
571 115
575 116
557 116
550 116
550 118
521 119
515 120
515 122
515 125
515 127
514 129
514 130
513 133
515 133
514 134
515 134
514 136
514 136
513 138
513 140
513 137
506 140
509 146
519 148
515 152
513 149
514 151
513 153
513 155
513 157
513 160
513 161
513 164
515 167
508 168
515 170
513 172
514 175
514 180
514 181
513 183
514 187
513 188
514 193
514 196
514 199
514 204
513 207
514 210
515 213
513 335
514 338
513 344
513 349
514 352
513 356
513 359
513 363
513 365
514 368
514 372
514 376
514 382
514 388
512 393
513 397
514 402
514 408
514 411
514 416
514 423
513 428
514 434
514 438
513 443
514 447
513 449
513 458
514 460
513 463
513 467
513 471
513 474
514 477
513 481
513 484
513 488
513 492
512 497
513 501
514 507
514 512
513 517
513 523
514 528
513 533
514 538
513 544
514 548
513 551
513 556
513 560
514 563
513 567
513 572
513 575
514 578
514 714
514 718
513 721
513 724
513 727
513 731
513 734
513 738
513 742
513 745
514 748
513 753
514 756
513 760
513 765
513 766
512 770
513 774
514 777
509 780
433 783
240 783
201 788
159 791
190 795
97 795
16 801
23 803
0 807
53 811
94 814
81 815
110 820
95 823
140 825
129 829
114 832
127 835
114 834
139 841
155 843
177 846
175 848
158 850
169 854
178 856
164 860
114 863
122 865
136 867
142 869
174 872
173 875
199 877
188 879
155 883
218 883
226 885
390 921
409 922
378 923
392 922
430 923
426 921
423 922
409 922
437 922
420 923
406 922
431 923
414 922
456 922
433 922
468 921
472 920
445 921
490 920
482 919
502 918
511 916
513 909
513 911
512 910
512 907
513 906
513 905
513 903
513 903
513 902
513 900
513 898
514 897
513 896
512 893
513 892
514 892
513 890
512 888
512 887
513 884
514 882
512 880
514 879
513 876
513 874
513 872
513 869
512 866
512 865
513 862
512 860
514 858
513 855
513 851
513 849
513 703
513 699
513 695
514 692
513 689
513 685
512 681
513 678
513 674
513 669
513 666
513 662
514 657
513 652
514 649
509 640
514 638
512 634
513 628
514 623
514 617
512 611
514 604
513 599
511 596
513 593
512 588
513 584
513 577
513 573
514 569
512 568
513 565
513 563
513 558
513 553
513 550
514 546
513 542
513 539
513 533
513 528
513 522
513 517
513 511
514 506
515 500
513 495
514 491
514 488
513 483
513 479
512 476
513 472
513 468
513 464
513 296
514 293
512 289
513 286
513 282
514 272
514 276
513 270
513 266
514 261
516 258
519 256
591 254
648 252
661 252
911 250
877 245
849 241
836 240
1000 238
1023 234
1023 230
1008 227
942 223
938 220
963 216
962 210
963 210
940 206
896 200
919 200
909 197
869 194
851 193
824 190
863 187
863 185
881 182
871 180
878 177
902 175
879 172
874 169
853 167
870 162
841 161
806 159
828 155
839 155
845 153
770 150
777 149
809 149
734 147
705 145
690 144
787 142
606 113
648 114
639 117
610 115
582 115
617 114
575 115
604 115
632 115
597 115
625 115
585 115
610 115
612 114
578 114
582 116
564 116
556 114
557 118
532 118
516 120
517 122
515 124
515 127
515 128
514 130
513 132
514 133
514 132
515 135
514 135
514 136
514 137
514 139
514 141
515 143
508 143
513 142
516 149
514 146
514 152
514 153
514 157
514 159
514 160
513 163
514 164
514 167
514 169
514 171
514 175
514 177
513 180
514 181
513 185
515 187
514 190
514 354
513 357
513 360
513 363
514 366
513 370
513 374
513 374
513 382
514 387
513 392
513 397
513 402
513 409
513 414
514 420
513 425
513 429
514 434
514 438
514 445
514 449
512 450
518 458
514 460
513 462
514 465
514 466
514 474
514 478
513 482
513 485
514 488
513 490
514 498
513 503
514 509
513 514
514 517
513 523
513 528
514 534
514 541
513 544
513 549
514 547
513 556
514 559
514 564
514 568
513 572
513 576
514 579
513 583
514 586
514 592
514 596
514 768
515 770
512 773
513 776
511 779
505 781
431 783
192 783
190 788
161 791
171 795
110 796
43 799
66 803
23 807
62 810
84 814
40 818
88 820
85 824
102 828
102 830
103 833
141 836
145 838
167 841
177 843
164 846
155 848
135 851
168 854
180 856
174 859
150 861
144 865
170 867
159 869
152 872
137 875
170 877
205 880
201 882
185 883
220 885
297 887
320 889
272 890
271 891
276 893
241 891
273 895
301 896
314 899
319 899
289 899
331 901
317 904
297 921
471 921
460 920
481 920
506 919
506 918
514 915
511 913
509 912
512 908
512 907
512 897
512 904
513 903
512 902
515 901
513 899
513 900
513 899
514 898
512 896
513 894
512 892
514 891
513 888
513 887
513 881
513 882
514 880
513 878
513 876
513 869
513 871
514 870
512 868
513 865
513 862
513 859
514 857
514 854
513 851
515 848
513 843
513 841
513 838
513 834
513 830
512 827
513 824
504 814
513 814
513 811
514 807
513 803
518 797
513 795
513 792
512 646
513 629
509 638
512 634
513 631
513 628
513 622
514 616
513 609
513 604
513 599
513 591
513 591
513 587
512 583
513 578
513 568
511 571
513 568
512 565
513 562
513 557
513 553
514 548
514 546
513 542
513 537
512 531
513 526
512 520
513 515
513 511
513 506
513 499
514 494
513 490
513 486
514 482
513 475
513 476
514 471
513 466
513 463
513 459
513 454
514 452
513 448
514 443
513 438
513 433
514 429
513 424
512 420
515 414
513 409
514 402
514 398
512 239
995 239
996 237
1023 233
1006 230
966 226
945 222
942 218
947 215
918 212
895 210
902 206
890 200
914 194
898 200
880 196
851 194
844 191
875 188
866 185
861 182
876 179
870 176
906 174
917 172
901 168
876 166
856 164
846 163
847 163
845 148
798 155
785 152
750 151
738 149
777 148
763 147
814 146
772 145
728 144
695 141
656 140
718 139
747 138
764 138
749 135
704 133
680 133
678 132
712 131
737 134
729 129
728 129
708 128
641 125
671 126
719 124
514 133
513 135
514 137
513 137
513 138
514 139
514 139
514 140
512 143
520 143
513 148
516 149
513 152
510 152
512 154
514 156
513 156
513 160
514 162
514 164
514 167
513 168
513 171
511 174
513 176
514 179
515 181
514 184
514 187
514 192
514 195
514 197
513 201
513 206
514 208
513 210
516 217
514 220
514 223
513 227
514 230
514 235
510 239
514 242
514 248
515 251
513 255
513 260
513 257
514 258
517 275
518 275
513 284
517 286
513 290
518 295
512 298
512 537
513 533
514 544
513 549
513 552
513 557
514 560
513 565
514 569
514 571
514 576
514 579
513 582
513 588
513 592
513 597
514 601
514 607
513 611
514 616
513 621
514 625
514 631
513 635
513 640
514 645
514 649
513 654
513 659
513 662
513 667
514 672
513 677
513 681
514 685
513 689
513 693
513 697
513 702
509 705
513 708
512 712
513 716
514 719
514 721
513 728
514 731
513 735
513 739
513 741
514 740
514 750
514 754
513 757
513 761
513 764
513 768
85 827
137 823
125 833
140 836
141 838
128 841
155 843
141 848
148 849
134 852
191 855
175 857
129 859
137 865
129 865
163 867
165 871
157 872
201 875
176 878
192 880
174 882
237 884
245 885
230 888
262 888
259 890
299 893
317 895
299 894
265 895
265 896
307 897
339 893
320 900
340 901
321 902
264 904
304 905
300 905
294 906
291 907
317 909
331 910
312 911
326 913
331 910
366 915
361 913
347 916
375 917
371 915
378 916
347 915
356 917
388 919
366 920
513 911
516 905
513 909
512 906
512 906
513 905
513 904
512 904
514 901
513 900
512 899
512 899
513 895
513 894
511 893
514 892
512 890
511 890
512 886
513 886
513 880
513 882
514 878
514 875
513 874
513 871
514 874
512 866
514 864
512 860
513 859
514 857
514 853
512 850
513 848
514 844
513 841
511 838
513 834
513 829
513 822
513 823
514 819
513 813
513 809
513 805
513 801
513 798
513 793
513 789
513 787
513 783
513 779
513 775
512 772
513 769
513 764
512 643
514 635
513 633
513 625
512 619
514 609
513 608
514 603
513 599
513 594
512 591
514 586
513 582
512 578
513 574
513 572
512 568
512 565
