768 191
749 192
749 195
759 187
757 185
768 182
744 179
748 176
771 173
769 166
773 168
751 166
738 163
767 162
751 159
733 155
690 154
688 153
728 151
690 148
673 146
673 146
653 144
684 144
629 144
635 141
649 140
638 139
712 137
680 136
688 136
669 133
620 132
656 132
660 130
673 129
633 128
615 128
626 127
617 125
621 126
645 117
647 124
622 124
622 123
617 122
611 118
637 120
636 120
640 118
590 118
569 117
607 116
597 117
619 115
593 114
570 115
374 900
389 899
366 901
332 902
351 902
344 904
403 905
381 907
380 907
395 908
360 909
404 906
400 911
430 911
432 912
377 913
353 913
369 915
388 916
428 916
433 917
419 917
418 917
422 919
418 919
425 920
408 919
410 918
446 921
448 921
476 923
449 922
465 921
448 922
417 922
449 924
429 922
437 922
444 922
428 922
458 922
453 922
452 921
472 918
446 922
481 922
488 921
478 920
508 913
512 918
512 917
511 914
512 909
512 910
512 908
513 906
513 905
609 115
584 115
551 115
554 115
585 111
554 114
586 115
547 114
559 115
544 116
550 114
558 115
550 114
556 115
554 114
528 115
531 117
513 119
513 121
515 120
514 117
514 125
514 129
513 130
514 132
509 127
518 129
512 147
529 134
530 145
519 134
514 139
514 141
514 142
514 144
513 146
514 140
513 149
514 150
512 153
514 157
514 158
514 159
514 161
514 164
513 165
514 168
514 169
513 173
514 176
510 179
514 179
514 184
513 187
514 190
513 194
514 196
512 583
513 587
514 589
514 594
515 597
512 601
513 605
513 610
513 614
513 620
513 625
513 630
512 636
511 638
513 646
512 650
513 655
514 659
512 664
513 660
513 673
513 677
512 681
512 685
512 690
514 693
513 696
513 700
513 703
513 707
513 710
512 714
513 718
513 722
513 727
513 731
513 735
513 738
513 742
513 747
514 750
513 754
513 757
513 761
514 764
514 768
513 771
513 775
513 778
510 778
432 783
372 789
381 791
356 793
331 794
169 789
151 800
327 896
325 898
316 900
352 900
350 901
374 901
333 904
344 904
359 905
385 907
428 907
393 907
398 909
400 910
361 911
415 912
396 914
398 914
419 915
402 915
421 917
385 917
407 918
401 919
398 917
412 919
403 919
411 920
425 920
452 921
455 922
440 921
435 922
430 922
446 922
436 924
428 923
442 922
423 923
456 923
439 924
466 922
454 922
448 923
478 921
453 922
465 923
470 922
470 921
496 921
503 910
503 917
513 916
511 914
513 912
512 909
512 822
513 819
513 815
513 815
513 810
514 806
514 803
511 798
513 796
513 792
513 789
513 785
513 781
514 777
514 774
513 770
513 764
513 761
513 757
514 753
512 750
513 746
513 740
513 737
513 731
513 727
513 716
513 718
513 714
513 711
513 706
514 703
513 697
513 695
514 690
513 686
513 681
513 677
513 670
513 671
514 663
514 660
513 655
514 653
513 647
513 643
512 639
513 632
513 625
513 620
514 614
515 611
513 607
512 602
512 598
514 590
514 585
513 417
513 414
513 409
514 404
513 399
514 395
514 390
514 385
513 381
513 376
513 372
512 369
514 364
513 359
513 355
513 350
513 346
513 342
514 337
514 335
513 331
514 330
513 323
514 326
509 312
513 311
518 301
514 298
514 299
514 296
513 293
514 289
513 286
514 283
514 278
514 275
513 270
513 267
513 263
514 257
516 256
600 254
642 251
661 248
669 244
638 241
671 238
831 240
919 235
877 231
844 225
824 223
796 222
836 210
817 213
796 210
791 209
752 136
691 135
668 134
660 133
601 133
591 134
650 131
658 129
662 128
670 128
618 128
596 127
624 125
620 124
638 123
636 124
671 126
622 127
565 123
614 120
606 119
626 118
620 111
632 117
614 117
576 116
580 116
583 116
588 116
588 115
582 115
579 116
570 114
586 115
577 114
596 114
578 115
562 114
580 116
554 115
577 115
555 115
564 115
573 116
534 114
544 116
530 117
517 119
518 120
514 126
514 125
514 127
512 129
514 131
514 133
505 137
519 129
508 240
510 246
513 249
514 252
514 255
513 258
513 266
514 269
513 272
513 277
513 283
513 285
514 290
514 294
513 298
514 297
513 307
514 310
512 315
513 319
513 321
513 326
514 330
514 334
514 339
513 342
514 346
513 349
515 354
514 357
513 362
514 367
514 372
515 375
513 381
512 385
512 389
514 393
514 398
514 402
514 407
514 413
511 418
513 425
512 431
513 435
511 441
513 445
513 453
514 454
514 458
514 461
514 465
514 469
514 472
513 476
512 479
513 665
514 668
513 672
513 677
513 681
514 685
513 691
513 694
513 697
513 701
514 704
514 708
513 711
514 715
514 718
514 723
513 727
514 732
514 735
513 738
514 742
514 745
513 749
513 753
513 755
514 761
514 764
513 769
513 772
513 776
513 780
511 782
408 784
344 787
363 793
338 795
207 795
186 797
210 802
220 806
220 809
244 812
217 816
248 818
268 821
235 825
241 828
220 832
247 835
249 837
260 841
275 843
266 845
271 849
319 848
294 854
309 852
467 922
495 922
475 923
501 922
485 921
490 921
495 920
502 918
508 916
513 915
512 913
513 906
513 909
513 907
513 905
513 904
513 903
514 902
512 901
513 899
513 897
513 897
512 897
513 895
513 893
513 892
513 890
514 889
514 887
512 883
511 881
514 880
513 878
513 876
514 873
513 872
512 869
513 867
513 857
512 862
514 859
514 856
513 851
513 853
513 848
513 845
515 841
513 838
513 834
513 830
515 827
514 824
514 818
514 814
513 808
514 805
514 800
513 723
513 728
514 723
513 720
513 715
513 710
513 706
514 700
513 696
514 691
513 685
513 683
513 679
514 676
513 672
513 654
512 664
513 660
513 655
514 651
514 646
513 643
513 638
513 632
513 628
513 619
513 613
515 606
514 603
512 599
513 594
513 590
513 585
513 581
513 577
513 574
513 572
513 568
513 564
512 560
515 555
515 553
513 548
513 545
513 539
513 535
513 530
513 524
513 519
513 518
514 509
513 504
513 499
514 494
514 490
513 486
515 494
514 361
514 357
514 353
514 349
514 344
514 342
514 337
514 334
514 331
513 327
514 323
514 319
512 320
511 311
512 310
513 303
514 300
514 294
513 291
514 290
514 284
515 280
514 280
513 273
514 270
513 266
513 263
514 260
514 257
562 251
609 251
664 248
655 244
676 240
696 238
898 240
899 234
851 230
847 226
831 223
804 220
821 216
794 213
799 209
776 206
788 204
808 201
757 198
740 196
742 193
724 191
751 191
736 181
727 179
765 179
753 175
787 175
667 130
644 129
647 128
644 127
642 129
629 126
610 121
629 126
629 124
636 122
683 117
610 120
596 125
644 120
618 118
626 119
583 118
610 117
620 117
598 116
605 116
581 118
582 115
588 115
577 115
593 114
590 110
584 114
574 115
577 114
573 114
586 114
572 114
555 116
563 115
541 114
556 115
537 115
519 116
540 115
521 118
516 119
517 124
515 123
514 126
514 128
514 129
513 130
514 132
514 135
513 135
532 135
528 135
527 142
523 144
525 140
514 210
514 213
514 215
513 222
512 225
513 229
513 233
514 237
513 241
514 243
510 252
514 251
514 255
514 259
514 263
514 267
514 272
513 276
515 281
513 286
514 290
513 295
513 302
513 305
513 306
513 310
513 315
513 318
514 322
513 328
513 330
513 334
513 339
514 342
513 346
514 350
514 355
514 361
513 365
513 370
512 374
510 378
512 382
514 384
515 389
514 386
514 398
513 404
513 409
513 416
513 420
513 426
513 430
514 436
513 441
513 446
513 451
513 573
514 576
513 580
513 581
512 584
513 588
513 593
513 598
514 602
514 606
513 612
512 617
513 622
514 627
513 631
513 637
514 641
514 646
513 653
514 656
514 660
513 665
513 668
513 673
513 677
513 681
513 686
514 690
514 693
513 695
512 700
513 705
514 708
514 712
513 716
512 720
513 724
512 729
513 733
512 736
513 740
513 742
513 746
513 750
514 754
513 758
514 762
510 766
513 768
513 772
513 776
512 779
469 782
397 784
375 788
380 790
350 796
221 892
411 893
340 894
366 894
384 896
401 898
411 898
376 900
354 901
379 902
407 904
379 904
368 906
383 907
359 908
383 912
414 910
355 910
374 911
404 912
390 914
435 915
413 914
461 915
423 917
379 916
407 917
361 917
411 918
417 918
412 919
440 917
410 920
428 921
436 922
434 922
437 921
429 924
435 922
448 922
448 922
462 923
459 923
451 922
456 923
464 922
459 922
475 925
471 921
463 923
485 921
475 921
498 920
507 915
506 921
510 917
512 914
513 831
513 836
512 830
513 832
513 826
513 822
513 818
513 817
513 810
512 806
513 800
513 797
514 796
513 790
514 786
514 783
513 777
513 773
513 768
513 766
513 763
513 759
513 754
513 751
513 746
514 743
513 740
513 736
513 731
513 728
512 723
513 718
513 714
514 709
514 704
510 697
514 693
513 688
513 684
513 680
513 677
515 674
513 671
514 671
514 663
514 659
514 654
514 650
513 642
513 641
513 637
513 633
513 625
513 618
513 612
515 607
514 601
516 445
515 440
515 436
514 431
513 426
514 422
515 417
515 411
514 407
515 402
515 398
515 392
514 389
514 384
513 378
513 375
513 370
514 365
514 361
514 358
513 352
513 349
513 343
513 340
513 335
513 332
513 330
513 326
513 323
514 318
513 316
512 302
513 301
512 304
512 300
514 296
513 291
514 288
514 284
513 281
513 277
513 273
513 268
513 265
513 262
514 258
517 255
631 255
635 251
666 247
663 243
679 239
796 240
892 237
852 233
841 230
813 226
690 148
677 146
656 145
681 145
699 142
656 141
613 141
601 139
649 138
691 136
677 136
678 135
662 133
623 132
626 128
642 130
668 129
666 128
636 127
610 125
628 125
609 124
629 124
637 123
601 123
609 126
581 125
645 127
618 123
604 119
656 118
621 118
625 117
575 117
564 116
596 116
578 116
589 115
585 115
574 115
596 116
603 115
604 115
604 115
583 117
586 115
578 114
574 115
559 114
570 114
557 116
571 115
555 116
551 116
550 117
521 118
516 118
513 201
514 205
513 208
513 210
513 213
513 219
512 223
516 228
513 232
513 236
514 238
513 242
513 246
514 233
514 251
514 253
513 258
514 262
514 266
514 271
513 276
514 280
514 285
514 290
514 294
514 299
514 303
513 306
514 310
513 315
514 318
514 323
513 327
515 332
513 336
513 340
514 347
513 348
513 353
514 357
514 362
514 367
512 370
512 373
513 377
513 380
514 384
514 388
513 392
514 398
514 405
513 411
513 416
512 422
513 426
514 431
514 436
514 604
514 609
514 612
513 617
513 624
514 628
513 632
513 637
513 642
513 647
513 652
513 656
512 662
513 666
513 670
514 674
514 678
514 682
513 687
513 691
512 695
513 698
513 702
513 705
513 708
513 716
513 716
513 720
512 725
513 728
514 732
513 737
513 741
513 744
513 749
513 752
513 755
513 760
512 763
512 766
513 770
513 774
513 777
512 780
478 782
396 785
380 787
393 791
353 796
235 795
191 800
178 804
188 807
207 809
213 812
211 817
229 821
388 905
369 905
353 905
388 907
394 908
385 908
382 908
372 912
410 911
411 911
394 916
419 913
370 914
405 916
402 916
393 917
421 917
390 918
431 918
393 918
389 919
450 919
436 922
453 921
445 921
433 922
451 922
434 922
440 923
439 922
430 922
443 923
431 923
441 922
474 922
468 922
466 923
465 923
461 922
456 923
471 921
463 921
478 922
496 919
503 919
513 920
514 915
512 916
513 910
513 907
513 906
513 904
512 903
513 904
513 902
513 901
513 819
513 815
513 811
513 809
512 804
513 800
513 795
513 793
513 789
513 786
513 784
513 779
513 774
513 770
512 765
514 761
513 757
513 753
514 748
513 742
514 740
514 736
513 732
513 728
513 724
514 720
513 716
514 711
513 708
514 701
514 698
513 694
513 689
513 686
513 682
513 679
513 675
513 671
513 666
514 654
514 657
513 654
513 650
513 645
513 641
513 635
513 630
513 625
514 617
515 613
514 608
514 603
513 598
513 592
513 586
513 583
513 579
514 393
513 387
513 385
513 381
513 378
513 374
513 370
514 365
513 361
513 357
512 353
514 349
513 345
513 341
512 336
513 333
514 329
513 326
513 322
513 317
513 315
514 279
519 313
519 284
513 298
513 295
513 291
513 287
513 284
513 281
513 277
513 274
514 270
514 265
515 263
514 259
516 255
595 254
632 251
665 247
682 243
692 240
797 240
914 236
857 232
834 228
818 224
806 221
814 218
798 214
774 212
775 209
779 205
776 204
760 200
735 199
731 194
748 123
595 122
651 118
603 134
644 124
605 125
609 119
615 118
575 118
606 118
596 116
594 116
611 116
596 116
590 116
590 116
573 113
594 115
565 114
588 115
569 114
543 113
547 114
535 115
541 114
541 115
542 114
531 115
540 115
534 116
533 116
533 116
516 118
512 120
515 122
514 125
515 127
512 129
514 130
515 131
513 132
514 134
512 135
508 135
512 137
514 138
514 140
513 141
514 142
513 144
513 145
514 147
514 149
513 151
514 153
513 156
512 157
515 304
514 308
514 312
513 316
514 320
513 324
514 328
513 334
513 337
514 343
513 347
514 350
514 354
514 357
513 362
514 364
514 368
513 372
513 376
513 382
514 388
515 390
513 394
514 399
513 405
514 411
513 417
512 422
513 427
514 431
514 436
514 442
513 448
512 454
513 457
511 460
514 462
514 466
515 470
514 474
514 477
513 481
512 484
513 488
514 492
513 498
513 502
511 507
514 512
514 517
513 521
514 527
514 533
513 539
512 544
512 548
511 552
514 625
513 629
513 634
513 639
512 644
512 648
511 653
513 656
513 661
513 666
513 671
513 675
513 679
513 683
512 688
513 692
513 695
512 700
513 704
513 706
513 710
513 715
513 717
513 721
513 725
514 729
514 731
514 736
512 740
513 744
513 748
513 752
512 756
512 760
513 763
513 767
513 769
513 774
513 777
513 780
437 782
409 785
388 791
391 793
369 795
186 795
150 799
154 803
200 808
223 812
233 813
227 817
228 822
238 822
248 828
270 830
260 834
372 894
357 895
380 897
370 898
374 900
369 900
344 902
371 901
390 902
376 905
370 906
366 907
364 908
393 909
427 910
411 911
422 912
381 914
353 913
372 914
383 915
457 916
443 918
430 917
412 918
383 917
419 917
400 918
405 919
440 921
455 920
456 923
455 920
428 919
454 922
427 922
420 923
433 923
420 922
454 925
443 922
460 923
460 922
473 922
475 922
471 923
471 921
473 922
491 922
474 921
485 921
500 919
505 917
511 916
513 913
512 913
513 910
511 863
515 859
512 859
513 858
516 852
513 850
513 847
514 843
513 839
513 837
516 832
513 828
514 824
514 819
513 816
513 812
513 808
513 804
513 800
512 795
513 791
513 788
514 784
514 782
513 777
514 772
514 768
512 764
513 759
513 754
513 752
513 748
513 744
513 740
513 735
513 732
513 728
514 724
515 720
512 714
513 711
513 707
513 703
513 698
513 695
513 690
513 686
513 681
512 677
512 672
514 668
514 666
503 653
532 665
513 656
513 651
514 646
513 523
514 519
514 515
513 510
512 506
513 502
513 497
513 493
513 488
514 483
514 479
512 474
498 473
513 467
509 464
513 460
513 455
513 453
513 449
513 445
512 440
513 437
513 432
513 426
513 422
513 417
512 411
513 405
513 401
513 397
515 392
510 388
513 384
514 378
512 373
513 369
512 365
513 360
512 355
513 351
513 347
514 343
514 338
514 336
514 332
514 329
515 325
514 320
514 320
514 313
514 311
515 310
515 307
513 299
514 294
514 290
514 287
736 196
745 193
756 192
725 189
748 189
749 188
780 178
754 182
768 174
779 177
753 171
752 168
746 165
745 163
713 160
700 158
716 156
761 154
717 152
720 151
694 149
692 147
676 146
598 143
657 145
689 142
681 141
672 140
676 140
664 138
651 136
674 135
688 134
646 132
637 131
637 131
623 129
632 128
660 126
624 127
584 127
609 125
597 123
645 125
664 123
642 123
637 120
606 126
604 120
571 115
573 119
627 119
630 118
627 118
621 116
600 118
631 143
513 144
514 146
514 147
513 148
514 151
514 153
513 156
513 159
514 161
514 163
514 165
514 167
515 169
514 170
514 173
513 176
514 180
515 181
513 184
514 186
513 191
513 194
513 197
513 200
513 203
514 208
513 212
514 216
513 219
513 222
514 228
514 231
513 235
513 240
513 243
514 247
496 250
515 263
515 257
514 264
513 267
513 273
513 275
513 279
513 284
515 288
514 291
513 295
514 299
513 303
514 308
514 311
514 316
513 320
514 325
515 330
514 484
514 487
514 491
512 494
513 498
513 502
513 507
513 512
514 517
513 522
514 528
513 534
513 539
513 542
513 546
513 552
513 556
513 561
513 564
513 567
514 573
513 574
513 579
514 583
513 587
514 591
514 596
513 600
513 604
514 609
514 615
514 620
512 626
512 631
513 635
513 640
513 643
513 649
514 653
514 658
513 662
513 666
513 671
514 675
514 678
514 683
514 686
514 695
513 695
512 699
513 703
513 707
514 710
513 713
515 717
514 722
513 726
514 848
283 851
278 851
283 857
265 857
253 858
275 863
282 869
267 869
276 871
247 874
255 877
306 879
282 880
308 883
350 884
359 887
368 888
298 889
338 895
342 892
368 893
394 893
402 896
387 897
324 899
340 899
393 901
361 903
367 903
382 904
369 905
361 906
389 909
410 908
409 909
425 909
403 911
388 912
364 912
375 913
430 915
406 914
412 915
397 916
399 917
427 918
393 917
406 919
434 920
424 920
445 920
403 921
409 921
438 921
412 921
452 921
431 898
513 898
513 896
515 895
513 895
514 892
513 891
512 888
513 888
513 884
513 883
513 879
514 878
512 878
513 874
513 872
513 870
513 866
512 865
512 862
513 863
513 858
512 855
514 852
513 848
514 845
513 842
513 839
511 836
523 835
513 829
514 825
513 819
513 817
517 812
512 809
513 806
512 801
512 798
514 792
512 788
513 783
514 779
513 773
514 770
514 769
513 762
513 758
514 757
513 751
513 749
513 744
514 742
513 737
513 733
514 730
513 725
513 556
513 551
513 547
513 542
513 537
514 532
514 526
514 522
516 517
512 510
513 506
513 502
514 495
514 491
514 487
512 483
513 478
514 476
514 471
515 464
515 463
514 460
511 457
513 451
513 449
512 444
513 438
513 433
514 429
514 424
513 419
513 414
512 411
513 405
512 400
513 394
514 391
515 385
514 381
515 377
514 373
516 368
515 363
513 357
514 354
514 349
513 345
513 342
514 339
513 334
513 331
513 327
514 324
513 320
513 316
513 312
513 309
738 180
752 180
753 176
792 176
777 171
735 165
748 165
731 163
771 160
733 158
694 158
734 154
706 152
728 150
672 148
668 147
682 145
632 145
631 144
622 142
635 140
671 139
670 138
679 138
673 136
642 135
641 134
646 134
672 132
675 128
653 129
612 128
615 127
611 127
624 124
699 125
673 123
612 123
607 123
607 121
631 121
588 123
607 124
648 127
605 113
620 119
575 122
599 115
619 118
571 116
598 117
570 115
606 115
599 117
555 117
572 115
549 115
512 158
513 160
514 163
513 164
514 166
512 170
514 171
514 175
513 176
513 179
513 182
513 184
514 188
514 191
514 193
513 197
513 201
513 202
513 207
513 212
512 215
513 220
513 224
513 222
514 232
513 238
513 240
513 244
513 249
513 253
499 249
511 259
513 263
514 264
513 272
514 276
515 281
514 284
513 289
513 291
513 295
514 298
514 304
514 307
513 312
515 317
513 321
514 326
513 330
513 334
513 339
513 342
513 346
513 350
513 353
510 359
513 363
512 511
512 515
513 519
513 524
514 527
514 533
515 537
512 541
513 548
513 553
511 559
513 561
514 564
512 568
514 571
514 576
513 580
513 584
512 589
514 592
514 595
514 600
514 605
513 609
513 614
512 620
512 624
514 630
514 635
513 640
513 646
513 649
512 654
513 659
513 664
513 668
513 672
512 677
513 681
514 685
514 688
513 691
513 696
513 701
512 704
513 707
513 711
513 714
513 718
513 722
512 726
513 731
513 735
513 739
513 742
512 747
513 750
297 878
318 880
314 881
343 883
345 885
346 887
333 886
300 891
336 891
379 893
384 893
397 895
358 896
368 897
385 899
338 898
327 901
327 902
364 903
377 904
396 906
403 904
394 910
384 908
380 910
376 911
376 911
399 911
394 912
419 912
428 914
397 916
405 913
438 917
408 917
433 917
399 918
416 912
420 920
365 920
413 920
402 920
439 921
456 921
432 920
460 921
458 922
468 923
480 922
460 923
437 923
430 923
423 921
431 922
427 922
440 923
450 856
515 849
514 848
513 843
515 842
513 838
512 833
513 831
513 827
513 823
513 821
513 817
514 811
514 808
513 803
513 799
514 796
514 790
514 787
513 782
513 779
513 775
513 770
513 766
513 762
512 756
513 754
513 751
514 747
514 743
513 738
513 734
513 730
513 726
513 721
514 717
513 712
512 709
513 703
514 699
514 696
513 692
513 688
513 684
513 680
513 675
513 672
513 668
511 664
512 661
513 658
504 652
513 647
513 641
515 636
515 631
514 624
514 389
514 384
514 380
514 378
513 374
513 371
513 367
513 363
513 359
513 354
513 350
513 346
513 341
513 338
513 335
514 331
513 328
513 323
513 320
513 315
512 312
513 308
510 304
483 304
517 295
483 293
514 289
513 286
513 282
513 279
513 275
514 272
514 267
514 263
514 259
518 256
578 255
645 251
644 248
654 245
684 241
659 238
827 239
919 234
895 234
879 226
829 223
799 220
810 217
803 212
791 210
782 207
780 205
758 202
739 199
732 197
736 194
756 149
676 152
678 146
688 145
686 147
702 143
666 140
675 140
719 140
689 138
629 138
610 137
621 134
680 133
711 134
680 131
627 130
597 129
577 128
611 127
654 127
641 126
651 124
622 123
549 128
596 123
633 121
683 121
616 125
615 119
660 119
601 117
603 118
576 117
610 117
636 117
593 115
602 116
583 116
572 120
584 116
552 115
567 114
578 115
567 114
585 114
570 114
581 115
562 114
559 111
561 115
557 115
550 115
549 114
540 116
525 116
520 118
513 165
514 169
514 171
513 174
514 177
514 181
512 182
514 186
512 189
512 192
513 196
513 199
514 199
513 205
513 208
513 212
514 216
514 224
513 224
514 229
513 234
513 238
513 242
513 246
513 248
513 252
503 253
518 264
513 264
514 267
514 271
513 274
514 279
513 284
513 288
513 291
513 294
513 298
513 303
514 307
514 309
513 316
514 321
514 326
514 330
514 334
513 340
513 343
512 349
513 349
513 356
513 361
512 365
513 369
513 376
514 375
514 379
511 507
513 511
514 516
513 521
513 525
514 530
514 534
513 540
512 546
513 551
512 555
514 558
514 561
514 565
514 570
513 574
511 577
513 580
515 584
513 590
512 593
513 598
512 603
513 608
512 614
511 617
515 622
513 627
512 632
513 640
513 643
512 646
512 651
512 655
512 660
513 664
513 668
512 673
513 677
513 681
512 687
513 691
513 694
513 698
513 702
513 705
513 709
513 712
512 716
513 720
513 724
513 728
513 731
513 735
513 739
514 742
513 746
514 683
513 686
513 690
514 694
512 697
513 701
