514 883
514 881
513 880
513 877
513 877
512 875
510 870
513 871
513 868
514 866
513 864
511 861
513 858
513 856
513 853
513 849
513 846
513 843
513 840
513 836
513 832
514 830
513 824
513 822
514 819
512 814
511 810
513 805
512 801
513 797
513 795
514 789
514 786
513 782
514 778
513 774
514 769
515 766
513 763
513 758
515 754
513 750
512 748
512 744
513 740
512 736
512 732
513 728
513 722
513 718
512 713
513 708
513 704
510 699
513 693
514 689
513 684
514 137
513 137
513 139
513 140
513 141
514 143
513 143
512 151
516 149
512 154
513 153
513 154
514 157
514 160
514 161
514 163
513 165
513 167
514 171
514 175
513 177
514 178
511 180
513 184
511 187
514 188
514 192
514 194
514 200
515 204
514 207
513 211
514 215
514 220
513 223
514 227
513 231
514 233
514 236
514 239
514 243
513 247
513 251
514 256
514 260
513 266
513 269
512 275
513 276
509 282
508 285
514 288
514 295
514 298
513 302
514 306
513 310
516 606
514 600
512 595
514 588
514 586
513 584
513 580
514 576
514 573
512 569
514 565
514 561
514 558
514 556
511 552
511 547
513 543
514 537
515 533
514 527
514 522
511 517
513 512
513 507
512 502
513 494
513 492
513 488
513 485
513 481
513 476
513 473
512 469
514 464
512 461
515 450
514 454
511 449
513 445
514 440
514 435
513 430
516 425
514 422
512 417
513 412
513 407
511 401
513 396
513 392
514 387
513 383
513 380
512 373
514 368
514 365
513 359
712 147
682 146
687 145
617 144
639 144
665 143
687 141
676 140
681 139
667 137
633 136
653 135
656 133
642 132
640 131
632 130
627 129
634 128
644 127
646 126
633 123
634 124
625 124
630 123
641 122
596 121
599 121
626 121
609 119
631 119
610 118
621 118
627 118
598 115
610 116
614 113
607 112
620 116
559 115
542 114
577 115
540 115
569 114
578 114
575 115
595 114
588 114
572 114
595 114
556 115
576 115
572 115
547 115
557 115
546 115
530 117
531 118
513 200
514 204
513 208
514 212
515 216
514 219
514 223
514 227
513 231
513 236
515 240
514 242
514 245
514 249
514 253
513 257
515 260
513 265
513 270
512 275
516 276
516 282
510 290
517 292
514 295
514 299
514 303
514 307
514 312
513 316
514 320
514 325
513 328
514 332
513 338
513 342
514 345
513 348
514 353
512 356
513 362
511 365
513 369
513 373
513 376
514 382
513 387
514 392
514 396
514 401
514 406
514 410
514 416
514 424
514 428
513 434
512 342
511 345
514 348
514 352
513 355
513 360
517 363
514 367
513 370
513 375
512 379
513 383
513 388
512 392
512 396
512 401
513 405
513 411
514 417
514 423
513 429
512 435
513 440
514 444
514 447
513 454
513 456
505 459
523 462
496 467
522 467
517 471
514 476
514 480
513 485
510 488
513 493
512 498
512 502
513 508
514 513
513 519
513 523
513 528
513 534
514 539
514 543
513 548
516 552
512 557
513 560
514 563
514 568
513 572
513 576
513 579
514 583
513 834
252 836
226 838
276 840
280 843
319 845
283 847
268 850
246 852
276 855
326 857
280 859
232 860
260 866
271 869
324 872
285 872
237 876
296 879
311 881
290 883
298 886
290 887
324 889
373 890
354 892
358 891
342 895
366 895
411 896
389 897
363 898
348 899
329 901
351 902
402 904
414 904
408 906
403 907
389 908
363 908
376 910
420 909
392 911
411 913
393 912
421 915
390 916
421 915
434 917
414 915
392 913
416 918
377 918
388 920
436 921
410 921
443 852
513 850
513 849
512 845
513 843
516 840
513 835
513 831
514 828
513 823
513 820
513 816
514 812
513 808
513 804
513 801
510 797
515 792
514 788
511 787
513 783
513 776
513 773
514 768
513 764
511 759
514 755
513 752
513 748
512 744
514 739
514 734
512 731
513 726
514 720
514 715
513 712
513 707
513 704
513 700
513 699
513 695
513 690
514 687
513 682
514 678
513 672
515 667
515 664
514 660
514 656
512 652
512 648
512 647
514 637
514 631
515 626
516 435
513 430
513 426
516 422
516 418
515 414
514 409
512 404
514 398
513 393
514 389
515 384
514 380
513 375
515 370
515 366
514 364
514 357
514 354
513 350
513 346
514 342
514 339
514 335
514 330
513 329
514 323
514 320
513 315
514 312
512 308
514 304
514 300
514 296
513 292
513 288
513 285
514 282
513 278
514 275
514 279
514 267
514 263
512 259
514 257
522 254
618 253
651 249
658 245
640 240
654 239
809 239
895 233
879 231
864 227
834 224
783 220
671 130
647 128
678 128
641 127
615 127
599 126
638 125
651 125
607 122
607 122
616 122
617 122
621 120
604 122
631 119
643 119
601 119
615 117
564 119
580 116
590 116
568 115
574 118
586 118
563 113
600 115
573 115
581 115
596 114
568 114
569 114
558 114
542 114
563 115
566 118
554 115
568 114
554 117
554 116
555 117
537 115
526 118
514 119
512 121
514 123
514 125
514 127
517 129
514 131
514 132
513 132
514 134
515 135
514 136
513 137
513 138
513 140
514 365
517 368
513 372
513 376
512 379
513 384
513 388
513 393
514 397
512 403
511 408
512 414
512 420
511 425
512 430
516 435
513 439
513 445
514 451
514 453
513 469
512 460
513 466
509 468
522 473
525 476
513 478
513 482
513 485
513 488
514 495
513 499
513 503
514 509
513 514
513 518
513 524
512 531
513 535
512 540
513 545
513 548
513 552
513 557
513 561
513 564
512 569
515 572
512 576
510 579
514 583
514 588
516 592
513 596
513 602
513 608
513 611
512 701
513 702
513 705
514 708
513 712
514 716
513 719
513 721
513 727
513 731
513 735
513 737
512 744
512 746
513 749
512 753
513 759
513 762
514 764
514 768
514 771
514 774
513 778
497 780
421 784
365 788
371 793
359 795
259 795
163 797
174 801
186 806
216 809
251 811
246 815
255 819
250 821
244 825
220 829
233 831
240 834
263 837
249 840
281 841
294 845
285 847
322 848
299 853
273 856
277 859
268 861
268 864
285 867
241 869
291 872
307 874
313 877
445 916
394 916
401 917
383 917
435 917
415 918
386 919
426 921
415 919
397 921
433 920
437 921
415 922
442 923
416 922
439 921
467 922
442 922
452 923
442 924
442 923
453 925
452 923
455 924
464 923
457 922
474 924
470 922
469 922
478 922
478 921
494 920
505 919
506 917
514 915
515 913
513 911
514 910
511 909
514 905
514 904
514 904
514 902
513 902
514 900
513 900
513 898
517 897
513 899
514 894
513 893
516 890
514 889
513 888
513 885
513 882
512 880
513 788
512 784
513 782
513 780
514 777
513 773
514 769
513 764
513 760
512 757
513 752
513 748
515 745
513 739
513 734
513 730
513 724
513 722
512 715
514 711
514 707
513 703
512 700
514 698
514 693
513 689
512 685
514 683
513 678
513 674
513 668
514 664
513 659
514 655
515 651
515 647
514 640
513 637
514 634
513 627
513 621
516 614
513 608
514 604
513 601
513 595
514 589
513 586
512 580
515 576
513 576
514 571
514 567
515 564
512 561
513 557
514 423
514 417
514 414
515 408
514 404
514 398
509 393
514 388
514 385
516 378
514 374
514 372
515 366
513 361
513 357
514 353
514 349
514 345
513 340
515 337
512 333
515 331
513 327
514 322
513 318
516 317
513 313
513 311
514 304
514 300
516 296
514 293
513 287
513 285
514 281
515 278
511 273
515 285
514 275
514 262
513 259
515 256
528 255
639 253
638 248
666 245
641 240
649 239
889 238
895 235
845 231
841 226
801 223
793 220
800 217
795 212
789 210
787 143
630 141
662 140
611 139
656 137
628 137
647 136
662 134
653 133
616 131
616 130
667 129
645 128
639 125
646 126
587 126
629 125
647 124
643 124
627 123
644 122
607 122
608 120
581 120
640 119
647 118
610 118
634 117
609 117
588 116
583 117
550 113
609 114
621 117
580 113
596 114
566 114
562 115
574 116
577 114
581 114
582 114
577 114
575 114
558 115
554 114
546 116
549 117
549 115
531 116
540 112
529 118
512 119
514 121
514 123
515 125
515 127
514 211
514 216
513 220
513 223
513 226
514 229
514 233
513 237
513 242
513 245
513 249
514 253
513 256
513 259
514 262
513 266
515 271
516 275
510 280
514 282
510 289
512 294
512 297
513 303
514 307
513 310
514 314
514 319
514 322
513 326
513 331
513 333
514 339
514 343
514 348
514 351
514 355
516 359
514 364
513 368
513 374
513 376
512 380
512 384
513 387
514 392
513 396
511 402
514 410
517 416
513 421
511 426
514 431
518 434
513 441
513 447
513 450
511 616
513 621
513 625
512 629
514 632
513 638
514 642
513 650
514 657
515 656
513 660
515 665
514 669
514 673
513 679
513 681
509 685
516 690
513 694
513 698
513 701
514 705
513 708
512 712
512 718
513 720
513 724
512 728
513 732
513 736
512 742
513 744
513 748
512 751
512 755
511 758
513 762
514 766
513 768
513 771
514 775
514 778
510 782
432 784
374 786
354 790
359 796
216 795
163 799
184 804
182 807
220 810
254 809
234 815
259 820
268 823
256 826
412 906
346 907
405 907
384 908
396 910
359 910
355 911
381 912
429 914
407 914
422 914
415 916
366 915
423 918
461 917
410 918
417 921
393 919
404 920
422 920
403 920
428 921
451 921
439 922
448 923
420 922
426 923
462 924
461 922
468 923
474 923
472 922
466 922
440 926
447 923
447 923
454 922
451 920
455 923
472 926
481 922
478 921
504 920
507 919
510 916
513 915
512 912
515 909
511 913
515 905
510 906
513 905
513 904
513 902
513 903
513 898
512 900
513 813
513 811
513 807
513 804
513 798
513 795
513 791
513 788
513 783
512 781
513 777
513 772
513 767
513 763
513 758
515 754
513 749
510 744
515 745
514 739
514 736
516 733
514 729
513 724
512 720
511 717
513 710
513 704
513 700
513 694
513 690
513 685
514 681
514 678
513 676
514 675
513 668
513 665
513 660
514 655
513 650
514 644
516 641
514 638
513 632
513 628
514 622
513 616
513 610
515 604
516 599
512 594
513 590
513 585
513 579
514 576
517 572
515 398
511 394
513 391
513 388
516 383
514 380
513 376
513 371
514 365
513 362
514 356
515 352
513 349
513 344
513 340
513 337
513 334
512 331
513 325
513 321
515 318
513 314
513 312
513 308
513 304
514 300
513 296
512 293
513 290
514 286
514 282
514 277
513 274
514 272
514 270
514 263
516 259
516 255
586 256
669 251
648 247
660 243
668 241
661 241
906 237
904 234
851 229
833 225
785 222
772 220
814 215
785 213
749 210
778 207
737 204
768 202
799 198
595 125
575 124
594 124
611 123
673 122
666 122
632 122
631 120
563 119
560 120
608 118
634 118
621 116
626 117
607 115
626 116
601 116
589 119
565 107
557 106
569 106
564 114
567 115
571 114
546 114
554 114
549 114
562 114
559 114
555 114
561 114
552 115
537 115
554 116
529 115
551 116
527 118
513 119
513 122
514 123
514 125
514 127
514 130
514 132
515 132
513 134
514 134
514 136
513 137
513 138
514 140
515 140
513 143
513 143
513 148
513 147
515 148
514 275
514 279
515 282
522 290
517 292
517 301
516 312
513 302
514 305
513 309
513 314
513 318
513 323
514 329
514 333
514 337
513 342
514 344
514 350
513 353
514 356
513 360
514 363
513 368
514 371
515 377
512 381
512 386
513 390
514 392
514 397
514 402
514 409
513 416
511 422
512 427
513 431
514 436
514 441
514 447
514 453
513 457
511 461
511 464
517 465
509 468
511 468
516 476
510 475
513 482
513 486
513 489
513 495
514 501
514 508
512 511
513 666
514 673
514 676
514 680
514 683
512 687
512 691
512 697
513 699
513 702
514 705
512 709
513 712
514 716
513 721
512 724
513 729
513 733
513 736
513 740
514 744
513 748
514 751
513 756
513 759
512 763
512 767
513 770
513 773
512 777
512 779
477 781
406 784
380 787
363 790
379 794
279 795
160 798
177 803
188 809
198 810
249 813
249 817
225 820
261 822
215 826
241 829
253 832
255 835
265 838
258 840
237 844
283 846
297 848
286 851
295 854
259 856
273 919
434 919
420 919
432 920
391 922
395 921
429 921
416 921
404 922
416 922
434 922
461 922
453 923
441 923
452 922
440 923
450 923
450 922
449 923
483 924
488 923
472 924
490 923
459 922
482 922
467 922
469 921
500 920
509 919
508 917
514 915
512 913
513 910
511 908
512 907
515 904
513 906
513 903
514 902
513 903
512 901
513 900
512 899
514 897
514 897
513 895
514 892
513 891
513 887
513 886
513 884
514 880
511 880
514 876
511 875
513 873
513 871
512 707
513 702
513 698
512 692
513 688
512 684
514 680
514 674
515 672
514 670
513 666
512 664
513 661
513 656
514 652
513 644
514 639
516 633
517 628
514 624
512 619
513 613
513 609
513 603
514 598
512 593
512 589
515 584
513 580
513 576
515 572
516 569
514 566
513 561
515 559
513 557
512 551
515 548
513 544
514 539
514 533
515 530
514 524
513 518
513 512
513 508
514 502
515 497
514 491
514 487
515 483
513 481
513 476
514 472
513 468
515 464
515 460
515 273
514 269
514 260
510 268
512 262
514 259
518 255
579 254
637 251
663 248
657 244
681 240
672 239
913 236
944 232
871 222
834 225
824 221
763 218
793 215
787 212
747 210
757 207
754 203
728 201
751 197
760 196
758 194
764 191
735 188
734 184
735 182
733 180
778 177
766 174
756 171
754 169
756 166
756 163
732 161
723 158
713 155
727 154
736 152
681 142
706 152
691 153
635 145
628 145
623 143
659 143
703 141
665 140
662 138
662 138
593 135
640 137
605 117
621 118
637 117
594 117
615 116
609 116
598 118
603 115
580 118
552 114
560 114
542 115
561 114
555 113
563 115
585 114
579 114
564 114
587 114
558 115
575 114
566 114
534 115
552 115
540 116
522 116
528 119
513 120
514 121
514 123
515 126
514 128
514 131
513 131
514 132
514 133
514 135
514 136
513 136
513 137
515 139
514 140
514 141
513 143
513 145
514 147
514 149
513 150
512 151
508 155
513 157
509 160
515 160
513 164
513 164
513 167
514 170
513 273
514 275
513 278
514 286
514 288
510 294
513 297
516 300
515 304
514 307
514 311
513 315
509 320
513 324
513 328
515 332
513 338
513 341
513 346
514 348
514 352
516 356
514 360
514 363
514 368
514 372
514 376
514 381
512 387
511 392
511 396
512 400
514 404
514 409
514 416
513 421
514 427
513 432
513 438
513 441
513 447
514 450
514 455
514 460
513 465
516 468
511 472
512 474
516 473
514 478
515 483
513 488
512 491
512 496
514 502
513 506
513 511
513 640
514 645
514 651
521 654
517 657
514 661
513 665
512 670
513 675
513 680
513 683
514 688
512 691
513 696
512 700
513 704
512 707
512 710
513 714
513 718
514 722
513 726
513 727
513 733
513 738
513 741
514 744
513 749
513 751
513 756
513 759
514 763
513 766
513 770
513 774
513 777
511 781
459 783
388 786
385 789
358 793
350 796
230 797
145 799
150 805
211 808
216 811
260 815
257 818
226 822
253 824
257 827
224 830
239 832
233 835
275 838
297 840
405 900
367 902
355 902
360 904
398 904
379 906
419 907
378 907
370 909
435 909
404 910
388 911
368 912
381 913
399 914
400 914
426 915
426 916
404 917
414 918
407 917
405 919
426 919
430 920
435 920
424 919
440 921
422 921
418 922
443 921
416 921
439 922
445 922
435 923
460 923
460 923
437 923
460 923
433 923
463 923
468 923
443 923
471 923
474 922
466 921
492 921
471 920
500 919
509 918
512 918
512 914
512 911
511 908
512 909
513 908
514 905
511 904
515 846
513 844
511 842
513 838
514 836
513 833
513 830
513 826
513 822
513 817
511 813
514 808
514 805
513 801
514 798
513 796
513 788
513 784
512 781
515 777
513 773
513 770
515 766
514 763
513 757
514 753
512 749
512 745
513 741
513 737
514 732
513 730
513 725
513 720
513 717
513 713
514 709
513 704
513 701
513 696
513 690
513 687
513 682
514 677
514 673
516 668
514 664
512 663
512 659
513 655
513 650
512 646
513 641
514 635
514 629
516 623
514 460
512 457
512 455
514 448
513 453
512 441
514 435
513 428
514 423
515 420
514 416
513 412
516 405
514 401
513 396
513 393
514 387
513 382
511 377
514 372
513 367
514 363
514 359
514 354
513 352
513 346
514 342
514 339
514 335
513 332
511 329
512 325
510 322
513 319
513 314
513 310
514 307
513 303
513 298
513 294
513 291
514 287
512 282
514 279
512 275
514 272
513 267
514 261
511 270
514 257
518 254
633 253
651 249
660 246
667 242
641 239
651 240
860 143
617 141
651 140
690 140
635 139
645 137
669 136
651 134
639 134
632 132
670 131
641 130
635 128
666 127
640 128
620 127
633 126
632 125
600 122
592 124
609 122
615 122
641 121
641 120
630 120
633 120
631 119
587 117
587 117
572 116
601 116
634 116
598 116
589 115
594 115
567 101
580 100
592 114
566 114
596 114
547 114
561 114
576 117
544 115
555 114
557 114
535 115
565 115
534 114
528 116
548 115
520 116
517 118
515 120
512 122
515 124
514 125
515 214
514 216
515 220
515 222
514 227
514 231
513 234
513 239
515 244
512 248
513 251
513 256
514 260
515 263
513 267
513 271
512 275
515 279
513 283
514 286
514 295
518 292
517 308
520 298
513 308
513 311
514 314
514 319
513 324
514 328
514 335
514 337
513 341
514 346
513 349
514 354
513 358
514 361
514 365
514 369
513 372
514 376
514 380
514 386
514 390
513 398
513 403
511 409
512 413
514 417
515 420
512 426
513 432
514 437
512 444
511 449
512 452
515 588
512 593
512 596
512 600
513 605
514 610
514 614
513 620
513 625
512 630
511 636
512 641
511 646
513 650
513 654
515 658
508 663
514 667
513 672
513 676
512 681
512 685
512 688
513 691
513 696
513 700
513 703
513 707
513 711
516 714
513 718
513 722
513 726
513 731
514 735
513 738
514 742
513 746
513 749
514 753
513 756
513 761
513 763
514 766
513 770
513 774
514 777
512 780
433 782
412 785
363 786
375 793
355 796
240 795
146 800
134 803
158 809
399 903
416 904
417 904
363 906
339 907
378 907
396 909
381 910
432 910
413 912
364 913
385 913
401 914
383 914
419 915
423 915
399 917
417 917
409 919
441 919
414 919
418 920
457 921
432 920
407 922
407 921
374 922
443 922
472 923
438 923
475 922
460 924
462 923
464 922
456 923
463 923
477 922
452 922
482 923
482 923
464 923
488 922
478 921
485 921
496 921
491 920
511 917
512 915
510 915
513 913
512 911
514 908
513 906
513 906
512 904
513 903
513 901
513 797
513 794
511 790
514 788
513 784
512 780
514 777
513 773
514 768
513 764
513 761
513 755
512 754
513 748
513 744
514 741
513 736
513 733
512 729
515 725
514 720
513 715
514 710
513 706
513 702
511 698
514 694
514 688
512 684
512 682
513 677
513 672
513 668
515 663
515 659
515 656
515 652
514 650
513 642
512 641
513 636
513 631
513 623
514 615
515 611
514 606
505 601
512 598
513 592
514 585
514 582
513 577
514 573
515 570
513 568
513 566
512 563
513 381
513 376
513 372
513 368
514 365
513 360
513 356
513 351
513 348
513 343
512 339
513 335
513 332
512 329
513 325
512 321
514 315
513 313
513 309
514 306
513 302
513 299
513 294
513 291
513 287
514 283
514 280
512 276
513 273
517 269
513 265
503 255
515 257
518 254
628 254
651 250
647 246
662 243
669 240
686 240
927 237
892 232
871 227
843 224
782 221
780 218
785 214
782 212
778 207
800 205
790 203
749 200
736 198
718 193
732 192
758 189
750 186
631 127
630 124
635 126
632 125
655 123
597 123
590 121
622 122
594 121
613 120
643 120
616 119
624 117
606 118
575 119
601 117
558 116
591 116
633 115
596 115
612 115
593 114
571 101
544 112
564 115
556 114
581 113
554 115
575 114
572 114
550 114
557 114
540 113
525 114
536 115
529 116
528 116
526 117
517 118
517 118
514 122
516 123
514 126
514 129
514 130
513 131
514 133
514 135
514 134
514 136
514 136
514 138
514 139
514 140
514 142
514 144
514 145
514 280
514 284
514 289
505 305
505 300
511 299
506 309
508 309
514 312
513 316
513 320
514 324
513 329
514 333
513 336
514 341
514 346
514 350
514 355
513 362
514 363
514 367
514 371
513 375
513 377
514 381
513 385
513 389
513 395
513 404
513 409
511 414
514 418
515 422
515 426
514 431
513 438
513 445
513 450
511 455
513 456
515 460
514 463
513 466
515 473
511 473
513 480
515 478
514 491
513 487
511 493
515 498
511 503
513 508
515 514
514 518
514 706
513 710
513 712
513 716
514 720
514 722
514 726
513 730
514 733
512 737
513 741
512 745
513 749
513 752
513 755
513 760
513 764
513 768
513 772
513 775
513 778
510 781
419 783
394 786
406 789
385 793
382 795
157 796
121 800
156 804
192 809
233 812
254 813
246 818
219 821
245 825
255 828
240 830
252 833
251 837
242 839
281 842
282 844
267 847
293 849
250 851
287 855
290 857
268 860
285 862
286 865
282 868
313 871
269 873
264 876
280 877
283 880
317 920
501 919
502 918
513 918
513 914
512 913
512 912
513 910
513 907
512 904
512 903
512 903
513 903
514 901
514 901
511 898
513 897
512 897
513 897
514 894
513 890
513 893
512 891
513 886
515 884
513 882
513 875
514 874
512 876
513 873
515 871
512 870
513 867
513 864
513 863
515 860
513 858
513 854
513 851
512 848
512 845
512 839
513 838
513 837
513 832
513 828
513 823
513 821
513 815
514 812
513 808
513 803
513 794
514 793
514 789
515 786
514 783
513 562
513 561
514 558
514 555
515 552
513 546
513 543
514 540
512 536
512 531
513 520
514 518
516 513
513 509
513 505
513 499
513 493
514 489
513 484
512 480
515 477
511 474
513 471
513 466
513 462
514 459
514 454
514 450
515 445
511 441
513 436
509 432
513 427
513 423
513 418
514 411
514 408
514 400
513 398
514 392
515 389
515 385
513 379
513 375
514 369
514 365
513 360
513 356
515 352
515 348
514 343
514 340
515 337
514 332
514 330
510 327
513 323
514 118
578 118
575 118
583 117
605 117
564 116
588 116
582 115
605 114
608 115
591 115
603 115
577 115
567 114
582 114
575 113
576 112
576 114
562 117
552 116
544 116
555 114
549 115
553 116
539 116
520 120
524 115
517 120
514 123
514 124
515 127
514 129
514 130
514 132
513 133
513 134
514 135
513 136
514 137
514 138
514 140
514 141
513 142
514 145
514 146
513 147
513 150
513 151
515 153
514 153
513 157
514 160
514 162
514 163
513 164
513 168
513 170
346 891
364 892
323 893
359 894
365 895
360 893
385 897
389 898
366 900
383 900
375 902
388 905
411 904
392 905
374 907
381 907
332 902
403 910
411 910
380 911
408 912
416 913
383 914
400 914
417 915
455 916
432 916
411 917
435 918
408 918
394 919
412 919
427 920
428 920
432 920
426 921
442 922
451 922
449 917
429 922
431 923
445 923
440 923
460 919
456 923
460 922
478 923
459 923
469 920
474 922
458 922
482 925
496 921
481 922
506 920
505 919
505 918
513 887
513 885
511 883
512 880
512 879
514 877
514 876
513 872
512 870
513 868
514 866
513 862
514 861
515 856
511 854
511 850
514 848
514 846
513 844
513 840
513 832
513 833
512 828
515 824
514 821
513 817
516 814
514 809
514 805
513 799
513 793
513 791
513 789
513 786
513 784
513 779
513 776
514 772
513 768
513 763
513 760
512 755
513 750
512 745
513 741
513 738
513 734
513 729
513 724
511 721
513 716
514 710
512 705
514 701
512 697
512 693
512 688
514 673
514 667
513 664
514 660
513 656
513 653
513 648
514 643
513 636
512 635
514 629
513 622
514 617
515 610
515 599
514 602
511 598
513 591
513 587
514 581
514 577
516 574
512 573
512 570
513 564
514 561
514 557
513 553
516 551
511 548
