366 914
372 916
368 916
368 917
319 917
329 918
347 919
328 919
353 919
386 919
382 920
384 921
406 921
386 922
427 922
389 922
396 922
427 922
385 922
439 923
411 922
419 923
447 922
436 922
435 922
442 922
433 922
447 921
450 921
459 920
477 921
484 918
502 916
513 916
512 914
510 911
512 909
513 908
513 905
514 905
513 903
513 903
513 901
512 901
511 900
513 899
512 898
513 897
513 894
512 893
513 891
513 889
513 887
513 884
512 883
513 881
513 878
607 115
627 115
616 116
624 114
597 115
562 115
583 115
562 115
573 118
564 114
564 116
566 117
535 118
523 118
518 121
515 123
514 125
516 127
514 130
514 131
514 132
514 133
513 133
515 135
514 136
515 137
514 137
514 139
512 140
514 143
510 144
514 145
513 147
514 149
515 151
513 154
513 157
514 158
514 160
514 162
514 164
513 166
513 168
514 171
513 173
514 175
513 181
510 171
512 201
508 195
513 191
514 194
514 196
512 201
514 204
510 208
514 213
513 826
513 823
513 819
513 814
513 811
513 807
513 803
513 799
513 794
514 791
513 788
511 784
512 781
512 777
514 775
513 770
515 765
514 760
511 756
513 753
515 750
513 746
514 739
510 734
514 731
513 726
513 722
514 718
512 713
512 709
514 704
513 700
514 698
513 692
511 688
511 684
513 681
512 677
513 674
513 668
513 663
514 659
513 654
514 651
513 647
513 643
513 639
513 632
513 626
511 621
514 615
513 610
513 604
513 599
513 594
509 588
513 585
514 488
514 484
514 483
515 478
511 476
513 472
513 467
514 462
512 458
512 455
516 450
513 443
513 441
513 438
513 434
512 428
512 425
513 419
513 414
514 408
512 405
513 399
515 395
513 390
513 386
514 380
513 375
513 371
513 366
515 362
514 359
512 354
513 349
513 345
513 341
513 338
512 335
513 332
513 326
514 323
514 319
514 317
514 311
514 306
513 304
514 301
513 296
513 293
513 289
513 284
513 281
513 277
512 273
514 270
513 265
512 262
516 258
841 239
951 237
995 237
1019 234
1008 229
971 224
1008 222
980 218
988 215
938 209
896 209
897 206
876 203
868 200
842 197
836 195
863 189
880 189
888 187
854 185
852 182
845 180
880 176
885 173
861 171
865 169
873 167
891 163
869 159
860 157
844 157
808 155
829 153
758 151
746 149
718 147
707 147
795 146
776 143
758 142
713 142
683 141
686 140
722 138
733 124
747 135
731 134
728 135
723 132
710 129
710 130
734 129
703 127
715 127
678 125
670 126
659 122
696 120
685 120
665 119
647 121
654 119
664 120
646 117
617 117
621 116
605 115
644 116
616 116
621 116
638 115
600 113
628 116
600 115
609 115
611 114
599 115
586 115
597 115
574 115
589 116
572 109
563 109
592 114
549 119
526 118
525 119
513 120
515 123
515 125
515 128
514 129
513 132
514 133
515 134
515 134
515 134
514 136
514 137
514 138
514 139
513 141
514 142
514 143
514 146
513 148
515 150
514 150
514 152
514 156
513 159
514 161
514 163
514 178
514 175
515 183
513 183
517 193
516 192
513 195
514 198
514 202
514 206
514 209
513 213
514 216
514 220
511 225
514 228
514 233
513 237
513 242
514 246
514 250
514 254
513 257
514 261
514 265
513 268
514 272
514 276
513 279
513 283
511 288
513 291
513 295
514 299
513 303
514 308
513 313
514 317
514 322
514 326
514 331
513 334
513 346
510 347
512 352
511 353
514 357
514 361
513 363
513 368
515 371
513 375
514 380
514 384
513 389
513 395
514 399
513 426
513 429
514 433
513 437
514 440
514 445
514 450
513 455
513 458
514 461
513 464
513 469
514 474
513 476
513 481
513 482
513 486
514 490
513 494
513 499
514 505
513 509
512 517
511 522
516 527
511 532
508 537
513 541
515 546
513 549
514 552
514 557
513 561
513 566
514 570
512 573
514 576
514 579
514 583
513 588
514 593
514 598
512 600
513 607
513 611
515 616
513 621
514 627
513 632
513 637
513 642
512 647
513 649
515 656
514 660
514 665
513 669
517 705
507 702
513 713
514 714
506 716
514 720
513 724
514 728
513 731
513 736
514 740
513 743
512 746
514 750
514 754
513 758
513 761
512 764
514 768
513 772
513 776
509 779
506 781
400 782
160 784
176 789
176 792
196 794
68 797
44 800
19 804
28 808
62 811
76 813
77 819
109 822
109 825
124 828
135 830
159 834
136 837
140 837
150 837
161 844
182 847
179 849
200 851
174 854
125 857
145 859
120 862
154 866
116 868
147 870
210 873
198 875
194 878
168 891
290 893
296 895
303 896
323 896
312 898
346 898
303 899
298 902
286 903
300 904
297 903
290 907
317 907
317 908
297 909
361 910
395 910
382 911
343 912
363 913
318 914
321 915
346 915
403 916
366 917
373 917
358 918
324 919
357 918
340 919
387 920
415 920
420 920
408 921
396 922
386 920
405 921
410 922
403 922
424 922
414 923
409 922
429 922
412 922
445 922
415 922
439 923
445 922
443 921
455 921
468 921
480 918
497 918
512 916
512 915
512 912
512 792
513 788
513 783
513 780
513 778
513 777
514 769
513 766
513 764
514 759
513 754
513 752
513 746
513 742
514 739
512 735
511 729
513 726
513 722
513 716
514 713
513 709
511 700
513 697
512 696
514 692
512 689
514 684
512 679
512 675
511 673
514 668
513 664
513 658
513 653
516 649
509 645
513 641
513 638
512 633
513 627
513 619
515 613
513 607
513 602
513 598
514 594
513 590
524 583
512 579
513 576
515 572
513 570
513 568
513 564
513 560
513 556
512 536
513 533
513 528
512 523
514 517
513 514
513 510
513 504
513 499
514 494
513 489
514 485
513 481
512 478
514 476
513 471
513 467
512 463
514 458
513 452
513 451
514 446
516 443
513 438
513 430
514 428
513 423
515 418
514 409
512 410
513 402
514 398
513 393
513 389
513 384
513 378
513 377
513 371
513 366
513 362
514 358
514 351
514 348
513 344
513 340
514 336
513 333
513 328
513 327
514 321
514 318
515 315
514 309
513 306
514 303
513 299
513 296
514 275
513 274
514 271
513 269
514 264
515 261
516 258
520 254
624 251
661 250
809 252
899 248
892 243
847 239
992 241
1023 234
1023 230
1005 220
973 224
964 221
951 217
977 215
937 211
918 207
904 204
875 200
914 200
864 196
870 194
843 192
846 189
860 186
861 185
870 182
892 179
889 176
904 174
863 169
863 168
852 165
844 161
799 159
832 158
885 157
825 155
791 152
758 150
794 150
753 148
755 146
780 144
762 144
752 143
723 141
749 141
703 138
663 137
710 133
718 132
703 130
715 129
724 129
722 128
702 127
666 126
664 125
669 125
676 123
720 123
702 121
710 122
646 120
629 120
664 117
683 120
672 118
680 118
644 118
638 117
654 118
610 114
640 115
608 115
628 115
636 115
607 115
615 114
601 113
608 115
602 115
569 113
580 115
571 115
579 115
576 114
581 115
579 117
561 116
540 117
543 118
525 118
516 121
515 124
514 126
513 127
515 128
514 130
514 133
513 134
511 134
514 135
514 137
514 138
513 140
514 147
513 147
514 148
514 150
514 150
514 154
514 157
513 158
514 161
514 162
514 166
514 168
517 170
513 173
511 176
514 178
515 181
513 183
520 172
502 187
513 193
514 195
513 198
512 202
513 205
513 210
513 213
513 217
513 222
514 224
514 229
513 234
514 238
514 242
514 245
514 249
514 254
513 256
514 261
512 266
514 269
514 274
514 276
512 282
514 285
515 288
514 293
513 298
513 301
513 306
513 309
514 313
514 317
513 322
513 324
514 330
513 350
514 355
514 357
514 363
513 366
514 369
513 373
513 376
514 380
513 384
513 388
513 393
514 400
514 405
514 410
513 416
516 420
514 425
513 431
514 433
514 443
514 448
513 452
513 455
514 459
514 460
513 465
513 468
513 473
513 477
513 480
514 483
514 486
514 489
513 495
514 500
513 507
513 511
514 513
513 518
518 523
518 528
513 536
513 542
513 545
514 549
513 553
514 557
514 561
516 569
513 571
513 574
512 577
515 579
514 584
513 588
514 595
513 617
513 622
512 626
513 630
514 633
513 637
514 641
514 646
513 651
514 655
514 660
514 665
511 669
513 673
513 678
513 682
513 687
515 691
513 695
512 699
514 702
510 701
513 708
515 710
515 714
513 720
514 724
515 727
514 732
514 735
513 740
514 744
513 747
514 751
514 755
513 759
513 762
514 765
513 770
511 773
512 778
508 783
444 782
298 782
193 785
171 789
162 794
138 795
54 798
91 802
71 804
53 808
78 812
58 815
70 819
97 823
86 825
99 829
112 845
155 844
197 846
192 848
161 850
153 853
171 855
166 858
148 860
132 862
156 866
165 868
178 871
149 873
170 876
219 879
194 881
191 883
189 884
265 887
238 887
220 889
255 891
306 892
299 893
292 894
314 896
280 896
268 897
312 899
347 901
337 901
244 903
306 904
294 905
255 906
348 908
350 908
339 908
361 910
346 911
337 910
366 912
386 913
357 913
353 914
329 914
359 916
366 916
381 917
380 918
358 918
382 918
375 919
382 919
354 920
367 920
375 922
413 922
415 922
417 922
403 922
439 921
439 921
439 922
450 920
425 922
461 922
475 921
461 923
481 921
455 919
491 919
493 918
511 917
513 915
512 911
512 912
512 908
513 906
513 905
512 904
512 902
513 901
513 900
513 899
513 899
513 897
514 896
512 895
512 893
512 891
513 887
513 888
513 887
515 884
513 881
512 879
513 877
512 875
517 873
512 871
513 870
513 866
513 864
513 862
513 858
512 856
512 853
512 851
513 846
513 843
513 839
513 836
513 818
513 814
513 812
513 808
513 804
512 800
513 798
513 794
512 791
512 787
514 783
514 780
513 772
514 772
513 767
515 764
513 758
516 755
513 749
513 744
512 743
514 739
513 734
514 731
514 726
511 720
513 718
512 714
514 709
515 702
513 699
512 695
514 691
513 687
514 682
513 679
513 676
513 672
512 668
513 665
513 658
513 653
514 647
514 642
514 640
513 636
513 631
513 627
512 618
513 609
513 604
514 601
516 597
513 593
513 589
513 582
512 580
512 557
513 555
514 551
514 547
512 543
512 539
512 536
513 529
513 523
513 516
514 513
514 506
515 504
512 498
513 493
513 489
514 484
514 480
513 476
514 471
513 467
513 466
512 463
512 458
513 453
514 450
513 443
512 440
511 436
516 432
513 427
512 421
513 417
513 412
514 406
513 399
514 396
513 391
514 387
513 382
513 378
514 374
516 369
513 364
515 360
514 356
513 352
512 348
514 344
513 341
514 338
513 333
514 330
513 325
514 321
515 319
515 312
514 290
513 288
513 286
512 283
513 279
513 276
513 274
513 268
514 266
515 261
515 258
522 254
624 255
643 249
819 251
921 247
919 242
889 239
1023 238
1003 244
996 230
964 230
950 223
947 222
931 216
947 214
904 211
910 206
898 205
879 202
890 199
870 197
870 194
847 191
850 189
849 187
872 185
889 181
868 178
882 176
890 173
852 171
855 167
870 165
881 159
873 161
830 158
796 156
812 154
814 153
761 151
773 149
729 147
769 148
783 144
756 144
745 143
707 133
698 134
719 133
719 130
697 131
672 130
681 128
695 128
708 128
678 126
695 126
696 123
672 124
651 123
665 124
682 122
670 120
700 120
688 117
668 119
662 118
636 117
642 117
640 118
616 116
612 116
630 116
605 113
645 115
608 116
606 115
645 115
602 114
628 115
605 115
598 115
594 114
590 115
588 115
575 115
566 117
568 116
574 109
548 116
536 118
519 120
513 122
515 124
515 126
515 129
514 130
514 132
519 133
514 134
513 136
513 135
514 142
514 143
514 144
514 146
513 148
514 149
514 151
514 154
513 155
514 157
513 159
513 161
514 165
514 166
514 167
513 170
513 173
514 175
512 178
514 181
513 183
514 194
526 193
525 192
514 196
514 200
514 203
514 206
514 212
514 214
513 218
514 223
514 226
513 231
514 233
516 237
514 239
513 244
513 248
514 251
514 256
513 260
514 266
517 269
513 275
514 279
514 284
513 287
514 292
513 294
514 299
513 302
514 306
513 310
513 314
514 317
514 322
514 362
513 367
514 371
514 373
513 376
514 379
515 383
514 389
514 394
514 400
513 407
514 412
513 416
513 422
514 427
513 432
514 440
514 444
512 448
514 452
514 455
514 458
514 461
517 466
514 470
513 474
513 477
514 479
514 484
514 487
513 491
514 496
514 501
514 507
513 511
514 516
503 523
525 527
508 531
509 536
521 542
514 546
513 552
514 555
513 560
516 563
513 566
514 569
513 574
514 578
513 582
513 584
513 589
513 594
513 600
514 604
515 609
513 649
512 653
513 656
514 662
514 665
514 668
513 674
513 678
516 682
513 689
513 695
513 696
513 697
513 703
510 705
514 713
510 728
515 732
510 721
513 726
513 729
513 733
513 737
513 740
512 745
513 747
513 752
513 754
513 759
514 763
513 767
513 771
512 776
511 777
508 780
456 782
281 782
185 787
193 790
173 794
84 796
51 799
59 803
63 806
63 810
101 813
88 816
89 819
87 822
106 825
141 829
152 832
159 833
173 837
136 845
159 842
148 843
151 847
116 872
132 875
192 875
230 877
229 879
209 881
200 884
203 886
208 887
255 888
246 889
301 891
330 893
317 895
268 895
283 897
314 898
299 896
303 900
308 902
317 902
291 903
334 904
342 905
308 906
339 909
314 908
320 909
278 910
344 910
375 912
337 912
367 913
372 913
355 914
362 916
353 915
341 917
379 917
377 918
371 918
380 921
352 922
375 918
380 920
374 921
408 921
390 921
404 922
411 921
417 921
410 923
423 923
422 922
400 922
419 922
411 923
465 922
463 919
474 920
493 920
491 919
501 919
508 916
512 915
513 912
513 910
515 907
513 906
513 905
513 903
514 902
514 902
515 900
512 900
513 900
513 898
513 896
514 895
513 893
513 890
512 890
513 887
513 885
513 883
513 881
513 878
513 876
514 874
513 872
513 871
513 868
513 866
513 863
513 859
514 857
513 856
513 854
513 848
513 845
513 841
513 838
513 836
513 832
514 829
514 824
517 821
514 817
513 813
513 810
513 805
513 801
513 796
513 792
511 776
513 772
513 769
513 764
512 760
513 759
514 754
513 750
513 746
513 742
512 735
512 734
513 730
513 726
515 720
514 716
510 711
513 706
513 703
515 698
513 692
514 688
513 685
513 685
513 677
515 673
513 670
513 668
513 662
512 658
514 653
513 647
513 644
513 640
512 637
513 631
514 625
514 619
513 610
513 604
516 600
513 596
513 592
512 588
513 582
514 579
513 574
512 567
513 569
513 565
514 563
516 559
513 555
513 551
515 544
514 542
512 537
513 514
513 509
513 505
513 499
513 496
514 492
513 489
514 484
513 478
513 476
514 472
513 469
511 465
514 462
513 457
514 453
513 447
514 443
514 440
514 435
513 433
514 425
514 421
516 416
514 410
512 405
514 401
514 396
513 392
513 387
513 383
513 378
514 373
513 369
513 364
513 359
514 355
513 351
513 345
516 341
513 340
514 336
513 335
513 328
513 322
512 322
514 317
512 314
511 308
513 305
513 302
513 299
513 294
513 292
513 287
513 283
514 280
513 261
514 259
516 258
588 255
628 254
685 250
888 251
894 246
872 242
847 240
1023 238
1023 234
1009 229
1002 226
941 223
926 220
953 216
948 212
913 211
911 206
855 204
845 201
894 198
887 197
876 195
867 191
851 188
881 186
868 184
852 181
873 178
867 176
880 173
856 170
856 168
888 166
862 162
831 160
821 157
862 155
838 154
750 153
732 150
744 148
751 148
747 146
733 144
760 143
731 141
703 140
727 140
691 139
702 137
751 135
743 132
737 135
743 148
743 146
721 145
738 144
740 144
788 143
719 139
689 139
715 140
727 137
717 136
685 132
710 130
700 133
694 132
726 131
691 130
704 129
720 129
681 125
678 125
676 125
654 124
671 123
647 122
651 122
683 122
640 121
678 120
674 120
674 119
651 119
626 118
649 117
656 116
638 121
641 116
633 116
633 115
641 115
637 114
610 115
616 115
599 115
584 114
598 114
575 114
595 115
579 115
590 117
588 115
582 115
574 116
545 117
542 114
527 118
514 121
514 164
513 165
513 167
514 168
514 174
513 175
513 176
517 179
515 182
513 185
514 191
501 193
503 195
506 201
513 200
518 205
513 207
514 211
513 215
514 219
514 224
513 229
514 234
513 236
514 240
513 244
514 249
514 251
513 256
514 259
514 262
514 265
514 268
513 271
513 277
514 281
513 288
513 291
514 296
514 299
513 305
514 308
513 311
513 316
514 320
513 325
513 328
513 333
514 338
513 343
514 349
515 350
513 359
516 359
514 364
514 367
514 371
513 390
514 394
513 398
514 403
513 408
514 412
514 419
514 423
513 428
514 434
514 439
514 444
514 450
513 455
513 459
513 461
513 464
514 466
514 469
514 474
514 478
514 482
514 486
515 489
513 492
514 498
513 505
514 509
513 514
513 519
514 523
522 525
520 533
521 536
517 541
513 549
513 552
515 555
516 559
514 563
513 568
513 573
513 576
515 579
514 583
514 587
514 594
514 596
513 601
513 606
513 611
513 615
514 619
514 624
513 628
513 633
514 638
515 661
513 666
513 669
513 673
513 676
514 679
514 684
513 688
514 692
515 697
513 700
506 690
517 707
516 706
516 719
518 722
518 718
512 725
514 729
514 734
514 737
513 740
514 747
514 749
513 753
516 756
513 760
514 764
513 768
514 771
512 775
509 778
509 781
409 783
288 783
187 786
205 790
206 794
77 795
21 799
0 803
2 808
29 811
69 813
85 816
77 820
113 824
85 827
132 830
143 833
144 835
182 838
168 840
163 843
169 847
149 846
174 851
186 853
146 866
163 870
170 871
180 872
187 874
208 877
213 879
197 881
176 883
230 885
277 886
305 889
270 890
286 891
308 892
284 895
285 894
242 896
318 897
325 898
307 900
342 902
324 902
271 903
288 904
332 906
341 907
332 908
328 907
321 909
349 910
331 911
375 913
393 913
342 913
359 914
325 915
347 917
364 917
391 917
373 917
374 919
363 920
365 919
359 919
360 920
392 921
388 921
406 920
401 921
413 921
411 923
418 921
454 922
437 922
464 922
443 922
453 921
449 921
466 921
468 920
500 918
507 916
506 915
512 913
512 911
512 908
513 906
513 905
513 904
512 903
513 901
513 901
513 900
513 899
513 897
513 897
513 896
513 894
514 892
514 890
513 889
513 887
514 885
513 882
513 880
514 878
513 876
514 874
513 872
513 869
513 868
514 865
513 862
514 859
513 857
513 854
512 851
513 848
512 844
513 841
514 839
512 834
514 830
514 826
513 823
513 819
513 815
514 812
512 808
513 805
513 802
513 796
514 792
512 772
513 769
514 764
513 760
514 757
514 750
513 746
512 743
514 741
513 738
514 733
513 729
512 726
515 721
513 716
513 710
513 706
513 703
513 698
514 695
513 689
514 684
512 680
513 678
513 672
513 670
513 666
513 662
513 656
513 651
514 645
513 640
513 636
514 633
512 628
513 624
513 618
514 611
514 605
513 598
513 594
514 591
513 588
513 583
514 579
514 574
513 570
513 567
513 565
513 562
513 559
513 553
513 549
512 545
515 540
512 536
513 498
513 493
513 491
515 486
515 482
513 478
513 474
514 472
513 468
513 463
512 459
513 456
514 453
513 449
512 443
514 439
512 435
513 429
513 424
514 420
514 415
513 409
514 404
515 400
514 395
513 390
514 386
514 380
514 378
515 372
513 367
513 364
513 359
513 355
513 352
513 345
514 342
513 339
513 335
514 332
513 328
514 324
513 320
513 317
513 313
511 309
514 304
514 299
515 296
514 292
514 289
513 286
514 281
513 279
512 275
514 271
514 267
514 252
644 248
786 252
938 249
906 245
882 241
946 241
1023 238
1023 233
1023 228
995 224
962 221
911 218
923 215
911 212
901 209
877 205
882 205
884 200
870 198
873 196
858 194
838 191
860 188
856 185
851 183
854 180
881 177
917 175
916 172
867 170
848 166
843 164
829 161
827 159
834 156
837 156
854 153
769 152
763 151
760 149
705 147
714 145
739 145
751 144
763 142
739 141
677 139
714 138
705 138
738 135
723 135
738 131
711 131
671 132
682 131
693 129
651 121
654 121
637 122
641 120
674 119
680 117
682 118
634 117
631 117
655 117
628 117
654 117
611 116
598 116
618 115
593 116
606 116
604 115
571 116
603 115
620 115
596 115
625 115
581 116
601 115
590 116
569 116
575 116
558 117
545 111
534 95
519 121
515 123
515 125
515 128
514 131
514 131
516 133
514 135
513 134
514 135
513 137
514 138
513 138
514 140
514 142
514 143
514 144
513 146
514 148
514 150
513 152
514 154
513 156
513 159
514 160
513 162
513 187
513 188
515 198
513 208
506 195
514 201
513 205
514 208
515 212
514 216
513 221
513 226
513 229
513 232
513 235
514 239
513 242
514 246
515 250
515 253
514 257
513 262
513 266
514 272
516 276
514 281
513 286
514 291
514 294
513 297
514 302
514 305
513 308
513 312
514 317
513 321
513 325
513 330
514 333
515 338
513 342
513 347
511 347
508 355
529 356
507 364
514 369
514 372
514 377
513 380
513 383
514 388
514 392
513 397
514 402
514 407
514 413
513 458
514 461
513 464
513 467
514 468
514 471
513 475
515 479
514 483
514 485
514 489
513 492
514 494
514 504
514 509
512 514
513 519
514 524
517 528
514 532
518 541
512 544
517 550
513 553
514 556
514 560
514 565
514 568
513 572
513 576
513 579
514 582
514 587
513 591
512 596
514 600
513 606
514 610
513 616
513 621
514 626
514 631
514 636
515 641
513 645
513 650
514 654
513 659
513 662
514 667
514 670
513 675
514 681
513 684
513 689
513 693
514 697
514 714
516 717
507 716
512 718
519 729
513 731
513 735
513 739
513 742
514 746
514 749
514 753
513 756
514 760
513 764
513 768
514 772
513 775
511 779
506 782
403 784
200 783
148 787
155 792
178 793
46 796
19 800
4 804
12 808
56 811
88 815
130 818
122 821
100 824
90 828
116 831
159 832
179 836
178 837
161 840
137 843
171 848
152 846
183 851
115 853
124 857
169 858
132 862
134 865
135 868
167 870
164 873
154 874
165 877
216 881
242 881
230 884
236 893
228 892
284 893
302 893
333 895
291 897
299 898
318 899
315 900
329 901
310 903
280 903
300 904
310 906
334 907
321 907
336 909
315 909
292 910
287 912
345 912
373 912
344 913
384 914
361 916
377 916
354 916
367 918
394 920
375 918
371 919
375 919
365 919
363 920
368 921
378 921
401 921
427 921
407 922
441 922
416 922
418 922
439 924
425 922
443 922
426 922
442 922
437 921
430 922
441 922
450 921
463 920
467 921
478 920
493 918
510 916
510 914
511 906
512 905
514 903
511 902
512 901
513 902
513 900
513 899
513 898
514 897
514 895
512 893
514 891
515 890
513 888
513 886
513 884
514 881
512 879
513 878
513 875
513 873
513 871
513 867
513 870
513 864
513 861
513 859
513 855
513 853
514 849
514 847
512 843
513 840
511 838
513 834
514 830
513 826
513 822
513 818
513 816
513 812
512 807
514 804
513 799
513 795
514 789
513 786
513 782
513 779
513 775
515 771
515 767
512 762
513 758
513 755
513 752
514 733
512 729
516 724
511 717
512 717
511 715
512 711
513 706
513 701
513 694
511 691
513 687
515 679
513 676
514 675
513 675
511 667
518 665
513 660
512 656
514 650
514 645
512 641
513 637
513 633
513 628
513 622
513 616
514 609
514 602
513 598
513 594
513 590
512 586
513 582
513 576
513 573
513 569
512 568
512 565
513 562
513 558
509 554
513 550
515 545
514 541
513 536
514 531
513 524
514 521
514 514
514 510
513 504
514 500
511 495
514 490
514 487
513 466
514 462
515 460
512 457
513 455
514 451
512 448
513 443
514 438
514 432
515 428
513 424
513 419
513 415
513 409
513 405
514 399
513 395
515 390
512 386
521 381
515 377
514 350
513 367
513 362
513 358
514 353
510 349
514 344
513 341
512 339
513 335
513 331
513 328
513 323
513 320
514 316
513 312
514 308
513 304
514 301
513 296
513 292
513 289
514 285
513 281
513 278
514 274
512 270
512 266
515 264
515 261
521 256
580 255
639 252
758 252
918 249
1023 233
1023 231
1023 218
989 223
915 221
927 218
961 214
950 210
923 207
897 205
865 202
843 200
855 198
847 194
873 193
861 190
841 187
854 184
872 182
851 179
878 177
885 175
882 171
868 169
819 166
838 163
849 162
841 158
827 156
804 154
851 153
817 151
754 149
695 148
714 144
740 145
711 143
732 144
737 141
719 141
745 140
748 138
723 137
714 136
727 134
723 136
738 134
716 131
699 129
736 129
683 128
717 127
694 127
664 125
687 125
655 123
683 123
675 120
669 119
643 119
622 119
669 118
688 118
630 118
619 116
600 116
608 117
605 116
611 117
642 115
616 116
627 115
607 115
604 115
590 115
585 115
591 115
596 115
593 115
591 116
600 116
569 117
578 116
575 116
535 118
534 114
522 118
513 123
514 124
514 127
515 130
514 131
514 132
515 134
514 135
514 136
514 137
514 137
513 139
514 140
514 140
514 143
513 145
514 146
514 147
514 151
513 153
515 154
513 157
513 158
514 161
514 163
514 165
514 178
514 178
513 181
514 184
514 186
514 188
514 192
514 195
518 202
513 202
513 205
513 209
514 214
514 218
514 222
514 225
515 228
513 234
514 236
514 242
514 244
514 247
514 250
514 255
513 258
514 263
513 266
512 272
514 277
514 281
514 285
513 289
515 295
513 298
514 302
514 306
513 310
514 314
514 317
513 322
513 326
514 330
514 334
516 339
513 343
514 347
514 358
514 341
512 362
513 360
513 369
513 373
513 377
514 380
513 384
513 389
514 393
513 421
514 425
514 429
515 433
514 437
515 441
512 445
513 449
514 454
513 458
513 462
515 465
514 469
514 472
514 475
513 478
515 483
515 486
514 491
514 494
515 500
513 504
513 510
513 513
512 519
513 525
512 529
513 532
515 538
513 541
514 554
514 554
514 558
514 561
514 564
513 570
513 573
513 573
513 580
513 584
513 588
513 593
513 598
515 601
514 606
513 611
513 616
513 621
513 627
514 632
514 637
514 641
513 646
513 650
514 655
514 659
514 665
514 696
513 697
513 701
514 703
514 710
509 715
514 723
518 723
512 732
516 731
508 732
515 735
514 739
514 743
514 747
514 750
514 754
513 758
514 761
513 765
513 768
512 772
511 776
510 780
500 783
401 783
194 783
174 788
182 791
171 794
59 797
12 801
32 805
50 808
51 811
61 815
67 818
65 821
100 825
138 828
130 831
152 833
179 835
157 838
155 842
144 843
152 848
166 846
169 852
170 854
155 859
180 860
177 862
155 866
138 868
121 871
162 873
147 876
225 886
260 887
271 889
298 889
279 891
313 891
340 893
353 894
294 895
250 896
282 897
335 898
346 900
309 902
312 902
256 904
275 905
318 905
347 906
354 907
353 909
308 910
293 911
332 911
343 911
419 912
380 913
347 914
336 915
326 915
347 916
351 917
406 921
385 918
365 919
389 919
365 919
393 920
378 921
389 921
395 921
410 921
416 921
438 922
427 922
452 922
443 922
440 922
471 922
458 922
456 921
465 922
433 921
448 922
460 922
458 919
473 920
511 907
513 906
513 904
512 903
512 903
513 903
514 901
513 900
513 899
513 898
513 896
513 894
513 893
512 891
513 889
512 888
513 886
513 884
514 880
513 879
513 877
513 876
513 873
513 871
513 869
513 867
513 863
513 860
513 859
514 857
513 853
514 846
513 847
513 843
513 840
513 837
512 834
513 829
513 826
513 822
513 818
512 816
513 812
513 808
513 803
515 798
513 794
513 789
513 785
513 782
513 778
511 774
513 768
512 765
514 762
513 757
513 755
514 736
514 731
513 728
513 726
513 723
513 718
513 714
512 712
514 704
514 699
513 695
513 689
514 685
514 680
515 674
513 674
513 671
513 667
513 666
514 660
514 656
513 649
513 644
514 640
513 635
513 630
513 625
513 620
513 615
513 611
513 604
513 598
513 593
513 588
513 585
513 580
514 575
513 572
513 569
513 566
504 563
513 561
513 557
512 553
513 548
515 543
513 536
513 535
513 530
513 525
513 519
514 515
513 510
513 502
513 497
515 494
513 490
513 455
513 453
513 448
514 444
514 441
513 436
514 433
514 427
513 423
514 416
514 412
514 407
513 401
514 397
513 391
515 387
513 383
514 377
513 373
513 371
515 366
514 362
518 358
513 354
513 349
513 345
513 342
515 337
512 335
512 330
513 326
514 322
509 318
513 314
514 310
513 308
513 304
514 300
513 296
513 292
514 289
513 284
513 281
513 277
512 274
512 271
512 268
515 263
515 258
525 254
629 253
653 250
874 251
864 246
893 243
858 238
993 239
899 208
910 205
883 203
859 199
884 198
849 194
847 191
837 189
842 186
895 184
868 182
861 178
888 176
896 172
891 171
876 168
860 165
856 163
861 159
790 160
793 157
829 155
792 153
819 151
750 149
736 149
710 146
721 145
768 144
757 143
755 141
745 139
753 140
721 138
724 136
730 135
691 134
725 133
758 137
737 130
690 130
713 129
684 128
686 127
709 126
701 124
698 124
689 119
679 124
664 122
636 121
682 123
665 121
633 120
666 119
688 119
662 158
514 160
514 162
513 163
514 165
513 167
514 171
514 172
515 175
514 177
513 180
514 181
513 186
514 190
513 192
518 190
510 198
521 197
513 206
513 210
513 214
513 217
514 221
514 224
514 228
514 233
514 238
514 242
513 246
513 249
513 253
514 257
513 260
514 263
514 267
514 272
514 276
514 281
514 284
514 289
513 294
514 297
513 302
513 304
513 309
513 314
513 318
514 322
513 324
513 331
514 335
514 339
513 344
513 349
514 354
514 359
514 365
520 381
514 384
513 387
513 390
514 395
521 399
514 402
514 408
514 412
514 420
513 427
513 432
514 438
514 442
513 447
513 451
514 456
513 460
514 464
513 466
514 468
514 471
513 475
513 478
514 483
514 488
514 492
512 495
513 500
513 505
513 510
514 517
513 522
513 526
513 537
516 535
514 538
516 541
518 552
514 554
513 558
514 561
514 565
514 570
514 574
513 578
513 582
513 585
514 592
514 593
513 598
514 603
514 606
514 613
514 618
512 622
513 626
513 652
514 655
513 658
514 662
514 666
514 670
513 675
514 678
513 683
514 687
513 691
514 695
513 699
514 701
513 706
513 707
514 714
511 716
513 723
513 724
522 728
518 732
513 736
514 740
513 744
513 748
513 751
513 755
513 759
513 763
513 767
511 771
512 775
510 778
508 781
465 783
310 782
194 785
196 788
192 793
103 794
69 797
76 801
56 805
78 806
69 811
54 816
81 818
