514 384
514 387
513 391
512 394
515 400
503 399
517 407
514 413
514 417
514 423
514 428
514 434
514 439
514 444
513 448
514 452
513 456
513 460
513 464
513 468
513 472
513 475
514 477
513 480
514 485
514 491
514 494
515 498
514 503
514 508
514 513
513 520
511 525
514 530
514 535
515 539
513 544
513 548
514 554
513 558
514 562
513 567
513 571
513 575
514 576
515 579
514 583
514 588
512 592
513 596
514 601
514 606
514 611
514 616
514 622
513 626
513 632
513 719
513 719
513 716
513 710
513 706
513 702
513 698
513 694
512 689
513 685
513 681
513 675
513 672
514 667
513 663
513 660
513 658
513 654
513 651
513 644
513 638
512 631
514 627
513 621
514 616
512 611
513 606
513 600
513 593
513 589
513 585
513 581
514 578
514 576
513 571
513 566
513 563
513 559
516 557
513 555
513 550
513 545
514 541
513 535
514 530
511 525
512 521
513 516
513 511
513 505
513 499
514 494
513 489
513 486
514 483
512 477
513 474
514 648
514 652
514 656
514 660
514 664
514 669
512 673
514 678
514 682
513 685
514 690
514 694
513 698
514 701
514 704
513 707
513 711
514 715
514 719
514 723
514 726
514 730
513 734
514 729
515 740
511 748
518 749
504 753
514 757
514 761
513 766
514 768
514 771
511 775
517 778
492 781
393 782
214 782
95 785
48 788
36 793
9 796
0 796
0 801
0 804
0 808
0 812
0 815
0 819
0 822
0 825
0 829
0 832
15 835
23 835
32 839
74 842
71 845
69 847
3 850
0 852
226 907
200 908
265 909
263 909
318 909
276 910
258 911
297 912
304 912
294 913
338 914
314 914
320 916
317 915
293 914
312 912
310 919
335 919
329 918
350 920
355 920
347 920
372 921
348 920
382 920
374 921
359 922
391 921
367 921
403 921
399 922
407 921
424 921
429 921
414 921
443 921
428 919
468 920
458 920
458 919
498 918
501 916
507 914
512 913
512 910
512 908
512 906
512 905
512 903
513 902
512 902
512 900
512 900
513 898
513 897
513 898
512 894
512 883
513 881
513 879
513 877
513 875
513 873
513 871
513 868
513 866
512 864
513 861
513 859
514 856
513 853
512 850
512 847
513 844
514 841
513 837
513 834
513 831
513 827
513 823
512 820
513 815
513 812
513 806
513 802
513 798
514 793
514 790
513 786
513 782
513 779
514 775
512 772
513 766
513 763
513 760
513 755
513 752
513 748
513 744
512 740
513 736
513 731
513 727
512 723
513 718
513 714
513 708
513 705
514 701
513 696
514 693
513 687
513 683
513 657
513 653
513 649
513 647
509 641
513 635
514 632
514 626
515 621
513 618
513 611
513 605
512 599
513 593
513 588
514 584
514 581
513 578
513 574
513 570
512 565
513 563
514 561
513 557
513 553
513 549
513 544
514 540
513 534
513 530
513 525
513 522
513 515
514 509
513 504
514 498
513 494
513 491
513 486
513 482
513 478
513 474
513 469
514 465
513 462
513 460
512 456
514 452
512 447
513 442
513 437
513 433
512 428
513 424
512 418
513 411
512 382
513 379
512 376
514 370
514 367
514 362
511 359
513 355
513 350
513 346
512 342
514 337
511 333
512 332
514 327
513 323
513 320
513 316
514 313
515 307
513 304
510 300
514 296
511 293
513 289
514 285
515 282
513 278
514 275
513 272
514 270
513 264
515 259
517 257
562 256
678 253
757 252
981 252
1021 248
1023 244
1023 241
1023 239
1023 235
1023 232
1023 228
1023 224
1023 220
1023 218
1023 214
1023 212
1023 207
1023 204
1023 202
1003 200
958 198
953 194
998 182
999 180
1014 178
1008 175
988 172
963 170
993 168
995 164
966 163
941 160
914 158
948 156
913 153
861 153
911 151
880 149
815 147
798 147
809 144
807 143
794 143
779 141
824 140
819 140
789 138
824 136
776 136
771 134
802 132
766 131
768 131
746 130
750 128
741 128
797 128
790 127
733 125
708 125
731 124
719 124
689 124
738 122
749 121
738 122
714 122
730 120
687 119
653 118
670 118
666 119
701 117
679 117
654 116
654 113
647 117
650 117
655 119
606 118
592 117
545 117
551 119
530 121
517 124
517 125
515 125
514 129
508 131
515 134
514 133
514 134
514 135
513 137
514 138
514 139
513 140
514 141
513 142
514 144
513 145
515 147
514 150
514 152
514 153
514 155
514 157
515 159
513 161
514 163
512 166
514 167
513 170
513 173
514 174
513 177
514 181
514 184
514 186
514 189
514 192
513 195
515 198
513 201
514 206
514 209
514 213
514 217
515 222
512 227
517 231
513 247
514 238
514 240
516 244
514 285
514 289
514 292
514 296
514 300
514 304
513 309
516 313
513 318
513 321
514 327
515 330
514 334
515 338
514 344
514 347
513 351
514 355
511 360
514 366
514 370
513 374
512 376
514 379
514 382
514 386
514 392
514 397
500 394
512 400
505 415
514 420
514 425
514 430
513 436
513 442
514 446
514 451
514 454
514 457
514 461
513 464
513 468
511 472
514 476
514 479
514 483
515 487
514 491
514 495
514 500
515 505
514 510
514 515
514 520
514 525
514 528
514 728
515 731
514 735
513 739
521 746
515 741
519 742
516 748
513 757
514 761
515 764
512 769
513 773
511 776
506 779
433 780
326 782
153 783
66 787
80 790
83 793
0 794
0 797
0 802
0 806
0 808
0 812
0 814
0 820
0 821
0 825
0 828
0 831
0 834
2 836
0 839
0 842
0 844
21 847
26 851
36 852
54 856
42 858
67 861
55 868
30 868
14 872
21 875
59 876
106 876
93 879
104 881
129 882
114 885
118 884
139 887
172 891
200 891
187 892
255 894
291 896
213 898
202 902
255 902
237 903
239 904
247 906
242 906
275 906
278 908
287 908
264 910
269 911
299 912
312 912
346 913
326 913
281 915
264 913
295 916
333 916
280 917
319 916
322 918
339 919
351 918
301 919
341 918
352 919
351 921
366 920
370 920
361 921
363 920
372 920
363 921
394 921
381 921
417 921
405 921
404 921
434 921
434 921
431 921
446 919
445 918
461 919
498 917
504 915
508 914
512 912
511 910
512 908
513 907
513 905
512 903
512 904
512 900
514 901
513 894
514 894
519 893
513 892
513 888
513 887
512 884
514 883
513 880
513 879
513 876
513 874
514 873
513 870
513 867
514 865
512 863
515 861
513 858
513 855
513 852
513 850
513 846
514 843
512 840
513 837
513 834
513 829
513 825
514 822
513 818
513 813
513 811
513 807
514 802
513 797
513 793
513 789
513 786
513 783
514 777
513 774
513 770
513 765
513 762
513 758
513 752
513 749
513 745
516 741
513 738
513 734
513 730
514 725
513 721
512 717
514 713
513 691
513 689
513 686
513 683
512 677
513 674
513 672
513 668
513 664
513 660
513 657
514 651
513 646
513 640
513 636
513 631
514 627
513 621
513 615
513 609
513 603
514 597
513 592
513 589
513 586
513 583
513 578
513 573
513 569
513 568
513 564
515 561
513 557
513 553
514 549
513 543
513 540
513 535
513 531
513 525
513 520
513 512
513 508
513 503
514 499
513 495
513 491
513 485
515 480
514 477
513 474
513 471
513 467
516 461
513 458
514 454
513 451
513 429
513 424
513 420
513 417
513 414
513 408
513 403
513 399
513 393
515 389
513 384
513 380
511 375
513 369
515 364
513 361
515 357
513 355
514 347
515 345
512 341
513 336
513 334
513 331
513 327
514 323
513 319
513 316
513 312
514 307
512 303
513 300
512 296
513 293
513 290
515 285
514 280
514 275
513 274
513 270
515 265
515 262
517 260
527 256
613 255
714 254
761 251
975 251
1021 248
1015 244
996 242
1023 240
1023 236
1023 233
1023 229
1023 225
1023 545
513 540
513 536
513 532
513 528
513 523
513 518
515 514
513 508
513 502
512 499
513 492
514 489
513 483
513 480
513 476
513 473
513 468
513 464
513 461
513 458
513 454
513 450
513 445
514 441
512 436
513 431
514 426
513 422
514 417
513 412
513 406
513 402
513 396
513 392
513 387
513 382
514 380
512 375
513 370
515 365
512 361
512 355
513 352
513 349
515 343
512 340
514 335
513 332
513 330
513 327
514 322
513 315
513 313
513 311
513 307
512 303
1023 214
1023 211
1023 208
1015 206
1022 204
1023 201
1023 199
1008 196
1001 193
1005 191
1007 188
980 186
981 183
983 180
1008 178
978 174
973 171
1013 169
1017 166
1006 165
943 162
917 159
934 157
917 155
881 154
859 151
867 150
890 149
899 146
836 145
772 144
766 143
728 143
814 141
818 140
806 138
826 139
775 136
790 136
744 135
747 132
779 132
741 131
765 130
758 132
765 129
741 127
767 126
743 126
695 128
699 124
735 123
751 123
727 122
715 119
720 118
687 117
669 118
690 116
693 117
672 117
676 116
675 116
670 117
665 119
664 117
641 116
666 117
622 117
654 115
630 116
589 116
618 117
576 116
601 118
574 117
559 118
563 118
543 119
522 121
517 123
517 125
515 127
514 129
515 130
515 132
515 133
512 135
514 135
514 136
514 139
514 139
514 141
513 142
514 143
514 144
515 146
515 148
514 150
514 151
515 154
513 155
514 158
516 160
514 162
514 164
514 166
514 168
513 172
514 173
513 176
513 179
514 194
515 194
514 198
513 201
514 202
514 207
514 211
513 214
516 218
514 222
513 225
514 228
514 223
506 239
514 243
513 248
514 251
514 253
515 256
513 260
514 266
514 270
516 274
514 278
515 283
514 287
513 291
513 295
514 299
514 304
513 307
514 311
514 315
514 320
514 324
513 328
514 332
514 337
513 341
514 346
514 350
513 356
513 358
514 362
514 365
514 368
514 373
516 377
513 382
513 388
514 391
514 396
514 399
514 403
514 411
513 412
514 421
514 447
514 450
513 454
513 458
514 461
514 464
513 467
514 469
513 471
513 475
514 480
513 484
514 488
514 492
513 497
514 502
514 507
515 513
513 518
514 523
514 527
513 532
514 537
516 542
513 547
514 552
514 556
514 559
514 564
513 566
513 573
514 575
515 564
514 557
513 577
513 591
514 596
514 599
513 605
514 609
513 613
514 618
513 623
513 628
516 634
513 639
515 645
513 649
513 652
514 658
513 662
513 667
514 672
514 675
513 679
514 684
513 688
513 710
514 713
514 717
514 721
514 724
514 728
513 732
512 736
514 740
510 743
516 748
509 750
511 756
515 760
514 763
513 766
513 770
512 774
513 777
510 780
447 781
336 782
114 782
76 787
44 790
32 792
0 795
0 798
0 802
0 806
0 809
0 813
0 816
0 820
0 824
0 827
0 830
0 832
0 836
0 838
57 841
52 843
50 846
52 848
51 851
80 854
28 856
0 859
7 861
7 865
51 870
19 877
34 870
62 883
47 872
60 880
72 881
96 882
121 885
175 887
235 889
256 890
205 896
224 897
231 898
194 899
192 900
213 901
221 902
215 903
233 904
287 906
325 905
286 907
273 908
265 909
256 910
291 910
308 911
350 911
306 913
304 914
338 914
290 915
309 916
282 916
350 918
338 917
282 919
304 919
312 919
350 915
363 915
369 920
347 920
356 920
361 920
376 920
391 921
377 920
408 921
392 920
383 921
406 921
388 920
408 920
407 920
402 920
423 918
441 920
447 918
487 917
489 916
506 915
512 912
512 911
512 908
512 906
513 905
513 897
513 896
512 895
513 893
513 891
513 893
511 892
515 886
512 883
512 881
514 880
513 878
513 875
513 873
512 872
513 869
513 867
512 865
514 862
513 860
513 857
513 855
513 852
513 849
513 846
515 842
512 839
513 836
513 832
513 827
513 824
513 817
513 815
513 811
513 809
513 805
514 800
513 795
513 792
514 788
515 784
512 782
513 779
513 774
513 770
513 766
514 762
510 758
513 753
513 750
513 745
513 741
514 738
513 734
513 729
513 724
514 720
513 697
513 695
513 691
513 689
513 686
513 682
513 677
513 674
513 670
513 667
513 661
513 658
513 653
513 647
513 644
514 639
515 635
513 630
512 624
514 616
513 612
513 606
514 602
512 595
514 593
514 588
514 582
513 579
513 575
513 572
514 570
513 566
514 562
513 557
513 554
513 549
514 547
513 541
513 538
513 533
513 528
513 523
513 517
513 512
512 507
513 502
514 497
513 491
513 487
513 483
513 479
513 475
513 471
513 467
513 464
513 461
513 458
513 413
513 410
513 406
513 400
513 395
513 390
513 385
513 381
514 377
513 372
513 367
511 361
514 360
512 356
513 352
515 349
514 343
513 338
514 334
513 333
515 328
513 325
513 323
512 316
511 312
513 309
514 306
515 302
514 299
513 295
513 289
515 289
514 283
512 280
513 277
513 273
513 269
513 266
514 262
518 259
527 256
649 255
746 253
911 253
1023 249
1023 245
1023 241
1023 240
1023 237
1023 234
1023 230
1023 226
1023 222
1023 219
1023 216
1023 213
1008 186
995 185
958 182
1001 179
1023 176
996 174
974 171
1007 169
979 167
965 164
965 162
939 160
960 156
899 155
880 153
908 151
835 150
831 148
837 146
848 145
813 145
790 142
792 143
778 141
793 139
808 138
819 137
793 136
772 134
795 134
748 133
778 131
771 130
715 130
728 127
720 136
745 127
741 126
769 126
737 124
692 124
709 123
682 123
717 122
705 120
729 122
732 120
695 119
683 118
685 119
662 118
678 118
698 116
677 117
707 118
663 116
676 117
589 116
571 116
609 118
569 118
556 117
549 120
524 120
521 123
514 125
515 127
515 129
514 131
512 134
514 134
514 135
514 136
514 137
513 138
513 140
514 141
514 141
514 142
512 145
514 147
514 148
513 150
514 152
513 154
513 157
514 158
514 160
513 162
513 164
514 165
514 169
513 171
514 172
513 176
513 178
513 182
513 184
515 187
513 191
514 193
511 196
515 200
514 203
515 208
514 212
514 216
514 220
514 225
513 228
513 233
515 245
482 235
514 258
514 261
513 265
514 269
515 271
514 274
513 280
513 285
514 288
513 292
514 297
513 299
513 304
514 306
514 311
514 315
512 319
514 322
514 326
514 331
514 336
513 341
512 346
514 350
513 355
514 359
514 363
513 367
514 371
513 375
513 379
514 382
514 386
514 391
514 395
514 400
512 407
510 412
506 420
513 422
513 428
514 433
514 440
514 444
513 448
514 453
514 456
513 458
514 463
514 468
513 471
512 475
513 478
513 481
514 484
514 490
514 494
512 517
513 521
512 526
513 531
513 535
513 539
514 543
513 548
514 553
514 557
514 562
515 565
514 568
514 572
514 577
514 578
515 588
519 583
507 599
514 596
513 602
514 607
514 611
514 615
514 621
514 621
513 630
514 636
514 641
514 645
514 649
514 654
513 658
514 663
514 668
515 672
514 675
513 680
513 684
513 688
514 693
513 697
513 701
513 703
513 707
514 709
516 715
514 718
514 722
514 726
513 729
513 734
513 737
512 741
514 743
517 743
519 748
513 770
514 773
513 775
510 779
505 781
399 781
319 782
114 784
56 788
65 792
0 792
0 796
0 799
0 804
0 807
0 810
0 813
0 817
0 820
0 824
0 826
0 830
0 832
1 835
17 838
5 841
0 843
35 847
54 848
38 851
31 854
21 857
37 861
34 862
0 866
0 868
50 870
75 868
88 871
44 873
108 880
179 882
126 884
123 886
132 888
195 888
166 890
175 891
223 893
256 895
255 896
247 896
237 898
205 899
235 900
262 901
259 902
260 903
272 904
246 906
240 907
267 908
259 911
299 912
279 912
315 913
323 914
325 914
325 915
323 916
311 916
315 917
341 917
310 920
331 921
350 921
334 920
365 922
328 920
378 919
386 920
364 921
380 921
360 921
364 920
371 921
373 921
386 920
403 921
395 921
407 923
408 920
417 920
437 919
441 919
457 918
482 918
502 916
509 913
512 912
512 910
512 908
512 906
513 905
512 904
513 902
513 901
512 901
513 899
513 897
512 897
512 896
514 894
513 892
513 891
513 888
511 888
510 883
513 884
513 873
513 871
513 870
512 868
513 869
513 863
513 861
513 860
512 856
513 853
513 851
513 848
512 845
513 841
513 838
514 834
512 831
513 828
515 825
513 820
513 817
514 812
514 808
513 803
513 798
513 795
512 792
513 787
513 784
514 779
513 776
514 772
513 769
513 766
513 761
513 757
513 753
513 747
513 744
513 740
514 736
513 730
514 726
514 721
513 716
513 713
513 709
513 704
512 700
513 697
513 695
513 690
513 687
511 683
513 679
513 673
513 667
514 648
514 644
513 641
514 635
513 632
513 627
513 622
513 617
512 612
513 607
513 602
513 596
514 591
513 585
512 581
513 578
512 575
513 572
513 568
513 565
510 561
513 557
513 554
514 553
513 546
512 542
513 536
513 531
513 526
513 521
513 516
513 510
513 506
513 500
513 495
513 491
513 487
513 483
512 479
513 475
513 471
513 467
513 463
512 459
513 455
513 451
513 448
513 442
513 438
513 434
512 429
513 425
513 420
513 414
513 409
512 404
513 399
513 377
513 373
514 370
515 367
515 363
513 359
513 354
515 348
512 345
512 341
513 338
512 335
513 332
513 328
512 324
513 321
512 318
514 314
514 309
512 305
515 301
512 298
513 295
513 292
514 287
514 283
512 278
513 275
513 272
513 268
516 265
515 261
523 257
579 256
685 255
780 253
901 253
1023 248
1023 244
1022 241
1023 241
1023 237
1023 233
1023 229
1023 225
1023 222
1023 219
1023 215
1023 212
1023 209
1020 206
1005 205
1006 201
1023 197
1004 195
962 175
1014 175
1023 172
1023 170
983 169
1006 166
1018 163
987 161
900 159
899 156
934 155
887 152
845 152
832 149
853 148
867 147
805 146
810 144
804 142
742 142
776 141
806 139
820 137
765 137
819 135
807 136
775 132
807 134
770 132
769 131
758 130
732 128
743 129
747 127
760 126
704 126
715 125
712 124
726 122
744 123
749 122
732 122
689 123
726 120
719 120
684 119
681 118
636 118
656 118
685 117
666 117
684 118
676 117
662 116
674 116
624 116
616 116
619 116
599 116
628 118
604 117
606 118
601 118
595 117
554 116
535 119
524 121
517 123
516 126
515 127
514 129
515 132
516 137
513 134
514 135
514 136
514 137
513 138
514 139
514 140
514 141
515 143
516 144
515 146
515 148
514 151
514 152
514 154
514 157
514 158
514 161
514 162
514 165
514 167
513 169
513 172
514 174
513 176
514 179
514 181
513 183
514 189
514 190
515 194
513 197
513 202
513 206
513 209
514 213
511 217
514 221
514 226
514 230
514 258
513 259
514 263
514 269
514 271
514 275
514 280
514 283
514 287
512 291
513 295
514 299
514 303
514 309
514 313
513 318
514 322
513 327
513 332
514 336
513 341
513 344
514 348
514 351
514 355
513 358
514 362
515 365
514 370
513 375
514 380
513 385
512 389
513 393
514 397
514 402
514 407
512 426
516 416
516 423
514 427
514 434
513 438
514 443
514 450
513 454
513 455
513 460
514 464
513 467
513 472
514 475
514 479
514 483
512 486
513 489
513 494
514 526
513 532
512 536
514 541
514 544
513 548
513 553
513 558
514 563
513 566
514 569
513 573
513 576
513 581
514 591
511 606
516 601
513 597
513 602
514 607
514 611
514 617
512 621
513 626
514 632
514 637
513 642
513 647
513 652
514 656
513 660
514 665
513 669
513 674
513 678
513 681
514 686
514 688
513 692
514 696
514 700
513 703
512 707
514 710
514 714
516 718
513 722
513 726
514 730
513 735
512 738
513 742
513 745
514 750
513 749
514 756
512 757
510 778
449 781
410 782
258 781
113 784
41 785
20 792
0 792
0 797
0 800
0 803
0 807
0 811
0 815
0 819
0 822
0 825
0 828
0 829
33 833
10 836
25 838
55 841
68 845
74 846
5 849
0 852
15 855
25 858
29 861
19 863
44 865
46 869
22 863
6 875
9 868
59 872
63 880
127 883
168 885
188 887
160 884
118 889
198 891
223 893
182 893
232 894
294 895
308 896
233 898
231 897
200 900
194 903
261 903
275 904
260 905
245 906
250 906
279 908
301 908
307 909
295 909
252 915
316 914
309 917
305 915
307 918
309 917
291 917
331 918
356 918
387 918
341 920
327 922
359 920
370 912
363 920
383 920
374 920
372 921
379 921
359 919
388 921
372 921
408 919
405 920
410 920
419 920
434 921
452 921
450 919
467 920
473 918
491 917
504 915
512 914
514 911
512 909
512 908
513 906
512 905
513 904
511 902
513 901
512 900
512 899
513 899
513 897
513 897
512 894
512 894
513 890
513 889
514 887
527 885
512 883
512 881
513 879
513 877
513 852
513 849
513 846
513 846
513 841
514 838
513 834
514 830
513 826
513 821
513 819
512 815
513 812
513 805
514 802
513 797
513 793
511 790
512 787
513 783
513 780
513 776
512 771
513 767
513 762
512 759
514 755
513 751
513 748
514 743
513 739
513 735
513 730
513 727
512 722
513 719
513 715
513 711
511 707
513 703
513 698
513 693
513 688
513 684
513 679
513 675
513 670
513 666
513 663
513 661
513 657
513 652
513 648
513 643
512 636
512 631
514 626
513 582
513 579
513 576
513 573
514 570
513 567
513 563
514 559
513 557
513 553
513 549
513 545
514 540
513 534
513 530
513 525
513 521
512 516
513 510
513 505
513 498
513 494
513 488
513 486
513 482
513 478
513 473
511 469
513 465
513 462
513 460
513 456
513 452
511 447
513 442
510 437
513 433
513 428
514 423
513 418
513 413
513 408
513 403
514 398
513 394
513 389
513 385
512 379
513 375
512 371
514 367
514 362
513 357
513 355
512 349
513 345
512 341
513 309
512 306
513 303
512 300
513 298
511 293
513 290
513 287
513 283
514 277
514 275
512 272
514 269
513 263
518 260
521 256
615 256
664 254
759 251
986 251
995 248
1023 243
1023 242
1023 239
1023 234
1023 232
1023 228
1023 224
1023 221
1023 218
1023 214
1023 211
1009 208
1023 205
1023 202
1023 199
1023 198
981 194
977 192
1002 188
999 187
1000 184
964 181
1008 177
1023 176
1023 171
989 171
977 168
975 165
967 163
957 161
914 157
899 156
891 154
885 147
834 145
829 145
833 144
840 143
850 141
825 138
793 137
782 138
794 138
780 136
794 134
791 134
800 133
792 132
763 130
763 129
734 128
752 128
772 127
735 126
729 125
724 124
752 124
717 122
702 123
723 121
714 121
697 121
698 120
737 120
707 119
699 118
666 118
655 117
675 117
674 115
660 115
645 116
623 117
627 117
619 115
624 115
647 116
644 118
641 116
637 116
621 117
634 116
598 117
589 117
584 117
575 118
564 119
534 119
516 123
516 124
515 131
506 134
515 135
515 135
513 137
514 137
515 138
515 140
513 140
514 142
514 144
514 145
514 147
513 149
513 151
514 152
512 155
513 157
513 159
513 161
513 163
515 165
513 167
513 169
513 172
513 174
513 178
514 180
514 183
513 187
514 189
514 192
520 195
512 198
514 201
514 204
514 210
514 213
514 217
513 223
514 227
513 231
514 234
513 238
514 249
524 237
513 248
513 251
512 255
513 258
513 261
514 265
514 269
514 273
513 277
513 282
513 286
514 306
513 311
514 314
514 317
514 319
514 326
513 330
513 336
513 340
513 343
513 348
513 350
515 355
514 358
512 362
514 366
514 369
514 374
514 378
514 381
512 386
513 390
514 395
513 401
513 407
514 414
514 423
517 430
514 430
513 436
515 441
514 447
514 450
513 455
512 460
513 463
514 467
513 470
514 472
513 475
511 478
514 483
515 486
514 491
513 497
512 500
514 505
514 510
513 515
514 522
513 528
514 532
514 536
514 540
514 546
513 551
513 556
514 573
514 576
513 580
513 583
513 588
511 593
518 596
517 598
510 603
514 608
513 612
514 618
514 623
512 628
513 633
514 637
514 642
513 647
513 652
511 656
513 660
514 665
514 670
513 675
513 678
513 682
513 687
514 691
514 695
512 699
514 702
514 705
514 707
516 711
514 715
514 719
514 723
513 728
513 732
514 734
514 738
514 743
514 745
517 750
514 753
515 761
512 762
512 767
513 770
513 774
512 777
508 781
418 782
370 782
165 781
105 786
78 790
0 805
0 808
0 809
0 813
0 817
0 818
0 823
0 827
0 830
0 832
15 835
20 837
14 841
43 843
36 846
36 849
7 851
15 854
52 856
63 859
40 862
45 864
29 867
27 870
34 873
0 875
3 877
28 880
100 883
156 884
153 886
138 888
150 889
190 890
203 892
228 892
209 894
212 896
254 897
253 897
219 899
195 900
232 901
213 901
248 903
259 905
236 906
261 906
281 907
295 909
312 909
286 910
271 910
236 912
331 913
285 913
266 913
312 915
344 916
300 914
288 916
335 918
332 919
343 922
341 919
356 917
355 929
359 926
360 921
367 920
384 922
396 922
384 922
384 922
398 922
395 921
422 921
392 921
424 921
427 920
433 923
444 921
432 919
467 921
485 919
503 919
511 915
511 913
510 911
511 908
513 907
512 906
513 904
512 902
511 902
513 900
512 900
513 898
512 897
513 896
512 894
513 892
513 891
513 890
513 885
516 885
524 883
513 882
512 879
513 877
513 876
512 873
513 871
513 869
513 866
513 866
513 861
513 859
513 844
514 843
513 839
514 836
512 834
513 831
514 827
513 824
512 820
513 816
513 811
513 807
513 802
512 797
514 792
513 789
513 785
513 781
513 777
513 774
513 770
513 767
513 760
513 757
511 756
513 753
513 748
513 744
513 739
514 735
511 730
513 726
514 721
513 715
514 712
512 707
513 703
513 699
513 696
513 691
513 688
511 683
513 679
514 676
514 672
513 668
513 663
513 659
513 656
513 651
513 647
512 643
513 637
513 629
513 623
513 618
514 613
513 588
513 585
514 580
513 578
513 576
513 573
513 570
513 564
514 561
513 558
513 555
513 553
513 549
511 545
513 539
513 533
513 527
514 523
513 519
512 514
513 508
513 502
513 496
513 491
513 487
513 483
513 481
512 476
513 472
513 468
514 463
513 460
513 458
514 454
513 450
512 445
514 440
513 437
513 431
511 427
513 422
513 417
513 412
512 407
513 401
511 395
514 392
513 387
513 382
513 378
512 373
513 369
514 364
514 360
507 353
513 352
513 348
514 327
513 327
514 324
513 322
514 317
514 313
513 309
513 306
513 302
514 299
513 294
511 292
513 287
513 285
513 280
514 277
513 272
513 267
512 265
515 262
515 257
524 255
631 253
767 251
780 250
982 249
999 245
951 242
1023 240
1023 236
1023 233
1023 230
1023 226
1023 223
1023 219
1023 215
1023 212
1023 209
1023 207
990 203
1008 200
981 197
1015 195
1008 192
960 190
978 188
975 186
1013 182
1018 180
970 177
979 174
1015 169
1023 168
996 167
955 164
827 147
831 146
810 144
828 144
807 143
767 141
767 139
821 139
811 137
826 136
786 136
746 131
733 133
754 131
777 131
811 130
790 129
766 129
719 127
717 126
753 126
759 125
771 124
745 124
683 124
706 122
694 121
702 120
746 119
730 119
740 118
703 118
701 117
697 117
698 117
680 116
677 116
667 116
646 115
654 115
647 116
654 116
641 114
636 115
624 115
645 115
638 115
618 113
618 114
601 115
611 116
608 116
598 116
581 116
566 117
538 119
524 121
515 132
514 133
517 136
514 134
514 134
514 136
515 135
514 138
514 139
514 141
513 142
512 144
513 145
514 148
514 149
515 152
514 152
514 156
514 158
514 161
508 163
514 165
513 166
514 169
514 171
513 174
514 177
514 181
515 182
514 186
514 188
514 192
513 196
514 198
514 202
514 207
510 211
513 215
514 219
513 224
514 226
514 228
515 233
514 237
513 240
518 244
506 249
514 252
514 257
513 261
514 266
513 270
510 275
514 280
515 284
514 287
514 292
513 322
514 325
514 327
514 330
513 334
515 339
514 343
514 349
513 353
514 358
513 361
513 366
514 369
514 373
514 377
513 381
514 386
514 391
514 396
513 400
514 404
513 408
514 410
514 419
511 417
513 432
514 438
513 445
513 448
514 451
514 456
514 459
514 464
514 469
514 472
513 476
513 476
514 480
514 484
514 488
514 492
509 497
514 503
513 507
514 510
514 517
513 522
513 528
514 533
513 539
513 544
514 548
513 552
514 555
513 559
513 564
514 568
513 585
513 590
505 587
510 610
522 600
513 605
513 610
513 615
514 619
514 624
514 630
514 635
513 640
513 645
513 649
514 654
513 656
514 662
512 666
513 670
515 674
514 678
514 682
514 687
509 691
513 695
515 699
513 704
513 707
513 710
513 713
513 718
514 723
514 725
514 730
514 733
513 737
514 741
514 743
513 747
514 751
512 757
514 762
515 764
516 768
515 769
513 773
512 777
511 781
437 781
345 784
157 784
96 787
88 790
38 795
0 796
0 801
0 804
2 829
0 832
25 834
34 836
33 839
15 841
35 845
24 846
13 849
16 851
1 855
42 858
53 858
5 863
2 865
0 868
30 869
67 875
66 877
70 881
96 882
114 881
105 885
138 886
178 888
158 888
182 891
232 893
246 894
231 895
186 896
230 897
241 897
222 899
242 900
256 902
259 904
242 904
229 906
200 906
248 907
277 908
252 909
317 911
302 911
296 913
257 912
252 913
315 914
304 915
300 915
330 915
305 917
303 918
304 918
313 918
342 918
331 922
325 925
353 922
389 923
397 922
386 922
390 922
403 922
399 922
402 922
409 922
411 923
438 921
435 920
456 921
456 920
468 919
499 917
504 917
509 915
511 913
513 911
512 910
512 906
511 905
512 904
512 903
512 902
514 901
513 900
512 898
514 898
513 897
511 894
513 892
513 891
513 888
513 887
511 885
510 883
513 881
513 878
513 876
513 875
512 873
513 871
513 868
513 866
510 865
512 862
513 858
512 855
513 852
511 848
513 846
513 843
513 840
511 836
513 832
513 640
513 638
513 634
513 630
512 625
513 619
513 612
513 607
513 600
513 596
513 591
516 589
513 584
513 579
512 575
515 570
514 567
513 566
513 563
513 560
513 556
513 551
514 546
513 542
513 538
513 533
513 528
513 523
514 516
513 511
513 506
513 501
512 497
513 492
513 487
513 483
513 478
513 475
513 471
513 469
513 462
512 460
513 457
513 452
513 448
513 444
514 438
513 437
514 430
512 425
514 421
513 417
513 410
513 406
514 402
513 396
513 392
514 368
513 365
513 360
514 355
513 353
514 350
513 346
514 343
513 338
513 336
515 331
511 330
514 325
512 321
514 318
513 314
513 311
513 306
512 302
513 299
511 294
514 291
514 287
512 281
512 280
514 277
509 272
514 270
513 267
515 261
517 258
525 254
619 253
731 252
769 251
972 249
1016 246
1015 242
1023 240
1023 237
1023 232
1023 229
1023 225
1023 221
1023 218
1023 214
1023 211
1023 208
1023 206
1023 202
992 200
989 195
972 195
1017 189
982 190
963 177
1003 173
1023 172
994 169
972 166
948 165
981 163
944 159
936 160
969 157
977 153
918 151
864 150
841 148
832 147
821 146
837 144
826 142
786 143
760 141
789 139
807 138
792 137
784 134
788 135
790 135
809 133
774 130
