514 560
514 563
513 565
512 568
515 572
513 575
514 578
514 582
514 585
512 591
514 596
513 600
513 604
514 610
512 612
513 618
512 624
513 629
513 633
513 639
513 647
514 648
513 653
510 658
513 662
513 667
513 671
513 676
513 680
513 685
513 688
513 692
511 696
513 699
513 703
514 704
514 709
514 718
514 723
515 722
514 727
516 730
513 734
513 737
512 741
513 745
514 749
513 752
513 755
509 759
513 765
513 769
513 772
513 775
510 778
505 781
392 781
515 556
512 552
511 549
514 548
514 543
513 538
513 529
514 526
514 523
513 515
513 512
514 506
513 502
512 496
513 491
514 487
513 482
514 479
513 475
513 471
513 467
514 463
513 460
513 457
513 453
511 449
514 444
513 439
513 434
514 431
513 425
511 422
513 415
512 410
514 405
512 400
513 394
513 391
513 384
513 382
511 377
513 372
513 368
513 363
515 359
513 356
514 350
514 347
513 343
515 338
514 335
512 331
513 328
514 324
513 321
514 315
514 312
513 750
512 753
513 757
514 759
513 764
513 765
514 771
513 775
511 778
474 780
367 783
307 785
281 788
267 791
269 796
106 795
64 800
56 803
16 808
61 810
64 813
56 817
89 819
76 824
127 827
144 829
131 832
187 835
166 837
170 839
128 843
110 847
125 846
142 850
170 851
159 857
163 858
167 858
155 865
162 868
136 870
131 870
141 875
180 877
223 880
216 882
192 883
204 885
253 887
270 889
259 890
279 891
285 893
320 894
312 896
328 898
293 898
242 900
438 923
437 922
411 922
423 922
426 923
418 922
429 922
441 922
418 922
455 921
463 922
445 921
490 920
491 918
507 917
511 916
512 913
509 911
513 908
512 906
513 905
513 905
513 904
513 903
512 901
514 900
512 899
513 898
513 897
514 897
514 894
513 893
513 891
513 889
513 887
512 885
513 883
512 880
508 878
513 877
513 874
513 873
513 870
512 867
513 864
513 863
514 860
513 857
513 854
512 851
513 847
512 844
514 841
513 838
511 835
513 832
514 806
512 803
513 801
513 795
513 791
513 788
513 784
513 780
513 775
514 771
512 767
513 764
513 759
514 756
513 751
513 747
513 742
513 740
514 736
513 732
512 727
513 723
513 719
513 711
512 709
514 704
513 700
514 696
513 692
513 687
511 683
513 680
513 676
513 673
513 668
513 666
513 662
513 657
513 653
514 647
514 642
514 635
509 632
512 628
512 623
513 614
513 611
513 605
513 599
514 594
513 589
513 586
514 582
515 580
514 574
513 570
513 568
514 547
513 545
512 539
512 535
514 530
514 525
513 521
513 515
510 511
513 505
512 499
514 495
513 490
514 487
513 483
515 476
513 473
507 470
513 467
513 463
514 458
513 455
513 451
514 446
514 442
514 438
514 433
513 429
509 425
514 420
513 414
514 409
514 404
514 400
508 394
514 389
514 384
514 379
514 375
514 370
514 365
514 360
514 356
514 353
513 349
514 345
516 341
513 338
512 334
513 332
514 328
514 324
513 320
511 316
513 313
513 309
513 305
514 280
513 277
513 274
513 271
513 266
513 262
515 259
517 256
530 255
671 252
743 252
766 249
788 246
810 240
887 241
1023 238
1023 233
1023 229
1004 225
950 222
967 217
962 215
929 211
932 208
874 205
882 203
856 200
880 197
895 195
861 193
870 190
862 188
856 185
850 182
842 180
884 177
892 173
892 172
882 168
847 165
868 164
885 161
842 158
838 156
820 154
849 154
791 151
753 148
758 148
751 146
717 146
731 144
771 143
720 142
722 141
744 140
746 139
786 136
712 131
709 130
653 129
685 129
697 128
693 127
710 127
702 122
707 124
658 123
621 125
653 123
666 121
684 122
690 120
683 119
685 119
653 118
632 118
632 117
599 118
633 116
613 118
620 118
639 117
624 113
620 118
624 115
618 116
626 114
633 114
612 115
620 114
610 116
605 115
595 115
588 115
583 115
605 116
559 116
578 117
534 118
515 119
514 108
516 123
514 124
514 129
514 129
512 132
513 133
514 134
514 135
514 136
514 137
513 137
515 139
513 154
513 156
514 157
514 159
514 160
515 163
513 165
514 168
513 169
514 172
514 174
514 176
514 179
514 182
513 184
514 189
513 191
514 194
514 198
515 202
513 206
513 209
521 216
511 215
513 220
514 224
514 229
512 234
514 239
514 242
514 245
514 247
513 252
514 256
514 259
513 262
514 266
512 270
514 274
514 278
514 282
514 287
514 292
514 296
514 301
514 304
514 309
513 312
514 317
513 321
513 326
514 330
513 335
514 339
513 343
513 348
513 386
513 390
514 394
512 399
513 403
514 408
514 413
513 418
513 424
514 429
513 435
513 440
514 444
513 448
513 454
513 458
513 463
513 466
513 468
514 472
514 474
514 477
515 482
513 486
513 490
513 494
515 497
513 502
513 508
514 514
513 520
513 525
513 530
514 534
514 539
513 544
515 546
509 556
511 557
515 561
514 563
514 568
514 571
514 576
513 581
513 584
516 588
512 592
513 596
514 599
514 607
514 612
514 616
513 621
508 625
513 630
514 636
514 809
57 812
85 815
84 817
108 820
82 823
96 827
122 829
143 833
173 836
159 837
153 840
141 842
154 848
172 849
157 852
158 855
125 857
140 855
163 866
140 865
162 868
150 871
130 872
176 875
149 878
205 879
199 882
178 883
241 886
246 887
242 890
243 889
298 892
327 894
315 894
282 896
289 898
312 898
305 900
307 901
310 902
281 903
310 904
349 905
361 907
317 907
294 908
299 909
304 909
345 912
388 911
372 912
382 912
332 914
339 915
327 915
355 902
377 919
416 919
406 920
372 920
363 920
413 921
386 921
413 921
405 922
409 922
432 922
423 922
419 923
430 922
419 922
421 922
426 923
424 922
428 922
444 921
431 922
451 921
443 921
460 921
488 920
491 919
506 917
510 915
512 913
513 911
512 909
513 907
512 905
512 904
508 903
513 904
513 901
513 901
513 899
509 898
513 897
513 896
513 894
513 892
509 890
514 888
513 887
512 884
513 882
514 880
513 878
513 876
511 873
513 872
513 869
514 867
514 864
513 851
509 848
513 847
511 843
513 841
515 837
513 833
513 829
512 827
514 825
513 820
511 817
513 813
513 809
513 805
513 800
514 795
513 791
513 788
513 783
513 779
512 775
513 770
513 766
514 763
513 758
513 754
512 751
513 747
513 743
513 738
513 734
513 730
513 725
513 722
514 716
514 712
514 708
513 703
513 699
513 696
513 693
512 688
513 684
512 680
513 677
513 672
513 668
507 664
513 660
513 657
513 652
514 649
514 642
515 635
515 630
514 625
513 601
508 597
513 593
513 590
513 585
513 584
513 579
513 573
514 569
510 565
514 562
512 561
513 558
514 553
513 551
513 544
514 539
514 535
513 528
513 526
512 520
514 515
514 510
514 504
515 499
512 494
510 488
513 485
515 482
512 478
512 475
514 471
513 466
514 463
514 459
513 455
513 451
514 446
514 441
514 437
513 432
513 428
513 423
514 418
513 412
513 408
513 403
513 398
514 394
513 389
514 384
513 379
514 376
512 368
514 368
514 363
514 342
513 338
513 334
512 331
513 329
513 326
512 322
513 319
513 315
513 310
513 306
515 305
513 300
514 296
512 293
513 289
512 285
513 281
514 278
513 274
513 271
513 267
513 262
515 259
522 255
601 254
724 253
791 251
815 247
818 243
815 238
907 239
1023 235
1023 231
998 227
978 224
947 221
917 217
940 215
930 212
905 208
909 206
879 203
861 201
856 199
871 195
898 193
906 190
867 187
861 184
871 181
881 180
879 176
862 173
860 170
901 167
866 165
873 154
768 152
794 152
796 152
764 150
734 147
746 147
726 144
691 143
734 143
815 141
773 141
744 138
703 138
657 137
663 136
701 135
771 132
755 133
712 132
702 130
647 131
651 128
735 127
711 126
680 126
702 127
651 125
648 123
708 122
692 122
678 121
689 121
668 120
693 118
625 119
622 118
684 118
657 117
678 117
630 117
624 117
638 116
615 115
605 115
595 115
591 114
597 115
584 115
594 116
591 113
605 116
596 115
582 116
596 116
580 117
563 117
519 114
514 119
513 125
513 126
513 128
515 130
512 130
514 132
514 133
514 133
514 135
514 137
514 138
513 139
514 140
514 141
514 143
515 146
514 146
514 148
514 150
514 151
513 154
514 158
513 159
513 159
514 163
514 165
514 167
515 169
515 172
514 175
514 178
514 179
514 183
513 186
514 190
509 191
514 195
513 198
514 201
514 205
514 209
509 213
504 215
514 221
514 226
514 231
511 235
514 239
514 242
514 245
514 249
514 253
514 258
514 261
513 265
514 285
514 289
514 293
514 293
514 296
514 300
513 304
513 307
511 313
514 317
514 322
514 325
513 329
514 335
514 340
514 344
514 349
514 353
513 356
516 361
514 364
514 367
514 377
512 381
530 378
513 383
514 389
514 392
513 397
514 403
513 408
512 414
513 421
513 425
513 431
509 435
514 441
513 445
513 451
514 452
514 459
512 463
513 466
514 468
513 471
513 475
511 476
513 483
511 487
512 492
513 495
515 499
515 504
516 510
513 516
513 521
513 526
514 548
512 552
508 556
513 564
507 563
514 565
513 568
513 574
513 578
513 582
514 585
514 590
514 594
513 598
513 603
513 608
513 613
512 617
513 622
514 627
513 632
513 637
513 642
513 647
515 652
513 656
513 660
513 665
514 670
513 674
509 678
513 683
513 687
513 691
513 695
514 698
513 702
513 705
514 708
513 711
513 715
514 713
517 724
512 724
517 731
497 735
513 739
513 743
513 747
514 751
513 755
513 759
513 763
513 766
514 770
513 773
511 777
267 788
262 791
248 794
125 795
25 797
11 800
44 804
77 808
78 812
110 815
49 818
11 822
74 825
86 829
116 831
118 834
119 837
147 839
171 842
181 844
184 847
156 849
154 853
171 856
175 857
147 863
139 861
143 869
186 868
164 871
123 873
137 875
161 878
192 881
218 883
218 885
227 888
222 888
273 890
280 891
247 892
278 894
287 894
324 896
344 898
319 897
329 900
241 900
274 901
341 903
304 905
334 906
323 906
327 908
320 908
337 909
333 910
337 911
359 916
363 918
384 919
384 917
345 918
369 919
358 919
370 919
358 920
361 920
412 921
416 922
425 921
417 922
410 922
405 922
406 923
425 922
419 922
422 922
434 922
413 923
413 922
417 922
402 922
446 921
424 921
459 921
454 920
468 920
498 918
509 917
511 915
512 912
512 910
512 909
512 906
512 904
513 903
513 902
513 901
513 899
512 900
513 899
512 898
513 897
513 896
513 894
512 892
513 891
514 888
513 887
513 883
513 881
513 879
514 877
512 861
513 858
514 856
512 853
513 851
513 847
513 845
513 841
513 837
515 833
513 830
512 826
513 822
513 818
513 813
513 810
513 807
513 803
514 798
513 794
513 791
513 787
513 784
513 779
513 775
515 771
512 766
513 762
513 756
513 753
514 750
513 746
513 743
513 737
512 733
513 728
510 724
513 720
513 716
513 712
513 707
513 704
513 699
513 696
514 694
513 689
513 685
513 680
513 676
512 672
513 668
513 663
513 659
513 656
513 651
513 645
513 640
515 610
513 606
513 601
513 596
513 593
514 588
513 585
512 581
513 578
513 575
514 569
512 565
512 563
513 561
513 557
513 554
514 549
512 543
515 537
512 535
513 530
513 526
514 521
514 513
512 508
516 503
514 498
513 496
513 488
514 484
512 481
510 476
513 474
513 471
513 468
511 462
514 458
514 455
513 450
513 446
512 441
513 438
514 432
514 427
513 422
514 418
514 413
514 407
513 402
511 398
513 393
512 388
514 384
512 379
513 374
513 371
513 366
512 344
514 343
514 339
514 335
513 331
514 328
514 325
514 322
514 318
513 314
514 310
513 305
513 301
514 297
514 294
513 291
514 286
513 283
514 280
514 277
515 273
512 269
513 268
513 262
511 260
517 259
587 255
711 253
771 251
815 245
813 243
822 239
1011 238
999 234
1012 230
997 227
927 224
953 215
936 217
947 214
927 211
897 208
882 205
867 203
871 199
893 197
870 194
864 191
857 189
887 186
886 184
843 181
834 178
847 174
901 173
898 170
869 167
779 148
762 147
725 146
744 145
772 144
722 141
728 142
745 139
701 138
739 138
707 136
727 135
671 134
687 133
743 131
707 128
714 130
720 129
671 126
665 127
704 127
686 125
677 124
696 124
678 123
616 123
682 122
696 121
666 121
660 120
660 119
700 120
673 118
634 117
639 117
643 116
641 116
634 117
615 115
611 115
639 115
636 115
635 115
647 114
614 116
596 116
611 116
586 115
620 115
575 114
601 115
585 115
576 116
593 116
559 117
529 119
522 123
514 135
514 136
514 138
514 137
514 141
513 140
516 142
514 143
514 145
513 147
514 149
514 150
516 153
514 156
514 157
514 161
515 161
514 163
515 165
514 168
514 170
514 173
513 175
514 178
514 180
514 184
514 186
514 189
513 192
514 196
513 199
513 203
513 207
513 210
514 214
512 216
516 222
516 226
513 231
513 234
514 239
514 242
513 245
513 250
513 254
512 259
513 263
512 267
513 271
516 275
513 278
514 282
513 287
514 290
514 293
513 297
513 301
515 346
514 348
514 352
514 356
513 360
514 365
514 369
504 377
505 373
511 387
514 385
514 389
514 393
514 398
514 403
513 410
513 416
513 421
513 427
515 431
514 436
513 443
513 448
512 453
511 456
513 459
514 462
514 465
513 469
514 472
510 476
513 480
513 484
513 488
513 492
513 496
514 500
513 506
514 509
514 515
512 520
513 527
513 533
512 539
512 541
514 546
514 550
515 556
512 559
514 563
513 567
512 570
515 573
514 577
514 582
513 585
513 590
513 613
513 617
513 620
514 624
513 628
514 632
513 638
511 641
513 646
514 652
514 657
513 660
514 664
514 669
514 674
514 678
514 682
513 686
515 691
513 695
513 699
514 703
514 706
514 709
515 713
514 716
514 720
518 726
520 731
517 729
519 736
513 739
514 743
515 746
514 751
513 754
514 759
514 762
514 766
514 769
514 773
514 776
514 780
451 781
331 783
266 786
202 791
219 795
96 795
89 798
105 801
71 805
91 808
74 812
81 815
107 819
98 822
99 836
108 839
88 840
108 843
181 845
165 845
156 850
174 853
132 856
121 857
163 865
135 864
164 870
147 870
185 871
163 874
131 876
155 878
183 881
192 883
239 885
288 887
303 888
274 890
240 891
216 893
248 894
315 895
324 896
336 898
303 899
320 900
314 900
281 901
309 903
335 904
350 906
351 906
320 907
290 909
304 910
338 910
344 911
338 913
378 912
361 913
322 914
357 914
349 916
360 916
301 917
378 915
400 915
328 918
354 919
372 920
399 920
415 922
399 921
406 922
443 922
437 922
404 923
429 922
411 923
449 922
432 922
443 922
465 923
442 922
447 922
446 921
448 921
475 921
480 919
506 917
512 916
511 914
512 912
511 911
513 908
512 906
513 905
512 903
513 901
513 902
512 900
513 899
514 898
514 897
513 896
513 894
516 893
513 891
513 889
512 887
514 885
513 883
513 881
513 880
513 878
513 875
513 873
514 871
513 869
513 866
513 862
513 861
513 858
513 855
514 853
513 850
514 846
516 843
513 827
513 822
513 818
513 816
513 814
513 809
513 804
513 800
513 796
514 792
513 788
512 785
513 781
513 777
513 774
514 770
513 767
514 764
511 759
513 755
513 752
513 748
513 743
513 740
513 735
513 730
514 725
513 721
514 715
513 712
514 707
513 703
513 697
513 694
513 689
512 686
514 682
513 678
513 676
513 670
513 666
513 662
514 658
514 653
514 648
513 644
514 640
513 636
513 631
512 625
513 619
513 612
513 608
514 602
513 597
512 590
512 586
514 571
513 568
517 564
512 562
513 558
513 555
514 551
514 548
512 544
511 538
513 536
516 528
513 523
511 517
514 512
511 509
513 503
514 498
514 493
513 488
513 485
513 481
515 478
512 473
514 469
512 465
513 461
513 457
513 453
512 448
514 445
513 441
513 436
513 431
513 424
514 421
514 417
514 412
514 406
513 401
513 396
513 392
514 388
514 383
513 378
513 374
513 369
513 364
513 359
514 355
513 351
514 347
514 341
515 339
515 335
513 332
513 328
513 311
513 308
513 305
513 302
515 298
513 295
513 290
514 287
514 282
513 280
514 276
513 273
513 267
513 263
514 260
513 257
520 255
597 253
714 253
753 248
800 245
851 241
829 239
998 239
1018 236
994 231
999 229
991 224
968 222
946 217
921 214
907 210
905 207
932 204
908 201
878 199
857 196
841 194
883 191
888 188
830 186
862 183
859 180
914 178
908 176
880 173
865 170
857 168
856 164
853 162
827 160
870 158
822 157
790 153
781 152
762 151
758 149
764 142
729 142
749 140
723 140
730 140
735 136
744 137
731 135
733 133
719 132
687 130
697 129
713 129
703 128
684 127
698 126
657 126
697 125
712 124
667 124
703 123
657 122
633 122
668 121
662 119
683 119
675 120
654 119
684 118
656 117
614 116
625 117
618 116
632 118
619 115
618 116
628 115
626 114
620 115
617 116
610 113
607 116
584 113
585 115
570 115
576 115
567 116
569 115
558 116
549 117
542 118
534 119
523 120
514 122
515 124
514 123
514 128
514 135
514 136
514 136
514 138
513 140
514 139
514 141
514 142
514 144
514 146
514 147
513 149
514 151
514 153
514 156
512 158
514 160
513 163
514 164
515 168
514 169
516 171
513 173
514 176
514 178
513 181
514 183
513 186
513 189
514 192
514 195
514 199
514 203
515 206
514 211
514 216
510 217
512 223
514 228
514 230
514 234
514 238
514 242
514 245
514 249
514 253
514 257
514 261
514 266
512 270
514 275
513 278
513 284
513 287
514 291
514 296
513 300
516 319
513 323
512 326
514 330
514 333
513 337
514 341
513 345
514 348
514 353
513 357
513 360
514 364
513 368
518 375
484 379
525 383
514 388
514 391
513 394
514 400
514 406
513 412
513 417
513 422
515 427
513 433
514 437
514 445
513 448
513 452
511 455
514 459
513 462
513 467
513 470
515 475
514 477
514 480
513 484
514 488
513 492
513 497
513 501
513 506
514 511
515 516
512 522
513 528
514 533
513 539
513 542
511 546
514 551
513 562
515 556
514 585
513 587
514 591
514 595
513 599
514 605
513 605
513 612
514 618
513 623
514 630
513 634
514 639
514 644
513 648
514 652
513 657
514 662
514 666
514 671
513 675
513 679
513 683
516 687
513 691
514 695
513 698
514 702
514 706
514 709
513 713
514 717
513 722
523 729
519 728
520 734
520 736
521 741
513 745
515 749
514 753
513 756
514 759
514 763
515 766
514 769
514 773
514 776
511 779
439 781
299 784
265 787
251 792
213 794
158 795
31 797
19 802
62 805
106 830
144 831
125 832
142 835
146 837
171 840
203 843
188 845
192 847
160 850
159 855
159 845
131 853
125 851
131 859
140 859
165 868
164 871
173 874
171 877
147 880
177 881
201 884
245 885
224 886
213 888
296 890
310 891
307 893
244 893
270 895
305 896
274 897
292 899
317 899
290 901
304 902
288 903
319 905
329 905
332 906
354 908
373 907
354 910
329 911
336 911
315 911
354 913
365 913
365 914
373 915
374 915
379 916
367 918
341 919
368 919
372 919
391 921
399 922
393 922
429 921
409 922
433 922
417 922
400 923
425 923
417 922
429 922
445 922
437 922
466 922
468 922
474 922
489 921
489 920
490 919
506 918
513 916
511 914
512 912
513 909
512 911
513 906
512 905
512 904
512 903
513 902
513 901
512 900
513 899
513 898
513 897
513 895
513 893
514 891
513 889
513 887
514 885
513 883
512 881
513 881
513 875
513 873
513 872
513 871
513 867
513 866
513 863
513 861
513 858
513 855
512 851
514 848
513 833
513 828
513 825
513 823
513 820
514 817
513 811
513 808
512 805
514 799
513 795
513 792
514 789
514 786
513 783
515 779
513 775
514 771
513 767
513 763
513 758
513 754
512 750
512 747
513 742
512 738
513 735
515 730
513 726
513 722
513 718
513 713
513 708
513 701
513 696
513 692
514 687
513 684
513 680
514 676
513 673
513 669
513 666
512 661
514 657
513 652
514 648
514 644
513 640
513 635
513 630
513 625
513 616
513 611
513 606
513 602
513 598
513 561
513 557
515 552
512 552
512 547
513 543
513 537
512 532
512 526
516 518
513 515
514 513
514 508
513 501
513 495
511 491
515 487
513 483
513 478
512 474
513 471
511 467
513 465
522 460
513 457
512 453
514 449
514 447
514 439
513 434
514 429
514 424
514 420
514 415
514 410
514 405
514 400
513 395
514 391
512 387
515 388
514 377
513 373
513 368
513 363
513 360
514 355
513 351
514 346
513 341
512 338
514 334
513 330
513 327
513 324
513 320
514 316
513 286
513 283
513 280
514 276
513 270
512 266
512 263
514 259
518 257
524 254
663 253
748 251
792 247
775 244
775 240
831 240
1017 239
1015 234
1021 230
965 226
941 223
941 220
962 226
952 214
929 210
907 207
888 204
883 202
878 199
879 197
878 193
865 191
880 188
886 186
875 182
872 180
864 176
879 174
878 173
862 170
880 167
860 164
861 161
851 160
866 158
812 156
753 151
786 150
774 151
799 149
762 146
737 145
765 144
765 142
717 142
689 141
648 138
703 129
694 127
668 127
676 125
694 125
675 124
702 123
684 122
667 122
618 122
626 121
659 119
676 119
671 119
659 117
674 117
661 119
666 115
631 116
586 116
616 115
590 115
605 115
606 115
581 115
605 115
618 116
605 115
632 117
594 115
603 115
623 114
577 116
587 116
574 116
566 117
564 117
541 118
526 119
521 121
518 123
516 125
513 126
514 129
514 131
515 132
514 134
514 134
514 135
514 136
513 137
514 139
514 140
514 141
514 142
514 145
516 146
514 158
514 156
513 158
514 160
513 162
514 163
514 165
513 168
513 171
514 173
514 176
513 180
513 181
514 183
514 186
514 190
514 193
513 197
513 200
514 203
513 207
514 211
514 215
512 221
512 231
514 226
514 230
514 234
514 239
513 243
514 247
513 251
514 254
513 257
514 262
514 267
514 271
514 274
514 280
512 285
514 288
514 292
514 297
514 300
514 304
513 308
514 311
513 316
514 320
514 325
514 328
515 332
514 338
514 341
514 347
514 351
514 355
514 374
513 379
504 381
511 396
512 387
513 391
513 396
513 401
514 407
513 411
514 415
515 422
514 428
513 434
513 440
513 445
513 448
514 452
514 456
513 460
513 464
512 468
512 471
515 474
514 476
514 480
513 484
514 489
513 493
515 498
513 502
514 507
514 513
511 519
513 524
513 529
513 534
513 538
514 543
513 547
514 552
516 560
519 565
515 562
512 572
514 572
513 577
514 579
514 582
513 587
513 592
514 595
514 601
513 606
514 610
510 614
514 638
514 643
515 646
513 651
512 655
513 659
512 664
513 668
513 672
513 677
513 681
512 686
513 689
513 693
513 696
513 700
514 704
514 707
514 710
513 715
513 718
514 722
516 726
507 732
508 736
510 736
511 741
513 746
513 749
513 753
514 757
514 762
512 765
512 769
513 771
513 774
513 777
509 782
393 783
309 785
266 788
248 791
253 794
152 795
82 798
34 801
52 806
76 809
74 812
89 816
76 819
84 823
67 826
76 831
109 832
113 835
150 838
149 841
159 854
154 851
181 855
181 860
153 862
145 860
174 866
162 868
122 872
154 874
193 877
186 880
179 882
168 883
208 886
244 887
216 889
299 889
334 890
310 893
325 893
290 895
310 897
300 897
277 898
311 900
315 901
304 903
262 903
280 905
323 906
331 906
372 908
352 910
323 910
309 911
304 911
347 912
394 913
386 913
395 916
345 915
319 917
343 916
344 916
367 917
400 918
394 919
408 920
363 920
335 920
375 920
386 920
387 920
417 922
404 923
408 922
431 922
448 922
394 922
422 922
439 922
434 922
430 922
438 921
437 922
461 921
466 921
489 918
505 917
508 916
512 914
512 912
512 910
512 907
513 905
511 905
512 902
513 902
513 902
513 900
513 900
512 898
513 897
513 896
513 894
512 893
513 891
512 888
513 887
515 885
513 882
511 880
513 878
513 876
514 873
513 871
512 869
513 867
513 865
513 863
512 859
513 856
513 853
513 851
513 848
513 845
515 841
513 838
513 835
513 832
514 827
513 823
513 819
513 798
514 796
513 794
513 790
513 786
513 784
513 780
513 777
513 773
513 770
512 765
513 761
513 757
513 753
514 749
513 746
514 742
514 738
513 735
513 731
513 725
513 721
512 716
513 711
513 706
513 702
513 696
514 692
513 687
513 683
513 680
513 676
512 673
512 669
513 665
513 661
513 656
514 651
514 647
513 643
513 639
512 634
513 628
513 623
514 617
514 611
513 607
512 601
513 597
513 593
513 586
513 582
514 578
514 574
513 570
514 566
513 564
513 545
513 543
512 539
513 534
512 528
514 526
516 522
513 515
512 512
513 506
514 501
513 495
514 490
514 487
512 483
514 479
515 475
514 472
513 466
513 464
513 460
513 456
513 453
513 447
514 442
514 438
513 434
513 429
513 424
512 419
513 415
514 409
513 405
513 399
514 395
515 389
513 385
513 380
513 375
513 371
512 368
513 363
512 359
513 355
514 350
513 347
513 343
513 339
514 335
513 332
513 328
513 324
513 320
513 317
514 312
513 307
514 303
514 286
513 282
513 278
513 275
513 270
513 268
513 263
513 260
519 256
551 255
669 253
787 251
789 248
807 244
807 240
827 240
1008 237
1000 233
1007 229
991 226
984 222
959 218
948 215
957 212
921 210
902 206
882 204
835 199
866 198
870 195
846 193
889 190
872 188
899 185
906 183
844 178
863 177
875 175
860 173
866 169
856 166
893 163
878 161
848 158
828 157
862 154
842 149
744 152
723 149
735 148
765 146
750 146
725 145
733 143
692 142
701 141
726 141
765 134
727 132
698 132
707 129
694 130
713 127
691 129
674 127
719 126
664 126
679 125
641 124
648 125
671 123
661 122
692 121
693 120
651 120
653 119
691 118
664 118
647 117
639 116
626 118
642 119
632 116
604 116
614 116
590 115
597 115
591 116
609 115
618 115
607 112
608 115
592 115
593 115
586 115
583 114
585 115
570 115
557 116
552 116
518 117
513 119
519 121
514 123
514 125
514 133
514 129
514 131
514 132
514 133
514 134
514 136
514 132
513 145
513 146
514 149
514 149
514 151
514 155
514 157
512 159
514 159
513 163
514 165
513 167
514 169
513 171
513 175
514 176
514 179
514 183
513 185
514 188
514 191
514 194
514 198
515 202
514 207
514 209
514 213
514 215
515 218
513 220
508 222
514 230
513 235
513 239
513 243
514 247
513 251
513 255
513 258
513 263
514 268
514 272
514 276
514 280
514 284
514 288
515 292
513 296
513 300
514 303
514 308
514 311
514 316
513 320
513 324
513 329
514 333
514 359
514 361
514 363
513 367
514 371
514 374
520 378
533 381
520 387
523 394
513 399
512 405
513 408
514 412
514 417
514 423
514 430
513 435
513 440
514 444
515 448
514 452
514 456
513 462
514 467
511 469
513 472
513 475
513 476
514 481
513 485
513 490
513 495
514 498
513 503
512 508
513 513
513 518
513 524
513 529
514 535
512 540
513 545
513 549
514 553
513 558
514 558
513 556
525 567
506 573
513 576
512 580
513 583
513 589
513 593
513 597
515 602
513 639
514 643
513 647
514 651
512 656
513 659
513 663
514 668
513 672
514 677
514 681
513 685
512 690
514 694
513 697
513 701
514 705
513 709
513 711
514 717
514 719
514 723
513 730
514 734
515 734
511 741
515 744
509 743
513 749
513 753
513 757
513 760
514 765
513 769
513 771
514 775
513 776
507 780
354 783
280 786
282 790
260 793
196 794
76 796
58 799
38 803
63 808
81 810
82 814
97 817
106 820
97 823
137 827
110 828
133 833
153 834
108 838
142 841
134 853
139 855
132 857
127 860
102 871
95 871
119 873
157 879
207 873
199 875
178 878
230 879
191 882
156 884
185 885
213 887
250 890
246 891
332 891
345 893
288 894
241 895
284 897
286 898
275 899
344 901
350 901
316 903
307 904
250 905
304 906
346 907
310 908
370 910
336 910
336 911
301 911
334 911
389 911
361 914
366 915
372 915
334 916
339 916
375 917
372 915
355 915
363 919
393 919
391 920
398 921
393 921
387 921
409 921
403 921
422 921
417 922
442 922
438 922
443 922
465 921
455 920
451 921
493 920
493 919
507 917
513 915
512 913
513 910
513 909
513 907
513 905
513 904
513 903
511 903
513 901
513 899
513 898
513 897
513 895
514 894
513 892
513 891
513 889
513 887
513 886
511 884
514 882
513 880
513 878
513 875
514 873
515 871
513 869
513 867
514 865
513 862
514 860
512 856
512 853
513 850
511 847
514 844
513 838
513 837
514 834
515 827
513 827
514 824
513 820
513 816
513 811
511 808
513 802
511 767
513 764
513 760
513 755
513 751
513 747
513 744
513 740
514 736
513 732
512 727
514 723
513 718
513 714
512 710
513 705
514 700
513 696
513 691
513 687
513 683
513 680
513 676
513 672
514 669
513 664
513 661
513 657
513 653
513 648
514 643
514 637
513 632
514 626
514 620
513 615
513 611
514 605
514 599
513 594
513 590
513 585
513 582
514 580
513 573
514 569
515 568
515 565
514 561
512 559
514 554
514 551
513 545
512 541
513 537
513 533
514 525
512 325
514 322
513 318
514 315
515 312
514 308
514 303
514 301
514 296
513 293
514 289
513 286
514 282
514 278
514 275
513 270
516 266
513 262
513 259
519 257
576 256
742 254
779 250
807 247
806 242
776 240
856 241
976 237
1007 233
1016 229
1013 225
957 222
970 218
966 215
946 213
960 209
925 206
907 202
882 200
856 197
879 193
864 192
853 189
851 186
868 185
891 181
870 179
849 177
855 174
881 171
916 169
850 165
859 163
887 161
864 160
861 156
797 149
763 146
747 145
778 144
740 143
773 143
764 141
752 139
699 139
705 137
751 137
716 136
701 135
766 133
711 131
694 131
702 130
687 134
688 127
703 127
686 127
675 126
669 124
638 124
651 123
720 122
686 122
640 122
649 120
635 119
681 119
649 118
648 118
688 117
655 116
671 116
647 116
628 116
629 116
617 115
608 115
617 115
589 115
601 115
601 115
583 114
584 113
594 115
571 116
589 115
567 116
565 115
578 115
550 116
554 116
538 118
516 119
515 133
514 131
514 132
514 133
514 134
514 134
514 135
514 136
514 138
514 139
514 140
514 141
514 142
512 144
514 145
514 148
514 149
514 151
512 154
514 156
513 159
514 161
515 163
514 165
514 167
513 170
514 170
513 174
513 178
516 180
513 182
513 186
514 189
514 193
513 195
514 199
514 202
514 205
514 208
514 212
513 215
514 220
514 223
513 238
514 233
514 239
514 242
513 246
513 250
514 254
513 257
513 260
513 263
514 267
514 270
513 275
514 279
514 300
514 304
513 308
513 312
515 315
514 319
514 322
512 326
514 330
514 335
514 340
514 344
513 349
513 351
514 355
514 360
514 364
514 367
514 371
513 374
513 378
515 380
513 389
514 395
514 400
512 405
512 409
513 415
513 419
512 425
513 430
513 434
513 440
514 445
514 450
513 454
514 458
514 461
513 465
512 469
513 471
514 475
514 478
514 482
514 486
513 490
514 495
514 499
514 504
516 509
513 514
513 520
513 526
513 531
513 536
513 541
512 546
510 562
505 567
511 565
512 573
513 578
512 580
513 583
514 588
514 593
513 597
515 602
511 607
513 612
513 616
512 621
514 627
513 631
514 637
514 642
514 647
514 651
512 655
513 660
514 664
515 667
514 672
514 676
513 681
